100 # patients
4 #trees for patient 0
6 #edges
6 11
9 3
11 9
0 6
0 8
8 10
6 #edges
6 11
11 9
0 6
0 8
8 3
8 10
6 #edges
6 9
9 11
0 6
0 8
8 3
8 10
6 #edges
6 9
9 11
11 3
0 6
0 8
8 10
36 #trees for patient 1
6 #edges
9 6
11 3
0 9
0 11
0 8
8 10
6 #edges
9 6
11 3
0 9
0 11
0 10
10 8
6 #edges
6 3
9 6
0 9
0 11
0 8
8 10
6 #edges
6 3
9 6
0 9
0 11
0 10
10 8
6 #edges
6 9
11 3
0 6
0 11
0 8
8 10
6 #edges
6 9
9 3
0 6
0 11
0 8
8 10
6 #edges
6 9
9 3
0 6
0 11
0 10
10 8
6 #edges
6 9
11 3
0 6
0 11
0 10
10 8
6 #edges
6 9
3 11
0 6
0 3
0 8
8 10
6 #edges
9 6
3 11
0 9
0 3
0 8
8 10
6 #edges
6 11
9 6
0 9
0 3
0 8
8 10
6 #edges
6 9
9 11
0 6
0 3
0 8
8 10
6 #edges
6 9
3 11
0 6
0 3
0 10
10 8
6 #edges
9 6
3 11
0 9
0 3
0 10
10 8
6 #edges
6 11
9 6
0 9
0 3
0 10
10 8
6 #edges
6 9
9 11
0 6
0 3
0 10
10 8
6 #edges
6 3
9 11
0 6
0 9
0 10
10 8
6 #edges
6 3
3 11
0 6
0 9
0 10
10 8
6 #edges
6 11
11 3
0 6
0 9
0 10
10 8
6 #edges
6 11
9 3
0 6
0 9
0 10
10 8
6 #edges
9 3
3 11
0 6
0 9
0 10
10 8
6 #edges
9 11
11 3
0 6
0 9
0 10
10 8
6 #edges
6 3
9 6
3 11
0 9
0 10
10 8
6 #edges
6 11
9 6
11 3
0 9
0 10
10 8
6 #edges
9 3
3 11
0 6
0 9
0 8
8 10
6 #edges
6 11
9 3
0 6
0 9
0 8
8 10
6 #edges
6 11
11 3
0 6
0 9
0 8
8 10
6 #edges
9 11
11 3
0 6
0 9
0 8
8 10
6 #edges
6 3
9 11
0 6
0 9
0 8
8 10
6 #edges
6 3
3 11
0 6
0 9
0 8
8 10
6 #edges
6 3
9 6
3 11
0 9
0 8
8 10
6 #edges
6 11
9 6
11 3
0 9
0 8
8 10
6 #edges
6 9
9 3
3 11
0 6
0 10
10 8
6 #edges
6 9
9 11
11 3
0 6
0 10
10 8
6 #edges
6 9
9 3
3 11
0 6
0 8
8 10
6 #edges
6 9
9 11
11 3
0 6
0 8
8 10
6 #trees for patient 2
6 #edges
6 3
3 11
11 9
0 6
0 8
8 10
6 #edges
6 3
9 11
3 9
0 6
0 8
8 10
6 #edges
6 9
9 3
3 11
0 6
0 8
8 10
6 #edges
6 9
9 11
11 3
0 6
0 8
8 10
6 #edges
6 11
9 3
11 9
0 6
0 8
8 10
6 #edges
6 11
3 9
11 3
0 6
0 8
8 10
28 #trees for patient 3
6 #edges
6 11
6 10
9 6
11 3
0 9
0 8
6 #edges
6 11
9 6
11 3
0 9
0 8
8 10
6 #edges
6 3
9 6
3 11
0 9
0 8
8 10
6 #edges
6 3
6 10
9 6
3 11
0 9
0 8
6 #edges
6 9
9 3
3 11
0 6
0 8
8 10
6 #edges
6 9
9 11
11 3
0 6
0 8
8 10
6 #edges
6 9
9 3
9 10
3 11
0 6
0 8
6 #edges
6 9
9 11
9 10
11 3
0 6
0 8
6 #edges
6 9
9 3
3 11
0 6
0 10
10 8
6 #edges
6 9
9 11
11 3
0 6
0 10
10 8
6 #edges
6 9
9 3
9 8
3 11
0 6
0 10
6 #edges
6 9
9 11
9 8
11 3
0 6
0 10
6 #edges
6 3
9 6
3 11
0 9
0 10
10 8
6 #edges
6 11
9 6
11 3
0 9
0 10
10 8
6 #edges
6 3
6 8
9 6
3 11
0 9
0 10
6 #edges
6 11
6 8
9 6
11 3
0 9
0 10
6 #edges
6 3
6 10
6 8
9 6
3 11
0 9
6 #edges
6 3
6 8
9 6
3 11
0 9
8 10
6 #edges
6 3
6 10
9 6
3 11
0 9
10 8
6 #edges
6 11
6 8
9 6
11 3
0 9
8 10
6 #edges
6 11
6 10
6 8
9 6
11 3
0 9
6 #edges
6 11
6 10
9 6
11 3
0 9
10 8
6 #edges
6 9
9 3
9 8
3 11
0 6
8 10
6 #edges
6 9
9 3
9 10
9 8
3 11
0 6
6 #edges
6 9
9 3
9 10
3 11
0 6
10 8
6 #edges
6 9
9 11
9 10
9 8
11 3
0 6
6 #edges
6 9
9 11
9 8
11 3
0 6
8 10
6 #edges
6 9
9 11
9 10
11 3
0 6
10 8
8 #trees for patient 4
6 #edges
6 11
9 6
0 9
0 8
10 3
8 10
6 #edges
6 11
9 6
11 3
0 9
0 8
8 10
6 #edges
6 9
9 11
0 6
0 8
10 3
8 10
6 #edges
6 9
9 11
11 3
0 6
0 8
8 10
6 #edges
6 11
9 6
11 3
0 9
0 10
10 8
6 #edges
6 11
9 6
0 9
0 10
10 8
8 3
6 #edges
6 9
9 11
0 6
0 10
10 8
8 3
6 #edges
6 9
9 11
11 3
0 6
0 10
10 8
2 #trees for patient 5
6 #edges
6 9
9 11
11 3
0 6
0 8
8 10
6 #edges
6 9
9 11
11 3
0 6
0 10
10 8
4 #trees for patient 6
6 #edges
6 11
11 9
0 6
0 8
10 3
8 10
6 #edges
6 9
9 11
0 6
0 8
10 3
8 10
6 #edges
6 11
9 3
11 9
0 6
0 8
8 10
6 #edges
6 9
9 11
11 3
0 6
0 8
8 10
2 #trees for patient 7
6 #edges
6 11
9 6
11 3
0 9
0 8
8 10
6 #edges
6 9
9 11
11 3
0 6
0 8
8 10
6 #trees for patient 8
6 #edges
6 9
9 3
9 11
0 6
0 8
8 10
6 #edges
6 9
9 11
11 3
0 6
0 8
8 10
6 #edges
6 9
6 10
9 3
9 11
0 6
0 8
6 #edges
6 9
6 10
9 11
11 3
0 6
0 8
6 #edges
6 9
9 11
9 10
11 3
0 6
0 8
6 #edges
6 9
9 3
9 11
9 10
0 6
0 8
8 #trees for patient 9
6 #edges
6 9
9 3
9 11
0 6
0 8
8 10
6 #edges
6 9
9 11
11 3
0 6
0 8
8 10
6 #edges
6 3
6 11
9 6
0 9
0 8
8 10
6 #edges
6 11
9 6
11 3
0 9
0 8
8 10
6 #edges
6 3
6 11
9 6
0 9
0 10
10 8
6 #edges
6 11
9 6
11 3
0 9
0 10
10 8
6 #edges
6 9
9 3
9 11
0 6
0 10
10 8
6 #edges
6 9
9 11
11 3
0 6
0 10
10 8
4 #trees for patient 10
6 #edges
6 9
9 11
11 3
0 6
0 8
8 10
6 #edges
6 11
9 6
11 3
0 9
0 8
8 10
6 #edges
6 9
9 11
11 3
0 6
0 10
10 8
6 #edges
6 11
9 6
11 3
0 9
0 10
10 8
12 #trees for patient 11
6 #edges
6 11
9 3
3 10
11 9
0 6
0 8
6 #edges
6 11
9 3
11 9
0 6
0 8
8 10
6 #edges
6 11
3 9
11 3
0 6
0 8
8 10
6 #edges
6 11
9 10
3 9
11 3
0 6
0 8
6 #edges
6 3
9 11
3 9
0 6
0 8
8 10
6 #edges
6 3
3 11
11 9
0 6
0 8
8 10
6 #edges
6 9
9 3
3 11
0 6
0 8
8 10
6 #edges
6 9
9 11
11 3
0 6
0 8
8 10
6 #edges
6 9
9 11
3 10
11 3
0 6
0 8
6 #edges
6 9
9 3
3 11
11 10
0 6
0 8
6 #edges
6 3
9 10
3 11
11 9
0 6
0 8
6 #edges
6 3
9 11
3 9
11 10
0 6
0 8
13 #trees for patient 12
6 #edges
6 9
9 11
11 3
0 6
0 8
8 10
6 #edges
6 9
9 11
3 10
11 3
0 6
0 8
6 #edges
6 9
9 11
11 3
11 10
0 6
0 8
6 #edges
6 9
9 11
11 3
0 6
0 10
10 8
6 #edges
6 9
9 11
11 3
11 8
0 6
0 10
6 #edges
6 9
9 11
3 8
11 3
0 6
0 10
6 #edges
6 9
9 11
11 3
11 10
0 6
10 8
6 #edges
6 9
9 11
3 8
11 3
11 10
0 6
6 #edges
6 9
9 11
11 3
11 8
0 6
8 10
6 #edges
6 9
9 11
3 10
11 3
11 8
0 6
6 #edges
6 9
9 11
3 8
11 3
0 6
8 10
6 #edges
6 9
9 11
3 10
3 8
11 3
0 6
6 #edges
6 9
9 11
3 10
11 3
0 6
10 8
6 #trees for patient 13
6 #edges
6 11
9 3
11 9
0 6
0 8
8 10
6 #edges
6 11
3 9
11 3
0 6
0 8
8 10
6 #edges
6 9
9 3
3 11
0 6
0 8
8 10
6 #edges
6 9
9 11
11 3
0 6
0 8
8 10
6 #edges
6 3
9 11
3 9
0 6
0 8
8 10
6 #edges
6 3
3 11
11 9
0 6
0 8
8 10
12 #trees for patient 14
6 #edges
6 9
9 3
3 11
0 6
0 8
8 10
6 #edges
6 9
9 11
11 3
0 6
0 8
8 10
6 #edges
6 3
9 11
3 9
0 6
0 8
8 10
6 #edges
6 3
3 11
11 9
0 6
0 8
8 10
6 #edges
6 11
9 3
11 9
0 6
0 8
8 10
6 #edges
6 11
3 9
11 3
0 6
0 8
8 10
6 #edges
6 11
9 3
11 9
0 6
0 10
10 8
6 #edges
6 11
3 9
11 3
0 6
0 10
10 8
6 #edges
6 9
9 11
11 3
0 6
0 10
10 8
6 #edges
6 9
9 3
3 11
0 6
0 10
10 8
6 #edges
6 3
3 11
11 9
0 6
0 10
10 8
6 #edges
6 3
9 11
3 9
0 6
0 10
10 8
8 #trees for patient 15
6 #edges
6 9
9 11
3 10
11 3
0 6
0 8
6 #edges
6 9
9 11
11 3
0 6
0 8
8 10
6 #edges
6 9
9 3
3 11
0 6
0 8
8 10
6 #edges
6 9
9 3
3 11
11 10
0 6
0 8
6 #edges
6 3
9 6
3 11
0 9
0 8
8 10
6 #edges
6 11
9 6
11 3
0 9
0 8
8 10
6 #edges
6 3
9 6
3 11
11 10
0 9
0 8
6 #edges
6 11
9 6
3 10
11 3
0 9
0 8
6 #trees for patient 16
6 #edges
6 9
9 11
11 3
0 6
0 8
8 10
6 #edges
6 9
9 11
9 10
11 3
0 6
0 8
6 #edges
6 9
9 11
11 3
0 6
0 10
10 8
6 #edges
6 9
9 11
9 8
11 3
0 6
0 10
6 #edges
6 9
9 11
9 10
11 3
0 6
10 8
6 #edges
6 9
9 11
9 8
11 3
0 6
8 10
8 #trees for patient 17
6 #edges
6 9
9 10
11 3
0 6
0 8
8 11
6 #edges
6 9
9 3
3 11
0 6
0 8
8 10
6 #edges
6 9
9 11
11 3
0 6
0 8
8 10
6 #edges
6 9
9 10
3 11
0 6
0 8
8 3
6 #edges
6 11
9 6
11 3
0 9
0 8
8 10
6 #edges
6 3
9 6
3 11
0 9
0 8
8 10
6 #edges
6 10
9 6
11 3
0 9
0 8
8 11
6 #edges
6 10
9 6
3 11
0 9
0 8
8 3
8 #trees for patient 18
6 #edges
6 11
9 6
11 3
0 9
0 8
8 10
6 #edges
6 3
9 6
3 11
0 9
0 8
8 10
6 #edges
6 9
9 3
3 11
0 6
0 8
8 10
6 #edges
6 9
9 11
11 3
0 6
0 8
8 10
6 #edges
6 9
9 3
3 11
0 6
0 10
10 8
6 #edges
6 9
9 11
11 3
0 6
0 10
10 8
6 #edges
6 3
9 6
3 11
0 9
0 10
10 8
6 #edges
6 11
9 6
11 3
0 9
0 10
10 8
4 #trees for patient 19
6 #edges
6 9
9 3
3 11
0 6
0 8
8 10
6 #edges
6 9
9 11
11 3
0 6
0 8
8 10
6 #edges
6 9
9 3
3 11
0 6
0 10
10 8
6 #edges
6 9
9 11
11 3
0 6
0 10
10 8
12 #trees for patient 20
6 #edges
6 11
9 6
11 3
0 9
0 8
8 10
6 #edges
6 9
9 11
11 3
0 6
0 8
8 10
6 #edges
6 11
9 6
11 3
11 10
0 9
0 8
6 #edges
6 9
9 11
11 3
11 10
0 6
0 8
6 #edges
6 11
9 6
11 3
0 9
0 10
10 8
6 #edges
6 11
9 6
11 3
11 8
0 9
0 10
6 #edges
6 9
9 11
11 3
0 6
0 10
10 8
6 #edges
6 9
9 11
11 3
11 8
0 6
0 10
6 #edges
6 11
9 6
11 3
11 8
0 9
8 10
6 #edges
6 11
9 6
11 3
11 10
0 9
10 8
6 #edges
6 9
9 11
11 3
11 10
0 6
10 8
6 #edges
6 9
9 11
11 3
11 8
0 6
8 10
4 #trees for patient 21
6 #edges
6 9
9 11
11 3
0 6
0 8
8 10
6 #edges
6 9
9 3
3 11
0 6
0 8
8 10
6 #edges
6 9
9 3
3 11
0 6
0 10
10 8
6 #edges
6 9
9 11
11 3
0 6
0 10
10 8
8 #trees for patient 22
6 #edges
6 11
9 6
0 9
0 8
10 3
8 10
6 #edges
6 11
9 6
11 3
0 9
0 8
8 10
6 #edges
6 9
9 11
0 6
0 8
10 3
8 10
6 #edges
6 9
9 11
11 3
0 6
0 8
8 10
6 #edges
6 11
9 6
0 9
0 10
10 8
8 3
6 #edges
6 11
9 6
11 3
0 9
0 10
10 8
6 #edges
6 9
9 11
0 6
0 10
10 8
8 3
6 #edges
6 9
9 11
11 3
0 6
0 10
10 8
24 #trees for patient 23
6 #edges
6 3
9 6
11 9
0 11
0 8
8 10
6 #edges
9 3
3 6
11 9
0 11
0 8
8 10
6 #edges
9 6
3 9
11 3
0 11
0 8
8 10
6 #edges
6 9
3 6
11 3
0 11
0 8
8 10
6 #edges
6 9
9 3
11 6
0 11
0 8
8 10
6 #edges
6 3
3 9
11 6
0 11
0 8
8 10
6 #edges
6 11
9 6
3 9
0 3
0 8
8 10
6 #edges
9 11
3 9
11 6
0 3
0 8
8 10
6 #edges
9 6
3 11
11 9
0 3
0 8
8 10
6 #edges
6 9
3 11
11 6
0 3
0 8
8 10
6 #edges
6 11
3 6
11 9
0 3
0 8
8 10
6 #edges
6 9
9 11
3 6
0 3
0 8
8 10
6 #edges
6 3
9 6
3 11
0 9
0 8
8 10
6 #edges
6 11
9 6
11 3
0 9
0 8
8 10
6 #edges
6 3
9 11
11 6
0 9
0 8
8 10
6 #edges
9 11
3 6
11 3
0 9
0 8
8 10
6 #edges
6 11
9 3
3 6
0 9
0 8
8 10
6 #edges
9 3
3 11
11 6
0 9
0 8
8 10
6 #edges
6 11
3 9
11 3
0 6
0 8
8 10
6 #edges
6 11
9 3
11 9
0 6
0 8
8 10
6 #edges
6 9
9 11
11 3
0 6
0 8
8 10
6 #edges
6 9
9 3
3 11
0 6
0 8
8 10
6 #edges
6 3
9 11
3 9
0 6
0 8
8 10
6 #edges
6 3
3 11
11 9
0 6
0 8
8 10
2 #trees for patient 24
6 #edges
6 9
9 11
11 3
0 6
0 8
8 10
6 #edges
6 9
9 11
11 3
0 6
0 10
10 8
16 #trees for patient 25
6 #edges
6 9
9 3
3 11
0 6
0 8
8 10
6 #edges
6 9
9 11
11 3
0 6
0 8
8 10
6 #edges
6 9
9 3
3 11
0 6
0 10
0 8
6 #edges
6 9
9 11
11 3
0 6
0 10
0 8
6 #edges
6 9
9 11
9 10
11 3
0 6
0 8
6 #edges
6 9
9 3
9 10
3 11
0 6
0 8
6 #edges
6 9
9 11
11 3
0 6
0 10
10 8
6 #edges
6 9
9 3
3 11
0 6
0 10
10 8
6 #edges
6 9
9 11
9 8
11 3
0 6
0 10
6 #edges
6 9
9 3
9 8
3 11
0 6
0 10
6 #edges
6 9
9 3
9 10
9 8
3 11
0 6
6 #edges
6 9
9 3
9 8
3 11
0 6
8 10
6 #edges
6 9
9 3
9 10
3 11
0 6
10 8
6 #edges
6 9
9 11
9 8
11 3
0 6
8 10
6 #edges
6 9
9 11
9 10
9 8
11 3
0 6
6 #edges
6 9
9 11
9 10
11 3
0 6
10 8
6 #trees for patient 26
6 #edges
6 9
9 11
0 6
0 8
10 3
8 10
6 #edges
6 9
9 3
9 11
0 6
0 8
8 10
6 #edges
6 9
9 11
11 3
0 6
0 8
8 10
6 #edges
6 11
9 6
0 9
0 8
10 3
8 10
6 #edges
6 3
6 11
9 6
0 9
0 8
8 10
6 #edges
6 11
9 6
11 3
0 9
0 8
8 10
68 #trees for patient 27
6 #edges
6 10
11 3
0 6
0 8
8 9
8 11
6 #edges
11 3
0 6
0 8
8 9
8 11
8 10
6 #edges
6 9
11 3
0 6
0 8
8 11
8 10
6 #edges
3 9
11 3
0 6
0 8
8 11
8 10
6 #edges
6 9
6 10
11 3
0 6
0 8
8 11
6 #edges
6 10
3 9
11 3
0 6
0 8
8 11
6 #edges
3 9
0 6
0 8
8 3
8 11
8 10
6 #edges
6 10
3 9
0 6
0 8
8 3
8 11
6 #edges
0 6
0 8
8 9
8 3
8 11
8 10
6 #edges
6 10
0 6
0 8
8 9
8 3
8 11
6 #edges
6 10
11 9
0 6
0 8
8 3
8 11
6 #edges
6 9
6 10
0 6
0 8
8 3
8 11
6 #edges
11 9
0 6
0 8
8 3
8 11
8 10
6 #edges
6 9
0 6
0 8
8 3
8 11
8 10
6 #edges
9 3
0 6
0 8
8 9
8 11
8 10
6 #edges
6 10
9 3
0 6
0 8
8 9
8 11
6 #edges
6 3
0 6
0 8
8 9
8 11
8 10
6 #edges
6 3
6 10
0 6
0 8
8 9
8 11
6 #edges
6 10
9 3
11 9
0 6
0 8
8 11
6 #edges
9 3
11 9
0 6
0 8
8 11
8 10
6 #edges
6 3
6 10
11 9
0 6
0 8
8 11
6 #edges
6 3
11 9
0 6
0 8
8 11
8 10
6 #edges
6 9
9 3
0 6
0 8
8 11
8 10
6 #edges
6 3
3 9
0 6
0 8
8 11
8 10
6 #edges
6 9
6 10
9 3
0 6
0 8
8 11
6 #edges
6 3
6 10
3 9
0 6
0 8
8 11
6 #edges
6 11
9 3
0 6
0 8
8 9
8 10
6 #edges
9 3
3 11
0 6
0 8
8 9
8 10
6 #edges
6 11
0 6
0 8
8 9
8 3
8 10
6 #edges
6 11
11 3
0 6
0 8
8 9
8 10
6 #edges
6 3
9 11
0 6
0 8
8 9
8 10
6 #edges
9 11
0 6
0 8
8 9
8 3
8 10
6 #edges
9 11
11 3
0 6
0 8
8 9
8 10
6 #edges
3 11
0 6
0 8
8 9
8 3
8 10
6 #edges
6 3
3 11
0 6
0 8
8 9
8 10
6 #edges
6 9
3 11
0 6
0 8
8 3
8 10
6 #edges
3 11
11 9
0 6
0 8
8 3
8 10
6 #edges
9 11
3 9
0 6
0 8
8 3
8 10
6 #edges
6 11
3 9
0 6
0 8
8 3
8 10
6 #edges
6 9
9 11
0 6
0 8
8 3
8 10
6 #edges
6 11
11 9
0 6
0 8
8 3
8 10
6 #edges
6 9
9 3
3 11
0 6
0 8
8 10
6 #edges
6 9
9 11
11 3
0 6
0 8
8 10
6 #edges
6 3
9 11
3 9
0 6
0 8
8 10
6 #edges
6 3
3 11
11 9
0 6
0 8
8 10
6 #edges
6 11
9 3
11 9
0 6
0 8
8 10
6 #edges
6 11
3 9
11 3
0 6
0 8
8 10
6 #edges
6 10
9 11
3 9
0 6
0 8
8 3
6 #edges
6 11
6 10
3 9
0 6
0 8
8 3
6 #edges
6 10
3 11
11 9
0 6
0 8
8 3
6 #edges
6 9
6 10
3 11
0 6
0 8
8 3
6 #edges
6 10
3 11
0 6
0 8
8 9
8 3
6 #edges
6 9
6 10
9 11
0 6
0 8
8 3
6 #edges
6 11
6 10
0 6
0 8
8 9
8 3
6 #edges
6 10
9 11
0 6
0 8
8 9
8 3
6 #edges
6 11
6 10
11 9
0 6
0 8
8 3
6 #edges
6 10
9 3
3 11
0 6
0 8
8 9
6 #edges
6 11
6 10
9 3
0 6
0 8
8 9
6 #edges
6 10
9 11
11 3
0 6
0 8
8 9
6 #edges
6 3
6 10
9 11
0 6
0 8
8 9
6 #edges
6 3
6 10
3 11
0 6
0 8
8 9
6 #edges
6 11
6 10
11 3
0 6
0 8
8 9
6 #edges
6 11
6 10
9 3
11 9
0 6
0 8
6 #edges
6 11
6 10
3 9
11 3
0 6
0 8
6 #edges
6 9
6 10
9 3
3 11
0 6
0 8
6 #edges
6 9
6 10
9 11
11 3
0 6
0 8
6 #edges
6 3
6 10
3 11
11 9
0 6
0 8
6 #edges
6 3
6 10
9 11
3 9
0 6
0 8
4 #trees for patient 28
6 #edges
6 11
9 3
11 9
0 6
0 8
8 10
6 #edges
6 9
9 11
11 3
0 6
0 8
8 10
6 #edges
6 11
9 3
11 9
0 6
0 10
10 8
6 #edges
6 9
9 11
11 3
0 6
0 10
10 8
4 #trees for patient 29
6 #edges
6 9
9 3
3 11
0 6
0 8
8 10
6 #edges
6 9
9 11
11 3
0 6
0 8
8 10
6 #edges
6 9
9 11
3 10
11 3
0 6
0 8
6 #edges
6 9
9 3
3 11
11 10
0 6
0 8
8 #trees for patient 30
6 #edges
6 11
11 9
0 6
0 3
0 10
10 8
6 #edges
6 9
9 11
0 6
0 3
0 10
10 8
6 #edges
6 9
9 11
0 6
0 3
0 8
8 10
6 #edges
6 11
11 9
0 6
0 3
0 8
8 10
6 #edges
6 11
9 3
11 9
0 6
0 8
8 10
6 #edges
6 9
9 11
11 3
0 6
0 8
8 10
6 #edges
6 9
9 11
11 3
0 6
0 10
10 8
6 #edges
6 11
9 3
11 9
0 6
0 10
10 8
2 #trees for patient 31
6 #edges
6 9
9 11
11 3
0 6
0 8
8 10
6 #edges
6 11
9 3
11 9
0 6
0 8
8 10
12 #trees for patient 32
6 #edges
6 9
6 11
11 3
0 6
0 10
0 8
6 #edges
6 9
6 11
9 3
0 6
0 10
0 8
6 #edges
6 9
6 3
3 11
0 6
0 10
0 8
6 #edges
6 9
6 3
9 11
0 6
0 10
0 8
6 #edges
6 9
9 11
11 3
0 6
0 10
0 8
6 #edges
6 9
9 3
3 11
0 6
0 10
0 8
6 #edges
6 9
6 3
3 11
0 6
0 8
8 10
6 #edges
6 9
6 3
9 11
0 6
0 8
8 10
6 #edges
6 9
6 11
11 3
0 6
0 8
8 10
6 #edges
6 9
6 11
9 3
0 6
0 8
8 10
6 #edges
6 9
9 3
3 11
0 6
0 8
8 10
6 #edges
6 9
9 11
11 3
0 6
0 8
8 10
6 #trees for patient 33
6 #edges
6 3
9 11
11 6
0 9
0 8
8 10
6 #edges
6 11
9 6
11 3
0 9
0 8
8 10
6 #edges
6 9
9 3
11 6
0 11
0 8
8 10
6 #edges
6 3
9 6
11 9
0 11
0 8
8 10
6 #edges
6 11
9 3
11 9
0 6
0 8
8 10
6 #edges
6 9
9 11
11 3
0 6
0 8
8 10
2 #trees for patient 34
6 #edges
6 11
9 6
11 3
0 9
0 8
8 10
6 #edges
6 9
9 11
11 3
0 6
0 8
8 10
6 #trees for patient 35
6 #edges
6 9
9 3
3 11
0 6
0 8
8 10
6 #edges
6 9
9 11
11 3
0 6
0 8
8 10
6 #edges
6 3
9 11
3 9
0 6
0 8
8 10
6 #edges
6 3
3 11
11 9
0 6
0 8
8 10
6 #edges
6 11
9 3
11 9
0 6
0 8
8 10
6 #edges
6 11
3 9
11 3
0 6
0 8
8 10
36 #trees for patient 36
6 #edges
6 11
9 6
0 9
0 3
0 8
8 10
6 #edges
6 11
6 10
9 6
0 9
0 3
0 8
6 #edges
6 11
9 6
11 3
0 9
0 8
8 10
6 #edges
6 11
6 10
9 6
11 3
0 9
0 8
6 #edges
6 9
9 11
0 6
0 3
0 8
8 10
6 #edges
6 9
9 11
11 3
0 6
0 8
8 10
6 #edges
6 9
9 11
9 10
11 3
0 6
0 8
6 #edges
6 9
9 11
9 10
0 6
0 3
0 8
6 #edges
6 9
9 11
0 6
0 3
0 10
10 8
6 #edges
6 11
9 6
0 9
0 3
0 10
10 8
6 #edges
6 11
6 8
9 6
0 9
0 3
0 10
6 #edges
6 9
9 11
9 8
0 6
0 3
0 10
6 #edges
6 9
9 11
11 3
0 6
0 10
10 8
6 #edges
6 11
9 6
11 3
0 9
0 10
10 8
6 #edges
6 11
6 8
9 6
11 3
0 9
0 10
6 #edges
6 9
9 11
9 8
11 3
0 6
0 10
6 #edges
6 9
9 10
9 8
11 3
0 6
0 11
6 #edges
6 9
9 10
11 3
0 6
0 11
10 8
6 #edges
6 9
9 8
11 3
0 6
0 11
8 10
6 #edges
6 9
9 3
9 10
0 6
0 11
10 8
6 #edges
6 9
9 3
9 10
9 8
0 6
0 11
6 #edges
6 9
9 3
9 8
0 6
0 11
8 10
6 #edges
6 10
6 8
9 6
11 3
0 9
0 11
6 #edges
6 10
9 6
11 3
0 9
0 11
10 8
6 #edges
6 8
9 6
11 3
0 9
0 11
8 10
6 #edges
6 3
6 10
6 8
9 6
0 9
0 11
6 #edges
6 3
6 8
9 6
0 9
0 11
8 10
6 #edges
6 3
6 10
9 6
0 9
0 11
10 8
6 #edges
6 9
9 11
9 10
0 6
0 3
10 8
6 #edges
6 9
9 11
9 8
0 6
0 3
8 10
6 #edges
6 11
6 10
9 6
0 9
0 3
10 8
6 #edges
6 11
6 8
9 6
0 9
0 3
8 10
6 #edges
6 11
6 8
9 6
11 3
0 9
8 10
6 #edges
6 11
6 10
9 6
11 3
0 9
10 8
6 #edges
6 9
9 11
9 8
11 3
0 6
8 10
6 #edges
6 9
9 11
9 10
11 3
0 6
10 8
48 #trees for patient 37
6 #edges
6 3
3 9
11 6
0 11
0 8
8 10
6 #edges
6 3
3 9
11 6
0 11
0 10
10 8
6 #edges
6 9
9 3
11 6
0 11
0 10
10 8
6 #edges
6 9
9 3
11 6
0 11
0 8
8 10
6 #edges
9 3
3 6
11 9
0 11
0 10
10 8
6 #edges
9 3
3 6
11 9
0 11
0 8
8 10
6 #edges
6 3
9 6
11 9
0 11
0 10
10 8
6 #edges
6 3
9 6
11 9
0 11
0 8
8 10
6 #edges
6 9
3 6
11 3
0 11
0 8
8 10
6 #edges
9 6
3 9
11 3
0 11
0 8
8 10
6 #edges
9 6
3 9
11 3
0 11
0 10
10 8
6 #edges
6 9
3 6
11 3
0 11
0 10
10 8
6 #edges
6 9
9 11
3 6
0 3
0 10
10 8
6 #edges
6 9
9 11
3 6
0 3
0 8
8 10
6 #edges
6 11
3 6
11 9
0 3
0 10
10 8
6 #edges
6 11
3 6
11 9
0 3
0 8
8 10
6 #edges
6 9
3 11
11 6
0 3
0 10
10 8
6 #edges
9 6
3 11
11 9
0 3
0 10
10 8
6 #edges
9 11
3 9
11 6
0 3
0 10
10 8
6 #edges
6 11
9 6
3 9
0 3
0 10
10 8
6 #edges
6 11
9 6
3 9
0 3
0 8
8 10
6 #edges
9 11
3 9
11 6
0 3
0 8
8 10
6 #edges
6 9
3 11
11 6
0 3
0 8
8 10
6 #edges
9 6
3 11
11 9
0 3
0 8
8 10
6 #edges
9 3
3 11
11 6
0 9
0 10
10 8
6 #edges
6 11
9 3
3 6
0 9
0 10
10 8
6 #edges
9 3
3 11
11 6
0 9
0 8
8 10
6 #edges
6 11
9 3
3 6
0 9
0 8
8 10
6 #edges
9 11
3 6
11 3
0 9
0 8
8 10
6 #edges
6 3
9 11
11 6
0 9
0 8
8 10
6 #edges
6 11
9 6
11 3
0 9
0 8
8 10
6 #edges
6 3
9 6
3 11
0 9
0 8
8 10
6 #edges
6 3
9 11
11 6
0 9
0 10
10 8
6 #edges
9 11
3 6
11 3
0 9
0 10
10 8
6 #edges
6 3
9 6
3 11
0 9
0 10
10 8
6 #edges
6 11
9 6
11 3
0 9
0 10
10 8
6 #edges
6 3
9 11
3 9
0 6
0 8
8 10
6 #edges
6 3
9 11
3 9
0 6
0 10
10 8
6 #edges
6 3
3 11
11 9
0 6
0 10
10 8
6 #edges
6 3
3 11
11 9
0 6
0 8
8 10
6 #edges
6 9
9 3
3 11
0 6
0 10
10 8
6 #edges
6 9
9 3
3 11
0 6
0 8
8 10
6 #edges
6 9
9 11
11 3
0 6
0 10
10 8
6 #edges
6 9
9 11
11 3
0 6
0 8
8 10
6 #edges
6 11
3 9
11 3
0 6
0 10
10 8
6 #edges
6 11
9 3
11 9
0 6
0 10
10 8
6 #edges
6 11
3 9
11 3
0 6
0 8
8 10
6 #edges
6 11
9 3
11 9
0 6
0 8
8 10
6 #trees for patient 38
6 #edges
6 11
9 6
11 3
0 9
0 8
8 10
6 #edges
6 3
6 11
9 6
0 9
0 8
8 10
6 #edges
6 3
9 6
3 11
0 9
0 8
8 10
6 #edges
6 9
9 3
9 11
0 6
0 8
8 10
6 #edges
6 9
9 3
3 11
0 6
0 8
8 10
6 #edges
6 9
9 11
11 3
0 6
0 8
8 10
12 #trees for patient 39
6 #edges
6 3
3 11
11 9
0 6
0 8
8 10
6 #edges
6 3
9 11
3 9
0 6
0 8
8 10
6 #edges
6 9
9 3
3 11
0 6
0 8
8 10
6 #edges
6 9
9 11
11 3
0 6
0 8
8 10
6 #edges
6 11
9 3
11 9
0 6
0 8
8 10
6 #edges
6 11
3 9
11 3
0 6
0 8
8 10
6 #edges
6 11
9 10
3 9
11 3
0 6
0 8
6 #edges
6 11
9 3
3 10
11 9
0 6
0 8
6 #edges
6 3
9 10
3 11
11 9
0 6
0 8
6 #edges
6 3
9 11
3 9
11 10
0 6
0 8
6 #edges
6 9
9 3
3 11
11 10
0 6
0 8
6 #edges
6 9
9 11
3 10
11 3
0 6
0 8
6 #trees for patient 40
6 #edges
6 11
9 3
11 9
0 6
0 8
8 10
6 #edges
6 11
9 3
9 10
11 9
0 6
0 8
6 #edges
6 11
9 3
3 10
11 9
0 6
0 8
6 #edges
6 9
9 11
11 3
11 10
0 6
0 8
6 #edges
6 9
9 11
3 10
11 3
0 6
0 8
6 #edges
6 9
9 11
11 3
0 6
0 8
8 10
16 #trees for patient 41
6 #edges
6 10
9 6
11 3
0 9
0 8
8 11
6 #edges
6 3
6 10
9 6
0 9
0 8
8 11
6 #edges
6 9
9 10
11 3
0 6
0 8
8 11
6 #edges
6 9
9 3
9 10
0 6
0 8
8 11
6 #edges
6 10
9 6
3 11
0 9
0 8
8 3
6 #edges
6 11
6 10
9 6
0 9
0 8
8 3
6 #edges
6 9
9 10
3 11
0 6
0 8
8 3
6 #edges
6 9
9 11
9 10
0 6
0 8
8 3
6 #edges
6 11
6 10
9 6
11 3
0 9
0 8
6 #edges
6 11
9 6
11 3
0 9
0 8
8 10
6 #edges
6 3
9 6
3 11
0 9
0 8
8 10
6 #edges
6 3
6 10
9 6
3 11
0 9
0 8
6 #edges
6 9
9 3
9 10
3 11
0 6
0 8
6 #edges
6 9
9 11
9 10
11 3
0 6
0 8
6 #edges
6 9
9 11
11 3
0 6
0 8
8 10
6 #edges
6 9
9 3
3 11
0 6
0 8
8 10
2 #trees for patient 42
6 #edges
6 9
9 11
11 3
0 6
0 8
8 10
6 #edges
6 11
9 6
11 3
0 9
0 8
8 10
60 #trees for patient 43
6 #edges
6 9
11 3
0 6
0 11
0 8
8 10
6 #edges
9 6
11 3
0 9
0 11
0 8
8 10
6 #edges
9 6
11 3
0 9
0 11
0 10
10 8
6 #edges
6 9
11 3
0 6
0 11
0 10
10 8
6 #edges
6 9
0 6
0 3
0 11
0 8
8 10
6 #edges
6 9
9 3
0 6
0 11
0 8
8 10
6 #edges
6 9
0 6
0 11
0 8
10 3
8 10
6 #edges
6 9
0 6
0 3
0 11
0 10
10 8
6 #edges
6 9
9 3
0 6
0 11
0 10
10 8
6 #edges
6 9
0 6
0 11
0 10
10 8
8 3
6 #edges
9 6
0 9
0 3
0 11
0 8
8 10
6 #edges
9 6
0 9
0 11
0 8
10 3
8 10
6 #edges
6 3
9 6
0 9
0 11
0 8
8 10
6 #edges
9 6
0 9
0 11
0 10
10 8
8 3
6 #edges
9 6
0 9
0 3
0 11
0 10
10 8
6 #edges
6 3
9 6
0 9
0 11
0 10
10 8
6 #edges
9 6
3 11
0 9
0 3
0 10
10 8
6 #edges
9 6
3 11
0 9
0 3
0 8
8 10
6 #edges
6 11
9 6
0 9
0 3
0 10
10 8
6 #edges
9 6
0 9
0 3
0 10
10 8
8 11
6 #edges
6 11
9 6
0 9
0 3
0 8
8 10
6 #edges
9 6
0 9
0 3
0 8
10 11
8 10
6 #edges
6 9
3 11
0 6
0 3
0 8
8 10
6 #edges
6 9
3 11
0 6
0 3
0 10
10 8
6 #edges
6 9
9 11
0 6
0 3
0 10
10 8
6 #edges
6 9
9 11
0 6
0 3
0 8
8 10
6 #edges
6 9
0 6
0 3
0 10
10 8
8 11
6 #edges
6 9
0 6
0 3
0 8
10 11
8 10
6 #edges
9 6
0 9
0 8
10 3
10 11
8 10
6 #edges
9 6
3 11
0 9
0 8
10 3
8 10
6 #edges
6 11
9 6
0 9
0 8
10 3
8 10
6 #edges
6 3
9 6
0 9
0 8
10 11
8 10
6 #edges
9 6
11 3
0 9
0 8
10 11
8 10
6 #edges
6 3
6 11
9 6
0 9
0 8
8 10
6 #edges
6 11
9 6
11 3
0 9
0 8
8 10
6 #edges
6 3
9 6
3 11
0 9
0 8
8 10
6 #edges
6 9
0 6
0 8
10 3
10 11
8 10
6 #edges
6 9
3 11
0 6
0 8
10 3
8 10
6 #edges
6 9
9 11
0 6
0 8
10 3
8 10
6 #edges
6 9
9 3
0 6
0 8
10 11
8 10
6 #edges
6 9
9 3
9 11
0 6
0 8
8 10
6 #edges
6 9
9 3
3 11
0 6
0 8
8 10
6 #edges
6 9
11 3
0 6
0 8
10 11
8 10
6 #edges
6 9
9 11
11 3
0 6
0 8
8 10
6 #edges
9 6
11 3
0 9
0 10
10 8
8 11
6 #edges
6 3
9 6
0 9
0 10
10 8
8 11
6 #edges
9 6
0 9
0 10
10 8
8 3
8 11
6 #edges
6 3
9 6
3 11
0 9
0 10
10 8
6 #edges
6 3
6 11
9 6
0 9
0 10
10 8
6 #edges
6 11
9 6
11 3
0 9
0 10
10 8
6 #edges
6 11
9 6
0 9
0 10
10 8
8 3
6 #edges
9 6
3 11
0 9
0 10
10 8
8 3
6 #edges
6 9
0 6
0 10
10 8
8 3
8 11
6 #edges
6 9
11 3
0 6
0 10
10 8
8 11
6 #edges
6 9
9 3
0 6
0 10
10 8
8 11
6 #edges
6 9
3 11
0 6
0 10
10 8
8 3
6 #edges
6 9
9 11
0 6
0 10
10 8
8 3
6 #edges
6 9
9 3
9 11
0 6
0 10
10 8
6 #edges
6 9
9 11
11 3
0 6
0 10
10 8
6 #edges
6 9
9 3
3 11
0 6
0 10
10 8
14 #trees for patient 44
6 #edges
6 9
9 11
0 6
0 3
0 8
8 10
6 #edges
6 9
9 11
11 10
0 6
0 3
0 8
6 #edges
6 9
9 11
11 3
0 6
0 8
8 10
6 #edges
6 9
9 11
11 3
11 10
0 6
0 8
6 #edges
6 9
9 11
11 8
0 6
0 3
0 10
6 #edges
6 9
9 11
0 6
0 3
0 10
10 8
6 #edges
6 9
9 11
11 3
0 6
0 10
10 8
6 #edges
6 9
9 11
11 3
11 8
0 6
0 10
6 #edges
6 9
9 11
11 10
11 8
0 6
0 3
6 #edges
6 9
9 11
11 10
0 6
0 3
10 8
6 #edges
6 9
9 11
11 8
0 6
0 3
8 10
6 #edges
6 9
9 11
11 3
11 8
0 6
8 10
6 #edges
6 9
9 11
11 3
11 10
11 8
0 6
6 #edges
6 9
9 11
11 3
11 10
0 6
10 8
7 #trees for patient 45
6 #edges
6 9
6 3
6 11
0 6
0 8
8 10
6 #edges
6 9
6 3
3 11
0 6
0 8
8 10
6 #edges
6 9
6 3
9 11
0 6
0 8
8 10
6 #edges
6 9
6 11
9 3
0 6
0 8
8 10
6 #edges
6 9
9 3
3 11
0 6
0 8
8 10
6 #edges
6 9
9 11
11 3
0 6
0 8
8 10
6 #edges
6 9
6 11
11 3
0 6
0 8
8 10
4 #trees for patient 46
6 #edges
6 9
9 11
0 6
0 8
10 3
8 10
6 #edges
6 9
9 11
11 3
0 6
0 8
8 10
6 #edges
6 9
9 11
0 6
0 10
10 8
8 3
6 #edges
6 9
9 11
11 3
0 6
0 10
10 8
4 #trees for patient 47
6 #edges
6 11
6 10
9 3
11 9
0 6
0 8
6 #edges
6 11
9 3
11 9
0 6
0 8
8 10
6 #edges
6 9
9 11
11 3
0 6
0 8
8 10
6 #edges
6 9
6 10
9 11
11 3
0 6
0 8
4 #trees for patient 48
6 #edges
6 9
9 11
11 3
0 6
0 8
8 10
6 #edges
6 11
9 6
11 3
0 9
0 8
8 10
6 #edges
6 9
9 11
11 3
0 6
0 10
10 8
6 #edges
6 11
9 6
11 3
0 9
0 10
10 8
14 #trees for patient 49
6 #edges
6 9
6 3
9 11
0 6
0 8
8 10
6 #edges
6 9
9 11
11 3
0 6
0 8
8 10
6 #edges
6 9
6 3
9 11
9 10
0 6
0 8
6 #edges
6 9
9 11
9 10
11 3
0 6
0 8
6 #edges
6 9
6 3
9 11
0 6
0 10
10 8
6 #edges
6 9
9 11
11 3
0 6
0 10
10 8
6 #edges
6 9
6 3
9 11
9 8
0 6
0 10
6 #edges
6 9
9 11
9 8
11 3
0 6
0 10
6 #edges
6 9
6 3
9 11
9 8
0 6
8 10
6 #edges
6 9
6 3
9 11
9 10
9 8
0 6
6 #edges
6 9
6 3
9 11
9 10
0 6
10 8
6 #edges
6 9
9 11
9 10
11 3
0 6
10 8
6 #edges
6 9
9 11
9 10
9 8
11 3
0 6
6 #edges
6 9
9 11
9 8
11 3
0 6
8 10
24 #trees for patient 50
6 #edges
6 11
9 6
11 3
0 9
0 8
8 10
6 #edges
6 3
9 6
3 11
0 9
0 8
8 10
6 #edges
6 11
9 6
3 10
11 3
0 9
0 8
6 #edges
6 3
9 6
3 11
11 10
0 9
0 8
6 #edges
6 9
9 11
11 3
0 6
0 8
8 10
6 #edges
6 9
9 3
3 11
0 6
0 8
8 10
6 #edges
6 9
9 3
3 11
11 10
0 6
0 8
6 #edges
6 9
9 11
3 10
11 3
0 6
0 8
6 #edges
6 11
9 6
11 3
0 9
0 10
10 8
6 #edges
6 3
9 6
3 11
0 9
0 10
10 8
6 #edges
6 11
9 6
3 8
11 3
0 9
0 10
6 #edges
6 3
9 6
3 11
11 8
0 9
0 10
6 #edges
6 9
9 11
11 3
0 6
0 10
10 8
6 #edges
6 9
9 3
3 11
0 6
0 10
10 8
6 #edges
6 9
9 11
3 8
11 3
0 6
0 10
6 #edges
6 9
9 3
3 11
11 8
0 6
0 10
6 #edges
6 3
9 6
3 11
11 8
0 9
8 10
6 #edges
6 3
9 6
3 11
11 10
0 9
10 8
6 #edges
6 11
9 6
3 8
11 3
0 9
8 10
6 #edges
6 11
9 6
3 10
11 3
0 9
10 8
6 #edges
6 9
9 11
3 10
11 3
0 6
10 8
6 #edges
6 9
9 11
3 8
11 3
0 6
8 10
6 #edges
6 9
9 3
3 11
11 8
0 6
8 10
6 #edges
6 9
9 3
3 11
11 10
0 6
10 8
2 #trees for patient 51
6 #edges
6 11
9 6
11 3
0 9
0 8
8 10
6 #edges
6 9
9 11
11 3
0 6
0 8
8 10
4 #trees for patient 52
6 #edges
6 9
9 11
11 3
0 6
0 8
8 10
6 #edges
6 9
9 3
3 11
0 6
0 8
8 10
6 #edges
6 9
9 3
3 11
0 6
0 10
10 8
6 #edges
6 9
9 11
11 3
0 6
0 10
10 8
4 #trees for patient 53
6 #edges
6 11
11 9
0 6
0 8
10 3
8 10
6 #edges
6 11
9 3
11 9
0 6
0 8
8 10
6 #edges
6 9
9 11
0 6
0 8
10 3
8 10
6 #edges
6 9
9 11
11 3
0 6
0 8
8 10
12 #trees for patient 54
6 #edges
6 9
9 3
3 11
0 6
0 8
8 10
6 #edges
6 9
9 11
11 3
0 6
0 8
8 10
6 #edges
6 3
9 11
3 9
0 6
0 8
8 10
6 #edges
6 3
3 11
11 9
0 6
0 8
8 10
6 #edges
6 11
9 3
11 9
0 6
0 8
8 10
6 #edges
6 11
3 9
11 3
0 6
0 8
8 10
6 #edges
6 3
6 10
9 11
3 9
0 6
0 8
6 #edges
6 3
6 10
3 11
11 9
0 6
0 8
6 #edges
6 9
6 10
9 3
3 11
0 6
0 8
6 #edges
6 9
6 10
9 11
11 3
0 6
0 8
6 #edges
6 11
6 10
9 3
11 9
0 6
0 8
6 #edges
6 11
6 10
3 9
11 3
0 6
0 8
18 #trees for patient 55
6 #edges
6 9
9 11
0 6
0 3
0 8
8 10
6 #edges
6 11
11 9
0 6
0 3
0 8
8 10
6 #edges
6 9
11 6
0 3
0 11
0 8
8 10
6 #edges
9 6
11 9
0 3
0 11
0 8
8 10
6 #edges
9 11
11 6
0 9
0 3
0 8
8 10
6 #edges
6 11
9 6
0 9
0 3
0 8
8 10
6 #edges
6 3
9 6
11 9
0 11
0 8
8 10
6 #edges
9 6
11 9
0 11
0 8
8 3
8 10
6 #edges
6 9
9 3
11 6
0 11
0 8
8 10
6 #edges
6 9
11 6
0 11
0 8
8 3
8 10
6 #edges
9 11
11 6
0 9
0 8
8 3
8 10
6 #edges
6 3
9 11
11 6
0 9
0 8
8 10
6 #edges
6 11
9 6
0 9
0 8
8 3
8 10
6 #edges
6 11
9 6
11 3
0 9
0 8
8 10
6 #edges
6 9
9 11
0 6
0 8
8 3
8 10
6 #edges
6 9
9 11
11 3
0 6
0 8
8 10
6 #edges
6 11
9 3
11 9
0 6
0 8
8 10
6 #edges
6 11
11 9
0 6
0 8
8 3
8 10
6 #trees for patient 56
6 #edges
6 9
9 3
11 6
0 11
0 8
8 10
6 #edges
6 3
9 6
11 9
0 11
0 8
8 10
6 #edges
6 11
9 6
11 3
0 9
0 8
8 10
6 #edges
6 3
9 11
11 6
0 9
0 8
8 10
6 #edges
6 11
9 3
11 9
0 6
0 8
8 10
6 #edges
6 9
9 11
11 3
0 6
0 8
8 10
6 #trees for patient 57
6 #edges
6 11
9 6
11 3
0 9
0 8
8 10
6 #edges
6 3
9 11
11 6
0 9
0 8
8 10
6 #edges
6 9
9 3
11 6
0 11
0 8
8 10
6 #edges
6 3
9 6
11 9
0 11
0 8
8 10
6 #edges
6 11
9 3
11 9
0 6
0 8
8 10
6 #edges
6 9
9 11
11 3
0 6
0 8
8 10
12 #trees for patient 58
6 #edges
6 11
9 6
11 3
0 9
0 8
8 10
6 #edges
6 3
9 11
11 6
0 9
0 8
8 10
6 #edges
6 9
9 11
11 3
0 6
0 8
8 10
6 #edges
6 11
9 3
11 9
0 6
0 8
8 10
6 #edges
6 3
9 6
11 9
0 11
0 8
8 10
6 #edges
6 9
9 3
11 6
0 11
0 8
8 10
6 #edges
6 3
9 11
11 6
0 9
0 10
10 8
6 #edges
6 11
9 6
11 3
0 9
0 10
10 8
6 #edges
6 9
9 3
11 6
0 11
0 10
10 8
6 #edges
6 3
9 6
11 9
0 11
0 10
10 8
6 #edges
6 9
9 11
11 3
0 6
0 10
10 8
6 #edges
6 11
9 3
11 9
0 6
0 10
10 8
14 #trees for patient 59
6 #edges
6 11
6 10
9 6
11 3
0 9
0 8
6 #edges
6 11
9 6
11 3
0 9
0 8
8 10
6 #edges
6 9
9 11
11 3
0 6
0 8
8 10
6 #edges
6 9
9 11
9 10
11 3
0 6
0 8
6 #edges
6 9
9 11
11 3
0 6
0 10
10 8
6 #edges
6 9
9 11
9 8
11 3
0 6
0 10
6 #edges
6 11
9 6
11 3
0 9
0 10
10 8
6 #edges
6 11
6 8
9 6
11 3
0 9
0 10
6 #edges
6 11
6 10
9 6
11 3
0 9
10 8
6 #edges
6 11
6 10
6 8
9 6
11 3
0 9
6 #edges
6 11
6 8
9 6
11 3
0 9
8 10
6 #edges
6 9
9 11
9 10
9 8
11 3
0 6
6 #edges
6 9
9 11
9 8
11 3
0 6
8 10
6 #edges
6 9
9 11
9 10
11 3
0 6
10 8
4 #trees for patient 60
6 #edges
5 1
5 9
9 6
9 7
7 4
0 5
6 #edges
4 7
5 1
5 9
9 4
9 6
0 5
6 #edges
4 7
5 9
9 4
9 6
7 1
0 5
6 #edges
4 1
5 9
9 6
9 7
7 4
0 5
4 #trees for patient 61
6 #edges
4 7
5 1
5 9
9 4
9 6
0 5
6 #edges
5 1
5 9
9 6
9 7
7 4
0 5
6 #edges
5 1
5 9
1 6
9 7
7 4
0 5
6 #edges
4 7
5 1
5 9
1 6
9 4
0 5
2 #trees for patient 62
6 #edges
4 7
5 1
5 9
9 4
9 6
0 5
6 #edges
5 1
5 9
9 6
9 7
7 4
0 5
28 #trees for patient 63
6 #edges
5 4
5 9
5 7
9 6
0 5
0 1
6 #edges
4 7
5 4
5 9
9 6
0 5
0 1
6 #edges
5 4
5 9
9 6
9 7
0 5
0 1
6 #edges
6 7
5 4
5 9
9 6
0 5
0 1
6 #edges
5 9
5 7
9 6
7 4
0 5
0 1
6 #edges
5 9
5 7
9 4
9 6
0 5
0 1
6 #edges
6 4
5 9
5 7
9 6
0 5
0 1
6 #edges
6 7
5 9
9 6
7 4
0 5
0 1
6 #edges
6 4
6 7
5 9
9 6
0 5
0 1
6 #edges
6 7
5 9
9 4
9 6
0 5
0 1
6 #edges
6 4
5 9
9 6
9 7
0 5
0 1
6 #edges
4 7
6 4
5 9
9 6
0 5
0 1
6 #edges
5 9
9 6
9 7
7 4
0 5
0 1
6 #edges
4 7
5 9
9 4
9 6
0 5
0 1
6 #edges
5 1
5 9
5 7
9 6
7 4
0 5
6 #edges
5 1
5 9
5 7
9 4
9 6
0 5
6 #edges
5 4
5 1
5 9
5 7
9 6
0 5
6 #edges
6 4
5 1
5 9
5 7
9 6
0 5
6 #edges
4 7
5 1
5 9
9 4
9 6
0 5
6 #edges
6 7
5 1
5 9
9 4
9 6
0 5
6 #edges
5 4
5 1
5 9
9 6
9 7
0 5
6 #edges
5 1
5 9
9 6
9 7
7 4
0 5
6 #edges
6 4
5 1
5 9
9 6
9 7
0 5
6 #edges
6 7
5 4
5 1
5 9
9 6
0 5
6 #edges
4 7
5 4
5 1
5 9
9 6
0 5
6 #edges
6 4
6 7
5 1
5 9
9 6
0 5
6 #edges
6 7
5 1
5 9
9 6
7 4
0 5
6 #edges
4 7
6 4
5 1
5 9
9 6
0 5
2 #trees for patient 64
6 #edges
4 7
5 1
5 9
9 4
9 6
0 5
6 #edges
4 7
6 1
5 9
9 4
9 6
0 5
4 #trees for patient 65
6 #edges
4 7
5 1
5 9
1 6
9 4
0 5
6 #edges
5 1
5 9
1 6
9 7
7 4
0 5
6 #edges
5 1
5 9
9 6
9 7
7 4
0 5
6 #edges
4 7
5 1
5 9
9 4
9 6
0 5
7 #trees for patient 66
6 #edges
4 7
5 6
5 9
9 4
7 1
0 5
6 #edges
4 7
5 1
5 9
1 6
9 4
0 5
6 #edges
4 7
5 1
5 9
9 4
9 6
0 5
6 #edges
4 7
5 1
5 9
9 4
7 6
0 5
6 #edges
4 7
5 9
9 4
9 6
7 1
0 5
6 #edges
4 7
5 9
9 4
7 6
7 1
0 5
6 #edges
4 7
5 9
1 6
9 4
7 1
0 5
1 #trees for patient 67
6 #edges
4 7
5 1
5 9
9 4
9 6
0 5
7 #trees for patient 68
6 #edges
5 4
5 1
5 9
9 6
9 7
0 5
6 #edges
5 1
5 9
9 6
9 7
7 4
0 5
6 #edges
4 7
5 4
5 1
5 9
9 6
0 5
6 #edges
5 4
5 1
5 9
5 7
9 6
0 5
6 #edges
5 1
5 9
5 7
9 4
9 6
0 5
6 #edges
4 7
5 1
5 9
9 4
9 6
0 5
6 #edges
5 1
5 9
5 7
9 6
7 4
0 5
2 #trees for patient 69
6 #edges
5 1
5 9
9 6
9 7
7 4
0 5
6 #edges
4 7
5 1
5 9
9 4
9 6
0 5
12 #trees for patient 70
6 #edges
4 7
5 6
5 9
9 4
7 1
0 5
6 #edges
4 7
5 1
5 9
9 4
9 6
0 5
6 #edges
4 7
5 1
5 9
1 6
9 4
0 5
6 #edges
4 7
5 1
5 9
9 4
7 6
0 5
6 #edges
4 7
5 9
9 4
9 6
7 1
0 5
6 #edges
4 7
5 9
1 6
9 4
7 1
0 5
6 #edges
4 1
5 6
5 9
9 7
7 4
0 5
6 #edges
5 1
5 9
9 6
9 7
7 4
0 5
6 #edges
4 1
5 9
9 6
9 7
7 4
0 5
6 #edges
5 1
5 9
1 6
9 7
7 4
0 5
6 #edges
4 6
5 1
5 9
9 7
7 4
0 5
6 #edges
4 1
5 9
1 6
9 7
7 4
0 5
2 #trees for patient 71
6 #edges
4 7
5 1
5 9
9 4
9 6
0 5
6 #edges
6 7
5 1
5 9
9 4
9 6
0 5
7 #trees for patient 72
6 #edges
5 1
5 9
9 4
9 6
0 5
0 7
6 #edges
5 9
9 4
9 6
0 5
0 1
0 7
6 #edges
5 9
1 7
9 4
9 6
0 5
0 1
6 #edges
5 9
5 7
9 4
9 6
0 5
0 1
6 #edges
4 7
5 9
9 4
9 6
0 5
0 1
6 #edges
4 7
5 1
5 9
9 4
9 6
0 5
6 #edges
5 1
5 9
1 7
9 4
9 6
0 5
4 #trees for patient 73
6 #edges
4 7
6 1
5 9
9 4
9 6
0 5
6 #edges
6 1
5 9
9 6
9 7
7 4
0 5
6 #edges
4 7
5 1
5 9
9 4
9 6
0 5
6 #edges
5 1
5 9
9 6
9 7
7 4
0 5
12 #trees for patient 74
6 #edges
4 7
5 9
9 4
0 6
0 5
0 1
6 #edges
5 9
9 7
7 4
0 6
0 5
0 1
6 #edges
4 7
5 9
9 4
9 6
0 5
0 1
6 #edges
5 9
9 6
9 7
7 4
0 5
0 1
6 #edges
5 9
9 1
9 7
7 4
0 6
0 5
6 #edges
4 7
5 9
9 4
9 1
0 6
0 5
6 #edges
5 1
5 9
9 7
7 4
0 6
0 5
6 #edges
4 7
5 1
5 9
9 4
0 6
0 5
6 #edges
4 7
5 1
5 9
9 4
9 6
0 5
6 #edges
5 1
5 9
9 6
9 7
7 4
0 5
6 #edges
5 9
9 6
9 1
9 7
7 4
0 5
6 #edges
4 7
5 9
9 4
9 6
9 1
0 5
3 #trees for patient 75
6 #edges
5 1
5 9
9 4
9 6
0 5
0 7
6 #edges
5 1
5 9
1 7
9 4
9 6
0 5
6 #edges
4 7
5 1
5 9
9 4
9 6
0 5
3 #trees for patient 76
6 #edges
4 7
5 1
5 9
9 4
9 6
0 5
6 #edges
4 7
5 1
5 9
1 6
9 4
0 5
6 #edges
4 7
5 1
5 9
9 4
7 6
0 5
15 #trees for patient 77
6 #edges
6 7
5 9
9 4
9 6
0 5
0 1
6 #edges
4 7
5 9
9 4
9 6
0 5
0 1
6 #edges
4 6
5 9
9 4
9 7
0 5
0 1
6 #edges
4 6
4 7
5 9
9 4
0 5
0 1
6 #edges
4 6
6 7
5 9
9 4
0 5
0 1
6 #edges
4 6
5 1
5 9
9 4
9 7
0 5
6 #edges
4 6
4 7
5 1
5 9
9 4
0 5
6 #edges
4 7
5 1
5 9
9 4
9 6
0 5
6 #edges
4 6
6 7
5 1
5 9
9 4
0 5
6 #edges
6 7
5 1
5 9
9 4
9 6
0 5
6 #edges
4 6
4 1
5 9
9 4
9 7
0 5
6 #edges
4 1
6 7
5 9
9 4
9 6
0 5
6 #edges
4 1
4 7
5 9
9 4
9 6
0 5
6 #edges
4 6
4 1
4 7
5 9
9 4
0 5
6 #edges
4 6
4 1
6 7
5 9
9 4
0 5
2 #trees for patient 78
6 #edges
4 7
5 1
5 9
9 4
0 6
0 5
6 #edges
4 7
5 1
5 9
9 4
9 6
0 5
4 #trees for patient 79
6 #edges
4 7
5 1
5 9
9 4
9 6
0 5
6 #edges
4 7
5 9
9 4
9 6
7 1
0 5
6 #edges
4 7
5 1
5 9
9 4
7 6
0 5
6 #edges
4 7
5 9
9 4
7 6
7 1
0 5
2 #trees for patient 80
6 #edges
4 7
5 1
5 9
9 4
9 6
0 5
6 #edges
5 1
5 9
9 6
9 7
7 4
0 5
2 #trees for patient 81
6 #edges
4 7
5 1
5 9
9 4
9 6
0 5
6 #edges
5 1
5 9
9 6
9 7
7 4
0 5
6 #trees for patient 82
6 #edges
4 7
5 1
5 9
9 4
0 6
0 5
6 #edges
5 1
5 9
9 7
7 4
0 6
0 5
6 #edges
5 1
5 9
1 6
9 7
7 4
0 5
6 #edges
4 7
5 1
5 9
1 6
9 4
0 5
6 #edges
4 7
5 1
5 9
9 4
9 6
0 5
6 #edges
5 1
5 9
9 6
9 7
7 4
0 5
4 #trees for patient 83
6 #edges
5 1
5 9
9 6
9 7
7 4
0 5
6 #edges
4 1
5 9
9 6
9 7
7 4
0 5
6 #edges
4 7
5 1
5 9
9 4
9 6
0 5
6 #edges
4 7
5 9
9 4
9 6
7 1
0 5
26 #trees for patient 84
6 #edges
5 1
5 9
1 6
7 4
0 5
0 7
6 #edges
5 1
5 9
9 6
7 4
0 5
0 7
6 #edges
5 1
5 9
9 4
9 6
0 5
0 7
6 #edges
5 1
5 9
1 6
9 4
0 5
0 7
6 #edges
5 1
5 9
1 4
9 6
0 5
0 7
6 #edges
5 1
5 9
1 4
1 6
0 5
0 7
6 #edges
4 7
5 1
5 9
9 6
0 4
0 5
6 #edges
4 7
5 1
5 9
1 6
0 4
0 5
6 #edges
5 1
5 9
1 6
1 7
0 4
0 5
6 #edges
5 1
5 9
1 7
9 6
0 4
0 5
6 #edges
5 1
5 9
1 6
9 7
0 4
0 5
6 #edges
5 1
5 9
9 6
9 7
0 4
0 5
6 #edges
4 7
5 1
5 9
1 4
9 6
0 5
6 #edges
5 1
5 9
1 4
9 6
9 7
0 5
6 #edges
5 1
5 9
9 4
9 6
9 7
0 5
6 #edges
5 1
5 9
1 7
9 4
9 6
0 5
6 #edges
4 7
5 1
5 9
9 4
9 6
0 5
6 #edges
5 1
5 9
9 6
9 7
7 4
0 5
6 #edges
5 1
5 9
1 7
9 6
7 4
0 5
6 #edges
5 1
5 9
1 4
1 6
9 7
0 5
6 #edges
4 7
5 1
5 9
1 4
1 6
0 5
6 #edges
5 1
5 9
1 6
1 7
9 4
0 5
6 #edges
5 1
5 9
1 6
1 7
7 4
0 5
6 #edges
4 7
5 1
5 9
1 6
9 4
0 5
6 #edges
5 1
5 9
1 6
9 4
9 7
0 5
6 #edges
5 1
5 9
1 6
9 7
7 4
0 5
6 #trees for patient 85
6 #edges
6 7
5 1
5 9
9 4
9 6
0 5
6 #edges
4 7
5 1
5 9
9 4
9 6
0 5
6 #edges
4 7
6 4
5 1
5 9
9 6
0 5
6 #edges
6 4
5 1
5 9
9 6
9 7
0 5
6 #edges
5 1
5 9
9 6
9 7
7 4
0 5
6 #edges
6 7
5 1
5 9
9 6
7 4
0 5
6 #trees for patient 86
6 #edges
5 1
5 9
9 7
7 4
0 6
0 5
6 #edges
4 7
5 1
5 9
9 4
0 6
0 5
6 #edges
4 7
5 1
5 9
9 4
9 6
0 5
6 #edges
5 1
5 9
9 6
9 7
7 4
0 5
6 #edges
4 7
5 6
5 1
5 9
9 4
0 5
6 #edges
5 6
5 1
5 9
9 7
7 4
0 5
2 #trees for patient 87
6 #edges
4 7
5 1
5 9
9 4
9 6
0 5
6 #edges
5 1
5 9
9 6
9 7
7 4
0 5
3 #trees for patient 88
6 #edges
4 7
5 1
5 9
9 4
9 6
0 5
6 #edges
4 6
4 7
5 1
5 9
9 4
0 5
6 #edges
4 7
5 1
5 9
9 4
7 6
0 5
7 #trees for patient 89
6 #edges
5 1
5 9
9 4
9 6
9 7
0 5
6 #edges
5 1
5 9
1 7
9 4
9 6
0 5
6 #edges
4 7
5 1
5 9
9 4
9 6
0 5
6 #edges
5 1
5 9
1 4
9 6
9 7
0 5
6 #edges
5 1
5 9
9 6
9 7
7 4
0 5
6 #edges
4 7
5 1
5 9
1 4
9 6
0 5
6 #edges
5 1
5 9
1 7
9 6
7 4
0 5
1 #trees for patient 90
6 #edges
4 7
5 1
5 9
9 4
9 6
0 5
13 #trees for patient 91
6 #edges
5 1
5 9
9 6
7 4
0 5
0 7
6 #edges
5 4
5 1
5 9
9 6
0 5
0 7
6 #edges
5 1
5 9
9 4
9 6
0 5
0 7
6 #edges
4 7
5 1
5 9
9 6
0 4
0 5
6 #edges
5 1
5 9
5 7
9 6
0 4
0 5
6 #edges
5 1
5 9
9 6
9 7
0 4
0 5
6 #edges
5 4
5 1
5 9
5 7
9 6
0 5
6 #edges
5 1
5 9
5 7
9 6
7 4
0 5
6 #edges
5 1
5 9
5 7
9 4
9 6
0 5
6 #edges
4 7
5 4
5 1
5 9
9 6
0 5
6 #edges
5 4
5 1
5 9
9 6
9 7
0 5
6 #edges
4 7
5 1
5 9
9 4
9 6
0 5
6 #edges
5 1
5 9
9 6
9 7
7 4
0 5
7 #trees for patient 92
6 #edges
6 7
5 1
5 9
9 4
9 6
0 5
6 #edges
4 7
5 1
5 9
9 4
9 6
0 5
6 #edges
6 4
6 7
5 1
5 9
9 6
0 5
6 #edges
6 7
5 1
5 9
9 6
7 4
0 5
6 #edges
6 4
5 1
5 9
9 6
9 7
0 5
6 #edges
4 7
6 4
5 1
5 9
9 6
0 5
6 #edges
5 1
5 9
9 6
9 7
7 4
0 5
2 #trees for patient 93
6 #edges
4 7
5 1
5 9
9 4
9 6
0 5
6 #edges
5 1
5 9
9 6
9 7
7 4
0 5
12 #trees for patient 94
6 #edges
5 1
5 9
9 6
7 4
0 5
0 7
6 #edges
5 1
5 9
1 6
7 4
0 5
0 7
6 #edges
5 1
5 9
9 4
9 6
0 5
0 7
6 #edges
5 1
5 9
1 6
9 4
0 5
0 7
6 #edges
4 7
5 1
5 9
9 6
0 4
0 5
6 #edges
4 7
5 1
5 9
1 6
0 4
0 5
6 #edges
5 1
5 9
1 6
9 7
0 4
0 5
6 #edges
5 1
5 9
9 6
9 7
0 4
0 5
6 #edges
5 1
5 9
1 6
9 7
7 4
0 5
6 #edges
4 7
5 1
5 9
1 6
9 4
0 5
6 #edges
5 1
5 9
9 6
9 7
7 4
0 5
6 #edges
4 7
5 1
5 9
9 4
9 6
0 5
4 #trees for patient 95
6 #edges
5 1
5 9
9 6
9 7
7 4
0 5
6 #edges
4 7
5 1
5 9
9 4
9 6
0 5
6 #edges
4 7
5 1
5 9
1 6
9 4
0 5
6 #edges
5 1
5 9
1 6
9 7
7 4
0 5
12 #trees for patient 96
6 #edges
5 6
5 1
5 9
7 4
0 5
0 7
6 #edges
5 1
5 9
9 6
7 4
0 5
0 7
6 #edges
5 6
5 1
5 9
9 4
0 5
0 7
6 #edges
5 1
5 9
9 4
9 6
0 5
0 7
6 #edges
4 7
5 6
5 1
5 9
0 4
0 5
6 #edges
4 7
5 1
5 9
9 6
0 4
0 5
6 #edges
5 6
5 1
5 9
9 7
0 4
0 5
6 #edges
5 1
5 9
9 6
9 7
0 4
0 5
6 #edges
4 7
5 6
5 1
5 9
9 4
0 5
6 #edges
5 6
5 1
5 9
9 7
7 4
0 5
6 #edges
5 1
5 9
9 6
9 7
7 4
0 5
6 #edges
4 7
5 1
5 9
9 4
9 6
0 5
14 #trees for patient 97
6 #edges
5 1
5 9
5 7
9 6
7 4
0 5
6 #edges
5 4
5 1
5 9
5 7
9 6
0 5
6 #edges
5 1
5 9
5 7
1 4
9 6
0 5
6 #edges
5 1
5 9
5 7
9 4
9 6
0 5
6 #edges
5 1
5 9
1 7
9 4
9 6
0 5
6 #edges
5 4
5 1
5 9
1 7
9 6
0 5
6 #edges
5 1
5 9
1 7
9 6
7 4
0 5
6 #edges
5 1
5 9
1 4
1 7
9 6
0 5
6 #edges
5 1
5 9
1 4
9 6
9 7
0 5
6 #edges
5 1
5 9
9 6
9 7
7 4
0 5
6 #edges
5 4
5 1
5 9
9 6
9 7
0 5
6 #edges
4 7
5 1
5 9
9 4
9 6
0 5
6 #edges
4 7
5 1
5 9
1 4
9 6
0 5
6 #edges
4 7
5 4
5 1
5 9
9 6
0 5
4 #trees for patient 98
6 #edges
4 7
5 1
5 9
9 4
9 6
0 5
6 #edges
5 1
5 9
9 6
9 7
7 4
0 5
6 #edges
4 1
5 9
9 6
9 7
7 4
0 5
6 #edges
4 7
5 9
9 4
9 6
7 1
0 5
6 #trees for patient 99
6 #edges
5 9
9 6
9 7
7 4
0 5
0 1
6 #edges
4 7
5 9
9 4
9 6
0 5
0 1
6 #edges
4 7
5 1
5 9
9 4
9 6
0 5
6 #edges
5 1
5 9
9 6
9 7
7 4
0 5
6 #edges
4 7
6 1
5 9
9 4
9 6
0 5
6 #edges
6 1
5 9
9 6
9 7
7 4
0 5
