50 # patients
2 #trees for patient 0
6 #edges
11 9
8 3
8 10
6 11
0 8
0 6
6 #edges
9 11
8 3
8 10
6 9
0 8
0 6
2 #trees for patient 1
6 #edges
11 9
8 3
8 10
6 11
0 8
0 6
6 #edges
11 9
8 3
6 11
6 10
0 8
0 6
48 #trees for patient 2
6 #edges
9 6
8 3
8 9
6 11
0 8
0 10
6 #edges
9 11
11 6
8 3
8 9
0 8
0 10
6 #edges
9 6
11 9
8 3
8 11
0 8
0 10
6 #edges
11 6
8 3
8 11
6 9
0 8
0 10
6 #edges
11 9
8 3
8 6
6 11
0 8
0 10
6 #edges
9 11
8 3
8 6
6 9
0 8
0 10
6 #edges
9 11
8 3
8 9
6 10
0 8
0 6
6 #edges
11 9
8 3
8 11
6 10
0 8
0 6
6 #edges
9 10
8 3
8 11
6 9
0 8
0 6
6 #edges
9 11
8 3
8 10
6 9
0 8
0 6
6 #edges
9 11
11 10
8 3
6 9
0 8
0 6
6 #edges
11 10
8 3
8 11
6 9
0 8
0 6
6 #edges
9 10
8 3
8 9
6 11
0 8
0 6
6 #edges
11 10
8 3
8 9
6 11
0 8
0 6
6 #edges
9 11
11 10
8 3
8 9
0 8
0 6
6 #edges
11 9
8 3
8 10
6 11
0 8
0 6
6 #edges
9 10
11 9
8 3
8 11
0 8
0 6
6 #edges
9 10
11 9
8 3
6 11
0 8
0 6
6 #edges
9 10
11 9
8 3
8 6
0 11
0 8
6 #edges
11 9
8 3
8 6
6 10
0 11
0 8
6 #edges
9 6
11 9
8 3
6 10
0 11
0 8
6 #edges
9 6
11 9
8 3
8 10
0 11
0 8
6 #edges
11 10
8 3
8 6
6 9
0 11
0 8
6 #edges
9 6
11 10
8 3
8 9
0 11
0 8
6 #edges
9 10
11 6
8 3
6 9
0 11
0 8
6 #edges
11 6
8 3
8 10
6 9
0 11
0 8
6 #edges
9 10
11 6
8 3
8 9
0 11
0 8
6 #edges
11 6
8 3
8 9
6 10
0 11
0 8
6 #edges
9 10
8 3
8 6
6 9
0 11
0 8
6 #edges
9 6
8 3
8 9
6 10
0 11
0 8
6 #edges
9 6
8 3
8 10
6 11
0 9
0 8
6 #edges
9 6
8 3
8 11
6 10
0 9
0 8
6 #edges
9 6
11 10
8 3
8 11
0 9
0 8
6 #edges
9 6
11 10
8 3
6 11
0 9
0 8
6 #edges
11 10
8 3
8 6
6 11
0 9
0 8
6 #edges
9 10
8 3
8 6
6 11
0 9
0 8
6 #edges
9 11
11 10
8 3
8 6
0 9
0 8
6 #edges
9 11
8 3
8 6
6 10
0 9
0 8
6 #edges
9 11
11 6
8 3
8 10
0 9
0 8
6 #edges
9 11
11 6
8 3
6 10
0 9
0 8
6 #edges
9 10
11 6
8 3
8 11
0 9
0 8
6 #edges
11 6
8 3
8 11
6 10
0 9
0 8
6 #edges
9 6
11 10
8 3
8 9
6 11
0 8
6 #edges
9 11
11 6
8 3
8 9
6 10
0 8
6 #edges
9 6
11 9
8 3
8 11
6 10
0 8
6 #edges
9 10
11 6
8 3
8 11
6 9
0 8
6 #edges
9 11
11 10
8 3
8 6
6 9
0 8
6 #edges
9 10
11 9
8 3
8 6
6 11
0 8
2 #trees for patient 3
6 #edges
11 9
8 3
8 10
6 11
0 8
0 6
6 #edges
11 6
8 3
8 10
6 9
0 11
0 8
16 #trees for patient 4
6 #edges
11 9
8 3
8 10
0 11
0 8
0 6
6 #edges
3 10
11 9
8 3
0 11
0 8
0 6
6 #edges
8 3
8 10
0 9
0 11
0 8
0 6
6 #edges
3 10
8 3
0 9
0 11
0 8
0 6
6 #edges
3 10
8 3
6 9
0 11
0 8
0 6
6 #edges
8 3
8 10
6 9
0 11
0 8
0 6
6 #edges
3 10
9 11
8 3
0 9
0 8
0 6
6 #edges
9 11
8 3
8 10
0 9
0 8
0 6
6 #edges
8 3
8 10
6 11
0 9
0 8
0 6
6 #edges
3 10
8 3
6 11
0 9
0 8
0 6
6 #edges
11 9
8 3
8 10
6 11
0 8
0 6
6 #edges
3 10
11 9
8 3
6 11
0 8
0 6
6 #edges
8 3
8 10
6 9
6 11
0 8
0 6
6 #edges
3 10
8 3
6 9
6 11
0 8
0 6
6 #edges
3 10
9 11
8 3
6 9
0 8
0 6
6 #edges
9 11
8 3
8 10
6 9
0 8
0 6
4 #trees for patient 5
6 #edges
11 9
8 3
8 10
6 11
0 8
0 6
6 #edges
11 6
8 3
8 10
6 9
0 11
0 8
6 #edges
9 10
11 9
8 3
6 11
0 8
0 6
6 #edges
9 10
11 6
8 3
6 9
0 11
0 8
2 #trees for patient 6
6 #edges
11 9
8 3
8 10
6 11
0 8
0 6
6 #edges
11 9
8 3
6 11
6 10
0 8
0 6
30 #trees for patient 7
6 #edges
11 6
8 3
6 9
0 11
0 8
0 10
6 #edges
9 6
11 9
8 3
0 11
0 8
0 10
6 #edges
11 9
8 3
6 11
0 8
0 10
0 6
6 #edges
9 11
8 3
6 9
0 8
0 10
0 6
6 #edges
9 6
8 3
6 11
0 9
0 8
0 10
6 #edges
9 11
11 6
8 3
0 9
0 8
0 10
6 #edges
11 9
8 10
6 11
0 3
0 8
0 6
6 #edges
9 11
8 10
6 9
0 3
0 8
0 6
6 #edges
3 10
9 11
6 9
0 3
0 8
0 6
6 #edges
3 10
11 9
6 11
0 3
0 8
0 6
6 #edges
9 6
11 9
8 10
0 3
0 11
0 8
6 #edges
11 6
8 10
6 9
0 3
0 11
0 8
6 #edges
3 10
11 6
6 9
0 3
0 11
0 8
6 #edges
3 10
9 6
11 9
0 3
0 11
0 8
6 #edges
3 10
9 6
6 11
0 3
0 9
0 8
6 #edges
3 10
9 11
11 6
0 3
0 9
0 8
6 #edges
9 11
11 6
8 10
0 3
0 9
0 8
6 #edges
9 6
8 10
6 11
0 3
0 9
0 8
6 #edges
3 10
9 6
8 3
6 11
0 9
0 8
6 #edges
9 6
8 3
8 10
6 11
0 9
0 8
6 #edges
3 10
9 11
11 6
8 3
0 9
0 8
6 #edges
9 11
11 6
8 3
8 10
0 9
0 8
6 #edges
11 9
8 3
8 10
6 11
0 8
0 6
6 #edges
9 11
8 3
8 10
6 9
0 8
0 6
6 #edges
3 10
11 9
8 3
6 11
0 8
0 6
6 #edges
3 10
9 11
8 3
6 9
0 8
0 6
6 #edges
11 6
8 3
8 10
6 9
0 11
0 8
6 #edges
9 6
11 9
8 3
8 10
0 11
0 8
6 #edges
3 10
9 6
11 9
8 3
0 11
0 8
6 #edges
3 10
11 6
8 3
6 9
0 11
0 8
4 #trees for patient 8
6 #edges
11 9
8 3
8 10
6 11
0 8
0 6
6 #edges
9 11
8 3
8 10
6 9
0 8
0 6
6 #edges
3 10
9 11
8 3
6 9
0 8
0 6
6 #edges
3 10
11 9
8 3
6 11
0 8
0 6
12 #trees for patient 9
6 #edges
9 11
8 3
8 10
6 9
0 8
0 6
6 #edges
11 9
8 3
8 10
6 11
0 8
0 6
6 #edges
3 10
11 9
8 3
6 11
0 8
0 6
6 #edges
3 10
9 11
8 3
6 9
0 8
0 6
6 #edges
11 6
8 3
8 10
6 9
0 11
0 8
6 #edges
3 10
11 6
8 3
6 9
0 11
0 8
6 #edges
3 10
9 6
11 9
8 3
0 11
0 8
6 #edges
9 6
11 9
8 3
8 10
0 11
0 8
6 #edges
9 6
8 3
8 10
6 11
0 9
0 8
6 #edges
3 10
9 6
8 3
6 11
0 9
0 8
6 #edges
3 10
9 11
11 6
8 3
0 9
0 8
6 #edges
9 11
11 6
8 3
8 10
0 9
0 8
2 #trees for patient 10
6 #edges
8 3
8 10
10 9
6 11
0 8
0 6
6 #edges
11 9
8 3
8 10
6 11
0 8
0 6
4 #trees for patient 11
6 #edges
9 11
8 3
8 10
6 9
0 8
0 6
6 #edges
9 11
8 10
6 3
6 9
0 8
0 6
6 #edges
11 9
8 10
6 3
6 11
0 8
0 6
6 #edges
11 9
8 3
8 10
6 11
0 8
0 6
4 #trees for patient 12
6 #edges
9 11
11 3
8 10
6 9
0 8
0 6
6 #edges
9 11
8 3
8 10
6 9
0 8
0 6
6 #edges
11 9
8 3
8 10
6 11
0 8
0 6
6 #edges
9 3
11 9
8 10
6 11
0 8
0 6
30 #trees for patient 13
6 #edges
9 11
8 3
8 10
6 9
0 8
0 6
6 #edges
11 9
8 3
8 10
6 11
0 8
0 6
6 #edges
9 6
11 9
8 3
8 10
0 11
0 8
6 #edges
11 6
8 3
8 10
6 9
0 11
0 8
6 #edges
9 11
11 6
8 3
8 10
0 9
0 8
6 #edges
9 6
8 3
8 10
6 11
0 9
0 8
6 #edges
3 10
9 11
11 6
8 3
0 9
0 8
6 #edges
3 10
9 6
8 3
6 11
0 9
0 8
6 #edges
3 10
11 9
8 3
6 11
0 8
0 6
6 #edges
3 10
9 11
8 3
6 9
0 8
0 6
6 #edges
3 10
11 6
8 3
6 9
0 11
0 8
6 #edges
3 10
9 6
11 9
8 3
0 11
0 8
6 #edges
9 10
11 6
8 3
6 9
0 11
0 8
6 #edges
9 6
11 9
8 3
6 10
0 11
0 8
6 #edges
9 6
11 10
8 3
6 11
0 9
0 8
6 #edges
9 11
11 6
8 3
6 10
0 9
0 8
6 #edges
9 10
11 9
8 3
6 11
0 8
0 6
6 #edges
9 11
11 10
8 3
6 9
0 8
0 6
6 #edges
9 11
11 6
8 10
6 3
0 9
0 8
6 #edges
3 10
9 11
11 6
6 3
0 9
0 8
6 #edges
9 6
11 3
8 10
6 11
0 9
0 8
6 #edges
3 10
9 6
11 3
6 11
0 9
0 8
6 #edges
9 11
11 3
8 10
6 9
0 8
0 6
6 #edges
9 3
11 9
8 10
6 11
0 8
0 6
6 #edges
3 10
9 3
11 9
6 11
0 8
0 6
6 #edges
3 10
9 11
11 3
6 9
0 8
0 6
6 #edges
9 3
11 6
8 10
6 9
0 11
0 8
6 #edges
9 6
11 9
8 10
6 3
0 11
0 8
6 #edges
3 10
9 3
11 6
6 9
0 11
0 8
6 #edges
3 10
9 6
11 9
6 3
0 11
0 8
6 #trees for patient 14
6 #edges
8 3
8 10
6 9
0 11
0 8
0 6
6 #edges
11 9
8 3
8 10
0 11
0 8
0 6
6 #edges
9 11
8 3
8 10
0 9
0 8
0 6
6 #edges
8 3
8 10
6 11
0 9
0 8
0 6
6 #edges
9 11
8 3
8 10
6 9
0 8
0 6
6 #edges
11 9
8 3
8 10
6 11
0 8
0 6
4 #trees for patient 15
6 #edges
11 6
8 3
6 9
0 11
0 8
0 10
6 #edges
11 9
8 3
6 11
0 8
0 10
0 6
6 #edges
11 9
8 3
8 10
6 11
0 8
0 6
6 #edges
11 6
8 3
8 10
6 9
0 11
0 8
6 #trees for patient 16
6 #edges
8 3
8 10
6 9
6 11
0 8
0 6
6 #edges
9 11
8 3
8 10
6 9
0 8
0 6
6 #edges
11 9
8 3
8 10
6 11
0 8
0 6
6 #edges
8 10
10 3
6 9
6 11
0 8
0 6
6 #edges
11 9
8 10
10 3
6 11
0 8
0 6
6 #edges
9 11
8 10
10 3
6 9
0 8
0 6
4 #trees for patient 17
6 #edges
11 6
8 3
8 10
6 9
0 11
0 8
6 #edges
11 6
8 10
10 3
6 9
0 11
0 8
6 #edges
11 9
8 10
10 3
6 11
0 8
0 6
6 #edges
11 9
8 3
8 10
6 11
0 8
0 6
2 #trees for patient 18
6 #edges
11 9
8 3
8 10
6 11
0 8
0 6
6 #edges
11 6
8 3
8 10
6 9
0 11
0 8
1 #trees for patient 19
6 #edges
11 9
8 3
8 10
6 11
0 8
0 6
4 #trees for patient 20
6 #edges
11 9
8 10
6 3
6 11
0 8
0 6
6 #edges
8 10
10 9
6 3
6 11
0 8
0 6
6 #edges
8 3
8 10
10 9
6 11
0 8
0 6
6 #edges
11 9
8 3
8 10
6 11
0 8
0 6
2 #trees for patient 21
6 #edges
11 9
8 3
8 10
6 11
0 8
0 6
6 #edges
8 3
8 10
10 9
6 11
0 8
0 6
12 #trees for patient 22
6 #edges
9 11
11 3
8 10
6 9
0 8
0 6
6 #edges
9 11
8 3
8 10
6 9
0 8
0 6
6 #edges
9 3
11 9
8 10
6 11
0 8
0 6
6 #edges
11 9
8 3
8 10
6 11
0 8
0 6
6 #edges
11 6
8 3
8 10
6 9
0 11
0 8
6 #edges
9 3
11 6
8 10
6 9
0 11
0 8
6 #edges
9 6
11 9
8 3
8 10
0 11
0 8
6 #edges
9 6
11 9
8 10
6 3
0 11
0 8
6 #edges
9 6
8 3
8 10
6 11
0 9
0 8
6 #edges
9 6
11 3
8 10
6 11
0 9
0 8
6 #edges
9 11
11 6
8 3
8 10
0 9
0 8
6 #edges
9 11
11 6
8 10
6 3
0 9
0 8
4 #trees for patient 23
6 #edges
11 9
8 3
8 10
6 11
0 8
0 6
6 #edges
11 3
8 9
8 10
6 11
0 8
0 6
6 #edges
11 6
8 3
8 10
6 9
0 11
0 8
6 #edges
11 6
8 9
8 10
6 3
0 11
0 8
6 #trees for patient 24
6 #edges
9 11
8 3
8 10
6 9
0 8
0 6
6 #edges
11 9
8 3
8 10
6 11
0 8
0 6
6 #edges
9 6
11 9
8 3
8 10
0 11
0 8
6 #edges
11 6
8 3
8 10
6 9
0 11
0 8
6 #edges
9 6
8 3
8 10
6 11
0 9
0 8
6 #edges
9 11
11 6
8 3
8 10
0 9
0 8
8 #trees for patient 25
6 #edges
8 3
8 10
10 9
6 11
0 8
0 6
6 #edges
11 9
8 3
8 10
6 11
0 8
0 6
6 #edges
11 9
8 3
8 10
10 11
0 8
0 6
6 #edges
8 3
8 10
10 11
6 9
0 8
0 6
6 #edges
9 11
8 3
8 10
6 9
0 8
0 6
6 #edges
9 11
8 3
8 10
10 9
0 8
0 6
6 #edges
11 9
8 10
10 3
6 11
0 8
0 6
6 #edges
9 11
8 10
10 3
6 9
0 8
0 6
4 #trees for patient 26
6 #edges
11 9
8 3
8 10
6 11
0 8
0 6
6 #edges
11 3
11 9
8 10
6 11
0 8
0 6
6 #edges
9 10
11 9
8 3
6 11
0 8
0 6
6 #edges
9 10
11 3
11 9
6 11
0 8
0 6
2 #trees for patient 27
6 #edges
11 9
8 3
8 10
6 11
0 8
0 6
6 #edges
9 10
11 9
8 3
6 11
0 8
0 6
4 #trees for patient 28
6 #edges
8 3
8 10
10 9
6 11
0 8
0 6
6 #edges
11 9
8 3
8 10
6 11
0 8
0 6
6 #edges
8 3
8 10
10 11
6 9
0 8
0 6
6 #edges
11 9
8 3
8 10
10 11
0 8
0 6
6 #trees for patient 29
6 #edges
9 11
8 3
8 10
6 9
0 8
0 6
6 #edges
11 9
8 3
8 10
6 11
0 8
0 6
6 #edges
9 6
11 9
8 3
8 10
0 11
0 8
6 #edges
11 6
8 3
8 10
6 9
0 11
0 8
6 #edges
9 6
8 3
8 10
6 11
0 9
0 8
6 #edges
9 11
11 6
8 3
8 10
0 9
0 8
7 #trees for patient 30
6 #edges
8 3
8 10
6 9
0 11
0 8
0 6
6 #edges
11 9
8 3
8 10
0 11
0 8
0 6
6 #edges
8 3
8 10
0 9
0 11
0 8
0 6
6 #edges
9 11
8 3
8 10
0 9
0 8
0 6
6 #edges
8 3
8 10
6 11
0 9
0 8
0 6
6 #edges
9 11
8 3
8 10
6 9
0 8
0 6
6 #edges
11 9
8 3
8 10
6 11
0 8
0 6
12 #trees for patient 31
6 #edges
9 11
8 3
8 10
6 9
0 8
0 6
6 #edges
11 9
8 3
8 10
6 11
0 8
0 6
6 #edges
3 10
11 9
8 3
6 11
0 8
0 6
6 #edges
3 10
9 11
8 3
6 9
0 8
0 6
6 #edges
11 6
8 3
8 10
6 9
0 11
0 8
6 #edges
3 10
11 6
8 3
6 9
0 11
0 8
6 #edges
3 10
9 6
11 9
8 3
0 11
0 8
6 #edges
9 6
11 9
8 3
8 10
0 11
0 8
6 #edges
9 6
8 3
8 10
6 11
0 9
0 8
6 #edges
3 10
9 6
8 3
6 11
0 9
0 8
6 #edges
3 10
9 11
11 6
8 3
0 9
0 8
6 #edges
9 11
11 6
8 3
8 10
0 9
0 8
4 #trees for patient 32
6 #edges
9 3
11 9
8 10
6 11
0 8
0 6
6 #edges
11 9
8 3
8 10
6 11
0 8
0 6
6 #edges
9 11
8 3
8 10
6 9
0 8
0 6
6 #edges
9 11
11 3
8 10
6 9
0 8
0 6
12 #trees for patient 33
6 #edges
9 11
8 3
8 10
6 9
0 8
0 6
6 #edges
11 9
8 3
8 10
6 11
0 8
0 6
6 #edges
9 6
11 9
8 3
8 10
0 11
0 8
6 #edges
11 6
8 3
8 10
6 9
0 11
0 8
6 #edges
9 6
8 3
8 10
6 11
0 9
0 8
6 #edges
9 11
11 6
8 3
8 10
0 9
0 8
6 #edges
3 10
9 11
8 3
6 9
0 8
0 6
6 #edges
3 10
11 9
8 3
6 11
0 8
0 6
6 #edges
3 10
9 11
11 6
8 3
0 9
0 8
6 #edges
3 10
9 6
8 3
6 11
0 9
0 8
6 #edges
3 10
9 6
11 9
8 3
0 11
0 8
6 #edges
3 10
11 6
8 3
6 9
0 11
0 8
4 #trees for patient 34
6 #edges
11 9
8 3
8 10
6 11
0 8
0 6
6 #edges
11 9
8 10
10 3
6 11
0 8
0 6
6 #edges
11 6
8 10
10 3
6 9
0 11
0 8
6 #edges
11 6
8 3
8 10
6 9
0 11
0 8
12 #trees for patient 35
6 #edges
11 6
8 3
6 9
0 11
0 8
0 10
6 #edges
11 6
6 3
6 9
0 11
0 8
0 10
6 #edges
11 9
8 3
6 11
0 8
0 10
0 6
6 #edges
11 3
11 9
6 11
0 8
0 10
0 6
6 #edges
11 3
11 9
8 10
6 11
0 8
0 6
6 #edges
11 9
8 3
8 10
6 11
0 8
0 6
6 #edges
11 6
8 3
8 10
6 9
0 11
0 8
6 #edges
11 6
8 10
6 3
6 9
0 11
0 8
6 #edges
11 6
8 3
6 9
6 10
0 11
0 8
6 #edges
11 6
6 3
6 9
6 10
0 11
0 8
6 #edges
11 9
11 10
8 3
6 11
0 8
0 6
6 #edges
11 3
11 9
11 10
6 11
0 8
0 6
20 #trees for patient 36
6 #edges
3 11
8 10
6 3
6 9
0 8
0 6
6 #edges
9 11
8 10
6 3
6 9
0 8
0 6
6 #edges
8 11
8 10
6 3
6 9
0 8
0 6
6 #edges
8 10
6 3
6 9
6 11
0 8
0 6
6 #edges
8 3
8 10
6 9
6 11
0 8
0 6
6 #edges
9 11
8 3
8 10
6 9
0 8
0 6
6 #edges
3 11
8 3
8 10
6 9
0 8
0 6
6 #edges
3 11
11 9
8 3
8 10
0 8
0 6
6 #edges
3 9
8 3
8 10
6 11
0 8
0 6
6 #edges
3 9
9 11
8 3
8 10
0 8
0 6
6 #edges
11 9
8 3
8 10
6 11
0 8
0 6
6 #edges
11 9
8 11
8 10
6 3
0 8
0 6
6 #edges
3 9
8 11
8 10
6 3
0 8
0 6
6 #edges
3 9
9 11
8 10
6 3
0 8
0 6
6 #edges
3 9
8 10
6 3
6 11
0 8
0 6
6 #edges
3 11
8 9
8 10
6 3
0 8
0 6
6 #edges
3 11
11 9
8 10
6 3
0 8
0 6
6 #edges
8 9
8 10
6 3
6 11
0 8
0 6
6 #edges
9 11
8 9
8 10
6 3
0 8
0 6
6 #edges
11 9
8 10
6 3
6 11
0 8
0 6
8 #trees for patient 37
6 #edges
8 3
6 11
0 9
0 8
0 10
0 6
6 #edges
8 3
8 10
6 11
0 9
0 8
0 6
6 #edges
8 3
10 9
6 11
0 8
0 10
0 6
6 #edges
11 9
8 3
6 11
0 8
0 10
0 6
6 #edges
8 3
8 9
6 11
0 8
0 10
0 6
6 #edges
11 9
8 3
8 10
6 11
0 8
0 6
6 #edges
8 3
8 10
10 9
6 11
0 8
0 6
6 #edges
8 3
8 9
8 10
6 11
0 8
0 6
6 #trees for patient 38
6 #edges
9 11
8 3
8 10
6 9
0 8
0 6
6 #edges
11 9
8 3
8 10
6 11
0 8
0 6
6 #edges
9 6
11 9
8 3
8 10
0 11
0 8
6 #edges
11 6
8 3
8 10
6 9
0 11
0 8
6 #edges
9 11
11 6
8 3
8 10
0 9
0 8
6 #edges
9 6
8 3
8 10
6 11
0 9
0 8
8 #trees for patient 39
6 #edges
8 3
8 10
6 11
0 9
0 8
0 6
6 #edges
3 10
8 3
6 11
0 9
0 8
0 6
6 #edges
11 6
8 3
8 10
0 9
0 11
0 8
6 #edges
3 10
11 6
8 3
0 9
0 11
0 8
6 #edges
3 10
11 9
8 3
6 11
0 8
0 6
6 #edges
3 10
11 6
8 3
6 9
0 11
0 8
6 #edges
11 6
8 3
8 10
6 9
0 11
0 8
6 #edges
11 9
8 3
8 10
6 11
0 8
0 6
4 #trees for patient 40
6 #edges
11 9
8 10
10 3
6 11
0 8
0 6
6 #edges
11 9
8 3
8 10
6 11
0 8
0 6
6 #edges
9 11
8 10
10 3
6 9
0 8
0 6
6 #edges
9 11
8 3
8 10
6 9
0 8
0 6
21 #trees for patient 41
6 #edges
9 11
8 10
0 3
0 9
0 8
0 6
6 #edges
9 11
8 10
10 3
0 9
0 8
0 6
6 #edges
9 11
8 3
8 10
0 9
0 8
0 6
6 #edges
8 10
10 3
6 11
0 9
0 8
0 6
6 #edges
8 10
10 3
0 9
0 11
0 8
0 6
6 #edges
8 3
8 10
6 11
0 9
0 8
0 6
6 #edges
8 10
6 11
0 3
0 9
0 8
0 6
6 #edges
8 10
0 3
0 9
0 11
0 8
0 6
6 #edges
8 3
8 10
0 9
0 11
0 8
0 6
6 #edges
8 3
8 10
6 9
0 11
0 8
0 6
6 #edges
8 10
6 9
0 3
0 11
0 8
0 6
6 #edges
8 10
10 3
6 9
0 11
0 8
0 6
6 #edges
11 9
8 10
0 3
0 11
0 8
0 6
6 #edges
11 9
8 3
8 10
0 11
0 8
0 6
6 #edges
11 9
8 10
10 3
0 11
0 8
0 6
6 #edges
11 9
8 3
8 10
6 11
0 8
0 6
6 #edges
11 9
8 10
10 3
6 11
0 8
0 6
6 #edges
11 9
8 10
6 11
0 3
0 8
0 6
6 #edges
9 11
8 10
6 9
0 3
0 8
0 6
6 #edges
9 11
8 3
8 10
6 9
0 8
0 6
6 #edges
9 11
8 10
10 3
6 9
0 8
0 6
1 #trees for patient 42
6 #edges
11 9
8 3
8 10
6 11
0 8
0 6
12 #trees for patient 43
6 #edges
11 9
8 3
8 10
6 11
0 8
0 6
6 #edges
11 9
8 10
10 3
6 11
0 8
0 6
6 #edges
8 3
8 10
10 9
6 11
0 8
0 6
6 #edges
8 10
10 3
10 9
6 11
0 8
0 6
6 #edges
9 11
8 3
8 10
6 9
0 8
0 6
6 #edges
8 3
8 10
10 11
6 9
0 8
0 6
6 #edges
11 9
8 3
8 10
10 11
0 8
0 6
6 #edges
9 11
8 3
8 10
10 9
0 8
0 6
6 #edges
11 9
8 10
10 3
10 11
0 8
0 6
6 #edges
8 10
10 3
10 11
6 9
0 8
0 6
6 #edges
9 11
8 10
10 3
6 9
0 8
0 6
6 #edges
9 11
8 10
10 3
10 9
0 8
0 6
6 #trees for patient 44
6 #edges
9 11
8 3
8 10
6 9
0 8
0 6
6 #edges
11 9
8 3
8 10
6 11
0 8
0 6
6 #edges
11 6
8 3
8 10
6 9
0 11
0 8
6 #edges
9 6
11 9
8 3
8 10
0 11
0 8
6 #edges
9 6
8 3
8 10
6 11
0 9
0 8
6 #edges
9 11
11 6
8 3
8 10
0 9
0 8
2 #trees for patient 45
6 #edges
11 9
8 10
6 3
6 11
0 8
0 6
6 #edges
11 9
8 3
8 10
6 11
0 8
0 6
14 #trees for patient 46
6 #edges
8 10
6 11
0 3
0 9
0 8
0 6
6 #edges
11 9
8 10
6 11
0 3
0 8
0 6
6 #edges
8 10
6 9
6 11
0 3
0 8
0 6
6 #edges
8 3
8 10
6 11
0 9
0 8
0 6
6 #edges
11 3
8 10
6 11
0 9
0 8
0 6
6 #edges
8 10
6 3
6 11
0 9
0 8
0 6
6 #edges
9 3
8 10
6 11
0 9
0 8
0 6
6 #edges
8 3
8 10
6 9
6 11
0 8
0 6
6 #edges
11 9
8 3
8 10
6 11
0 8
0 6
6 #edges
8 10
6 3
6 9
6 11
0 8
0 6
6 #edges
9 3
8 10
6 9
6 11
0 8
0 6
6 #edges
11 3
8 10
6 9
6 11
0 8
0 6
6 #edges
11 9
8 10
6 3
6 11
0 8
0 6
6 #edges
9 3
11 9
8 10
6 11
0 8
0 6
2 #trees for patient 47
6 #edges
11 9
8 3
8 10
6 11
0 8
0 6
6 #edges
11 6
8 3
8 10
6 9
0 11
0 8
2 #trees for patient 48
6 #edges
11 9
8 3
8 10
6 11
0 8
0 6
6 #edges
11 6
8 3
8 10
6 9
0 11
0 8
1 #trees for patient 49
6 #edges
11 9
8 3
8 10
6 11
0 8
0 6
