50 # patients
13 #trees for patient 0
6 #edges
5 10
5 8
2 6
2 5
0 3
0 2
6 #edges
6 10
5 8
2 6
2 5
0 3
0 2
6 #edges
5 8
8 10
2 6
2 5
0 3
0 2
6 #edges
5 8
8 6
2 10
2 5
0 3
0 2
6 #edges
10 6
5 8
2 10
2 5
0 3
0 2
6 #edges
5 6
5 8
2 10
2 5
0 3
0 2
6 #edges
5 8
8 6
8 10
2 5
0 3
0 2
6 #edges
10 6
5 8
8 10
2 5
0 3
0 2
6 #edges
5 6
5 8
8 10
2 5
0 3
0 2
6 #edges
5 10
5 8
8 6
2 5
0 3
0 2
6 #edges
6 10
5 8
8 6
2 5
0 3
0 2
6 #edges
6 10
5 6
5 8
2 5
0 3
0 2
6 #edges
10 6
5 10
5 8
2 5
0 3
0 2
6 #trees for patient 1
6 #edges
5 10
5 8
8 6
2 5
0 3
0 2
6 #edges
10 6
5 10
5 8
2 5
0 3
0 2
6 #edges
6 3
5 10
5 8
8 6
2 5
0 2
6 #edges
10 3
5 10
5 8
8 6
2 5
0 2
6 #edges
10 6
5 10
5 8
8 3
2 5
0 2
6 #edges
6 3
10 6
5 10
5 8
2 5
0 2
4 #trees for patient 2
6 #edges
10 6
5 10
2 5
2 8
0 3
0 2
6 #edges
10 6
5 10
5 8
2 5
0 3
0 2
6 #edges
10 6
10 8
5 10
2 5
0 3
0 2
6 #edges
6 8
10 6
5 10
2 5
0 3
0 2
12 #trees for patient 3
6 #edges
10 6
3 10
5 2
2 8
0 3
0 5
6 #edges
3 6
3 10
5 2
2 8
0 3
0 5
6 #edges
3 10
5 2
2 6
2 8
0 3
0 5
6 #edges
5 2
2 6
2 10
2 8
0 3
0 5
6 #edges
3 6
5 2
2 10
2 8
0 3
0 5
6 #edges
10 6
5 2
2 10
2 8
0 3
0 5
6 #edges
3 6
3 10
5 8
2 5
0 3
0 2
6 #edges
10 6
3 10
5 8
2 5
0 3
0 2
6 #edges
3 10
5 6
5 8
2 5
0 3
0 2
6 #edges
3 6
5 10
5 8
2 5
0 3
0 2
6 #edges
10 6
5 10
5 8
2 5
0 3
0 2
6 #edges
5 6
5 10
5 8
2 5
0 3
0 2
14 #trees for patient 4
6 #edges
10 6
5 10
5 8
2 5
0 3
0 2
6 #edges
5 6
5 10
5 8
2 5
0 3
0 2
6 #edges
5 2
2 6
2 10
2 8
0 3
0 5
6 #edges
10 6
5 2
2 10
2 8
0 3
0 5
6 #edges
6 3
5 6
5 10
5 8
2 5
0 2
6 #edges
5 6
5 10
5 3
5 8
2 5
0 2
6 #edges
10 3
5 6
5 10
5 8
2 5
0 2
6 #edges
6 3
10 6
5 10
5 8
2 5
0 2
6 #edges
10 6
5 10
5 3
5 8
2 5
0 2
6 #edges
5 2
2 6
2 10
2 3
2 8
0 5
6 #edges
6 3
5 2
2 6
2 10
2 8
0 5
6 #edges
10 3
5 2
2 6
2 10
2 8
0 5
6 #edges
10 6
5 2
2 10
2 3
2 8
0 5
6 #edges
6 3
10 6
5 2
2 10
2 8
0 5
10 #trees for patient 5
6 #edges
5 6
5 10
5 8
2 5
0 3
0 2
6 #edges
5 6
5 8
8 10
2 5
0 3
0 2
6 #edges
10 6
5 10
5 8
2 5
0 3
0 2
6 #edges
5 10
5 8
8 6
2 5
0 3
0 2
6 #edges
10 6
5 8
8 10
2 5
0 3
0 2
6 #edges
5 2
8 6
2 10
2 8
0 3
0 5
6 #edges
5 2
8 10
2 6
2 8
0 3
0 5
6 #edges
5 2
2 6
2 10
2 8
0 3
0 5
6 #edges
10 6
5 2
2 10
2 8
0 3
0 5
6 #edges
10 6
5 2
8 10
2 8
0 3
0 5
16 #trees for patient 6
6 #edges
10 6
5 2
2 10
0 3
0 5
0 8
6 #edges
6 10
5 2
2 6
0 3
0 5
0 8
6 #edges
6 10
5 6
2 5
0 3
0 8
0 2
6 #edges
10 6
5 10
2 5
0 3
0 8
0 2
6 #edges
6 8
10 6
5 10
2 5
0 3
0 2
6 #edges
10 6
5 10
5 8
2 5
0 3
0 2
6 #edges
10 6
3 8
5 10
2 5
0 3
0 2
6 #edges
6 10
5 6
5 8
2 5
0 3
0 2
6 #edges
6 10
10 8
5 6
2 5
0 3
0 2
6 #edges
6 10
3 8
5 6
2 5
0 3
0 2
6 #edges
10 6
5 2
2 10
2 8
0 3
0 5
6 #edges
6 10
5 2
2 6
2 8
0 3
0 5
6 #edges
10 6
3 8
5 2
2 10
0 3
0 5
6 #edges
6 10
3 8
5 2
2 6
0 3
0 5
6 #edges
6 8
10 6
5 2
2 10
0 3
0 5
6 #edges
6 10
10 8
5 2
2 6
0 3
0 5
8 #trees for patient 7
6 #edges
6 10
5 2
2 6
2 8
0 3
0 5
6 #edges
10 6
5 2
2 10
2 8
0 3
0 5
6 #edges
10 6
5 10
5 8
2 5
0 3
0 2
6 #edges
6 10
5 6
5 8
2 5
0 3
0 2
6 #edges
6 10
5 6
5 3
5 8
2 5
0 2
6 #edges
10 6
5 10
5 3
5 8
2 5
0 2
6 #edges
10 6
5 2
2 10
2 3
2 8
0 5
6 #edges
6 10
5 2
2 6
2 3
2 8
0 5
12 #trees for patient 8
6 #edges
3 8
5 6
5 10
2 5
0 3
0 2
6 #edges
6 10
3 8
5 6
2 5
0 3
0 2
6 #edges
10 6
3 8
5 10
2 5
0 3
0 2
6 #edges
5 6
5 10
5 8
2 5
0 3
0 2
6 #edges
6 10
5 6
5 8
2 5
0 3
0 2
6 #edges
10 6
5 10
5 8
2 5
0 3
0 2
6 #edges
10 6
3 8
5 2
2 10
0 3
0 5
6 #edges
3 8
5 2
2 6
2 10
0 3
0 5
6 #edges
6 10
3 8
5 2
2 6
0 3
0 5
6 #edges
5 2
2 6
2 10
2 8
0 3
0 5
6 #edges
6 10
5 2
2 6
2 8
0 3
0 5
6 #edges
10 6
5 2
2 10
2 8
0 3
0 5
4 #trees for patient 9
6 #edges
10 6
5 10
5 8
2 5
0 3
0 2
6 #edges
6 10
5 6
5 8
2 5
0 3
0 2
6 #edges
6 10
10 3
5 6
5 8
2 5
0 2
6 #edges
6 3
10 6
5 10
5 8
2 5
0 2
12 #trees for patient 10
6 #edges
10 6
5 2
2 10
0 3
0 5
0 8
6 #edges
6 10
5 2
2 6
0 3
0 5
0 8
6 #edges
6 10
5 6
2 5
0 3
0 8
0 2
6 #edges
10 6
5 10
2 5
0 3
0 8
0 2
6 #edges
10 6
3 8
5 10
2 5
0 3
0 2
6 #edges
6 10
3 8
5 6
2 5
0 3
0 2
6 #edges
10 6
5 10
5 8
2 5
0 3
0 2
6 #edges
6 10
5 6
5 8
2 5
0 3
0 2
6 #edges
10 6
3 8
5 2
2 10
0 3
0 5
6 #edges
6 10
3 8
5 2
2 6
0 3
0 5
6 #edges
10 6
5 2
2 10
2 8
0 3
0 5
6 #edges
6 10
5 2
2 6
2 8
0 3
0 5
2 #trees for patient 11
6 #edges
10 6
5 10
5 8
2 5
0 3
0 2
6 #edges
6 3
10 6
5 10
5 8
2 5
0 2
9 #trees for patient 12
6 #edges
3 6
5 10
2 5
2 8
0 3
0 2
6 #edges
10 8
3 6
5 10
2 5
0 3
0 2
6 #edges
3 6
5 10
5 8
2 5
0 3
0 2
6 #edges
5 6
5 10
2 5
2 8
0 3
0 2
6 #edges
5 6
5 10
5 8
2 5
0 3
0 2
6 #edges
10 8
5 6
5 10
2 5
0 3
0 2
6 #edges
10 6
5 10
5 8
2 5
0 3
0 2
6 #edges
10 6
10 8
5 10
2 5
0 3
0 2
6 #edges
10 6
5 10
2 5
2 8
0 3
0 2
2 #trees for patient 13
6 #edges
1 8
10 1
10 4
3 2
8 3
0 10
6 #edges
1 8
10 1
10 4
2 3
8 2
0 10
2 #trees for patient 14
6 #edges
1 3
1 8
10 1
10 4
8 2
0 10
6 #edges
1 8
10 1
10 4
2 3
8 2
0 10
33 #trees for patient 15
6 #edges
10 1
10 3
10 4
10 2
3 8
0 10
6 #edges
10 1
10 3
10 4
3 8
8 2
0 10
6 #edges
1 2
10 1
10 3
10 4
3 8
0 10
6 #edges
10 1
10 3
10 4
3 2
2 8
0 10
6 #edges
10 1
10 3
10 4
10 8
3 2
0 10
6 #edges
1 8
10 1
10 3
10 4
3 2
0 10
6 #edges
1 8
10 1
10 3
10 4
8 2
0 10
6 #edges
1 8
10 1
10 3
10 4
10 2
0 10
6 #edges
10 1
10 3
10 4
10 2
2 8
0 10
6 #edges
10 1
10 3
10 4
10 8
8 2
0 10
6 #edges
1 2
10 1
10 3
10 4
10 8
0 10
6 #edges
1 2
10 1
10 3
10 4
2 8
0 10
6 #edges
1 8
10 1
10 4
10 2
2 3
0 10
6 #edges
1 8
10 1
10 4
10 2
8 3
0 10
6 #edges
1 3
10 1
10 4
10 2
2 8
0 10
6 #edges
10 1
10 4
10 2
2 8
8 3
0 10
6 #edges
10 1
10 4
10 2
3 8
2 3
0 10
6 #edges
10 1
10 4
10 2
10 8
2 3
0 10
6 #edges
1 3
10 1
10 4
10 2
10 8
0 10
6 #edges
10 1
10 4
10 2
10 8
8 3
0 10
6 #edges
1 3
10 1
10 4
10 2
3 8
0 10
6 #edges
10 1
10 4
10 8
2 3
8 2
0 10
6 #edges
1 3
10 1
10 4
10 8
8 2
0 10
6 #edges
1 3
10 1
10 4
10 8
3 2
0 10
6 #edges
1 2
10 1
10 4
10 8
8 3
0 10
6 #edges
10 1
10 4
10 8
3 2
8 3
0 10
6 #edges
1 2
10 1
10 4
10 8
2 3
0 10
6 #edges
1 3
10 1
10 4
3 2
2 8
0 10
6 #edges
1 3
10 1
10 4
3 8
8 2
0 10
6 #edges
1 2
10 1
10 4
3 8
2 3
0 10
6 #edges
1 2
10 1
10 4
2 8
8 3
0 10
6 #edges
1 8
10 1
10 4
3 2
8 3
0 10
6 #edges
1 8
10 1
10 4
2 3
8 2
0 10
4 #trees for patient 16
6 #edges
1 2
10 4
10 8
2 3
8 1
0 10
6 #edges
1 4
1 2
10 8
2 3
8 1
0 10
6 #edges
1 8
10 1
10 4
2 3
8 2
0 10
6 #edges
1 8
10 1
2 3
8 4
8 2
0 10
6 #trees for patient 17
6 #edges
1 3
10 1
10 4
3 8
8 2
0 10
6 #edges
1 3
10 1
10 4
3 2
2 8
0 10
6 #edges
1 8
10 1
10 4
3 2
8 3
0 10
6 #edges
1 8
10 1
10 4
2 3
8 2
0 10
6 #edges
1 2
10 1
10 4
2 8
8 3
0 10
6 #edges
1 2
10 1
10 4
3 8
2 3
0 10
4 #trees for patient 18
6 #edges
1 8
10 1
10 4
2 3
8 2
0 10
6 #edges
1 3
1 8
10 1
10 4
8 2
0 10
6 #edges
1 3
1 2
10 1
10 4
2 8
0 10
6 #edges
1 2
10 1
10 4
2 8
8 3
0 10
24 #trees for patient 19
6 #edges
1 8
10 1
10 4
2 3
8 2
0 10
6 #edges
1 8
10 1
10 4
3 2
8 3
0 10
6 #edges
1 3
10 1
10 4
3 2
2 8
0 10
6 #edges
1 3
10 1
10 4
3 8
8 2
0 10
6 #edges
1 2
10 1
10 4
3 8
2 3
0 10
6 #edges
1 2
10 1
10 4
2 8
8 3
0 10
6 #edges
1 3
10 4
10 8
2 1
8 2
0 10
6 #edges
10 4
10 8
3 1
2 3
8 2
0 10
6 #edges
1 2
10 4
10 8
3 1
8 3
0 10
6 #edges
10 4
10 8
3 2
2 1
8 3
0 10
6 #edges
1 3
10 4
10 8
3 2
8 1
0 10
6 #edges
1 2
10 4
10 8
2 3
8 1
0 10
6 #edges
1 8
10 3
10 4
3 1
8 2
0 10
6 #edges
1 2
10 3
10 4
3 1
2 8
0 10
6 #edges
10 3
10 4
3 8
2 1
8 2
0 10
6 #edges
1 2
10 3
10 4
3 8
8 1
0 10
6 #edges
10 3
10 4
3 2
2 8
8 1
0 10
6 #edges
1 8
10 3
10 4
3 2
2 1
0 10
6 #edges
1 3
10 4
10 2
3 8
2 1
0 10
6 #edges
1 8
10 4
10 2
2 1
8 3
0 10
6 #edges
1 8
10 4
10 2
3 1
2 3
0 10
6 #edges
10 4
10 2
3 8
2 3
8 1
0 10
6 #edges
10 4
10 2
3 1
2 8
8 3
0 10
6 #edges
1 3
10 4
10 2
2 8
8 1
0 10
4 #trees for patient 20
6 #edges
1 8
10 1
3 2
8 3
0 10
0 4
6 #edges
1 8
10 1
2 3
8 2
0 10
0 4
6 #edges
1 8
10 1
10 4
3 2
8 3
0 10
6 #edges
1 8
10 1
10 4
2 3
8 2
0 10
1 #trees for patient 21
6 #edges
1 8
10 1
10 4
2 3
8 2
0 10
1 #trees for patient 22
6 #edges
1 8
10 1
10 4
2 3
8 2
0 10
2 #trees for patient 23
6 #edges
1 8
10 1
10 4
4 3
8 2
0 10
6 #edges
1 8
10 1
10 4
2 3
8 2
0 10
18 #trees for patient 24
6 #edges
6 9
4 7
7 6
0 1
0 10
0 4
6 #edges
4 7
9 6
7 9
0 1
0 10
0 4
6 #edges
4 9
9 7
7 6
0 1
0 10
0 4
6 #edges
6 7
4 9
9 6
0 1
0 10
0 4
6 #edges
6 9
4 6
9 7
0 1
0 10
0 4
6 #edges
6 7
4 6
7 9
0 1
0 10
0 4
6 #edges
6 9
4 6
4 1
9 7
0 10
0 4
6 #edges
6 9
4 6
9 7
7 1
0 10
0 4
6 #edges
6 7
4 6
4 1
7 9
0 10
0 4
6 #edges
6 7
4 6
9 1
7 9
0 10
0 4
6 #edges
6 7
4 1
4 9
9 6
0 10
0 4
6 #edges
6 7
4 9
9 6
7 1
0 10
0 4
6 #edges
4 1
4 9
9 7
7 6
0 10
0 4
6 #edges
6 1
4 9
9 7
7 6
0 10
0 4
6 #edges
4 1
4 7
9 6
7 9
0 10
0 4
6 #edges
6 1
4 7
9 6
7 9
0 10
0 4
6 #edges
6 9
4 1
4 7
7 6
0 10
0 4
6 #edges
6 9
4 7
9 1
7 6
0 10
0 4
12 #trees for patient 25
6 #edges
6 7
4 9
9 6
0 1
0 10
0 4
6 #edges
4 9
9 7
7 6
0 1
0 10
0 4
6 #edges
4 7
9 6
7 9
0 1
0 10
0 4
6 #edges
6 9
4 7
7 6
0 1
0 10
0 4
6 #edges
6 9
4 6
9 7
0 1
0 10
0 4
6 #edges
6 7
4 6
7 9
0 1
0 10
0 4
6 #edges
6 7
4 9
9 6
7 10
0 1
0 4
6 #edges
6 10
4 9
9 7
7 6
0 1
0 4
6 #edges
6 9
4 7
9 10
7 6
0 1
0 4
6 #edges
6 10
4 7
9 6
7 9
0 1
0 4
6 #edges
6 7
4 6
9 10
7 9
0 1
0 4
6 #edges
6 9
4 6
9 7
7 10
0 1
0 4
12 #trees for patient 26
6 #edges
4 9
9 7
7 6
0 1
0 10
0 4
6 #edges
6 7
4 9
9 6
0 1
0 10
0 4
6 #edges
6 9
4 7
7 6
0 1
0 10
0 4
6 #edges
4 7
9 6
7 9
0 1
0 10
0 4
6 #edges
6 7
4 6
7 9
0 1
0 10
0 4
6 #edges
6 9
4 6
9 7
0 1
0 10
0 4
6 #edges
6 1
4 9
9 7
7 6
0 10
0 4
6 #edges
6 7
4 9
9 6
7 1
0 10
0 4
6 #edges
6 9
4 6
9 7
7 1
0 10
0 4
6 #edges
6 7
4 6
9 1
7 9
0 10
0 4
6 #edges
6 9
4 7
9 1
7 6
0 10
0 4
6 #edges
6 1
4 7
9 6
7 9
0 10
0 4
120 #trees for patient 27
6 #edges
4 9
9 6
7 4
0 1
0 10
0 7
6 #edges
1 6
4 9
7 4
0 1
0 10
0 7
6 #edges
6 9
1 6
7 4
0 1
0 10
0 7
6 #edges
1 9
4 6
7 4
0 1
0 10
0 7
6 #edges
1 9
9 6
7 4
0 1
0 10
0 7
6 #edges
6 9
4 6
7 4
0 1
0 10
0 7
6 #edges
1 4
9 6
7 9
0 1
0 10
0 7
6 #edges
1 4
4 6
7 9
0 1
0 10
0 7
6 #edges
6 9
1 4
4 6
0 1
0 10
0 7
6 #edges
6 9
1 4
7 6
0 1
0 10
0 7
6 #edges
1 4
4 9
7 6
0 1
0 10
0 7
6 #edges
1 4
4 9
9 6
0 1
0 10
0 7
6 #edges
6 4
1 6
4 9
0 1
0 10
0 7
6 #edges
6 4
1 6
7 9
0 1
0 10
0 7
6 #edges
6 9
1 6
9 4
0 1
0 10
0 7
6 #edges
1 6
9 4
7 9
0 1
0 10
0 7
6 #edges
1 9
9 4
7 6
0 1
0 10
0 7
6 #edges
6 4
1 9
7 6
0 1
0 10
0 7
6 #edges
1 9
4 6
9 4
0 1
0 10
0 7
6 #edges
6 4
1 9
9 6
0 1
0 10
0 7
6 #edges
6 4
9 6
7 9
0 1
0 10
0 7
6 #edges
4 6
9 4
7 9
0 1
0 10
0 7
6 #edges
6 4
4 9
7 6
0 1
0 10
0 7
6 #edges
6 9
9 4
7 6
0 1
0 10
0 7
6 #edges
4 7
9 4
7 6
0 1
0 10
0 9
6 #edges
1 6
4 7
9 4
0 1
0 10
0 9
6 #edges
6 7
4 6
9 4
0 1
0 10
0 9
6 #edges
1 7
4 6
9 4
0 1
0 10
0 9
6 #edges
6 7
1 6
9 4
0 1
0 10
0 9
6 #edges
1 7
9 4
7 6
0 1
0 10
0 9
6 #edges
6 7
9 6
7 4
0 1
0 10
0 9
6 #edges
6 7
1 4
9 6
0 1
0 10
0 9
6 #edges
6 4
1 7
9 6
0 1
0 10
0 9
6 #edges
6 4
4 7
9 6
0 1
0 10
0 9
6 #edges
1 4
4 7
9 6
0 1
0 10
0 9
6 #edges
1 7
9 6
7 4
0 1
0 10
0 9
6 #edges
1 4
4 6
9 7
0 1
0 10
0 9
6 #edges
1 4
9 7
7 6
0 1
0 10
0 9
6 #edges
6 7
1 4
4 6
0 1
0 10
0 9
6 #edges
1 4
4 7
7 6
0 1
0 10
0 9
6 #edges
6 4
1 6
9 7
0 1
0 10
0 9
6 #edges
6 4
1 6
4 7
0 1
0 10
0 9
6 #edges
1 6
9 7
7 4
0 1
0 10
0 9
6 #edges
6 7
1 6
7 4
0 1
0 10
0 9
6 #edges
4 6
9 7
7 4
0 1
0 10
0 9
6 #edges
6 4
9 7
7 6
0 1
0 10
0 9
6 #edges
1 7
4 6
7 4
0 1
0 10
0 9
6 #edges
6 4
1 7
7 6
0 1
0 10
0 9
6 #edges
6 7
1 9
4 6
0 1
0 10
0 4
6 #edges
6 7
4 6
7 9
0 1
0 10
0 4
6 #edges
1 9
4 6
9 7
0 1
0 10
0 4
6 #edges
6 9
4 6
9 7
0 1
0 10
0 4
6 #edges
6 9
1 7
4 6
0 1
0 10
0 4
6 #edges
1 7
4 6
7 9
0 1
0 10
0 4
6 #edges
6 7
1 6
7 9
0 1
0 10
0 4
6 #edges
6 7
1 6
4 9
0 1
0 10
0 4
6 #edges
1 6
4 9
9 7
0 1
0 10
0 4
6 #edges
1 6
4 7
7 9
0 1
0 10
0 4
6 #edges
6 9
1 6
4 7
0 1
0 10
0 4
6 #edges
6 9
1 6
9 7
0 1
0 10
0 4
6 #edges
1 9
9 7
7 6
0 1
0 10
0 4
6 #edges
6 7
1 9
9 6
0 1
0 10
0 4
6 #edges
1 9
4 7
9 6
0 1
0 10
0 4
6 #edges
1 9
4 7
7 6
0 1
0 10
0 4
6 #edges
4 9
9 7
7 6
0 1
0 10
0 4
6 #edges
1 7
4 9
9 6
0 1
0 10
0 4
6 #edges
6 7
4 9
9 6
0 1
0 10
0 4
6 #edges
1 7
4 9
7 6
0 1
0 10
0 4
6 #edges
1 7
9 6
7 9
0 1
0 10
0 4
6 #edges
6 9
1 7
7 6
0 1
0 10
0 4
6 #edges
6 9
4 7
7 6
0 1
0 10
0 4
6 #edges
4 7
9 6
7 9
0 1
0 10
0 4
6 #edges
6 9
9 7
7 4
0 6
0 1
0 10
6 #edges
6 9
1 4
9 7
0 6
0 1
0 10
6 #edges
6 9
4 7
9 4
0 6
0 1
0 10
6 #edges
6 9
1 7
9 4
0 6
0 1
0 10
6 #edges
6 9
1 4
4 7
0 6
0 1
0 10
6 #edges
6 9
1 7
7 4
0 6
0 1
0 10
6 #edges
6 7
1 9
9 4
0 6
0 1
0 10
6 #edges
6 7
1 9
7 4
0 6
0 1
0 10
6 #edges
6 7
1 4
7 9
0 6
0 1
0 10
6 #edges
6 7
9 4
7 9
0 6
0 1
0 10
6 #edges
6 7
1 4
4 9
0 6
0 1
0 10
6 #edges
6 7
4 9
7 4
0 6
0 1
0 10
6 #edges
6 4
4 7
7 9
0 6
0 1
0 10
6 #edges
6 4
1 9
4 7
0 6
0 1
0 10
6 #edges
6 4
1 7
7 9
0 6
0 1
0 10
6 #edges
6 4
1 7
4 9
0 6
0 1
0 10
6 #edges
6 4
1 9
9 7
0 6
0 1
0 10
6 #edges
6 4
4 9
9 7
0 6
0 1
0 10
6 #edges
1 4
4 9
9 7
0 6
0 1
0 10
6 #edges
1 4
4 7
7 9
0 6
0 1
0 10
6 #edges
1 7
4 9
7 4
0 6
0 1
0 10
6 #edges
1 7
9 4
7 9
0 6
0 1
0 10
6 #edges
1 9
9 7
7 4
0 6
0 1
0 10
6 #edges
1 9
4 7
9 4
0 6
0 1
0 10
6 #edges
6 4
1 7
4 9
7 6
0 1
0 10
6 #edges
6 9
1 7
9 4
7 6
0 1
0 10
6 #edges
6 4
1 7
9 6
7 9
0 1
0 10
6 #edges
1 7
4 6
9 4
7 9
0 1
0 10
6 #edges
1 7
4 9
9 6
7 4
0 1
0 10
6 #edges
6 9
1 7
4 6
7 4
0 1
0 10
6 #edges
6 9
1 6
4 7
9 4
0 1
0 10
6 #edges
6 9
1 6
9 7
7 4
0 1
0 10
6 #edges
6 7
1 6
4 9
7 4
0 1
0 10
6 #edges
6 7
1 6
9 4
7 9
0 1
0 10
6 #edges
6 4
1 6
4 9
9 7
0 1
0 10
6 #edges
6 4
1 6
4 7
7 9
0 1
0 10
6 #edges
6 4
1 9
4 7
9 6
0 1
0 10
6 #edges
6 7
1 9
9 6
7 4
0 1
0 10
6 #edges
6 4
1 9
9 7
7 6
0 1
0 10
6 #edges
1 9
4 6
9 7
7 4
0 1
0 10
6 #edges
6 7
1 9
4 6
9 4
0 1
0 10
6 #edges
1 9
4 7
9 4
7 6
0 1
0 10
6 #edges
6 7
1 4
4 6
7 9
0 1
0 10
6 #edges
6 9
1 4
4 6
9 7
0 1
0 10
6 #edges
1 4
4 9
9 7
7 6
0 1
0 10
6 #edges
6 7
1 4
4 9
9 6
0 1
0 10
6 #edges
6 9
1 4
4 7
7 6
0 1
0 10
6 #edges
1 4
4 7
9 6
7 9
0 1
0 10
4 #trees for patient 28
6 #edges
6 7
4 6
7 9
0 1
0 10
0 4
6 #edges
6 4
4 7
7 9
0 6
0 1
0 10
6 #edges
6 4
1 10
4 7
7 9
0 6
0 1
6 #edges
6 7
1 10
4 6
7 9
0 1
0 4
6 #trees for patient 29
6 #edges
6 9
4 6
7 4
0 1
0 10
0 7
6 #edges
6 4
4 9
7 6
0 1
0 10
0 7
6 #edges
6 9
4 7
7 6
0 1
0 10
0 4
6 #edges
6 7
4 6
7 9
0 1
0 10
0 4
6 #edges
6 7
4 9
7 4
0 6
0 1
0 10
6 #edges
6 4
4 7
7 9
0 6
0 1
0 10
4 #trees for patient 30
6 #edges
6 9
4 6
9 7
0 1
0 10
0 4
6 #edges
6 7
4 6
7 9
0 1
0 10
0 4
6 #edges
6 9
4 6
9 7
7 1
0 10
0 4
6 #edges
6 7
4 6
9 1
7 9
0 10
0 4
3 #trees for patient 31
6 #edges
6 7
4 6
7 9
0 1
0 10
0 4
6 #edges
6 7
1 10
4 6
7 9
0 1
0 4
6 #edges
6 7
4 6
4 10
7 9
0 1
0 4
12 #trees for patient 32
6 #edges
6 4
4 9
4 7
0 6
0 1
0 10
6 #edges
6 4
4 7
7 9
0 6
0 1
0 10
6 #edges
6 9
6 7
4 6
0 1
0 10
0 4
6 #edges
6 7
4 6
7 9
0 1
0 10
0 4
6 #edges
6 4
10 1
4 9
4 7
0 6
0 10
6 #edges
6 4
10 1
4 7
7 9
0 6
0 10
6 #edges
6 9
6 7
10 1
4 6
0 10
0 4
6 #edges
6 7
10 1
4 6
7 9
0 10
0 4
6 #edges
6 7
4 6
7 1
7 9
0 10
0 4
6 #edges
6 9
6 7
4 6
7 1
0 10
0 4
6 #edges
6 4
4 7
7 1
7 9
0 6
0 10
6 #edges
6 4
4 9
4 7
7 1
0 6
0 10
2 #trees for patient 33
6 #edges
6 7
4 6
7 9
0 1
0 10
0 4
6 #edges
6 7
4 6
9 10
7 9
0 1
0 4
4 #trees for patient 34
6 #edges
6 9
1 8
9 1
11 7
0 6
0 11
6 #edges
6 9
9 8
8 1
11 7
0 6
0 11
6 #edges
6 9
9 8
8 1
7 11
0 6
0 7
6 #edges
6 9
1 8
9 1
7 11
0 6
0 7
48 #trees for patient 35
6 #edges
6 8
1 6
9 1
0 9
0 7
0 11
6 #edges
6 1
1 8
9 6
0 9
0 7
0 11
6 #edges
6 9
1 6
9 8
0 1
0 7
0 11
6 #edges
6 8
1 9
9 6
0 1
0 7
0 11
6 #edges
6 1
1 9
9 8
0 6
0 7
0 11
6 #edges
6 9
1 8
9 1
0 6
0 7
0 11
6 #edges
6 1
1 9
9 8
11 7
0 6
0 11
6 #edges
6 1
1 9
9 8
9 7
0 6
0 11
6 #edges
6 9
1 8
9 1
11 7
0 6
0 11
6 #edges
6 9
1 8
1 7
9 1
0 6
0 11
6 #edges
6 8
1 9
9 6
11 7
0 1
0 11
6 #edges
6 8
6 7
1 9
9 6
0 1
0 11
6 #edges
6 9
1 6
9 8
11 7
0 1
0 11
6 #edges
6 9
1 6
9 8
9 7
0 1
0 11
6 #edges
6 8
1 6
9 1
11 7
0 9
0 11
6 #edges
6 1
1 8
9 6
11 7
0 9
0 11
6 #edges
6 1
1 8
1 7
9 6
0 9
0 11
6 #edges
6 8
6 7
1 6
9 1
0 9
0 11
6 #edges
6 8
6 11
1 9
9 6
0 1
0 7
6 #edges
6 8
1 9
9 6
7 11
0 1
0 7
6 #edges
6 9
1 6
9 8
7 11
0 1
0 7
6 #edges
6 9
1 6
9 8
9 11
0 1
0 7
6 #edges
6 1
1 8
9 6
7 11
0 9
0 7
6 #edges
6 8
1 6
9 1
7 11
0 9
0 7
6 #edges
6 1
1 9
9 8
7 11
0 6
0 7
6 #edges
6 9
1 8
9 1
7 11
0 6
0 7
6 #edges
6 8
6 11
1 6
9 1
0 9
0 7
6 #edges
6 1
1 8
1 11
9 6
0 9
0 7
6 #edges
6 1
1 9
9 8
9 11
0 6
0 7
6 #edges
6 9
1 8
1 11
9 1
0 6
0 7
6 #edges
6 1
1 8
1 7
1 11
9 6
0 9
6 #edges
6 1
1 8
1 7
9 6
7 11
0 9
6 #edges
6 1
1 8
1 11
9 6
11 7
0 9
6 #edges
6 8
6 11
1 6
9 1
11 7
0 9
6 #edges
6 8
6 7
6 11
1 6
9 1
0 9
6 #edges
6 8
6 7
1 6
9 1
7 11
0 9
6 #edges
6 8
6 7
6 11
1 9
9 6
0 1
6 #edges
6 8
6 11
1 9
9 6
11 7
0 1
6 #edges
6 8
6 7
1 9
9 6
7 11
0 1
6 #edges
6 9
1 6
9 8
9 7
9 11
0 1
6 #edges
6 9
1 6
9 8
9 7
7 11
0 1
6 #edges
6 9
1 6
9 8
9 11
11 7
0 1
6 #edges
6 1
1 9
9 8
9 11
11 7
0 6
6 #edges
6 1
1 9
9 8
9 7
9 11
0 6
6 #edges
6 1
1 9
9 8
9 7
7 11
0 6
6 #edges
6 9
1 8
1 11
9 1
11 7
0 6
6 #edges
6 9
1 8
1 7
1 11
9 1
0 6
6 #edges
6 9
1 8
1 7
9 1
7 11
0 6
4 #trees for patient 36
6 #edges
6 1
1 9
9 8
11 7
0 6
0 11
6 #edges
6 9
1 8
9 1
11 7
0 6
0 11
6 #edges
6 1
1 9
9 8
7 11
0 6
0 7
6 #edges
6 9
1 8
9 1
7 11
0 6
0 7
4 #trees for patient 37
6 #edges
6 1
1 8
9 6
7 11
0 9
0 7
6 #edges
6 9
1 8
9 1
7 11
0 6
0 7
6 #edges
6 1
6 11
1 8
9 6
0 9
0 7
6 #edges
6 9
1 8
9 1
9 11
0 6
0 7
66 #trees for patient 38
6 #edges
6 1
1 9
7 8
11 7
0 6
0 11
6 #edges
6 1
1 9
9 8
11 7
0 6
0 11
6 #edges
6 1
1 8
7 9
11 7
0 6
0 11
6 #edges
6 1
7 9
7 8
11 7
0 6
0 11
6 #edges
6 1
9 8
7 9
11 7
0 6
0 11
6 #edges
6 1
1 8
8 9
11 7
0 6
0 11
6 #edges
6 1
8 9
7 8
11 7
0 6
0 11
6 #edges
6 8
9 1
8 9
11 7
0 6
0 11
6 #edges
6 8
8 9
7 1
11 7
0 6
0 11
6 #edges
6 8
1 9
7 1
11 7
0 6
0 11
6 #edges
6 8
7 1
7 9
11 7
0 6
0 11
6 #edges
6 8
8 1
7 9
11 7
0 6
0 11
6 #edges
6 8
9 1
7 9
11 7
0 6
0 11
6 #edges
6 8
1 9
8 1
11 7
0 6
0 11
6 #edges
1 9
7 1
7 8
11 7
0 6
0 11
6 #edges
6 9
7 1
7 8
11 7
0 6
0 11
6 #edges
8 9
7 1
7 8
11 7
0 6
0 11
6 #edges
6 9
9 1
7 8
11 7
0 6
0 11
6 #edges
6 9
8 1
7 8
11 7
0 6
0 11
6 #edges
9 1
8 9
7 8
11 7
0 6
0 11
6 #edges
8 1
7 9
7 8
11 7
0 6
0 11
6 #edges
9 1
7 9
7 8
11 7
0 6
0 11
6 #edges
1 9
8 1
7 8
11 7
0 6
0 11
6 #edges
6 9
9 8
7 1
11 7
0 6
0 11
6 #edges
6 9
1 8
7 1
11 7
0 6
0 11
6 #edges
6 9
1 8
9 1
11 7
0 6
0 11
6 #edges
6 9
9 8
8 1
11 7
0 6
0 11
6 #edges
1 9
9 8
7 1
11 7
0 6
0 11
6 #edges
9 8
7 1
7 9
11 7
0 6
0 11
6 #edges
1 8
7 1
7 9
11 7
0 6
0 11
6 #edges
1 8
8 9
7 1
11 7
0 6
0 11
6 #edges
9 8
8 1
7 9
11 7
0 6
0 11
6 #edges
1 8
9 1
7 9
11 7
0 6
0 11
6 #edges
6 1
1 8
8 9
7 11
0 6
0 7
6 #edges
6 1
1 8
7 11
11 9
0 6
0 7
6 #edges
6 1
1 9
7 11
11 8
0 6
0 7
6 #edges
6 1
1 9
9 8
7 11
0 6
0 7
6 #edges
6 1
7 11
11 9
11 8
0 6
0 7
6 #edges
6 1
8 9
7 11
11 8
0 6
0 7
6 #edges
6 1
9 8
7 11
11 9
0 6
0 7
6 #edges
6 8
1 9
8 1
7 11
0 6
0 7
6 #edges
6 8
8 1
7 11
11 9
0 6
0 7
6 #edges
6 8
8 9
7 11
11 1
0 6
0 7
6 #edges
6 8
9 1
8 9
7 11
0 6
0 7
6 #edges
6 8
9 1
7 11
11 9
0 6
0 7
6 #edges
6 8
7 11
11 1
11 9
0 6
0 7
6 #edges
6 8
1 9
7 11
11 1
0 6
0 7
6 #edges
9 1
8 9
7 11
11 8
0 6
0 7
6 #edges
8 9
7 11
11 1
11 8
0 6
0 7
6 #edges
1 9
7 11
11 1
11 8
0 6
0 7
6 #edges
6 9
7 11
11 1
11 8
0 6
0 7
6 #edges
8 1
7 11
11 9
11 8
0 6
0 7
6 #edges
6 9
8 1
7 11
11 8
0 6
0 7
6 #edges
1 9
8 1
7 11
11 8
0 6
0 7
6 #edges
9 1
7 11
11 9
11 8
0 6
0 7
6 #edges
6 9
9 1
7 11
11 8
0 6
0 7
6 #edges
6 9
1 8
7 11
11 1
0 6
0 7
6 #edges
6 9
9 8
7 11
11 1
0 6
0 7
6 #edges
1 8
8 9
7 11
11 1
0 6
0 7
6 #edges
1 8
7 11
11 1
11 9
0 6
0 7
6 #edges
1 9
9 8
7 11
11 1
0 6
0 7
6 #edges
9 8
7 11
11 1
11 9
0 6
0 7
6 #edges
9 8
8 1
7 11
11 9
0 6
0 7
6 #edges
1 8
9 1
7 11
11 9
0 6
0 7
6 #edges
6 9
9 8
8 1
7 11
0 6
0 7
6 #edges
6 9
1 8
9 1
7 11
0 6
0 7
6 #trees for patient 39
6 #edges
6 9
1 6
9 8
7 11
0 1
0 7
6 #edges
6 8
1 9
9 6
7 11
0 1
0 7
6 #edges
6 1
1 9
9 8
7 11
0 6
0 7
6 #edges
6 9
1 8
9 1
7 11
0 6
0 7
6 #edges
6 1
1 8
9 6
7 11
0 9
0 7
6 #edges
6 8
1 6
9 1
7 11
0 9
0 7
6 #trees for patient 40
6 #edges
6 1
6 8
9 6
7 11
0 9
0 7
6 #edges
6 1
1 8
9 6
7 11
0 9
0 7
6 #edges
6 1
9 6
7 11
11 8
0 9
0 7
6 #edges
6 9
9 1
9 8
7 11
0 6
0 7
6 #edges
6 9
1 8
9 1
7 11
0 6
0 7
6 #edges
6 9
9 1
7 11
11 8
0 6
0 7
24 #trees for patient 41
6 #edges
6 5
3 6
5 2
2 9
11 3
0 11
6 #edges
6 2
3 5
5 6
2 9
11 3
0 11
6 #edges
6 3
3 2
5 6
2 9
11 5
0 11
6 #edges
6 2
3 6
5 3
2 9
11 5
0 11
6 #edges
6 5
3 2
5 3
2 9
11 6
0 11
6 #edges
6 3
3 5
5 2
2 9
11 6
0 11
6 #edges
6 2
3 6
5 11
2 9
11 3
0 5
6 #edges
6 3
3 2
5 11
2 9
11 6
0 5
6 #edges
6 2
3 11
5 3
2 9
11 6
0 5
6 #edges
6 11
3 6
5 3
2 9
11 2
0 5
6 #edges
6 11
3 2
5 6
2 9
11 3
0 5
6 #edges
6 3
3 11
5 6
2 9
11 2
0 5
6 #edges
6 5
3 6
5 11
2 9
11 2
0 3
6 #edges
6 11
3 6
5 2
2 9
11 5
0 3
6 #edges
6 5
3 11
5 2
2 9
11 6
0 3
6 #edges
6 2
3 11
5 6
2 9
11 5
0 3
6 #edges
6 2
3 5
5 11
2 9
11 6
0 3
6 #edges
6 11
3 5
5 6
2 9
11 2
0 3
6 #edges
6 5
3 11
5 3
2 9
11 2
0 6
6 #edges
6 5
3 2
5 11
2 9
11 3
0 6
6 #edges
6 11
3 2
5 3
2 9
11 5
0 6
6 #edges
6 11
3 5
5 2
2 9
11 3
0 6
6 #edges
6 3
3 11
5 2
2 9
11 5
0 6
6 #edges
6 3
3 5
5 11
2 9
11 2
0 6
1 #trees for patient 42
6 #edges
6 2
3 6
5 3
2 9
11 5
0 11
2 #trees for patient 43
6 #edges
6 2
3 6
5 3
2 9
11 5
0 11
6 #edges
6 2
3 6
5 11
2 9
11 3
0 5
4 #trees for patient 44
6 #edges
6 2
3 6
5 3
2 9
11 5
0 11
6 #edges
6 9
3 6
9 2
5 3
11 5
0 11
6 #edges
6 3
3 9
9 2
5 6
11 5
0 11
6 #edges
6 3
3 2
5 6
2 9
11 5
0 11
6 #trees for patient 45
6 #edges
6 2
3 6
5 3
2 9
11 5
0 11
6 #edges
6 9
3 6
9 2
5 3
11 5
0 11
6 #edges
6 2
3 9
9 6
5 3
11 5
0 11
6 #edges
3 9
9 2
5 3
2 6
11 5
0 11
6 #edges
6 9
3 2
5 3
2 6
11 5
0 11
6 #edges
3 2
9 6
5 3
2 9
11 5
0 11
36 #trees for patient 46
6 #edges
6 9
3 6
9 2
5 3
11 5
0 11
6 #edges
6 2
3 6
5 3
2 9
11 5
0 11
6 #edges
6 2
3 9
9 6
5 3
11 5
0 11
6 #edges
3 9
9 2
5 3
2 6
11 5
0 11
6 #edges
3 2
9 6
5 3
2 9
11 5
0 11
6 #edges
6 9
3 2
5 3
2 6
11 5
0 11
6 #edges
6 9
3 5
5 2
2 6
11 3
0 11
6 #edges
3 5
9 6
5 2
2 9
11 3
0 11
6 #edges
3 5
9 2
5 9
2 6
11 3
0 11
6 #edges
6 2
3 5
9 6
5 9
11 3
0 11
6 #edges
6 9
3 5
9 2
5 6
11 3
0 11
6 #edges
6 2
3 5
5 6
2 9
11 3
0 11
6 #edges
6 9
3 2
5 11
2 6
11 3
0 5
6 #edges
3 2
9 6
5 11
2 9
11 3
0 5
6 #edges
6 2
3 6
5 11
2 9
11 3
0 5
6 #edges
6 9
3 6
9 2
5 11
11 3
0 5
6 #edges
3 9
9 2
5 11
2 6
11 3
0 5
6 #edges
6 2
3 9
9 6
5 11
11 3
0 5
6 #edges
3 11
9 6
5 3
2 9
11 2
0 5
6 #edges
6 9
3 11
5 3
2 6
11 2
0 5
6 #edges
6 2
3 11
5 3
2 9
11 6
0 5
6 #edges
6 9
3 11
9 2
5 3
11 6
0 5
6 #edges
6 2
3 11
9 6
5 3
11 9
0 5
6 #edges
3 11
9 2
5 3
2 6
11 9
0 5
6 #edges
6 2
3 11
9 6
5 9
11 5
0 3
6 #edges
3 11
9 2
5 9
2 6
11 5
0 3
6 #edges
6 9
3 11
9 2
5 6
11 5
0 3
6 #edges
6 2
3 11
5 6
2 9
11 5
0 3
6 #edges
6 9
3 11
5 2
2 6
11 5
0 3
6 #edges
3 11
9 6
5 2
2 9
11 5
0 3
6 #edges
6 2
3 5
9 6
5 11
11 9
0 3
6 #edges
3 5
9 2
5 11
2 6
11 9
0 3
6 #edges
6 2
3 5
5 11
2 9
11 6
0 3
6 #edges
6 9
3 5
9 2
5 11
11 6
0 3
6 #edges
3 5
9 6
5 11
2 9
11 2
0 3
6 #edges
6 9
3 5
5 11
2 6
11 2
0 3
24 #trees for patient 47
6 #edges
6 9
3 5
5 6
2 3
11 2
0 11
6 #edges
6 5
3 6
5 9
2 3
11 2
0 11
6 #edges
6 3
3 9
5 6
2 5
11 2
0 11
6 #edges
6 9
3 6
5 3
2 5
11 2
0 11
6 #edges
6 3
3 5
5 9
2 6
11 2
0 11
6 #edges
6 5
3 9
5 3
2 6
11 2
0 11
6 #edges
6 2
3 9
5 3
2 5
11 6
0 11
6 #edges
6 2
3 5
5 9
2 3
11 6
0 11
6 #edges
6 5
3 2
5 3
2 9
11 6
0 11
6 #edges
6 5
3 9
5 2
2 3
11 6
0 11
6 #edges
6 3
3 5
5 2
2 9
11 6
0 11
6 #edges
6 3
3 2
5 9
2 5
11 6
0 11
6 #edges
6 2
3 6
5 9
2 5
11 3
0 11
6 #edges
6 5
3 6
5 2
2 9
11 3
0 11
6 #edges
6 2
3 5
5 6
2 9
11 3
0 11
6 #edges
6 9
3 5
5 2
2 6
11 3
0 11
6 #edges
6 5
3 2
5 9
2 6
11 3
0 11
6 #edges
6 9
3 2
5 6
2 5
11 3
0 11
6 #edges
6 2
3 6
5 3
2 9
11 5
0 11
6 #edges
6 9
3 2
5 3
2 6
11 5
0 11
6 #edges
6 2
3 9
5 6
2 3
11 5
0 11
6 #edges
6 3
3 2
5 6
2 9
11 5
0 11
6 #edges
6 3
3 9
5 2
2 6
11 5
0 11
6 #edges
6 9
3 6
5 2
2 3
11 5
0 11
13 #trees for patient 48
6 #edges
3 9
3 2
5 3
2 6
11 5
0 11
6 #edges
6 9
3 2
5 3
2 6
11 5
0 11
6 #edges
3 6
3 2
5 3
2 9
11 5
0 11
6 #edges
6 9
3 6
3 2
5 3
11 5
0 11
6 #edges
3 6
3 9
3 2
5 3
11 5
0 11
6 #edges
3 9
3 2
9 6
5 3
11 5
0 11
6 #edges
3 2
9 6
5 3
2 9
11 5
0 11
6 #edges
6 2
3 9
9 6
5 3
11 5
0 11
6 #edges
6 2
3 6
3 9
5 3
11 5
0 11
6 #edges
3 6
3 9
9 2
5 3
11 5
0 11
6 #edges
3 9
9 2
5 3
2 6
11 5
0 11
6 #edges
6 9
3 6
9 2
5 3
11 5
0 11
6 #edges
6 2
3 6
5 3
2 9
11 5
0 11
66 #trees for patient 49
6 #edges
9 6
5 3
11 9
11 5
11 2
0 11
6 #edges
3 5
9 6
11 3
11 9
11 2
0 11
6 #edges
3 5
2 6
11 3
11 9
11 2
0 11
6 #edges
5 3
2 6
11 9
11 5
11 2
0 11
6 #edges
3 6
5 3
11 9
11 5
11 2
0 11
6 #edges
3 5
5 6
11 3
11 9
11 2
0 11
6 #edges
9 2
5 3
11 6
11 9
11 5
0 11
6 #edges
3 2
5 3
11 6
11 9
11 5
0 11
6 #edges
6 2
5 3
11 6
11 9
11 5
0 11
6 #edges
6 2
9 6
5 3
11 9
11 5
0 11
6 #edges
3 2
9 6
5 3
11 9
11 5
0 11
6 #edges
9 2
5 3
2 6
11 9
11 5
0 11
6 #edges
3 6
9 2
5 3
11 9
11 5
0 11
6 #edges
6 2
3 6
5 3
11 9
11 5
0 11
6 #edges
3 2
5 3
2 6
11 9
11 5
0 11
6 #edges
3 5
9 2
11 6
11 3
11 9
0 11
6 #edges
6 2
3 5
11 6
11 3
11 9
0 11
6 #edges
3 5
5 2
11 6
11 3
11 9
0 11
6 #edges
6 2
3 5
9 6
11 3
11 9
0 11
6 #edges
3 5
9 6
5 2
11 3
11 9
0 11
6 #edges
3 5
9 2
5 6
11 3
11 9
0 11
6 #edges
3 5
9 2
2 6
11 3
11 9
0 11
6 #edges
3 5
5 2
2 6
11 3
11 9
0 11
6 #edges
6 2
3 5
5 6
11 3
11 9
0 11
6 #edges
3 5
5 9
2 6
11 3
11 2
0 11
6 #edges
6 9
3 5
2 6
11 3
11 2
0 11
6 #edges
3 5
9 6
2 9
11 3
11 2
0 11
6 #edges
3 5
5 6
2 9
11 3
11 2
0 11
6 #edges
3 5
2 9
11 6
11 3
11 2
0 11
6 #edges
6 9
3 5
11 6
11 3
11 2
0 11
6 #edges
3 5
5 9
11 6
11 3
11 2
0 11
6 #edges
6 9
3 5
5 6
11 3
11 2
0 11
6 #edges
3 5
9 6
5 9
11 3
11 2
0 11
6 #edges
6 9
3 5
5 2
2 6
11 3
0 11
6 #edges
3 5
5 2
2 9
11 6
11 3
0 11
6 #edges
3 5
9 6
5 2
2 9
11 3
0 11
6 #edges
6 9
3 5
5 2
11 6
11 3
0 11
6 #edges
6 2
3 5
9 6
5 9
11 3
0 11
6 #edges
3 5
9 2
5 9
2 6
11 3
0 11
6 #edges
3 5
9 2
5 9
11 6
11 3
0 11
6 #edges
6 2
3 5
5 9
11 6
11 3
0 11
6 #edges
6 2
3 5
5 6
2 9
11 3
0 11
6 #edges
6 9
3 5
9 2
5 6
11 3
0 11
6 #edges
6 9
3 5
9 2
11 6
11 3
0 11
6 #edges
6 2
3 5
2 9
11 6
11 3
0 11
6 #edges
6 9
5 3
11 6
11 5
11 2
0 11
6 #edges
6 9
9 2
5 3
11 6
11 5
0 11
6 #edges
6 9
3 2
5 3
11 6
11 5
0 11
6 #edges
6 2
5 3
2 9
11 6
11 5
0 11
6 #edges
6 2
3 9
5 3
11 6
11 5
0 11
6 #edges
5 3
2 9
11 6
11 5
11 2
0 11
6 #edges
3 9
5 3
11 6
11 5
11 2
0 11
6 #edges
3 9
9 2
5 3
11 6
11 5
0 11
6 #edges
3 2
5 3
2 9
11 6
11 5
0 11
6 #edges
3 6
5 3
2 9
11 5
11 2
0 11
6 #edges
6 9
3 6
5 3
11 5
11 2
0 11
6 #edges
3 9
9 6
5 3
11 5
11 2
0 11
6 #edges
3 9
5 3
2 6
11 5
11 2
0 11
6 #edges
6 9
5 3
2 6
11 5
11 2
0 11
6 #edges
9 6
5 3
2 9
11 5
11 2
0 11
6 #edges
6 9
3 2
5 3
2 6
11 5
0 11
6 #edges
3 2
9 6
5 3
2 9
11 5
0 11
6 #edges
6 9
3 6
9 2
5 3
11 5
0 11
6 #edges
6 2
3 6
5 3
2 9
11 5
0 11
6 #edges
6 2
3 9
9 6
5 3
11 5
0 11
6 #edges
3 9
9 2
5 3
2 6
11 5
0 11
