50 # patients
2 #trees for patient 0
6 #edges
6 3
0 6
0 2
2 10
10 5
5 8
6 #edges
6 3
0 6
0 2
2 5
10 8
5 10
12 #trees for patient 1
6 #edges
8 10
0 2
0 3
2 5
3 6
5 8
6 #edges
0 2
0 3
2 5
10 8
3 6
5 10
6 #edges
6 3
8 10
0 6
0 2
2 5
5 8
6 #edges
6 3
0 6
0 2
2 5
10 8
5 10
6 #edges
6 3
8 10
0 6
0 2
2 8
10 5
6 #edges
8 10
0 2
0 3
2 8
10 5
3 6
6 #edges
8 5
0 2
0 3
2 8
3 6
5 10
6 #edges
6 3
8 5
0 6
0 2
2 8
5 10
6 #edges
6 3
8 5
0 6
0 2
2 10
10 8
6 #edges
6 3
0 6
0 2
2 10
10 5
5 8
6 #edges
8 5
0 2
0 3
2 10
10 8
3 6
6 #edges
0 2
0 3
2 10
10 5
3 6
5 8
8 #trees for patient 2
6 #edges
6 3
8 10
0 6
0 2
2 5
5 8
6 #edges
8 10
0 6
0 2
2 5
10 3
5 8
6 #edges
6 3
0 6
0 2
2 5
10 8
5 10
6 #edges
8 3
0 6
0 2
2 5
10 8
5 10
6 #edges
6 3
8 10
0 6
0 5
2 8
5 2
6 #edges
6 3
0 6
0 5
2 10
10 8
5 2
6 #edges
8 3
0 6
0 5
2 10
10 8
5 2
6 #edges
8 10
0 6
0 5
2 8
10 3
5 2
24 #trees for patient 3
6 #edges
6 3
0 6
0 5
2 10
10 8
5 2
6 #edges
6 3
8 10
0 6
0 5
2 8
5 2
6 #edges
6 3
8 2
0 6
0 5
2 10
5 8
6 #edges
6 3
8 10
0 6
0 5
10 2
5 8
6 #edges
6 3
8 2
0 6
0 5
10 8
5 10
6 #edges
6 3
0 6
0 5
2 8
10 2
5 10
6 #edges
6 3
8 10
0 6
0 8
2 5
10 2
6 #edges
6 3
8 10
0 6
0 8
10 5
5 2
6 #edges
6 3
8 5
0 6
0 8
2 10
5 2
6 #edges
6 3
8 5
0 6
0 8
10 2
5 10
6 #edges
6 3
8 2
0 6
0 8
2 10
10 5
6 #edges
6 3
8 2
0 6
0 8
2 5
5 10
6 #edges
6 3
0 6
0 2
2 10
10 5
5 8
6 #edges
6 3
8 5
0 6
0 2
2 10
10 8
6 #edges
6 3
0 6
0 2
2 5
10 8
5 10
6 #edges
6 3
8 10
0 6
0 2
2 5
5 8
6 #edges
6 3
8 10
0 6
0 2
2 8
10 5
6 #edges
6 3
8 5
0 6
0 2
2 8
5 10
6 #edges
6 3
0 6
0 10
2 5
10 2
5 8
6 #edges
6 3
8 5
0 6
0 10
2 8
10 2
6 #edges
6 3
8 2
0 6
0 10
2 5
10 8
6 #edges
6 3
8 5
0 6
0 10
10 8
5 2
6 #edges
6 3
0 6
0 10
2 8
10 5
5 2
6 #edges
6 3
8 2
0 6
0 10
10 5
5 8
3 #trees for patient 4
6 #edges
6 3
0 6
0 8
0 2
2 5
5 10
6 #edges
6 8
6 3
0 6
0 2
2 5
5 10
6 #edges
6 3
0 6
0 2
2 5
10 8
5 10
14 #trees for patient 5
6 #edges
8 10
0 2
0 3
2 5
3 6
5 8
6 #edges
0 2
0 3
2 5
10 8
3 6
5 10
6 #edges
8 10
0 2
0 3
2 6
2 5
5 8
6 #edges
0 2
0 3
2 6
2 5
10 8
5 10
6 #edges
6 3
0 6
0 2
2 5
10 8
5 10
6 #edges
6 3
8 10
0 6
0 2
2 5
5 8
6 #edges
8 10
0 6
0 2
2 3
2 5
5 8
6 #edges
0 6
0 2
2 3
2 5
10 8
5 10
6 #edges
8 10
0 2
2 6
2 3
2 5
5 8
6 #edges
8 10
0 2
2 3
2 5
3 6
5 8
6 #edges
0 2
2 3
2 5
10 8
3 6
5 10
6 #edges
0 2
2 6
2 3
2 5
10 8
5 10
6 #edges
6 3
8 10
0 2
2 6
2 5
5 8
6 #edges
6 3
0 2
2 6
2 5
10 8
5 10
20 #trees for patient 6
6 #edges
8 10
0 2
0 3
2 5
10 6
5 8
6 #edges
8 6
0 2
0 3
2 5
10 8
5 10
6 #edges
8 10
0 3
0 5
2 8
10 6
5 2
6 #edges
8 6
0 3
0 5
2 10
10 8
5 2
6 #edges
6 3
0 6
0 5
2 10
10 8
5 2
6 #edges
8 3
0 6
0 5
2 10
10 8
5 2
6 #edges
6 3
8 10
0 6
0 5
2 8
5 2
6 #edges
8 10
0 6
0 5
2 8
10 3
5 2
6 #edges
6 3
8 10
0 6
0 2
2 5
5 8
6 #edges
6 3
0 6
0 2
2 5
10 8
5 10
6 #edges
8 3
0 6
0 2
2 5
10 8
5 10
6 #edges
8 10
0 6
0 2
2 5
10 3
5 8
6 #edges
8 10
0 5
2 8
10 6
10 3
5 2
6 #edges
6 3
8 10
0 5
2 8
10 6
5 2
6 #edges
8 6
8 3
0 5
2 10
10 8
5 2
6 #edges
6 3
8 6
0 5
2 10
10 8
5 2
6 #edges
8 10
0 2
2 5
10 6
10 3
5 8
6 #edges
6 3
8 10
0 2
2 5
10 6
5 8
6 #edges
8 6
8 3
0 2
2 5
10 8
5 10
6 #edges
6 3
8 6
0 2
2 5
10 8
5 10
18 #trees for patient 7
6 #edges
0 6
0 2
0 3
2 10
10 5
5 8
6 #edges
0 2
0 3
2 10
10 5
3 6
5 8
6 #edges
0 6
0 2
0 3
2 5
10 8
5 10
6 #edges
0 2
0 3
2 5
10 8
3 6
5 10
6 #edges
0 3
0 5
2 10
10 8
3 6
5 2
6 #edges
0 3
0 5
2 8
10 2
3 6
5 10
6 #edges
0 6
0 3
0 5
2 8
10 2
5 10
6 #edges
0 6
0 3
0 5
2 10
10 8
5 2
6 #edges
0 6
0 10
0 3
2 8
10 5
5 2
6 #edges
0 6
0 10
0 3
2 5
10 2
5 8
6 #edges
0 10
0 3
2 8
10 5
3 6
5 2
6 #edges
0 10
0 3
2 5
10 2
3 6
5 8
6 #edges
6 3
0 6
0 10
2 5
10 2
5 8
6 #edges
6 3
0 6
0 10
2 8
10 5
5 2
6 #edges
6 3
0 6
0 5
2 8
10 2
5 10
6 #edges
6 3
0 6
0 5
2 10
10 8
5 2
6 #edges
6 3
0 6
0 2
2 10
10 5
5 8
6 #edges
6 3
0 6
0 2
2 5
10 8
5 10
4 #trees for patient 8
6 #edges
6 3
8 10
0 6
0 2
2 5
5 8
6 #edges
6 3
0 6
0 2
2 5
10 8
5 10
6 #edges
6 3
8 10
0 6
0 5
2 8
5 2
6 #edges
6 3
0 6
0 5
2 10
10 8
5 2
3 #trees for patient 9
6 #edges
6 3
0 6
0 2
2 5
10 8
5 10
6 #edges
0 6
0 2
2 5
10 8
5 10
5 3
6 #edges
8 3
0 6
0 2
2 5
10 8
5 10
4 #trees for patient 10
6 #edges
0 6
0 2
2 3
2 5
10 8
5 10
6 #edges
0 6
0 2
2 10
2 3
10 5
5 8
6 #edges
6 3
0 6
0 2
2 5
10 8
5 10
6 #edges
6 3
0 6
0 2
2 10
10 5
5 8
2 #trees for patient 11
6 #edges
6 3
0 6
0 2
2 5
10 8
5 10
6 #edges
6 3
0 6
0 5
2 10
10 8
5 2
28 #trees for patient 12
6 #edges
0 2
0 3
2 5
10 8
3 6
5 10
6 #edges
0 3
0 5
2 10
10 8
3 6
5 2
6 #edges
0 6
0 2
0 3
2 5
10 8
5 10
6 #edges
0 2
0 3
2 5
10 8
5 6
5 10
6 #edges
0 2
0 3
2 5
10 6
10 8
5 10
6 #edges
0 6
0 3
0 5
2 10
10 8
5 2
6 #edges
0 3
0 5
2 10
10 6
10 8
5 2
6 #edges
0 3
0 5
2 6
2 10
10 8
5 2
6 #edges
6 3
0 6
0 2
2 5
10 8
5 10
6 #edges
0 6
0 2
2 5
10 8
5 10
5 3
6 #edges
0 6
0 2
2 5
10 8
10 3
5 10
6 #edges
6 3
0 6
0 5
2 10
10 8
5 2
6 #edges
0 6
0 5
2 10
2 3
10 8
5 2
6 #edges
0 6
0 5
2 10
10 8
10 3
5 2
6 #edges
0 5
2 6
2 10
10 8
10 3
5 2
6 #edges
0 5
2 6
2 10
2 3
10 8
5 2
6 #edges
6 3
0 5
2 6
2 10
10 8
5 2
6 #edges
0 5
2 10
2 3
10 8
3 6
5 2
6 #edges
0 5
2 10
2 3
10 6
10 8
5 2
6 #edges
0 5
2 10
10 8
10 3
3 6
5 2
6 #edges
6 3
0 5
2 10
10 6
10 8
5 2
6 #edges
6 3
0 2
2 5
10 8
5 6
5 10
6 #edges
0 2
2 5
10 8
5 6
5 10
5 3
6 #edges
0 2
2 5
10 8
10 3
5 6
5 10
6 #edges
0 2
2 5
10 8
3 6
5 10
5 3
6 #edges
0 2
2 5
10 6
10 8
5 10
5 3
6 #edges
6 3
0 2
2 5
10 6
10 8
5 10
6 #edges
0 2
2 5
10 8
10 3
3 6
5 10
12 #trees for patient 13
6 #edges
6 3
0 6
0 10
2 5
10 2
5 8
6 #edges
6 3
0 6
0 10
2 5
10 2
3 8
6 #edges
6 3
0 6
0 10
10 5
3 8
5 2
6 #edges
6 3
0 6
0 10
2 8
10 5
5 2
6 #edges
6 3
0 6
0 5
2 8
10 2
5 10
6 #edges
6 3
0 6
0 5
10 2
3 8
5 10
6 #edges
6 3
0 6
0 5
2 10
3 8
5 2
6 #edges
6 3
0 6
0 5
2 10
10 8
5 2
6 #edges
6 3
0 6
0 2
2 10
10 5
3 8
6 #edges
6 3
0 6
0 2
2 5
3 8
5 10
6 #edges
6 3
0 6
0 2
2 10
10 5
5 8
6 #edges
6 3
0 6
0 2
2 5
10 8
5 10
48 #trees for patient 14
6 #edges
0 3
0 5
2 10
10 8
3 6
5 2
6 #edges
8 10
0 3
0 5
2 8
3 6
5 2
6 #edges
8 2
0 3
0 5
10 8
3 6
5 10
6 #edges
0 3
0 5
2 8
10 2
3 6
5 10
6 #edges
8 10
0 3
0 5
10 2
3 6
5 8
6 #edges
8 2
0 3
0 5
2 10
3 6
5 8
6 #edges
6 3
8 10
0 6
0 5
10 2
5 8
6 #edges
6 3
8 2
0 6
0 5
2 10
5 8
6 #edges
6 3
0 6
0 5
2 10
10 8
5 2
6 #edges
6 3
8 10
0 6
0 5
2 8
5 2
6 #edges
6 3
0 6
0 5
2 8
10 2
5 10
6 #edges
6 3
8 2
0 6
0 5
10 8
5 10
6 #edges
8 2
0 10
0 3
2 5
10 8
3 6
6 #edges
8 5
0 10
0 3
10 8
3 6
5 2
6 #edges
8 5
0 10
0 3
2 8
10 2
3 6
6 #edges
0 10
0 3
2 5
10 2
3 6
5 8
6 #edges
8 2
0 10
0 3
10 5
3 6
5 8
6 #edges
0 10
0 3
2 8
10 5
3 6
5 2
6 #edges
6 3
8 2
0 6
0 10
10 5
5 8
6 #edges
6 3
0 6
0 10
2 8
10 5
5 2
6 #edges
6 3
8 5
0 6
0 10
10 8
5 2
6 #edges
6 3
8 2
0 6
0 10
2 5
10 8
6 #edges
6 3
0 6
0 10
2 5
10 2
5 8
6 #edges
6 3
8 5
0 6
0 10
2 8
10 2
6 #edges
0 2
0 3
2 10
10 5
3 6
5 8
6 #edges
8 5
0 2
0 3
2 10
10 8
3 6
6 #edges
6 3
8 5
0 6
0 2
2 10
10 8
6 #edges
6 3
0 6
0 2
2 10
10 5
5 8
6 #edges
6 3
8 5
0 6
0 2
2 8
5 10
6 #edges
6 3
8 10
0 6
0 2
2 8
10 5
6 #edges
6 3
0 6
0 2
2 5
10 8
5 10
6 #edges
6 3
8 10
0 6
0 2
2 5
5 8
6 #edges
8 10
0 2
0 3
2 8
10 5
3 6
6 #edges
8 5
0 2
0 3
2 8
3 6
5 10
6 #edges
0 2
0 3
2 5
10 8
3 6
5 10
6 #edges
8 10
0 2
0 3
2 5
3 6
5 8
6 #edges
8 2
0 8
0 3
2 5
3 6
5 10
6 #edges
8 2
0 8
0 3
2 10
10 5
3 6
6 #edges
8 10
0 8
0 3
2 5
10 2
3 6
6 #edges
8 10
0 8
0 3
10 5
3 6
5 2
6 #edges
8 5
0 8
0 3
2 10
3 6
5 2
6 #edges
8 5
0 8
0 3
10 2
3 6
5 10
6 #edges
6 3
8 10
0 6
0 8
2 5
10 2
6 #edges
6 3
8 10
0 6
0 8
10 5
5 2
6 #edges
6 3
8 2
0 6
0 8
2 5
5 10
6 #edges
6 3
8 2
0 6
0 8
2 10
10 5
6 #edges
6 3
8 5
0 6
0 8
10 2
5 10
6 #edges
6 3
8 5
0 6
0 8
2 10
5 2
78 #trees for patient 15
6 #edges
0 8
0 2
0 3
0 5
3 6
5 10
6 #edges
0 2
0 3
0 5
2 8
3 6
5 10
6 #edges
0 2
0 3
0 5
10 8
3 6
5 10
6 #edges
0 6
0 8
0 2
0 3
0 5
5 10
6 #edges
0 6
0 2
0 3
0 5
10 8
5 10
6 #edges
0 6
0 2
0 3
0 5
2 8
5 10
6 #edges
8 10
0 8
0 3
0 5
3 6
5 2
6 #edges
8 10
0 8
0 2
0 3
0 5
3 6
6 #edges
8 10
0 6
0 8
0 2
0 3
0 5
6 #edges
8 10
0 6
0 8
0 3
0 5
5 2
6 #edges
0 6
0 8
0 10
0 3
0 5
5 2
6 #edges
0 8
0 10
0 3
0 5
3 6
5 2
6 #edges
0 8
0 3
0 5
2 10
3 6
5 2
6 #edges
0 6
0 8
0 3
0 5
2 10
5 2
6 #edges
0 6
0 8
0 2
0 3
0 5
2 10
6 #edges
0 8
0 2
0 3
0 5
2 10
3 6
6 #edges
0 10
0 3
0 5
10 8
3 6
5 2
6 #edges
0 10
0 3
0 5
2 8
3 6
5 2
6 #edges
0 3
0 5
2 10
10 8
3 6
5 2
6 #edges
8 10
0 3
0 5
2 8
3 6
5 2
6 #edges
0 2
0 10
0 3
0 5
3 6
5 8
6 #edges
0 2
0 10
0 3
0 5
10 8
3 6
6 #edges
0 2
0 10
0 3
0 5
2 8
3 6
6 #edges
8 10
0 2
0 3
0 5
2 8
3 6
6 #edges
8 10
0 2
0 3
0 5
3 6
5 8
6 #edges
0 2
0 3
0 5
2 10
3 6
5 8
6 #edges
0 2
0 3
0 5
2 10
10 8
3 6
6 #edges
0 6
0 2
0 10
0 3
0 5
5 8
6 #edges
0 6
0 10
0 3
0 5
10 8
5 2
6 #edges
0 6
0 2
0 10
0 3
0 5
10 8
6 #edges
0 6
0 10
0 3
0 5
2 8
5 2
6 #edges
0 6
0 2
0 10
0 3
0 5
2 8
6 #edges
8 10
0 6
0 2
0 3
0 5
2 8
6 #edges
0 6
0 2
0 3
0 5
2 10
5 8
6 #edges
0 6
0 2
0 3
0 5
2 10
10 8
6 #edges
8 10
0 6
0 2
0 3
0 5
5 8
6 #edges
8 10
0 6
0 3
0 5
2 8
5 2
6 #edges
0 6
0 3
0 5
2 10
10 8
5 2
6 #edges
0 6
0 2
0 10
0 3
2 5
10 8
6 #edges
0 6
0 8
0 2
0 10
0 3
2 5
6 #edges
0 6
0 2
0 10
0 3
2 5
5 8
6 #edges
0 2
0 10
0 3
2 5
10 8
3 6
6 #edges
0 2
0 10
0 3
2 5
3 6
5 8
6 #edges
0 8
0 2
0 10
0 3
2 5
3 6
6 #edges
8 10
0 6
0 8
0 2
0 3
2 5
6 #edges
0 6
0 8
0 2
0 3
2 5
5 10
6 #edges
0 6
0 2
0 3
2 5
10 8
5 10
6 #edges
8 10
0 6
0 2
0 3
2 5
5 8
6 #edges
8 10
0 8
0 2
0 3
2 5
3 6
6 #edges
0 8
0 2
0 3
2 5
3 6
5 10
6 #edges
8 10
0 2
0 3
2 5
3 6
5 8
6 #edges
0 2
0 3
2 5
10 8
3 6
5 10
6 #edges
6 3
0 6
0 8
0 2
0 5
5 10
6 #edges
6 3
0 6
0 2
0 5
10 8
5 10
6 #edges
6 3
0 6
0 2
0 5
2 8
5 10
6 #edges
6 3
0 6
0 2
0 10
0 5
5 8
6 #edges
6 3
0 6
0 2
0 10
0 5
10 8
6 #edges
6 3
0 6
0 2
0 10
0 5
2 8
6 #edges
6 3
0 6
0 10
0 5
10 8
5 2
6 #edges
6 3
0 6
0 8
0 10
0 5
5 2
6 #edges
6 3
0 6
0 10
0 5
2 8
5 2
6 #edges
6 3
8 10
0 6
0 2
0 5
5 8
6 #edges
6 3
0 6
0 2
0 5
2 10
5 8
6 #edges
6 3
8 10
0 6
0 2
0 5
2 8
6 #edges
6 3
0 6
0 2
0 5
2 10
10 8
6 #edges
6 3
0 6
0 8
0 2
0 5
2 10
6 #edges
6 3
8 10
0 6
0 8
0 2
0 5
6 #edges
6 3
0 6
0 8
0 5
2 10
5 2
6 #edges
6 3
8 10
0 6
0 8
0 5
5 2
6 #edges
6 3
8 10
0 6
0 5
2 8
5 2
6 #edges
6 3
0 6
0 5
2 10
10 8
5 2
6 #edges
6 3
0 6
0 8
0 2
0 10
2 5
6 #edges
6 3
8 10
0 6
0 8
0 2
2 5
6 #edges
6 3
0 6
0 8
0 2
2 5
5 10
6 #edges
6 3
0 6
0 2
0 10
2 5
10 8
6 #edges
6 3
0 6
0 2
0 10
2 5
5 8
6 #edges
6 3
0 6
0 2
2 5
10 8
5 10
6 #edges
6 3
8 10
0 6
0 2
2 5
5 8
6 #trees for patient 16
6 #edges
8 1
8 4
0 3
2 10
10 8
3 2
6 #edges
8 10
0 3
2 8
10 1
10 4
3 2
6 #edges
8 2
0 3
2 1
2 4
10 8
3 10
6 #edges
8 1
8 4
0 3
2 8
10 2
3 10
6 #edges
8 2
0 3
2 10
10 1
10 4
3 8
6 #edges
8 10
0 3
2 1
2 4
10 2
3 8
1 #trees for patient 17
6 #edges
8 10
0 3
2 8
10 1
10 4
3 2
6 #trees for patient 18
6 #edges
8 10
0 3
2 8
10 4
3 2
3 1
6 #edges
8 10
0 3
2 8
10 1
10 4
3 2
6 #edges
8 10
0 3
2 8
10 4
3 2
4 1
6 #edges
8 1
8 4
0 3
2 10
10 8
3 2
6 #edges
8 4
0 3
2 10
10 8
3 2
3 1
6 #edges
8 4
0 3
2 10
10 8
3 2
4 1
2 #trees for patient 19
6 #edges
8 10
0 3
2 8
10 1
10 4
3 2
6 #edges
8 10
0 2
2 3
10 1
10 4
3 8
2 #trees for patient 20
6 #edges
8 10
0 3
2 8
10 1
10 4
3 2
6 #edges
8 10
0 3
2 8
10 1
1 4
3 2
16 #trees for patient 21
6 #edges
8 10
0 3
0 4
2 8
2 1
3 2
6 #edges
0 3
0 4
2 10
2 1
10 8
3 2
6 #edges
8 1
0 3
0 4
2 10
10 8
3 2
6 #edges
8 10
0 3
0 4
2 8
10 1
3 2
6 #edges
8 10
0 2
0 4
2 3
10 1
3 8
6 #edges
8 10
0 2
0 4
2 3
3 8
3 1
6 #edges
0 2
0 4
2 3
10 8
3 10
3 1
6 #edges
8 1
0 2
0 4
2 3
10 8
3 10
6 #edges
8 10
0 3
2 8
2 1
10 4
3 2
6 #edges
8 10
0 3
2 8
10 1
10 4
3 2
6 #edges
8 4
0 3
2 10
2 1
10 8
3 2
6 #edges
8 1
8 4
0 3
2 10
10 8
3 2
6 #edges
8 10
0 2
2 3
10 1
10 4
3 8
6 #edges
8 10
0 2
2 3
10 4
3 8
3 1
6 #edges
8 1
8 4
0 2
2 3
10 8
3 10
6 #edges
8 4
0 2
2 3
10 8
3 10
3 1
8 #trees for patient 22
6 #edges
8 1
0 3
2 10
10 8
1 4
3 2
6 #edges
8 1
8 4
0 3
2 10
10 8
3 2
6 #edges
8 10
0 3
2 8
10 1
10 4
3 2
6 #edges
8 10
0 3
2 8
10 1
1 4
3 2
6 #edges
8 10
0 2
2 3
10 1
10 4
3 8
6 #edges
8 10
0 2
2 3
10 1
1 4
3 8
6 #edges
8 1
8 4
0 2
2 3
10 8
3 10
6 #edges
8 1
0 2
2 3
10 8
1 4
3 10
2 #trees for patient 23
6 #edges
8 10
0 3
2 8
10 1
10 4
3 2
6 #edges
8 10
0 3
2 8
10 1
1 4
3 2
24 #trees for patient 24
6 #edges
8 2
0 3
2 1
2 4
10 8
3 10
6 #edges
8 1
8 4
0 3
2 8
10 2
3 10
6 #edges
8 2
0 3
2 10
10 1
10 4
3 8
6 #edges
8 10
0 3
2 1
2 4
10 2
3 8
6 #edges
8 1
8 4
0 3
2 10
10 8
3 2
6 #edges
8 10
0 3
2 8
10 1
10 4
3 2
6 #edges
8 3
0 10
2 1
2 4
10 8
3 2
6 #edges
8 2
0 10
2 3
10 8
3 1
3 4
6 #edges
8 3
0 10
2 8
10 2
3 1
3 4
6 #edges
8 1
8 4
0 10
2 3
10 2
3 8
6 #edges
8 2
0 10
2 1
2 4
10 3
3 8
6 #edges
8 1
8 4
0 10
2 8
10 3
3 2
6 #edges
8 1
8 4
0 2
2 3
10 8
3 10
6 #edges
8 10
0 2
2 3
10 1
10 4
3 8
6 #edges
8 3
0 2
2 8
10 1
10 4
3 10
6 #edges
8 10
0 2
2 8
10 3
3 1
3 4
6 #edges
8 1
8 4
0 2
2 10
10 3
3 8
6 #edges
8 3
0 2
2 10
10 8
3 1
3 4
6 #edges
8 2
0 8
2 10
10 3
3 1
3 4
6 #edges
8 2
0 8
2 3
10 1
10 4
3 10
6 #edges
8 3
0 8
2 10
10 1
10 4
3 2
6 #edges
8 3
0 8
2 1
2 4
10 2
3 10
6 #edges
8 10
0 8
2 3
10 2
3 1
3 4
6 #edges
8 10
0 8
2 1
2 4
10 3
3 2
24 #trees for patient 25
6 #edges
8 1
8 4
0 3
2 10
10 8
3 2
6 #edges
8 10
0 3
2 8
10 1
10 4
3 2
6 #edges
8 1
8 4
0 3
2 8
10 2
3 10
6 #edges
8 2
0 3
2 1
2 4
10 8
3 10
6 #edges
8 2
0 3
2 10
10 1
10 4
3 8
6 #edges
8 10
0 3
2 1
2 4
10 2
3 8
6 #edges
8 3
0 10
2 8
10 2
3 1
3 4
6 #edges
8 1
8 4
0 10
2 3
10 2
3 8
6 #edges
8 2
0 10
2 1
2 4
10 3
3 8
6 #edges
8 1
8 4
0 10
2 8
10 3
3 2
6 #edges
8 2
0 10
2 3
10 8
3 1
3 4
6 #edges
8 3
0 10
2 1
2 4
10 8
3 2
6 #edges
8 1
8 4
0 2
2 3
10 8
3 10
6 #edges
8 10
0 2
2 3
10 1
10 4
3 8
6 #edges
8 3
0 2
2 10
10 8
3 1
3 4
6 #edges
8 1
8 4
0 2
2 10
10 3
3 8
6 #edges
8 3
0 2
2 8
10 1
10 4
3 10
6 #edges
8 10
0 2
2 8
10 3
3 1
3 4
6 #edges
8 10
0 8
2 1
2 4
10 3
3 2
6 #edges
8 10
0 8
2 3
10 2
3 1
3 4
6 #edges
8 2
0 8
2 3
10 1
10 4
3 10
6 #edges
8 2
0 8
2 10
10 3
3 1
3 4
6 #edges
8 3
0 8
2 10
10 1
10 4
3 2
6 #edges
8 3
0 8
2 1
2 4
10 2
3 10
2 #trees for patient 26
6 #edges
8 10
0 3
2 8
10 1
10 4
3 2
6 #edges
8 10
0 2
2 3
10 1
10 4
3 8
2 #trees for patient 27
6 #edges
8 2
0 3
2 10
10 1
10 4
3 8
6 #edges
8 10
0 3
2 8
10 1
10 4
3 2
6 #trees for patient 28
6 #edges
8 10
0 3
2 8
10 1
10 4
3 2
6 #edges
8 2
0 3
2 10
10 1
10 4
3 8
6 #edges
8 10
0 2
2 3
10 1
10 4
3 8
6 #edges
8 3
0 2
2 8
10 1
10 4
3 10
6 #edges
8 2
0 8
2 3
10 1
10 4
3 10
6 #edges
8 3
0 8
2 10
10 1
10 4
3 2
172 #trees for patient 29
6 #edges
6 1
6 9
0 7
0 4
7 6
4 10
6 #edges
6 1
0 7
0 4
1 9
7 6
4 10
6 #edges
6 9
0 7
0 4
9 1
7 6
4 10
6 #edges
6 7
0 6
0 4
9 1
7 9
4 10
6 #edges
6 7
0 6
0 4
7 1
7 9
4 10
6 #edges
6 7
0 6
0 4
1 9
7 1
4 10
6 #edges
6 10
6 9
0 7
0 4
9 1
7 6
6 #edges
6 10
6 1
6 9
0 7
0 4
7 6
6 #edges
6 10
6 1
0 7
0 4
1 9
7 6
6 #edges
6 1
6 9
0 7
0 4
1 10
7 6
6 #edges
6 1
6 9
0 7
0 4
9 10
7 6
6 #edges
6 1
0 7
0 4
1 9
9 10
7 6
6 #edges
6 9
0 7
0 4
1 10
9 1
7 6
6 #edges
6 7
0 6
0 4
1 10
7 1
7 9
6 #edges
6 7
0 6
0 4
1 9
7 10
7 1
6 #edges
6 7
0 6
0 4
7 10
7 1
7 9
6 #edges
6 7
0 6
0 4
1 9
9 10
7 1
6 #edges
6 7
0 6
0 4
9 10
7 1
7 9
6 #edges
6 7
0 6
0 4
9 1
7 10
7 9
6 #edges
6 7
0 6
0 4
1 10
9 1
7 9
6 #edges
6 1
6 9
6 4
0 10
0 7
7 6
6 #edges
6 9
6 4
0 10
0 7
9 1
7 6
6 #edges
6 1
6 9
0 10
0 7
9 4
7 6
6 #edges
6 1
6 9
0 10
0 7
1 4
7 6
6 #edges
6 1
6 9
0 10
0 7
10 4
7 6
6 #edges
6 9
0 10
0 7
10 4
9 1
7 6
6 #edges
6 9
0 10
0 7
1 4
9 1
7 6
6 #edges
6 1
0 10
0 7
10 4
1 9
7 6
6 #edges
6 1
6 4
0 10
0 7
1 9
7 6
6 #edges
6 1
0 10
0 7
1 9
9 4
7 6
6 #edges
6 7
0 6
0 10
10 4
1 9
7 1
6 #edges
6 7
0 6
0 10
10 4
7 1
7 9
6 #edges
6 7
0 6
0 10
10 4
9 1
7 9
6 #edges
6 7
0 6
0 10
1 4
9 1
7 9
6 #edges
6 7
0 6
0 10
9 1
7 9
7 4
6 #edges
6 7
0 6
0 10
9 4
7 1
7 9
6 #edges
6 7
0 6
0 10
7 1
7 9
7 4
6 #edges
6 7
0 6
0 10
1 4
7 1
7 9
6 #edges
6 7
0 6
0 10
1 9
7 1
7 4
6 #edges
6 7
0 6
0 10
1 9
9 4
7 1
6 #edges
6 7
0 6
0 9
9 4
7 10
7 1
6 #edges
6 7
0 6
0 9
9 4
7 1
4 10
6 #edges
6 7
0 6
0 9
1 10
9 4
7 1
6 #edges
6 1
0 9
0 7
9 4
7 6
4 10
6 #edges
6 1
0 9
0 7
1 10
9 4
7 6
6 #edges
6 10
6 1
0 9
0 7
9 4
7 6
6 #edges
6 1
0 9
0 7
10 4
9 10
7 6
6 #edges
6 7
0 6
0 9
10 4
9 10
7 1
6 #edges
6 7
0 6
0 9
1 4
9 10
7 1
6 #edges
6 7
0 6
0 9
9 10
7 1
7 4
6 #edges
6 1
6 4
0 9
0 7
9 10
7 6
6 #edges
6 1
0 9
0 7
1 4
9 10
7 6
6 #edges
6 7
0 6
0 9
1 4
9 1
4 10
6 #edges
6 7
0 6
0 9
1 4
9 1
7 10
6 #edges
6 10
0 9
0 7
1 4
9 1
7 6
6 #edges
0 9
0 7
1 4
9 1
7 6
4 10
6 #edges
0 9
0 7
10 4
1 10
9 1
7 6
6 #edges
6 4
0 9
0 7
1 10
9 1
7 6
6 #edges
6 7
0 6
0 9
10 4
1 10
9 1
6 #edges
6 7
0 6
0 9
1 10
9 1
7 4
6 #edges
6 10
6 4
0 9
0 7
9 1
7 6
6 #edges
6 10
0 9
0 7
10 4
9 1
7 6
6 #edges
6 4
0 9
0 7
9 1
7 6
4 10
6 #edges
6 7
0 6
0 9
9 1
7 10
7 4
6 #edges
6 7
0 6
0 9
10 4
9 1
7 10
6 #edges
6 7
0 6
0 9
9 1
7 4
4 10
6 #edges
6 10
6 1
0 9
0 7
1 4
7 6
6 #edges
6 10
6 1
6 4
0 9
0 7
7 6
6 #edges
6 10
6 1
0 9
0 7
10 4
7 6
6 #edges
6 1
6 4
0 9
0 7
7 6
4 10
6 #edges
6 1
6 4
0 9
0 7
1 10
7 6
6 #edges
6 1
0 9
0 7
1 4
7 6
4 10
6 #edges
6 1
0 9
0 7
10 4
1 10
7 6
6 #edges
6 7
0 6
0 9
7 10
7 1
7 4
6 #edges
6 7
0 6
0 9
7 1
7 4
4 10
6 #edges
6 7
0 6
0 9
1 10
7 1
7 4
6 #edges
6 7
0 6
0 9
10 4
7 10
7 1
6 #edges
6 7
0 6
0 9
1 4
7 10
7 1
6 #edges
6 7
0 6
0 9
10 4
1 10
7 1
6 #edges
6 7
0 6
0 9
1 4
7 1
4 10
6 #edges
6 10
0 1
0 7
1 9
9 4
7 6
6 #edges
0 1
0 7
1 9
9 4
7 6
4 10
6 #edges
6 7
0 6
0 1
1 9
9 4
4 10
6 #edges
6 7
0 6
0 1
1 9
9 4
7 10
6 #edges
6 7
0 6
0 1
10 4
1 9
9 10
6 #edges
6 7
0 6
0 1
1 9
9 10
7 4
6 #edges
0 1
0 7
10 4
1 9
9 10
7 6
6 #edges
6 4
0 1
0 7
1 9
9 10
7 6
6 #edges
6 10
6 4
0 1
0 7
1 9
7 6
6 #edges
6 4
0 1
0 7
1 9
7 6
4 10
6 #edges
6 10
0 1
0 7
10 4
1 9
7 6
6 #edges
6 7
0 6
0 1
1 9
7 10
7 4
6 #edges
6 7
0 6
0 1
10 4
1 9
7 10
6 #edges
6 7
0 6
0 1
1 9
7 4
4 10
6 #edges
6 9
0 1
0 7
1 4
7 6
4 10
6 #edges
6 10
6 9
0 1
0 7
1 4
7 6
6 #edges
6 9
0 1
0 7
1 4
9 10
7 6
6 #edges
6 9
0 1
0 7
10 4
1 10
7 6
6 #edges
6 9
6 4
0 1
0 7
1 10
7 6
6 #edges
6 9
0 1
0 7
1 10
9 4
7 6
6 #edges
6 10
6 9
6 4
0 1
0 7
7 6
6 #edges
6 9
6 4
0 1
0 7
7 6
4 10
6 #edges
6 9
6 4
0 1
0 7
9 10
7 6
6 #edges
6 10
6 9
0 1
0 7
10 4
7 6
6 #edges
6 10
6 9
0 1
0 7
9 4
7 6
6 #edges
6 9
0 1
0 7
10 4
9 10
7 6
6 #edges
6 9
0 1
0 7
9 4
7 6
4 10
6 #edges
6 7
0 6
0 1
10 4
1 10
7 9
6 #edges
6 7
0 6
0 1
1 10
7 9
7 4
6 #edges
6 7
0 6
0 1
1 10
9 4
7 9
6 #edges
6 7
0 6
0 1
1 4
7 9
4 10
6 #edges
6 7
0 6
0 1
1 4
7 10
7 9
6 #edges
6 7
0 6
0 1
1 4
9 10
7 9
6 #edges
6 7
0 6
0 1
9 4
7 10
7 9
6 #edges
6 7
0 6
0 1
9 4
7 9
4 10
6 #edges
6 7
0 6
0 1
7 9
7 4
4 10
6 #edges
6 7
0 6
0 1
9 10
7 9
7 4
6 #edges
6 7
0 6
0 1
7 10
7 9
7 4
6 #edges
6 7
0 6
0 1
10 4
9 10
7 9
6 #edges
6 7
0 6
0 1
10 4
7 10
7 9
6 #edges
6 1
6 9
6 4
0 7
9 10
7 6
6 #edges
6 10
6 9
6 4
0 7
9 1
7 6
6 #edges
6 1
6 9
6 4
0 7
7 6
4 10
6 #edges
6 9
6 4
0 7
9 1
7 6
4 10
6 #edges
6 1
6 9
6 4
0 7
1 10
7 6
6 #edges
6 9
6 4
0 7
1 10
9 1
7 6
6 #edges
6 1
6 4
0 7
1 9
7 6
4 10
6 #edges
6 10
6 1
6 4
0 7
1 9
7 6
6 #edges
6 1
6 4
0 7
1 9
9 10
7 6
6 #edges
6 10
6 1
6 9
0 7
10 4
7 6
6 #edges
6 10
6 1
0 7
10 4
1 9
7 6
6 #edges
6 10
6 9
0 7
10 4
9 1
7 6
6 #edges
6 10
6 1
6 9
0 7
9 4
7 6
6 #edges
6 10
6 1
6 9
0 7
1 4
7 6
6 #edges
6 10
6 9
0 7
1 4
9 1
7 6
6 #edges
6 10
6 1
0 7
1 9
9 4
7 6
6 #edges
6 1
6 9
0 7
1 4
7 6
4 10
6 #edges
6 1
6 9
0 7
1 4
9 10
7 6
6 #edges
6 1
6 9
0 7
1 10
9 4
7 6
6 #edges
6 1
6 9
0 7
9 4
7 6
4 10
6 #edges
6 1
6 9
0 7
10 4
9 10
7 6
6 #edges
6 1
6 9
0 7
10 4
1 10
7 6
6 #edges
6 9
0 7
10 4
1 10
9 1
7 6
6 #edges
6 9
0 7
1 4
9 1
7 6
4 10
6 #edges
6 1
0 7
1 9
9 4
7 6
4 10
6 #edges
6 1
0 7
10 4
1 9
9 10
7 6
6 #edges
6 7
0 6
10 4
9 10
7 1
7 9
6 #edges
6 7
0 6
9 10
7 1
7 9
7 4
6 #edges
6 7
0 6
1 4
9 10
7 1
7 9
6 #edges
6 7
0 6
1 10
9 1
7 9
7 4
6 #edges
6 7
0 6
10 4
1 10
9 1
7 9
6 #edges
6 7
0 6
9 1
7 10
7 9
7 4
6 #edges
6 7
0 6
10 4
9 1
7 10
7 9
6 #edges
6 7
0 6
1 4
9 1
7 10
7 9
6 #edges
6 7
0 6
9 1
7 9
7 4
4 10
6 #edges
6 7
0 6
1 4
9 1
7 9
4 10
6 #edges
6 7
0 6
1 10
9 4
7 1
7 9
6 #edges
6 7
0 6
9 4
7 10
7 1
7 9
6 #edges
6 7
0 6
9 4
7 1
7 9
4 10
6 #edges
6 7
0 6
10 4
7 10
7 1
7 9
6 #edges
6 7
0 6
1 4
7 10
7 1
7 9
6 #edges
6 7
0 6
1 4
7 1
7 9
4 10
6 #edges
6 7
0 6
10 4
1 10
7 1
7 9
6 #edges
6 7
0 6
1 10
7 1
7 9
7 4
6 #edges
6 7
0 6
7 1
7 9
7 4
4 10
6 #edges
6 7
0 6
10 4
1 9
7 10
7 1
6 #edges
6 7
0 6
1 9
7 10
7 1
7 4
6 #edges
6 7
0 6
1 9
9 4
7 10
7 1
6 #edges
6 7
0 6
1 9
9 10
7 1
7 4
6 #edges
6 7
0 6
1 9
7 1
7 4
4 10
6 #edges
6 7
0 6
1 9
9 4
7 1
4 10
6 #edges
6 7
0 6
10 4
1 9
9 10
7 1
2 #trees for patient 30
6 #edges
6 4
0 1
0 7
1 9
7 6
4 10
6 #edges
6 7
0 6
0 1
1 9
7 4
4 10
24 #trees for patient 31
6 #edges
6 10
0 9
0 7
10 4
9 1
7 6
6 #edges
6 4
0 9
0 7
9 1
7 6
4 10
6 #edges
6 10
0 9
0 7
10 4
7 6
4 1
6 #edges
6 4
0 9
0 7
10 1
7 6
4 10
6 #edges
6 7
0 6
0 9
9 1
7 4
4 10
6 #edges
6 7
0 6
0 9
10 4
9 1
7 10
6 #edges
6 7
0 6
0 9
10 1
7 4
4 10
6 #edges
6 7
0 6
0 9
10 4
7 10
4 1
6 #edges
6 7
0 6
0 1
10 4
1 9
7 10
6 #edges
6 7
0 6
0 1
10 4
7 10
4 9
6 #edges
6 7
0 6
0 1
1 9
7 4
4 10
6 #edges
6 7
0 6
0 1
10 9
7 4
4 10
6 #edges
6 4
0 1
0 7
10 9
7 6
4 10
6 #edges
6 4
0 1
0 7
1 9
7 6
4 10
6 #edges
6 10
0 1
0 7
10 4
1 9
7 6
6 #edges
6 10
0 1
0 7
10 4
7 6
4 9
6 #edges
6 4
0 7
10 9
9 1
7 6
4 10
6 #edges
6 4
0 7
10 1
1 9
7 6
4 10
6 #edges
6 10
0 7
10 4
9 1
7 6
4 9
6 #edges
6 10
0 7
10 4
1 9
7 6
4 1
6 #edges
6 7
0 6
10 4
9 1
7 10
4 9
6 #edges
6 7
0 6
10 4
1 9
7 10
4 1
6 #edges
6 7
0 6
10 9
9 1
7 4
4 10
6 #edges
6 7
0 6
10 1
1 9
7 4
4 10
4 #trees for patient 32
6 #edges
6 10
6 4
0 1
0 7
1 9
7 6
6 #edges
6 4
0 1
0 7
1 9
7 6
4 10
6 #edges
6 7
0 6
0 1
1 9
7 4
4 10
6 #edges
6 7
0 6
0 1
1 9
7 10
7 4
2 #trees for patient 33
6 #edges
6 10
0 1
0 7
10 4
1 9
7 6
6 #edges
6 4
0 1
0 7
1 9
7 6
4 10
4 #trees for patient 34
6 #edges
6 10
0 1
0 7
1 9
7 4
4 6
6 #edges
6 4
0 1
0 7
1 9
7 6
4 10
6 #edges
6 4
0 1
0 7
10 9
7 6
4 10
6 #edges
6 10
0 1
0 7
10 9
7 4
4 6
24 #trees for patient 35
6 #edges
6 4
0 1
0 7
1 9
7 6
4 10
6 #edges
6 4
0 1
0 7
1 9
9 10
7 6
6 #edges
6 10
0 1
0 7
10 4
1 9
7 6
6 #edges
6 10
0 1
0 7
1 9
9 4
7 6
6 #edges
0 1
0 7
1 9
9 4
7 6
4 10
6 #edges
0 1
0 7
10 4
1 9
9 10
7 6
6 #edges
6 10
0 1
0 7
1 9
7 4
4 6
6 #edges
0 1
0 7
1 9
9 10
7 4
4 6
6 #edges
0 1
0 7
1 9
9 6
7 4
4 10
6 #edges
6 10
0 1
0 7
1 9
9 6
7 4
6 #edges
0 1
0 7
10 6
1 9
9 10
7 4
6 #edges
0 1
0 7
10 6
1 9
7 4
4 10
6 #edges
6 4
0 1
0 7
1 9
9 6
7 10
6 #edges
0 1
0 7
10 4
1 9
9 6
7 10
6 #edges
6 4
0 1
0 7
10 6
1 9
7 10
6 #edges
0 1
0 7
10 6
1 9
9 4
7 10
6 #edges
0 1
0 7
10 4
1 9
7 10
4 6
6 #edges
0 1
0 7
1 9
9 4
7 10
4 6
6 #edges
6 4
0 1
0 7
10 6
1 9
9 10
6 #edges
0 1
0 7
10 4
1 9
9 10
4 6
6 #edges
6 10
0 1
0 7
1 9
9 4
4 6
6 #edges
0 1
0 7
10 6
1 9
9 4
4 10
6 #edges
6 4
0 1
0 7
1 9
9 6
4 10
6 #edges
6 10
0 1
0 7
10 4
1 9
9 6
24 #trees for patient 36
6 #edges
6 1
0 10
0 7
1 9
7 4
4 6
6 #edges
6 9
0 10
0 7
9 1
7 4
4 6
6 #edges
6 4
0 10
0 7
1 9
7 6
4 1
6 #edges
6 4
0 10
0 7
9 1
7 6
4 9
6 #edges
6 4
0 9
0 7
1 10
9 1
7 6
6 #edges
6 4
0 9
0 7
9 1
7 6
4 10
6 #edges
0 9
0 7
1 10
9 1
7 4
4 6
6 #edges
6 10
0 9
0 7
9 1
7 4
4 6
6 #edges
6 1
0 9
0 7
9 10
7 4
4 6
6 #edges
6 4
0 9
0 7
9 10
7 6
4 1
6 #edges
6 4
0 9
0 7
1 10
7 6
4 1
6 #edges
6 1
0 9
0 7
1 10
7 4
4 6
6 #edges
6 4
0 1
0 7
1 9
9 10
7 6
6 #edges
0 1
0 7
1 9
9 10
7 4
4 6
6 #edges
6 4
0 1
0 7
1 9
7 6
4 10
6 #edges
6 10
0 1
0 7
1 9
7 4
4 6
6 #edges
6 4
0 1
0 7
1 10
7 6
4 9
6 #edges
6 9
0 1
0 7
1 10
7 4
4 6
6 #edges
6 9
0 1
0 7
9 10
7 4
4 6
6 #edges
6 4
0 1
0 7
9 10
7 6
4 9
6 #edges
6 1
0 7
1 9
9 10
7 4
4 6
6 #edges
6 9
0 7
1 10
9 1
7 4
4 6
6 #edges
6 4
0 7
1 9
9 10
7 6
4 1
6 #edges
6 4
0 7
1 10
9 1
7 6
4 9
4 #trees for patient 37
6 #edges
6 10
0 1
0 7
10 4
1 9
7 6
6 #edges
6 4
0 1
0 7
1 9
7 6
4 10
6 #edges
6 7
0 6
0 1
10 4
1 9
7 10
6 #edges
6 7
0 6
0 1
1 9
7 4
4 10
6 #trees for patient 38
6 #edges
0 1
0 7
10 4
1 9
7 10
4 6
6 #edges
6 4
0 1
0 7
10 6
1 9
7 10
6 #edges
6 10
0 1
0 7
1 9
7 4
4 6
6 #edges
0 1
0 7
10 6
1 9
7 4
4 10
6 #edges
6 10
0 1
0 7
10 4
1 9
7 6
6 #edges
6 4
0 1
0 7
1 9
7 6
4 10
6 #trees for patient 39
6 #edges
6 4
0 1
0 9
0 7
7 6
4 10
6 #edges
6 7
0 6
0 1
0 9
7 4
4 10
6 #edges
6 7
0 6
0 9
9 1
7 4
4 10
6 #edges
6 4
0 9
0 7
9 1
7 6
4 10
6 #edges
6 7
0 6
0 1
1 9
7 4
4 10
6 #edges
6 4
0 1
0 7
1 9
7 6
4 10
4 #trees for patient 40
6 #edges
6 7
0 6
0 1
10 9
7 4
4 10
6 #edges
6 7
0 6
0 1
1 9
7 4
4 10
6 #edges
6 4
0 1
0 7
1 9
7 6
4 10
6 #edges
6 4
0 1
0 7
10 9
7 6
4 10
4 #trees for patient 41
6 #edges
6 10
0 9
0 7
10 4
9 1
7 6
6 #edges
6 4
0 9
0 7
9 1
7 6
4 10
6 #edges
6 10
0 1
0 7
10 4
1 9
7 6
6 #edges
6 4
0 1
0 7
1 9
7 6
4 10
6 #trees for patient 42
6 #edges
6 9
0 6
0 11
0 7
1 8
9 1
6 #edges
6 9
0 6
0 11
0 7
9 1
7 8
6 #edges
6 9
0 6
0 7
9 11
9 1
7 8
6 #edges
6 9
0 6
0 7
1 11
9 1
7 8
6 #edges
6 9
0 6
0 7
1 8
9 11
9 1
6 #edges
6 9
0 6
0 7
1 8
1 11
9 1
4 #trees for patient 43
6 #edges
6 1
0 6
0 11
0 7
1 9
9 8
6 #edges
6 1
11 8
0 6
0 11
0 7
1 9
6 #edges
6 9
11 8
0 6
0 11
0 7
9 1
6 #edges
6 9
0 6
0 11
0 7
1 8
9 1
12 #trees for patient 44
6 #edges
6 9
0 11
0 1
0 7
1 6
9 8
6 #edges
6 8
0 11
0 1
0 7
1 9
9 6
6 #edges
6 1
0 6
0 11
0 7
1 9
9 8
6 #edges
6 9
0 6
0 11
0 7
1 8
9 1
6 #edges
6 8
0 11
0 9
0 7
1 6
9 1
6 #edges
6 1
0 11
0 9
0 7
1 8
9 6
6 #edges
6 9
0 6
0 11
1 8
1 7
9 1
6 #edges
6 1
0 6
0 11
1 9
9 8
9 7
6 #edges
6 9
0 11
0 1
1 6
9 8
9 7
6 #edges
6 8
6 7
0 11
0 1
1 9
9 6
6 #edges
6 1
0 11
0 9
1 8
1 7
9 6
6 #edges
6 8
6 7
0 11
0 9
1 6
9 1
1 #trees for patient 45
6 #edges
6 9
0 6
0 11
0 7
1 8
9 1
30 #trees for patient 46
6 #edges
6 11
0 8
0 9
0 7
1 6
9 1
6 #edges
6 1
0 8
0 9
0 7
1 11
9 6
6 #edges
6 1
0 6
0 8
0 7
1 9
9 11
6 #edges
6 9
0 6
0 8
0 7
1 11
9 1
6 #edges
6 9
0 8
0 1
0 7
1 6
9 11
6 #edges
6 11
0 8
0 1
0 7
1 9
9 6
6 #edges
6 1
11 8
0 6
0 11
0 7
1 9
6 #edges
6 9
11 8
0 6
0 11
0 7
9 1
6 #edges
6 9
0 6
0 11
0 7
1 8
9 1
6 #edges
6 1
0 6
0 11
0 7
1 9
9 8
6 #edges
6 1
11 8
0 11
0 9
0 7
9 6
6 #edges
11 8
0 11
0 9
0 7
1 6
9 1
6 #edges
11 8
0 11
0 1
0 7
1 9
9 6
6 #edges
6 9
11 8
0 11
0 1
0 7
1 6
6 #edges
6 8
0 11
0 1
0 7
1 9
9 6
6 #edges
6 9
0 11
0 1
0 7
1 6
9 8
6 #edges
6 1
0 11
0 9
0 7
1 8
9 6
6 #edges
6 8
0 11
0 9
0 7
1 6
9 1
6 #edges
6 8
6 11
0 9
0 7
1 6
9 1
6 #edges
6 11
11 8
0 9
0 7
1 6
9 1
6 #edges
6 1
0 9
0 7
1 8
1 11
9 6
6 #edges
6 1
11 8
0 9
0 7
1 11
9 6
6 #edges
6 9
11 8
0 1
0 7
1 6
9 11
6 #edges
6 9
0 1
0 7
1 6
9 8
9 11
6 #edges
6 8
6 11
0 1
0 7
1 9
9 6
6 #edges
6 11
11 8
0 1
0 7
1 9
9 6
6 #edges
6 9
11 8
0 6
0 7
1 11
9 1
6 #edges
6 9
0 6
0 7
1 8
1 11
9 1
6 #edges
6 1
11 8
0 6
0 7
1 9
9 11
6 #edges
6 1
0 6
0 7
1 9
9 8
9 11
6 #trees for patient 47
6 #edges
6 1
0 11
0 9
0 7
1 8
9 6
6 #edges
6 8
0 11
0 9
0 7
1 6
9 1
6 #edges
6 9
0 11
0 1
0 7
1 6
9 8
6 #edges
6 8
0 11
0 1
0 7
1 9
9 6
6 #edges
6 1
0 6
0 11
0 7
1 9
9 8
6 #edges
6 9
0 6
0 11
0 7
1 8
9 1
2 #trees for patient 48
6 #edges
6 9
0 6
0 11
0 7
1 8
9 1
6 #edges
6 9
8 1
0 6
0 11
0 7
9 8
4 #trees for patient 49
6 #edges
6 9
0 6
0 11
0 7
9 1
7 8
6 #edges
6 1
0 6
0 11
0 7
1 9
7 8
6 #edges
6 1
0 6
0 11
0 7
1 9
9 8
6 #edges
6 9
0 6
0 11
0 7
1 8
9 1
