100 # patients
5 #trees for patient 0
6 #edges
6 9
6 1
9 7
1 5
7 8
0 6
6 #edges
6 9
6 1
9 7
7 5
7 8
0 6
6 #edges
6 5
6 9
9 7
7 1
7 8
0 6
6 #edges
6 9
9 7
7 5
7 1
7 8
0 6
6 #edges
6 9
9 7
1 5
7 1
7 8
0 6
4 #trees for patient 1
6 #edges
6 1
6 7
9 5
9 8
7 9
0 6
6 #edges
6 1
6 7
9 5
1 8
7 9
0 6
6 #edges
6 9
6 1
9 7
1 8
7 5
0 6
6 #edges
6 9
6 1
9 7
7 5
7 8
0 6
4 #trees for patient 2
6 #edges
6 9
6 1
9 7
7 5
7 8
0 6
6 #edges
6 9
6 1
5 8
9 7
7 5
0 6
6 #edges
6 1
6 7
5 8
9 5
7 9
0 6
6 #edges
6 1
6 7
9 5
9 8
7 9
0 6
22 #trees for patient 3
6 #edges
6 9
6 1
6 8
9 5
9 7
0 6
6 #edges
6 9
6 1
6 8
9 7
7 5
0 6
6 #edges
6 5
6 9
6 1
9 7
9 8
0 6
6 #edges
6 5
6 9
6 1
9 7
7 8
0 6
6 #edges
6 5
6 9
6 1
5 8
9 7
0 6
6 #edges
6 9
6 1
9 5
9 7
9 8
0 6
6 #edges
6 9
6 1
9 7
9 8
7 5
0 6
6 #edges
6 9
6 1
9 7
7 5
7 8
0 6
6 #edges
6 9
6 1
5 8
9 7
7 5
0 6
6 #edges
6 9
6 1
5 8
9 5
9 7
0 6
6 #edges
6 9
6 1
9 5
9 7
7 8
0 6
6 #edges
6 9
5 8
9 1
9 7
7 5
0 6
6 #edges
6 9
9 1
9 7
9 8
7 5
0 6
6 #edges
6 9
9 1
9 7
7 5
7 8
0 6
6 #edges
6 9
6 8
9 1
9 7
7 5
0 6
6 #edges
6 9
6 8
9 5
9 1
9 7
0 6
6 #edges
6 9
9 5
9 1
9 7
7 8
0 6
6 #edges
6 9
5 8
9 5
9 1
9 7
0 6
6 #edges
6 9
9 5
9 1
9 7
9 8
0 6
6 #edges
6 5
6 9
9 1
9 7
9 8
0 6
6 #edges
6 5
6 9
5 8
9 1
9 7
0 6
6 #edges
6 5
6 9
9 1
9 7
7 8
0 6
8 #trees for patient 4
6 #edges
6 1
6 7
9 5
7 9
0 6
0 8
6 #edges
6 1
6 7
1 5
7 9
0 6
0 8
6 #edges
6 9
6 1
9 7
7 5
0 6
0 8
6 #edges
6 9
6 1
9 7
1 5
0 6
0 8
6 #edges
6 1
6 7
9 5
9 8
7 9
0 6
6 #edges
6 1
6 7
9 8
1 5
7 9
0 6
6 #edges
6 9
6 1
9 7
1 5
7 8
0 6
6 #edges
6 9
6 1
9 7
7 5
7 8
0 6
4 #trees for patient 5
6 #edges
6 7
9 5
9 8
7 9
0 6
0 1
6 #edges
6 9
9 7
7 5
7 8
0 6
0 1
6 #edges
6 9
6 1
9 7
7 5
7 8
0 6
6 #edges
6 1
6 7
9 5
9 8
7 9
0 6
2 #trees for patient 6
6 #edges
6 9
6 1
9 7
7 5
7 8
0 6
6 #edges
6 9
5 1
9 7
7 5
7 8
0 6
1 #trees for patient 7
6 #edges
6 9
6 1
9 7
7 5
7 8
0 6
4 #trees for patient 8
6 #edges
6 1
6 7
9 8
1 5
7 9
0 6
6 #edges
6 1
6 7
9 5
9 8
7 9
0 6
6 #edges
6 9
6 1
9 7
1 5
7 8
0 6
6 #edges
6 9
6 1
9 7
7 5
7 8
0 6
12 #trees for patient 9
6 #edges
6 9
6 8
9 7
7 5
0 6
0 1
6 #edges
6 9
9 7
7 5
7 8
0 6
0 1
6 #edges
6 7
6 8
9 5
7 9
0 6
0 1
6 #edges
6 7
9 5
9 8
7 9
0 6
0 1
6 #edges
6 1
6 7
6 8
9 5
7 9
0 6
6 #edges
6 1
6 7
9 5
9 8
7 9
0 6
6 #edges
6 7
9 5
9 1
9 8
7 9
0 6
6 #edges
6 7
6 8
9 5
9 1
7 9
0 6
6 #edges
6 9
6 1
6 8
9 7
7 5
0 6
6 #edges
6 9
6 1
9 7
7 5
7 8
0 6
6 #edges
6 9
6 8
9 7
7 5
7 1
0 6
6 #edges
6 9
9 7
7 5
7 1
7 8
0 6
4 #trees for patient 10
6 #edges
6 9
6 1
9 7
7 5
7 8
0 6
6 #edges
6 9
6 1
5 8
9 7
7 5
0 6
6 #edges
6 1
6 7
9 5
9 8
7 9
0 6
6 #edges
6 1
6 7
5 8
9 5
7 9
0 6
10 #trees for patient 11
6 #edges
6 9
9 5
9 1
9 7
7 8
0 6
6 #edges
6 9
6 1
9 5
9 7
7 8
0 6
6 #edges
6 9
9 5
9 7
7 1
7 8
0 6
6 #edges
6 5
6 9
9 1
9 7
7 8
0 6
6 #edges
6 9
9 1
9 7
7 5
7 8
0 6
6 #edges
6 9
9 1
9 7
1 5
7 8
0 6
6 #edges
6 9
6 1
9 7
7 5
7 8
0 6
6 #edges
6 9
6 1
9 7
1 5
7 8
0 6
6 #edges
6 5
6 9
9 7
7 1
7 8
0 6
6 #edges
6 9
9 7
1 5
7 1
7 8
0 6
2 #trees for patient 12
6 #edges
6 9
6 1
9 7
7 5
7 8
0 6
6 #edges
6 9
9 1
9 7
7 5
7 8
0 6
6 #trees for patient 13
6 #edges
6 9
6 1
9 5
9 7
0 6
0 8
6 #edges
6 9
6 1
9 7
7 5
0 6
0 8
6 #edges
6 9
6 1
9 5
9 7
1 8
0 6
6 #edges
6 9
6 1
9 5
9 7
7 8
0 6
6 #edges
6 9
6 1
9 7
1 8
7 5
0 6
6 #edges
6 9
6 1
9 7
7 5
7 8
0 6
7 #trees for patient 14
6 #edges
6 9
6 1
9 7
1 8
7 5
0 6
6 #edges
6 9
6 1
9 7
7 5
7 8
0 6
6 #edges
6 9
6 1
5 8
9 7
7 5
0 6
6 #edges
6 9
6 8
5 1
9 7
7 5
0 6
6 #edges
6 9
5 1
9 7
7 5
7 8
0 6
6 #edges
6 9
5 1
5 8
9 7
7 5
0 6
6 #edges
6 9
5 1
9 7
1 8
7 5
0 6
6 #trees for patient 15
6 #edges
6 9
6 1
5 8
9 7
7 5
0 6
6 #edges
6 9
6 1
9 7
9 8
7 5
0 6
6 #edges
6 9
6 1
9 7
7 5
7 8
0 6
6 #edges
6 9
9 1
9 7
7 5
7 8
0 6
6 #edges
6 9
9 1
9 7
9 8
7 5
0 6
6 #edges
6 9
5 8
9 1
9 7
7 5
0 6
6 #trees for patient 16
6 #edges
6 9
6 1
9 7
7 5
7 8
0 6
6 #edges
6 9
6 1
9 7
7 8
8 5
0 6
6 #edges
6 9
9 1
9 7
7 5
7 8
0 6
6 #edges
6 9
9 1
9 7
7 8
8 5
0 6
6 #edges
6 9
9 7
7 5
7 8
8 1
0 6
6 #edges
6 9
9 7
7 8
8 5
8 1
0 6
4 #trees for patient 17
6 #edges
6 1
6 7
9 5
9 8
7 9
0 6
6 #edges
6 1
6 7
9 5
1 8
7 9
0 6
6 #edges
6 9
6 1
9 7
1 8
7 5
0 6
6 #edges
6 9
6 1
9 7
7 5
7 8
0 6
2 #trees for patient 18
6 #edges
6 9
6 1
9 7
7 5
7 8
0 6
6 #edges
6 9
6 1
9 5
9 7
7 8
0 6
4 #trees for patient 19
6 #edges
6 9
6 1
9 7
7 5
7 8
0 6
6 #edges
6 5
6 9
6 1
9 7
7 8
0 6
6 #edges
6 9
9 7
7 5
7 8
8 1
0 6
6 #edges
6 5
6 9
9 7
7 8
8 1
0 6
1 #trees for patient 20
6 #edges
6 9
6 1
9 7
7 5
7 8
0 6
4 #trees for patient 21
6 #edges
6 9
6 1
9 7
7 5
7 8
0 6
6 #edges
6 9
6 1
9 7
1 5
7 8
0 6
6 #edges
6 1
6 7
9 8
1 5
7 9
0 6
6 #edges
6 1
6 7
9 5
9 8
7 9
0 6
2 #trees for patient 22
6 #edges
6 9
6 1
9 7
7 5
7 8
0 6
6 #edges
6 9
6 8
9 7
7 5
7 1
0 6
6 #trees for patient 23
6 #edges
6 9
6 1
9 7
9 8
7 5
0 6
6 #edges
6 9
6 1
9 7
7 5
7 8
0 6
6 #edges
6 9
6 1
5 8
9 7
7 5
0 6
6 #edges
6 9
5 1
9 7
9 8
7 5
0 6
6 #edges
6 9
5 1
5 8
9 7
7 5
0 6
6 #edges
6 9
5 1
9 7
7 5
7 8
0 6
8 #trees for patient 24
6 #edges
6 7
9 5
9 1
9 8
7 9
0 6
6 #edges
6 1
6 7
9 5
9 8
7 9
0 6
6 #edges
6 7
5 8
9 5
9 1
7 9
0 6
6 #edges
6 1
6 7
5 8
9 5
7 9
0 6
6 #edges
6 9
6 1
5 8
9 7
7 5
0 6
6 #edges
6 9
6 1
9 7
7 5
7 8
0 6
6 #edges
6 9
9 7
7 5
7 1
7 8
0 6
6 #edges
6 9
5 8
9 7
7 5
7 1
0 6
3 #trees for patient 25
6 #edges
6 9
6 1
9 7
7 5
7 8
0 6
6 #edges
6 9
6 1
9 7
7 8
8 5
0 6
6 #edges
6 9
9 7
7 1
7 8
8 5
0 6
2 #trees for patient 26
6 #edges
6 9
6 1
9 7
9 8
7 5
0 6
6 #edges
6 9
6 1
9 7
7 5
7 8
0 6
2 #trees for patient 27
6 #edges
6 9
6 1
9 7
7 5
7 8
0 6
6 #edges
6 1
6 7
9 5
9 8
7 9
0 6
2 #trees for patient 28
6 #edges
6 9
6 1
9 7
7 5
7 8
0 6
6 #edges
6 9
5 1
9 7
7 5
7 8
0 6
6 #trees for patient 29
6 #edges
6 9
6 1
9 7
7 5
7 8
0 6
6 #edges
6 9
6 1
5 8
9 7
7 5
0 6
6 #edges
6 9
9 7
7 5
7 1
7 8
0 6
6 #edges
6 9
5 8
9 7
7 5
7 1
0 6
6 #edges
6 9
9 1
9 7
7 5
7 8
0 6
6 #edges
6 9
5 8
9 1
9 7
7 5
0 6
1 #trees for patient 30
6 #edges
6 9
6 1
9 7
7 5
7 8
0 6
2 #trees for patient 31
6 #edges
6 9
4 11
4 5
11 6
9 10
0 4
6 #edges
6 10
4 11
4 5
11 6
0 4
10 9
2 #trees for patient 32
6 #edges
6 10
4 11
4 5
11 9
9 6
0 4
6 #edges
6 9
4 11
4 5
11 6
9 10
0 4
1 #trees for patient 33
6 #edges
6 9
4 11
4 5
11 6
9 10
0 4
6 #trees for patient 34
6 #edges
4 11
4 5
11 9
9 10
0 4
10 6
6 #edges
6 10
4 11
4 5
11 9
9 6
0 4
6 #edges
6 10
4 11
4 5
11 6
0 4
10 9
6 #edges
6 9
4 11
4 5
11 6
9 10
0 4
6 #edges
4 11
4 5
11 10
9 6
0 4
10 9
6 #edges
6 9
4 11
4 5
11 10
0 4
10 6
6 #trees for patient 35
6 #edges
6 10
4 5
4 9
11 6
9 11
0 4
6 #edges
6 11
4 5
4 9
11 10
9 6
0 4
6 #edges
6 10
4 11
4 5
11 9
9 6
0 4
6 #edges
6 9
4 11
4 5
11 6
9 10
0 4
6 #edges
6 11
4 6
4 5
11 9
9 10
0 4
6 #edges
6 9
4 6
4 5
11 10
9 11
0 4
2 #trees for patient 36
6 #edges
6 9
4 11
4 5
11 6
9 10
0 4
6 #edges
6 10
4 11
4 5
11 9
9 6
0 4
2 #trees for patient 37
6 #edges
6 9
4 11
4 5
11 6
9 10
0 4
6 #edges
6 10
4 11
4 5
11 9
9 6
0 4
4 #trees for patient 38
6 #edges
6 10
4 11
4 5
11 9
9 6
0 4
6 #edges
6 9
4 11
4 5
11 6
9 10
0 4
6 #edges
6 10
4 11
11 9
9 6
0 4
10 5
6 #edges
6 9
4 11
11 6
9 10
0 4
10 5
4 #trees for patient 39
6 #edges
6 10
4 11
4 5
11 6
0 4
10 9
6 #edges
6 9
4 11
4 5
11 6
9 10
0 4
6 #edges
6 11
4 6
4 5
11 9
9 10
0 4
6 #edges
6 11
4 6
4 5
11 10
0 4
10 9
12 #trees for patient 40
6 #edges
4 11
4 5
11 6
11 9
9 10
0 4
6 #edges
6 10
4 11
4 5
11 6
11 9
0 4
6 #edges
6 10
4 11
4 5
11 6
0 4
10 9
6 #edges
6 9
4 11
4 5
11 6
9 10
0 4
6 #edges
6 9
4 11
4 5
11 6
11 10
0 4
6 #edges
4 11
4 5
11 6
11 10
0 4
10 9
6 #edges
6 10
4 11
11 6
11 5
11 9
0 4
6 #edges
6 10
4 11
11 6
11 5
0 4
10 9
6 #edges
4 11
11 6
11 5
11 10
0 4
10 9
6 #edges
6 9
4 11
11 6
11 5
11 10
0 4
6 #edges
6 9
4 11
11 6
11 5
9 10
0 4
6 #edges
4 11
11 6
11 5
11 9
9 10
0 4
8 #trees for patient 41
6 #edges
4 11
4 5
11 6
11 9
11 10
0 4
6 #edges
4 11
4 5
11 6
11 9
9 10
0 4
6 #edges
6 10
4 11
4 5
11 6
11 9
0 4
6 #edges
6 9
6 10
4 11
4 5
11 6
0 4
6 #edges
6 10
4 11
4 5
11 6
0 4
10 9
6 #edges
6 9
4 11
4 5
11 6
11 10
0 4
6 #edges
6 9
4 11
4 5
11 6
9 10
0 4
6 #edges
4 11
4 5
11 6
11 10
0 4
10 9
4 #trees for patient 42
6 #edges
6 9
4 11
4 5
11 6
0 4
0 10
6 #edges
6 9
4 11
11 6
11 5
0 4
0 10
6 #edges
6 9
4 11
4 5
11 6
9 10
0 4
6 #edges
6 9
4 11
11 6
11 5
9 10
0 4
2 #trees for patient 43
6 #edges
6 9
4 11
4 5
11 6
5 10
0 4
6 #edges
6 9
4 11
4 5
11 6
9 10
0 4
24 #trees for patient 44
6 #edges
6 9
4 11
11 6
9 10
0 4
0 5
6 #edges
6 10
4 11
11 6
0 4
0 5
10 9
6 #edges
6 10
4 11
11 9
9 6
0 4
0 5
6 #edges
4 11
11 9
9 10
0 4
0 5
10 6
6 #edges
6 9
4 11
11 10
0 4
0 5
10 6
6 #edges
4 11
11 10
9 6
0 4
0 5
10 9
6 #edges
6 10
4 11
4 5
11 6
0 4
10 9
6 #edges
6 9
4 11
4 5
11 6
9 10
0 4
6 #edges
6 9
4 11
4 5
11 10
0 4
10 6
6 #edges
4 11
4 5
11 10
9 6
0 4
10 9
6 #edges
4 11
4 5
11 9
9 10
0 4
10 6
6 #edges
6 10
4 11
4 5
11 9
9 6
0 4
6 #edges
4 11
11 5
11 10
9 6
0 4
10 9
6 #edges
6 5
4 11
11 10
9 6
0 4
10 9
6 #edges
6 9
4 11
11 5
11 10
0 4
10 6
6 #edges
6 9
4 11
11 10
9 5
0 4
10 6
6 #edges
6 10
4 11
11 6
9 5
0 4
10 9
6 #edges
6 10
4 11
11 6
11 5
0 4
10 9
6 #edges
6 9
4 11
11 6
11 5
9 10
0 4
6 #edges
6 9
4 11
11 6
9 10
0 4
10 5
6 #edges
4 11
11 5
11 9
9 10
0 4
10 6
6 #edges
6 10
4 11
11 5
11 9
9 6
0 4
6 #edges
6 10
4 11
11 9
9 6
0 4
10 5
6 #edges
6 5
4 11
11 9
9 10
0 4
10 6
18 #trees for patient 45
6 #edges
6 11
4 6
4 5
11 9
9 10
0 4
6 #edges
6 11
4 6
11 9
9 5
9 10
0 4
6 #edges
6 11
4 6
11 9
9 10
0 4
10 5
6 #edges
6 9
4 6
4 5
11 10
9 11
0 4
6 #edges
6 9
4 6
11 5
11 10
9 11
0 4
6 #edges
6 9
4 6
11 10
9 11
0 4
10 5
6 #edges
6 11
4 9
11 5
11 10
9 6
0 4
6 #edges
6 11
4 9
11 10
9 6
0 4
10 5
6 #edges
6 11
4 5
4 9
11 10
9 6
0 4
6 #edges
6 5
6 10
4 9
11 6
9 11
0 4
6 #edges
6 10
4 9
11 6
9 11
0 4
10 5
6 #edges
6 10
4 5
4 9
11 6
9 11
0 4
6 #edges
6 9
4 11
4 5
11 6
9 10
0 4
6 #edges
6 10
4 11
4 5
11 9
9 6
0 4
6 #edges
6 9
4 11
11 6
9 10
0 4
10 5
6 #edges
6 9
4 11
11 6
9 5
9 10
0 4
6 #edges
6 10
4 11
11 9
9 6
0 4
10 5
6 #edges
6 5
6 10
4 11
11 9
9 6
0 4
24 #trees for patient 46
6 #edges
6 9
4 6
4 5
11 10
9 11
0 4
6 #edges
6 9
4 6
4 5
9 10
0 4
10 11
6 #edges
6 10
4 6
4 5
11 9
0 4
10 11
6 #edges
6 10
4 6
4 5
9 11
0 4
10 9
6 #edges
6 11
4 6
4 5
11 9
9 10
0 4
6 #edges
6 11
4 6
4 5
11 10
0 4
10 9
6 #edges
4 5
4 9
11 10
9 11
0 4
10 6
6 #edges
6 10
4 5
4 9
11 6
9 11
0 4
6 #edges
4 5
4 9
11 6
9 10
0 4
10 11
6 #edges
6 11
4 5
4 9
9 10
0 4
10 6
6 #edges
6 11
4 5
4 9
11 10
9 6
0 4
6 #edges
6 10
4 5
4 9
9 6
0 4
10 11
6 #edges
4 5
4 10
11 9
9 6
0 4
10 11
6 #edges
6 9
4 5
4 10
11 6
0 4
10 11
6 #edges
6 11
4 5
4 10
11 9
0 4
10 6
6 #edges
6 9
4 5
4 10
9 11
0 4
10 6
6 #edges
4 5
4 10
11 6
9 11
0 4
10 9
6 #edges
6 11
4 5
4 10
9 6
0 4
10 9
6 #edges
6 10
4 11
4 5
11 6
0 4
10 9
6 #edges
6 9
4 11
4 5
11 6
9 10
0 4
6 #edges
4 11
4 5
11 9
9 10
0 4
10 6
6 #edges
6 10
4 11
4 5
11 9
9 6
0 4
6 #edges
6 9
4 11
4 5
11 10
0 4
10 6
6 #edges
4 11
4 5
11 10
9 6
0 4
10 9
1 #trees for patient 47
6 #edges
6 9
4 11
4 5
11 6
9 10
0 4
10 #trees for patient 48
6 #edges
11 9
9 4
2 3
0 11
0 10
10 2
6 #edges
11 9
3 4
2 3
0 11
0 10
10 2
6 #edges
11 9
9 3
2 4
0 11
0 10
10 2
6 #edges
11 9
9 4
9 3
0 11
0 10
10 2
6 #edges
11 9
9 3
3 4
0 11
0 10
10 2
6 #edges
11 9
9 3
2 10
0 11
0 2
10 4
6 #edges
11 9
9 4
9 3
2 10
0 11
0 2
6 #edges
11 9
9 3
3 4
2 10
0 11
0 2
6 #edges
11 9
3 4
2 10
0 11
0 2
10 3
6 #edges
11 9
9 4
2 10
0 11
0 2
10 3
4 #trees for patient 49
6 #edges
4 9
11 4
3 10
2 3
0 11
0 2
6 #edges
11 9
9 4
3 10
2 3
0 11
0 2
6 #edges
11 9
9 4
2 10
0 11
0 2
10 3
6 #edges
4 9
11 4
2 10
0 11
0 2
10 3
4 #trees for patient 50
6 #edges
11 4
9 11
3 10
2 3
0 9
0 2
6 #edges
11 4
9 11
2 10
0 9
0 2
10 3
6 #edges
11 9
9 4
3 10
2 3
0 11
0 2
6 #edges
11 9
9 4
2 10
0 11
0 2
10 3
4 #trees for patient 51
6 #edges
11 4
11 9
2 10
0 11
0 2
10 3
6 #edges
11 9
9 4
2 10
0 11
0 2
10 3
6 #edges
11 4
11 9
11 3
2 10
0 11
0 2
6 #edges
11 9
11 3
9 4
2 10
0 11
0 2
39 #trees for patient 52
6 #edges
11 9
3 10
0 4
0 11
0 3
0 2
6 #edges
11 9
3 10
0 4
0 11
0 3
10 2
6 #edges
11 9
3 2
0 4
0 11
0 3
0 10
6 #edges
11 9
3 2
2 10
0 4
0 11
0 3
6 #edges
11 9
0 4
0 11
0 3
0 10
10 2
6 #edges
11 9
0 4
0 11
0 3
0 2
0 10
6 #edges
11 9
2 10
0 4
0 11
0 3
0 2
6 #edges
11 9
2 3
0 4
0 11
0 2
0 10
6 #edges
11 9
3 10
2 3
0 4
0 11
0 2
6 #edges
11 9
0 4
0 11
0 2
0 10
10 3
6 #edges
11 9
2 10
0 4
0 11
0 2
10 3
6 #edges
11 9
2 3
0 4
0 11
0 10
10 2
6 #edges
11 9
3 2
0 4
0 11
0 10
10 3
6 #edges
11 4
11 9
3 2
0 11
0 3
0 10
6 #edges
11 9
9 4
3 2
0 11
0 3
0 10
6 #edges
11 4
11 9
0 11
0 3
0 10
10 2
6 #edges
11 9
9 4
0 11
0 3
0 10
10 2
6 #edges
11 4
11 9
0 11
0 3
0 2
0 10
6 #edges
11 9
9 4
0 11
0 3
0 2
0 10
6 #edges
11 4
11 9
0 11
0 2
0 10
10 3
6 #edges
11 9
9 4
0 11
0 2
0 10
10 3
6 #edges
11 4
11 9
3 2
0 11
0 10
10 3
6 #edges
11 9
9 4
3 2
0 11
0 10
10 3
6 #edges
11 9
9 4
2 3
0 11
0 10
10 2
6 #edges
11 4
11 9
2 3
0 11
0 10
10 2
6 #edges
11 9
9 4
2 3
0 11
0 2
0 10
6 #edges
11 4
11 9
2 3
0 11
0 2
0 10
6 #edges
11 4
11 9
3 10
2 3
0 11
0 2
6 #edges
11 9
9 4
3 10
2 3
0 11
0 2
6 #edges
11 4
11 9
2 10
0 11
0 3
0 2
6 #edges
11 9
9 4
2 10
0 11
0 3
0 2
6 #edges
11 4
11 9
3 10
0 11
0 3
0 2
6 #edges
11 9
9 4
3 10
0 11
0 3
0 2
6 #edges
11 9
9 4
2 10
0 11
0 2
10 3
6 #edges
11 4
11 9
2 10
0 11
0 2
10 3
6 #edges
11 4
11 9
3 10
0 11
0 3
10 2
6 #edges
11 9
9 4
3 10
0 11
0 3
10 2
6 #edges
11 4
11 9
3 2
2 10
0 11
0 3
6 #edges
11 9
9 4
3 2
2 10
0 11
0 3
8 #trees for patient 53
6 #edges
11 9
0 4
0 11
0 3
0 10
10 2
6 #edges
11 9
9 4
0 11
0 3
0 10
10 2
6 #edges
11 9
2 10
0 4
0 11
0 3
0 2
6 #edges
11 9
9 4
2 10
0 11
0 3
0 2
6 #edges
11 9
2 10
0 4
0 11
0 2
10 3
6 #edges
11 9
2 3
0 4
0 11
0 10
10 2
6 #edges
11 9
9 4
2 3
0 11
0 10
10 2
6 #edges
11 9
9 4
2 10
0 11
0 2
10 3
6 #trees for patient 54
6 #edges
4 9
11 4
2 10
0 11
0 2
10 3
6 #edges
4 9
11 4
2 3
0 11
0 10
10 2
6 #edges
11 4
11 9
2 3
0 11
0 10
10 2
6 #edges
11 4
11 9
2 10
0 11
0 2
10 3
6 #edges
11 9
9 4
2 10
0 11
0 2
10 3
6 #edges
11 9
9 4
2 3
0 11
0 10
10 2
5 #trees for patient 55
6 #edges
4 10
11 9
9 4
2 3
0 11
0 2
6 #edges
11 9
9 4
2 10
0 11
0 2
10 3
6 #edges
4 3
11 9
9 4
2 10
0 11
0 2
6 #edges
4 3
4 10
11 9
9 4
0 11
0 2
6 #edges
4 10
11 9
9 4
0 11
0 2
10 3
4 #trees for patient 56
6 #edges
11 9
9 4
2 10
0 11
0 3
0 2
6 #edges
4 9
11 4
2 10
0 11
0 3
0 2
6 #edges
4 9
11 4
2 10
0 11
0 2
10 3
6 #edges
11 9
9 4
2 10
0 11
0 2
10 3
4 #trees for patient 57
6 #edges
11 4
9 11
2 10
0 9
0 2
10 3
6 #edges
9 11
3 4
2 10
0 9
0 2
10 3
6 #edges
11 9
9 4
2 10
0 11
0 2
10 3
6 #edges
11 9
3 4
2 10
0 11
0 2
10 3
6 #trees for patient 58
6 #edges
4 11
9 4
2 10
0 9
0 2
10 3
6 #edges
11 4
9 11
2 10
0 9
0 2
10 3
6 #edges
4 9
11 4
2 10
0 11
0 2
10 3
6 #edges
11 9
9 4
2 10
0 11
0 2
10 3
6 #edges
4 9
9 11
2 10
0 4
0 2
10 3
6 #edges
4 11
11 9
2 10
0 4
0 2
10 3
16 #trees for patient 59
6 #edges
11 3
3 4
2 10
0 11
0 2
10 9
6 #edges
11 3
3 4
3 9
2 10
0 11
0 2
6 #edges
4 9
11 3
3 4
2 10
0 11
0 2
6 #edges
11 3
9 4
3 9
2 10
0 11
0 2
6 #edges
11 3
3 9
2 10
0 11
0 2
10 4
6 #edges
11 3
2 10
0 11
0 2
10 4
10 9
6 #edges
4 9
11 3
2 10
0 11
0 2
10 4
6 #edges
11 3
9 4
2 10
0 11
0 2
10 9
6 #edges
11 9
9 4
2 10
0 11
0 2
10 3
6 #edges
11 4
11 9
2 10
0 11
0 2
10 3
6 #edges
11 9
3 4
2 10
0 11
0 2
10 3
6 #edges
4 9
11 4
2 10
0 11
0 2
10 3
6 #edges
11 4
3 9
2 10
0 11
0 2
10 3
6 #edges
3 4
3 9
2 10
0 11
0 2
10 3
6 #edges
9 4
3 9
2 10
0 11
0 2
10 3
6 #edges
4 9
3 4
2 10
0 11
0 2
10 3
8 #trees for patient 60
6 #edges
11 9
2 10
0 4
0 11
0 2
10 3
6 #edges
11 9
9 3
2 10
0 4
0 11
0 2
6 #edges
11 9
2 3
0 4
0 11
0 10
10 2
6 #edges
11 9
9 3
0 4
0 11
0 10
10 2
6 #edges
11 9
9 4
9 3
0 11
0 10
10 2
6 #edges
11 9
9 4
2 3
0 11
0 10
10 2
6 #edges
11 9
9 4
9 3
2 10
0 11
0 2
6 #edges
11 9
9 4
2 10
0 11
0 2
10 3
10 #trees for patient 61
6 #edges
11 9
9 4
9 3
2 10
0 11
0 2
6 #edges
11 9
9 3
3 4
2 10
0 11
0 2
6 #edges
11 9
9 3
2 10
0 11
0 2
10 4
6 #edges
11 9
9 4
2 10
0 11
0 2
10 3
6 #edges
11 9
3 4
2 10
0 11
0 2
10 3
6 #edges
11 9
9 4
2 3
0 11
0 10
10 2
6 #edges
11 9
9 4
9 3
0 11
0 10
10 2
6 #edges
11 9
3 4
2 3
0 11
0 10
10 2
6 #edges
11 9
9 3
2 4
0 11
0 10
10 2
6 #edges
11 9
9 3
3 4
0 11
0 10
10 2
12 #trees for patient 62
6 #edges
9 4
2 3
0 11
0 9
0 10
10 2
6 #edges
9 4
2 10
0 11
0 9
0 2
10 3
6 #edges
11 4
2 3
0 11
0 9
0 10
10 2
6 #edges
11 4
2 10
0 11
0 9
0 2
10 3
6 #edges
4 9
2 3
0 4
0 11
0 10
10 2
6 #edges
11 9
2 3
0 4
0 11
0 10
10 2
6 #edges
4 9
2 10
0 4
0 11
0 2
10 3
6 #edges
11 9
2 10
0 4
0 11
0 2
10 3
6 #edges
11 9
9 4
2 3
0 11
0 10
10 2
6 #edges
4 9
11 4
2 3
0 11
0 10
10 2
6 #edges
4 9
11 4
2 10
0 11
0 2
10 3
6 #edges
11 9
9 4
2 10
0 11
0 2
10 3
4 #trees for patient 63
6 #edges
9 11
3 4
2 10
0 9
0 2
10 3
6 #edges
11 4
9 11
2 10
0 9
0 2
10 3
6 #edges
11 9
3 4
2 10
0 11
0 2
10 3
6 #edges
11 9
9 4
2 10
0 11
0 2
10 3
9 #trees for patient 64
6 #edges
11 9
11 3
2 10
0 4
0 11
0 2
6 #edges
11 9
9 3
2 10
0 4
0 11
0 2
6 #edges
11 9
2 10
0 4
0 11
0 2
10 3
6 #edges
11 9
9 4
9 3
2 10
0 11
0 2
6 #edges
11 9
11 3
9 4
2 10
0 11
0 2
6 #edges
11 9
9 4
2 10
0 11
0 2
10 3
6 #edges
11 9
9 3
2 10
0 11
0 2
10 4
6 #edges
11 9
11 3
2 10
0 11
0 2
10 4
6 #edges
11 9
2 10
0 11
0 2
10 4
10 3
42 #trees for patient 65
6 #edges
4 9
11 4
0 11
0 2
0 10
10 3
6 #edges
4 9
11 4
2 3
0 11
0 2
0 10
6 #edges
4 9
11 4
0 11
0 3
0 2
0 10
6 #edges
11 9
9 4
0 11
0 3
0 2
0 10
6 #edges
11 9
9 4
2 3
0 11
0 2
0 10
6 #edges
11 9
9 4
0 11
0 2
0 10
10 3
6 #edges
4 11
9 4
2 3
0 9
0 2
0 10
6 #edges
4 11
9 4
0 9
0 2
0 10
10 3
6 #edges
4 11
9 4
0 9
0 3
0 2
0 10
6 #edges
11 4
9 11
0 9
0 3
0 2
0 10
6 #edges
11 4
9 11
0 9
0 2
0 10
10 3
6 #edges
11 4
9 11
2 3
0 9
0 2
0 10
6 #edges
4 11
11 9
0 4
0 3
0 2
0 10
6 #edges
4 9
9 11
0 4
0 3
0 2
0 10
6 #edges
4 11
11 9
0 4
0 2
0 10
10 3
6 #edges
4 9
9 11
0 4
0 2
0 10
10 3
6 #edges
4 11
11 9
2 3
0 4
0 2
0 10
6 #edges
4 9
9 11
2 3
0 4
0 2
0 10
6 #edges
4 9
11 4
3 10
0 11
0 3
0 2
6 #edges
11 9
9 4
3 10
0 11
0 3
0 2
6 #edges
4 9
11 4
2 10
0 11
0 3
0 2
6 #edges
11 9
9 4
2 10
0 11
0 3
0 2
6 #edges
4 11
9 4
3 10
0 9
0 3
0 2
6 #edges
11 4
9 11
3 10
0 9
0 3
0 2
6 #edges
11 4
9 11
2 10
0 9
0 3
0 2
6 #edges
4 11
9 4
2 10
0 9
0 3
0 2
6 #edges
4 11
11 9
3 10
0 4
0 3
0 2
6 #edges
4 9
9 11
3 10
0 4
0 3
0 2
6 #edges
4 11
11 9
2 10
0 4
0 3
0 2
6 #edges
4 9
9 11
2 10
0 4
0 3
0 2
6 #edges
4 11
11 9
2 10
0 4
0 2
10 3
6 #edges
4 11
11 9
3 10
2 3
0 4
0 2
6 #edges
4 9
9 11
2 10
0 4
0 2
10 3
6 #edges
4 9
9 11
3 10
2 3
0 4
0 2
6 #edges
11 4
9 11
2 10
0 9
0 2
10 3
6 #edges
11 4
9 11
3 10
2 3
0 9
0 2
6 #edges
4 11
9 4
2 10
0 9
0 2
10 3
6 #edges
4 11
9 4
3 10
2 3
0 9
0 2
6 #edges
4 9
11 4
2 10
0 11
0 2
10 3
6 #edges
11 9
9 4
2 10
0 11
0 2
10 3
6 #edges
4 9
11 4
3 10
2 3
0 11
0 2
6 #edges
11 9
9 4
3 10
2 3
0 11
0 2
14 #trees for patient 66
6 #edges
4 9
11 4
11 3
2 10
0 11
0 2
6 #edges
11 9
11 3
9 4
2 10
0 11
0 2
6 #edges
11 9
9 4
2 10
0 11
0 2
10 3
6 #edges
4 9
11 4
2 10
0 11
0 2
10 3
6 #edges
11 9
9 4
3 10
2 3
0 11
0 2
6 #edges
4 9
11 4
3 10
2 3
0 11
0 2
6 #edges
4 9
11 4
11 10
2 3
0 11
0 2
6 #edges
11 9
11 10
9 4
2 3
0 11
0 2
6 #edges
11 9
11 3
9 4
3 10
0 11
0 2
6 #edges
11 9
11 3
11 10
9 4
0 11
0 2
6 #edges
11 9
11 10
9 4
0 11
0 2
10 3
6 #edges
4 9
11 4
11 10
0 11
0 2
10 3
6 #edges
4 9
11 4
11 3
11 10
0 11
0 2
6 #edges
4 9
11 4
11 3
3 10
0 11
0 2
12 #trees for patient 67
6 #edges
5 9
4 6
6 5
7 11
0 4
0 7
6 #edges
4 6
9 5
6 9
7 11
0 4
0 7
6 #edges
5 9
4 6
11 7
6 5
0 4
0 11
6 #edges
4 6
11 7
9 5
6 9
0 4
0 11
6 #edges
5 9
4 5
11 7
9 6
0 4
0 11
6 #edges
5 9
4 5
9 6
7 11
0 4
0 7
6 #edges
5 6
4 5
6 9
7 11
0 4
0 7
6 #edges
5 6
4 5
11 7
6 9
0 4
0 11
6 #edges
5 6
4 9
11 7
9 5
0 4
0 11
6 #edges
4 9
11 7
9 6
6 5
0 4
0 11
6 #edges
5 6
4 9
9 5
7 11
0 4
0 7
6 #edges
4 9
9 6
6 5
7 11
0 4
0 7
12 #trees for patient 68
6 #edges
5 6
4 5
6 9
7 11
0 4
0 7
6 #edges
5 9
4 5
9 6
7 11
0 4
0 7
6 #edges
4 6
9 5
6 9
7 11
0 4
0 7
6 #edges
5 9
4 6
6 5
7 11
0 4
0 7
6 #edges
4 9
9 6
6 5
7 11
0 4
0 7
6 #edges
5 6
4 9
9 5
7 11
0 4
0 7
6 #edges
5 9
4 6
11 7
6 5
0 4
0 11
6 #edges
4 6
11 7
9 5
6 9
0 4
0 11
6 #edges
5 9
4 5
11 7
9 6
0 4
0 11
6 #edges
5 6
4 5
11 7
6 9
0 4
0 11
6 #edges
4 9
11 7
9 6
6 5
0 4
0 11
6 #edges
5 6
4 9
11 7
9 5
0 4
0 11
6 #trees for patient 69
6 #edges
5 6
4 5
11 9
7 11
0 4
0 7
6 #edges
5 4
4 6
11 9
7 11
0 5
0 7
6 #edges
5 4
4 6
7 11
7 9
0 5
0 7
6 #edges
5 4
4 6
6 9
7 11
0 5
0 7
6 #edges
5 6
4 5
7 11
7 9
0 4
0 7
6 #edges
5 6
4 5
6 9
7 11
0 4
0 7
93 #trees for patient 70
6 #edges
5 6
6 4
7 5
7 11
0 9
0 7
6 #edges
5 6
7 5
7 4
7 11
0 9
0 7
6 #edges
5 4
4 6
7 5
7 11
0 9
0 7
6 #edges
5 4
7 5
7 11
7 6
0 9
0 7
6 #edges
6 4
7 5
7 11
7 6
0 9
0 7
6 #edges
4 6
7 5
7 4
7 11
0 9
0 7
6 #edges
5 4
6 5
7 11
7 6
0 9
0 7
6 #edges
6 5
7 4
7 11
7 6
0 9
0 7
6 #edges
4 5
6 4
7 11
7 6
0 9
0 7
6 #edges
4 5
7 4
7 11
7 6
0 9
0 7
6 #edges
5 6
4 5
7 4
7 11
0 9
0 7
6 #edges
4 6
6 5
7 4
7 11
0 9
0 7
6 #edges
6 4
7 5
7 11
7 9
0 6
0 7
6 #edges
5 9
6 4
7 5
7 11
0 6
0 7
6 #edges
4 9
6 4
7 5
7 11
0 6
0 7
6 #edges
5 4
4 9
7 5
7 11
0 6
0 7
6 #edges
5 4
7 5
7 11
7 9
0 6
0 7
6 #edges
5 4
6 9
7 5
7 11
0 6
0 7
6 #edges
4 9
7 5
7 4
7 11
0 6
0 7
6 #edges
5 9
7 5
7 4
7 11
0 6
0 7
6 #edges
6 9
7 5
7 4
7 11
0 6
0 7
6 #edges
4 9
6 5
7 4
7 11
0 6
0 7
6 #edges
4 5
6 9
7 4
7 11
0 6
0 7
6 #edges
5 9
6 5
7 4
7 11
0 6
0 7
6 #edges
6 5
7 4
7 11
7 9
0 6
0 7
6 #edges
4 5
7 4
7 11
7 9
0 6
0 7
6 #edges
5 9
4 5
7 4
7 11
0 6
0 7
6 #edges
4 5
6 4
7 11
7 9
0 6
0 7
6 #edges
5 9
4 5
6 4
7 11
0 6
0 7
6 #edges
5 4
6 5
7 11
7 9
0 6
0 7
6 #edges
5 4
4 9
6 5
7 11
0 6
0 7
6 #edges
5 6
4 9
7 5
7 11
0 4
0 7
6 #edges
4 9
7 5
7 11
7 6
0 4
0 7
6 #edges
4 9
6 5
7 11
7 6
0 4
0 7
6 #edges
5 9
4 6
6 5
7 11
0 4
0 7
6 #edges
4 6
6 5
7 11
7 9
0 4
0 7
6 #edges
4 6
6 9
7 5
7 11
0 4
0 7
6 #edges
4 6
7 5
7 11
7 9
0 4
0 7
6 #edges
5 9
4 6
7 5
7 11
0 4
0 7
6 #edges
5 9
4 5
7 11
7 6
0 4
0 7
6 #edges
5 6
4 5
6 9
7 11
0 4
0 7
6 #edges
5 6
4 5
7 11
7 9
0 4
0 7
6 #edges
4 5
7 11
7 9
7 6
0 4
0 7
6 #edges
4 5
6 9
7 11
7 6
0 4
0 7
6 #edges
6 5
7 11
7 9
7 6
0 4
0 7
6 #edges
5 9
6 5
7 11
7 6
0 4
0 7
6 #edges
5 9
7 5
7 11
7 6
0 4
0 7
6 #edges
6 9
7 5
7 11
7 6
0 4
0 7
6 #edges
5 6
7 5
7 11
7 9
0 4
0 7
6 #edges
5 6
6 9
7 5
7 11
0 4
0 7
6 #edges
5 6
4 9
6 4
7 11
0 5
0 7
6 #edges
5 6
6 4
7 11
7 9
0 5
0 7
6 #edges
5 6
6 9
7 4
7 11
0 5
0 7
6 #edges
5 6
4 9
7 4
7 11
0 5
0 7
6 #edges
5 6
7 4
7 11
7 9
0 5
0 7
6 #edges
5 4
4 9
7 11
7 6
0 5
0 7
6 #edges
5 4
4 6
7 11
7 9
0 5
0 7
6 #edges
5 4
7 11
7 9
7 6
0 5
0 7
6 #edges
5 4
4 6
6 9
7 11
0 5
0 7
6 #edges
5 4
6 9
7 11
7 6
0 5
0 7
6 #edges
5 9
6 4
7 11
7 6
0 5
0 7
6 #edges
5 9
7 4
7 11
7 6
0 5
0 7
6 #edges
5 9
4 6
7 4
7 11
0 5
0 7
6 #edges
4 9
7 4
7 11
7 6
0 5
0 7
6 #edges
6 9
7 4
7 11
7 6
0 5
0 7
6 #edges
4 6
7 4
7 11
7 9
0 5
0 7
6 #edges
4 6
6 9
7 4
7 11
0 5
0 7
6 #edges
6 4
7 11
7 9
7 6
0 5
0 7
6 #edges
4 9
6 4
7 11
7 6
0 5
0 7
6 #edges
5 4
6 5
7 11
7 9
7 6
0 7
6 #edges
4 5
6 4
7 11
7 9
7 6
0 7
6 #edges
5 6
4 5
7 4
7 11
7 9
0 7
6 #edges
4 6
6 5
7 4
7 11
7 9
0 7
6 #edges
5 4
4 6
7 5
7 11
7 9
0 7
6 #edges
5 6
6 4
7 5
7 11
7 9
0 7
6 #edges
5 9
6 4
7 5
7 11
7 6
0 7
6 #edges
5 4
6 9
7 5
7 11
7 6
0 7
6 #edges
5 4
4 9
7 5
7 11
7 6
0 7
6 #edges
4 9
6 4
7 5
7 11
7 6
0 7
6 #edges
5 9
4 6
7 5
7 4
7 11
0 7
6 #edges
5 6
4 9
7 5
7 4
7 11
0 7
6 #edges
4 6
6 9
7 5
7 4
7 11
0 7
6 #edges
5 6
6 9
7 5
7 4
7 11
0 7
6 #edges
5 6
4 9
6 4
7 5
7 11
0 7
6 #edges
5 4
4 6
6 9
7 5
7 11
0 7
6 #edges
4 9
6 5
7 4
7 11
7 6
0 7
6 #edges
5 9
4 6
6 5
7 4
7 11
0 7
6 #edges
5 9
6 5
7 4
7 11
7 6
0 7
6 #edges
4 5
6 9
7 4
7 11
7 6
0 7
6 #edges
5 9
4 5
7 4
7 11
7 6
0 7
6 #edges
5 6
4 5
6 9
7 4
7 11
0 7
6 #edges
5 4
4 9
6 5
7 11
7 6
0 7
6 #edges
5 9
4 5
6 4
7 11
7 6
0 7
24 #trees for patient 71
6 #edges
4 5
9 4
6 9
7 11
0 6
0 7
6 #edges
5 4
9 5
6 9
7 11
0 6
0 7
6 #edges
5 9
9 4
6 5
7 11
0 6
0 7
6 #edges
5 4
4 9
6 5
7 11
0 6
0 7
6 #edges
4 9
9 5
6 4
7 11
0 6
0 7
6 #edges
5 9
4 5
6 4
7 11
0 6
0 7
6 #edges
5 6
4 5
9 4
7 11
0 9
0 7
6 #edges
4 6
9 4
6 5
7 11
0 9
0 7
6 #edges
5 6
9 5
6 4
7 11
0 9
0 7
6 #edges
5 4
4 6
9 5
7 11
0 9
0 7
6 #edges
5 4
9 6
6 5
7 11
0 9
0 7
6 #edges
4 5
9 6
6 4
7 11
0 9
0 7
6 #edges
5 9
4 6
6 5
7 11
0 4
0 7
6 #edges
4 6
9 5
6 9
7 11
0 4
0 7
6 #edges
5 6
4 5
6 9
7 11
0 4
0 7
6 #edges
5 9
4 5
9 6
7 11
0 4
0 7
6 #edges
5 6
4 9
9 5
7 11
0 4
0 7
6 #edges
4 9
9 6
6 5
7 11
0 4
0 7
6 #edges
5 6
9 4
6 9
7 11
0 5
0 7
6 #edges
5 6
4 9
6 4
7 11
0 5
0 7
6 #edges
5 4
4 9
9 6
7 11
0 5
0 7
6 #edges
5 4
4 6
6 9
7 11
0 5
0 7
6 #edges
5 9
9 6
6 4
7 11
0 5
0 7
6 #edges
5 9
4 6
9 4
7 11
0 5
0 7
36 #trees for patient 72
6 #edges
5 6
4 5
4 9
7 11
0 4
0 7
6 #edges
5 6
4 5
6 9
7 11
0 4
0 7
6 #edges
5 6
4 5
4 11
4 9
0 4
0 7
6 #edges
5 6
4 5
4 9
9 11
0 4
0 7
6 #edges
5 6
4 5
4 9
6 11
0 4
0 7
6 #edges
5 6
4 5
9 11
6 9
0 4
0 7
6 #edges
5 6
4 5
4 11
6 9
0 4
0 7
6 #edges
5 6
4 5
4 9
11 7
0 4
0 11
6 #edges
5 6
4 5
11 7
6 9
0 4
0 11
6 #edges
5 6
4 5
4 9
9 7
0 4
0 11
6 #edges
5 6
4 5
4 9
4 7
0 4
0 11
6 #edges
5 6
4 5
4 9
6 7
0 4
0 11
6 #edges
5 6
4 5
9 7
6 9
0 4
0 11
6 #edges
5 6
4 5
4 7
6 9
0 4
0 11
6 #edges
5 6
4 5
4 11
4 9
11 7
0 4
6 #edges
5 6
4 5
4 11
11 7
6 9
0 4
6 #edges
5 6
4 5
4 11
4 7
6 9
0 4
6 #edges
5 6
4 5
4 11
4 9
9 7
0 4
6 #edges
5 6
4 5
4 11
4 9
6 7
0 4
6 #edges
5 6
4 5
4 11
9 7
6 9
0 4
6 #edges
5 6
4 5
4 9
4 7
7 11
0 4
6 #edges
5 6
4 5
4 7
6 9
7 11
0 4
6 #edges
5 6
4 5
4 9
4 7
9 11
0 4
6 #edges
5 6
4 5
4 9
4 7
6 11
0 4
6 #edges
5 6
4 5
4 7
9 11
6 9
0 4
6 #edges
5 6
4 5
4 9
9 11
9 7
0 4
6 #edges
5 6
4 5
4 9
11 7
9 11
0 4
6 #edges
5 6
4 5
4 9
9 11
6 7
0 4
6 #edges
5 6
4 5
4 9
6 7
7 11
0 4
6 #edges
5 6
4 5
4 9
6 11
6 7
0 4
6 #edges
5 6
4 5
4 9
11 7
6 11
0 4
6 #edges
5 6
4 5
4 9
9 7
6 11
0 4
6 #edges
5 6
4 5
4 9
9 7
7 11
0 4
6 #edges
5 6
4 5
9 7
6 9
7 11
0 4
6 #edges
5 6
4 5
9 11
9 7
6 9
0 4
6 #edges
5 6
4 5
11 7
9 11
6 9
0 4
4 #trees for patient 73
6 #edges
5 9
4 6
6 5
7 11
0 4
0 7
6 #edges
4 6
11 9
6 5
7 11
0 4
0 7
6 #edges
5 6
4 5
6 9
7 11
0 4
0 7
6 #edges
5 6
4 5
11 9
7 11
0 4
0 7
8 #trees for patient 74
6 #edges
5 6
4 5
7 11
0 4
0 9
0 7
6 #edges
4 6
6 5
7 11
0 4
0 9
0 7
6 #edges
5 6
4 5
4 9
7 11
0 4
0 7
6 #edges
4 9
4 6
6 5
7 11
0 4
0 7
6 #edges
4 6
11 9
6 5
7 11
0 4
0 7
6 #edges
5 6
4 5
11 9
7 11
0 4
0 7
6 #edges
5 6
4 5
6 9
7 11
0 4
0 7
6 #edges
5 9
4 6
6 5
7 11
0 4
0 7
42 #trees for patient 75
6 #edges
5 6
4 5
6 9
0 4
0 11
0 7
6 #edges
5 6
4 5
4 9
0 4
0 11
0 7
6 #edges
5 9
4 5
4 6
0 4
0 11
0 7
6 #edges
4 5
4 6
6 9
0 4
0 11
0 7
6 #edges
4 5
4 9
4 6
0 4
0 11
0 7
6 #edges
5 9
4 5
9 6
0 4
0 11
0 7
6 #edges
4 5
4 9
9 6
0 4
0 11
0 7
6 #edges
5 9
5 7
4 5
4 6
0 4
0 11
6 #edges
5 7
4 5
4 9
4 6
0 4
0 11
6 #edges
5 7
4 5
4 6
6 9
0 4
0 11
6 #edges
5 9
5 7
4 5
9 6
0 4
0 11
6 #edges
5 6
5 7
4 5
6 9
0 4
0 11
6 #edges
5 6
5 7
4 5
4 9
0 4
0 11
6 #edges
5 7
4 5
4 9
9 6
0 4
0 11
6 #edges
4 5
4 9
4 6
7 11
0 4
0 7
6 #edges
5 11
4 5
4 9
4 6
0 4
0 7
6 #edges
4 5
4 6
6 9
7 11
0 4
0 7
6 #edges
5 9
4 5
4 6
7 11
0 4
0 7
6 #edges
5 11
4 5
4 6
6 9
0 4
0 7
6 #edges
5 11
5 9
4 5
4 6
0 4
0 7
6 #edges
4 5
4 9
9 6
7 11
0 4
0 7
6 #edges
5 6
4 5
4 9
7 11
0 4
0 7
6 #edges
5 9
4 5
9 6
7 11
0 4
0 7
6 #edges
5 6
4 5
6 9
7 11
0 4
0 7
6 #edges
5 11
5 9
4 5
9 6
0 4
0 7
6 #edges
5 11
5 6
4 5
6 9
0 4
0 7
6 #edges
5 11
5 6
4 5
4 9
0 4
0 7
6 #edges
5 11
4 5
4 9
9 6
0 4
0 7
6 #edges
5 11
5 6
5 7
4 5
6 9
0 4
6 #edges
5 6
5 7
4 5
6 9
7 11
0 4
6 #edges
5 6
5 7
4 5
4 9
7 11
0 4
6 #edges
5 11
5 6
5 7
4 5
4 9
0 4
6 #edges
5 11
5 7
4 5
4 9
4 6
0 4
6 #edges
5 11
5 7
4 5
4 9
9 6
0 4
6 #edges
5 11
5 9
5 7
4 5
9 6
0 4
6 #edges
5 11
5 9
5 7
4 5
4 6
0 4
6 #edges
5 11
5 7
4 5
4 6
6 9
0 4
6 #edges
5 7
4 5
4 9
4 6
7 11
0 4
6 #edges
5 9
5 7
4 5
4 6
7 11
0 4
6 #edges
5 7
4 5
4 6
6 9
7 11
0 4
6 #edges
5 7
4 5
4 9
9 6
7 11
0 4
6 #edges
5 9
5 7
4 5
9 6
7 11
0 4
2 #trees for patient 76
6 #edges
5 6
4 5
6 9
7 11
0 4
0 7
6 #edges
5 9
4 6
6 5
7 11
0 4
0 7
1 #trees for patient 77
6 #edges
5 6
4 5
6 9
7 11
0 4
0 7
72 #trees for patient 78
6 #edges
4 9
6 5
7 11
0 4
0 6
0 7
6 #edges
4 9
9 5
7 11
0 4
0 6
0 7
6 #edges
4 5
4 9
7 11
0 4
0 6
0 7
6 #edges
4 9
7 5
7 11
0 4
0 6
0 7
6 #edges
5 9
7 5
7 11
0 4
0 6
0 7
6 #edges
6 9
7 5
7 11
0 4
0 6
0 7
6 #edges
9 5
7 11
7 9
0 4
0 6
0 7
6 #edges
4 5
7 11
7 9
0 4
0 6
0 7
6 #edges
6 5
7 11
7 9
0 4
0 6
0 7
6 #edges
4 5
6 9
7 11
0 4
0 6
0 7
6 #edges
9 5
6 9
7 11
0 4
0 6
0 7
6 #edges
5 9
4 5
7 11
0 4
0 6
0 7
6 #edges
5 9
6 5
7 11
0 4
0 6
0 7
6 #edges
9 6
6 5
7 11
0 4
0 9
0 7
6 #edges
9 6
7 5
7 11
0 4
0 9
0 7
6 #edges
4 5
9 6
7 11
0 4
0 9
0 7
6 #edges
4 6
9 5
7 11
0 4
0 9
0 7
6 #edges
5 6
9 5
7 11
0 4
0 9
0 7
6 #edges
9 5
7 11
7 6
0 4
0 9
0 7
6 #edges
5 6
7 5
7 11
0 4
0 9
0 7
6 #edges
4 6
7 5
7 11
0 4
0 9
0 7
6 #edges
4 5
4 6
7 11
0 4
0 9
0 7
6 #edges
4 6
6 5
7 11
0 4
0 9
0 7
6 #edges
4 5
7 11
7 6
0 4
0 9
0 7
6 #edges
5 6
4 5
7 11
0 4
0 9
0 7
6 #edges
6 5
7 11
7 6
0 4
0 9
0 7
6 #edges
4 9
9 6
7 11
0 5
0 4
0 7
6 #edges
4 9
4 6
7 11
0 5
0 4
0 7
6 #edges
4 9
7 11
7 6
0 5
0 4
0 7
6 #edges
5 6
4 9
7 11
0 5
0 4
0 7
6 #edges
5 6
6 9
7 11
0 5
0 4
0 7
6 #edges
5 6
7 11
7 9
0 5
0 4
0 7
6 #edges
5 9
9 6
7 11
0 5
0 4
0 7
6 #edges
5 9
4 6
7 11
0 5
0 4
0 7
6 #edges
5 9
7 11
7 6
0 5
0 4
0 7
6 #edges
4 6
7 11
7 9
0 5
0 4
0 7
6 #edges
9 6
7 11
7 9
0 5
0 4
0 7
6 #edges
4 6
6 9
7 11
0 5
0 4
0 7
6 #edges
6 9
7 11
7 6
0 5
0 4
0 7
6 #edges
5 6
4 5
6 9
7 11
0 4
0 7
6 #edges
5 6
4 5
4 9
7 11
0 4
0 7
6 #edges
5 6
4 5
7 11
7 9
0 4
0 7
6 #edges
4 5
4 9
9 6
7 11
0 4
0 7
6 #edges
4 5
4 9
7 11
7 6
0 4
0 7
6 #edges
4 5
4 6
6 9
7 11
0 4
0 7
6 #edges
5 9
4 5
4 6
7 11
0 4
0 7
6 #edges
4 5
4 6
7 11
7 9
0 4
0 7
6 #edges
4 5
6 9
7 11
7 6
0 4
0 7
6 #edges
5 9
4 5
7 11
7 6
0 4
0 7
6 #edges
4 5
9 6
7 11
7 9
0 4
0 7
6 #edges
5 9
4 5
9 6
7 11
0 4
0 7
6 #edges
4 9
4 6
6 5
7 11
0 4
0 7
6 #edges
4 9
4 6
9 5
7 11
0 4
0 7
6 #edges
4 9
4 6
7 5
7 11
0 4
0 7
6 #edges
5 9
4 6
7 5
7 11
0 4
0 7
6 #edges
4 6
6 9
7 5
7 11
0 4
0 7
6 #edges
5 9
4 6
6 5
7 11
0 4
0 7
6 #edges
4 6
6 5
7 11
7 9
0 4
0 7
6 #edges
4 6
9 5
6 9
7 11
0 4
0 7
6 #edges
4 6
9 5
7 11
7 9
0 4
0 7
6 #edges
5 6
4 9
9 5
7 11
0 4
0 7
6 #edges
4 9
9 5
7 11
7 6
0 4
0 7
6 #edges
5 6
4 9
7 5
7 11
0 4
0 7
6 #edges
4 9
9 6
7 5
7 11
0 4
0 7
6 #edges
4 9
6 5
7 11
7 6
0 4
0 7
6 #edges
4 9
9 6
6 5
7 11
0 4
0 7
6 #edges
9 5
6 9
7 11
7 6
0 4
0 7
6 #edges
5 9
6 5
7 11
7 6
0 4
0 7
6 #edges
9 6
6 5
7 11
7 9
0 4
0 7
6 #edges
5 6
9 5
7 11
7 9
0 4
0 7
6 #edges
5 9
9 6
7 5
7 11
0 4
0 7
6 #edges
5 6
6 9
7 5
7 11
0 4
0 7
4 #trees for patient 79
6 #edges
5 6
4 5
6 9
7 11
0 4
0 7
6 #edges
5 4
4 6
6 9
7 11
0 5
0 7
6 #edges
5 4
4 6
11 7
6 9
0 5
0 11
6 #edges
5 6
4 5
11 7
6 9
0 4
0 11
13 #trees for patient 80
6 #edges
5 9
4 5
7 11
7 6
0 4
0 7
6 #edges
5 9
4 5
9 6
7 11
0 4
0 7
6 #edges
5 9
4 5
11 6
7 11
0 4
0 7
6 #edges
4 5
11 6
6 9
7 11
0 4
0 7
6 #edges
4 5
11 6
7 11
7 9
0 4
0 7
6 #edges
4 5
11 9
11 6
7 11
0 4
0 7
6 #edges
5 6
4 5
11 9
7 11
0 4
0 7
6 #edges
5 6
4 5
6 9
7 11
0 4
0 7
6 #edges
5 6
4 5
7 11
7 9
0 4
0 7
6 #edges
4 5
6 9
7 11
7 6
0 4
0 7
6 #edges
4 5
11 9
7 11
7 6
0 4
0 7
6 #edges
4 5
11 9
9 6
7 11
0 4
0 7
6 #edges
4 5
9 6
7 11
7 9
0 4
0 7
2 #trees for patient 81
6 #edges
5 6
4 5
6 9
7 11
0 4
0 7
6 #edges
5 4
4 6
6 9
7 11
0 5
0 7
4 #trees for patient 82
6 #edges
5 4
4 9
9 6
7 11
0 5
0 7
6 #edges
5 4
4 6
6 9
7 11
0 5
0 7
6 #edges
5 9
4 5
9 6
7 11
0 4
0 7
6 #edges
5 6
4 5
6 9
7 11
0 4
0 7
24 #trees for patient 83
6 #edges
5 9
4 5
9 6
7 11
0 4
0 7
6 #edges
5 6
4 5
6 9
7 11
0 4
0 7
6 #edges
5 6
4 9
9 5
7 11
0 4
0 7
6 #edges
4 9
9 6
6 5
7 11
0 4
0 7
6 #edges
5 9
4 6
6 5
7 11
0 4
0 7
6 #edges
4 6
9 5
6 9
7 11
0 4
0 7
6 #edges
5 6
9 5
6 4
7 11
0 9
0 7
6 #edges
5 4
4 6
9 5
7 11
0 9
0 7
6 #edges
4 5
9 6
6 4
7 11
0 9
0 7
6 #edges
5 4
9 6
6 5
7 11
0 9
0 7
6 #edges
5 6
4 5
9 4
7 11
0 9
0 7
6 #edges
4 6
9 4
6 5
7 11
0 9
0 7
6 #edges
4 9
9 5
6 4
7 11
0 6
0 7
6 #edges
5 9
4 5
6 4
7 11
0 6
0 7
6 #edges
5 4
4 9
6 5
7 11
0 6
0 7
6 #edges
5 9
9 4
6 5
7 11
0 6
0 7
6 #edges
5 4
9 5
6 9
7 11
0 6
0 7
6 #edges
4 5
9 4
6 9
7 11
0 6
0 7
6 #edges
5 4
4 6
6 9
7 11
0 5
0 7
6 #edges
5 4
4 9
9 6
7 11
0 5
0 7
6 #edges
5 6
4 9
6 4
7 11
0 5
0 7
6 #edges
5 6
9 4
6 9
7 11
0 5
0 7
6 #edges
5 9
9 6
6 4
7 11
0 5
0 7
6 #edges
5 9
4 6
9 4
7 11
0 5
0 7
2 #trees for patient 84
6 #edges
7 3
8 6
8 4
0 8
0 10
10 7
6 #edges
7 10
8 6
8 4
0 7
0 8
10 3
6 #trees for patient 85
6 #edges
3 7
8 6
8 4
0 8
0 10
10 3
6 #edges
7 3
8 6
8 4
0 8
0 10
10 7
6 #edges
7 10
8 6
8 4
0 7
0 8
10 3
6 #edges
3 10
7 3
8 6
8 4
0 7
0 8
6 #edges
3 10
8 6
8 4
0 3
0 8
10 7
6 #edges
3 7
7 10
8 6
8 4
0 3
0 8
4 #trees for patient 86
6 #edges
6 4
7 3
7 10
8 6
0 7
0 8
6 #edges
6 4
7 10
8 6
0 7
0 8
10 3
6 #edges
7 3
7 10
8 6
8 4
0 7
0 8
6 #edges
7 10
8 6
8 4
0 7
0 8
10 3
6 #trees for patient 87
6 #edges
3 7
8 6
8 4
0 8
0 10
10 3
6 #edges
7 3
8 6
8 4
0 8
0 10
10 7
6 #edges
3 10
7 3
8 6
8 4
0 7
0 8
6 #edges
7 10
8 6
8 4
0 7
0 8
10 3
6 #edges
3 7
7 10
8 6
8 4
0 3
0 8
6 #edges
3 10
8 6
8 4
0 3
0 8
10 7
36 #trees for patient 88
6 #edges
3 10
7 6
7 4
8 3
0 7
0 8
6 #edges
7 6
7 4
8 10
0 7
0 8
10 3
6 #edges
7 6
7 10
8 3
0 7
0 8
10 4
6 #edges
3 4
7 6
7 10
8 3
0 7
0 8
6 #edges
7 6
7 10
8 4
0 7
0 8
10 3
6 #edges
3 4
7 6
7 10
0 7
0 8
10 3
6 #edges
7 6
7 3
8 10
0 7
0 8
10 4
6 #edges
3 4
7 6
7 3
8 10
0 7
0 8
6 #edges
3 4
7 6
8 10
0 7
0 8
10 3
6 #edges
3 10
7 6
8 3
0 7
0 8
10 4
6 #edges
3 10
7 6
7 3
8 4
0 7
0 8
6 #edges
3 10
7 6
7 3
0 7
0 8
10 4
6 #edges
4 6
3 10
7 4
8 3
0 7
0 8
6 #edges
4 6
7 4
8 10
0 7
0 8
10 3
6 #edges
3 10
7 4
8 3
0 7
0 8
10 6
6 #edges
3 6
7 4
8 10
0 7
0 8
10 3
6 #edges
4 6
3 4
7 10
0 7
0 8
10 3
6 #edges
3 4
7 10
8 6
0 7
0 8
10 3
6 #edges
7 10
8 6
8 4
0 7
0 8
10 3
6 #edges
3 6
7 10
8 4
0 7
0 8
10 3
6 #edges
4 6
7 10
8 4
0 7
0 8
10 3
6 #edges
3 4
7 10
8 3
0 7
0 8
10 6
6 #edges
4 6
7 10
8 3
0 7
0 8
10 4
6 #edges
3 6
7 10
8 3
0 7
0 8
10 4
6 #edges
4 6
3 4
7 10
8 3
0 7
0 8
6 #edges
4 6
3 10
7 3
8 4
0 7
0 8
6 #edges
3 10
7 3
8 6
8 4
0 7
0 8
6 #edges
3 10
7 3
8 4
0 7
0 8
10 6
6 #edges
3 10
7 3
8 6
0 7
0 8
10 4
6 #edges
3 4
7 3
8 10
0 7
0 8
10 6
6 #edges
3 6
7 3
8 10
0 7
0 8
10 4
6 #edges
4 6
7 3
8 10
0 7
0 8
10 4
6 #edges
4 6
3 4
7 3
8 10
0 7
0 8
6 #edges
4 6
3 4
8 10
0 7
0 8
10 3
6 #edges
4 6
3 10
8 3
0 7
0 8
10 4
6 #edges
4 6
3 10
7 3
0 7
0 8
10 4
1 #trees for patient 89
6 #edges
7 10
8 6
8 4
0 7
0 8
10 3
6 #trees for patient 90
6 #edges
7 4
7 3
8 6
0 8
0 10
10 7
6 #edges
3 4
7 3
8 6
0 8
0 10
10 7
6 #edges
7 3
8 6
8 4
0 8
0 10
10 7
6 #edges
7 10
8 6
8 4
0 7
0 8
10 3
6 #edges
7 10
8 6
0 7
0 8
10 4
10 3
6 #edges
3 4
7 10
8 6
0 7
0 8
10 3
68 #trees for patient 91
6 #edges
4 6
7 3
8 4
0 8
0 10
10 7
6 #edges
7 3
8 6
8 4
0 8
0 10
10 7
6 #edges
8 6
8 4
8 3
0 8
0 10
10 7
6 #edges
4 6
8 4
8 3
0 8
0 10
10 7
6 #edges
4 6
3 7
8 4
0 8
0 10
10 3
6 #edges
3 7
8 6
8 4
0 8
0 10
10 3
6 #edges
4 6
8 4
8 7
0 8
0 10
10 3
6 #edges
8 6
8 4
8 7
0 8
0 10
10 3
6 #edges
8 6
8 4
8 3
8 7
0 8
0 10
6 #edges
7 3
8 6
8 4
8 7
0 8
0 10
6 #edges
3 7
8 6
8 4
8 3
0 8
0 10
6 #edges
4 6
7 3
8 4
8 7
0 8
0 10
6 #edges
4 6
8 4
8 3
8 7
0 8
0 10
6 #edges
4 6
3 7
8 4
8 3
0 8
0 10
6 #edges
3 10
7 3
8 6
8 4
0 7
0 8
6 #edges
4 6
3 10
7 3
8 4
0 7
0 8
6 #edges
4 6
7 3
8 4
8 10
0 7
0 8
6 #edges
7 3
8 6
8 4
8 10
0 7
0 8
6 #edges
8 6
8 4
8 3
8 10
0 7
0 8
6 #edges
4 6
8 4
8 3
8 10
0 7
0 8
6 #edges
8 6
8 4
8 10
0 7
0 8
10 3
6 #edges
4 6
8 4
8 10
0 7
0 8
10 3
6 #edges
7 10
8 6
8 4
8 3
0 7
0 8
6 #edges
4 6
7 10
8 4
8 3
0 7
0 8
6 #edges
7 10
8 6
8 4
0 7
0 8
10 3
6 #edges
4 6
7 10
8 4
0 7
0 8
10 3
6 #edges
3 10
8 6
8 4
8 3
0 7
0 8
6 #edges
4 6
3 10
8 4
8 3
0 7
0 8
6 #edges
4 6
3 7
8 4
8 10
0 3
0 8
6 #edges
3 7
8 6
8 4
8 10
0 3
0 8
6 #edges
4 6
3 7
7 10
8 4
0 3
0 8
6 #edges
3 7
7 10
8 6
8 4
0 3
0 8
6 #edges
4 6
3 10
8 4
0 3
0 8
10 7
6 #edges
3 10
8 6
8 4
0 3
0 8
10 7
6 #edges
4 6
3 10
8 4
8 7
0 3
0 8
6 #edges
3 10
8 6
8 4
8 7
0 3
0 8
6 #edges
8 6
8 4
8 7
8 10
0 3
0 8
6 #edges
4 6
8 4
8 7
8 10
0 3
0 8
6 #edges
8 6
8 4
8 10
0 3
0 8
10 7
6 #edges
4 6
8 4
8 10
0 3
0 8
10 7
6 #edges
7 10
8 6
8 4
8 7
0 3
0 8
6 #edges
4 6
7 10
8 4
8 7
0 3
0 8
6 #edges
8 6
8 4
8 3
8 10
0 8
10 7
6 #edges
3 7
8 6
8 4
8 3
8 10
0 8
6 #edges
8 6
8 4
8 3
8 7
8 10
0 8
6 #edges
3 10
8 6
8 4
8 3
0 8
10 7
6 #edges
3 10
8 6
8 4
8 3
8 7
0 8
6 #edges
3 7
7 10
8 6
8 4
8 3
0 8
6 #edges
7 10
8 6
8 4
8 3
8 7
0 8
6 #edges
8 6
8 4
8 7
8 10
0 8
10 3
6 #edges
7 3
8 6
8 4
8 7
8 10
0 8
6 #edges
7 10
8 6
8 4
8 7
0 8
10 3
6 #edges
3 10
7 3
8 6
8 4
8 7
0 8
6 #edges
3 7
8 6
8 4
8 10
0 8
10 3
6 #edges
7 3
8 6
8 4
8 10
0 8
10 7
6 #edges
4 6
3 10
8 4
8 3
8 7
0 8
6 #edges
4 6
3 10
8 4
8 3
0 8
10 7
6 #edges
4 6
7 10
8 4
8 3
8 7
0 8
6 #edges
4 6
8 4
8 3
8 7
8 10
0 8
6 #edges
4 6
3 7
7 10
8 4
8 3
0 8
6 #edges
4 6
3 7
8 4
8 3
8 10
0 8
6 #edges
4 6
8 4
8 3
8 10
0 8
10 7
6 #edges
4 6
7 10
8 4
8 7
0 8
10 3
6 #edges
4 6
7 3
8 4
8 7
8 10
0 8
6 #edges
4 6
8 4
8 7
8 10
0 8
10 3
6 #edges
4 6
3 10
7 3
8 4
8 7
0 8
6 #edges
4 6
7 3
8 4
8 10
0 8
10 7
6 #edges
4 6
3 7
8 4
8 10
0 8
10 3
6 #trees for patient 92
6 #edges
7 3
8 6
8 4
0 8
0 10
10 7
6 #edges
3 7
8 6
8 4
0 8
0 10
10 3
6 #edges
3 10
7 3
8 6
8 4
0 7
0 8
6 #edges
7 10
8 6
8 4
0 7
0 8
10 3
6 #edges
3 7
7 10
8 6
8 4
0 3
0 8
6 #edges
3 10
8 6
8 4
0 3
0 8
10 7
2 #trees for patient 93
6 #edges
7 10
8 6
8 4
0 7
0 8
10 3
6 #edges
7 3
8 6
8 4
0 8
0 10
10 7
6 #trees for patient 94
6 #edges
6 4
7 10
8 6
0 7
0 8
10 3
6 #edges
6 4
7 3
8 6
0 8
0 10
10 7
6 #edges
7 10
8 6
8 4
0 7
0 8
10 3
6 #edges
7 10
8 6
0 7
0 8
10 4
10 3
6 #edges
7 3
8 6
8 4
0 8
0 10
10 7
6 #edges
7 4
7 3
8 6
0 8
0 10
10 7
18 #trees for patient 95
6 #edges
7 10
8 6
0 4
0 7
0 8
10 3
6 #edges
3 10
7 3
8 6
0 4
0 7
0 8
6 #edges
7 3
8 6
0 4
0 8
0 10
10 7
6 #edges
3 7
8 6
0 4
0 8
0 10
10 3
6 #edges
3 10
8 6
0 4
0 3
0 8
10 7
6 #edges
3 7
7 10
8 6
0 4
0 3
0 8
6 #edges
6 4
3 10
8 6
0 3
0 8
10 7
6 #edges
6 4
3 7
7 10
8 6
0 3
0 8
6 #edges
3 7
7 10
8 6
8 4
0 3
0 8
6 #edges
3 10
8 6
8 4
0 3
0 8
10 7
6 #edges
6 4
7 10
8 6
0 7
0 8
10 3
6 #edges
6 4
3 10
7 3
8 6
0 7
0 8
6 #edges
6 4
3 7
8 6
0 8
0 10
10 3
6 #edges
6 4
7 3
8 6
0 8
0 10
10 7
6 #edges
3 7
8 6
8 4
0 8
0 10
10 3
6 #edges
7 3
8 6
8 4
0 8
0 10
10 7
6 #edges
3 10
7 3
8 6
8 4
0 7
0 8
6 #edges
7 10
8 6
8 4
0 7
0 8
10 3
6 #trees for patient 96
6 #edges
3 10
7 3
8 6
8 4
0 7
0 8
6 #edges
7 10
8 6
8 4
0 7
0 8
10 3
6 #edges
3 10
8 6
8 4
0 3
0 8
10 7
6 #edges
3 7
7 10
8 6
8 4
0 3
0 8
6 #edges
3 7
8 6
8 4
0 8
0 10
10 3
6 #edges
7 3
8 6
8 4
0 8
0 10
10 7
10 #trees for patient 97
6 #edges
4 3
7 4
8 6
0 8
0 10
10 7
6 #edges
7 4
8 6
8 3
0 8
0 10
10 7
6 #edges
7 3
8 6
8 4
0 8
0 10
10 7
6 #edges
4 3
7 6
8 4
0 8
0 10
10 7
6 #edges
4 3
8 6
8 4
0 8
0 10
10 7
6 #edges
7 10
8 6
8 4
0 7
0 8
10 3
6 #edges
4 3
7 10
8 6
8 4
0 7
0 8
6 #edges
4 3
7 10
8 4
0 7
0 8
10 6
6 #edges
4 3
7 10
8 6
0 7
0 8
10 4
6 #edges
7 10
8 6
8 3
0 7
0 8
10 4
2 #trees for patient 98
6 #edges
7 10
8 6
8 4
0 7
0 8
10 3
6 #edges
7 4
7 10
8 6
0 7
0 8
10 3
2 #trees for patient 99
6 #edges
7 10
8 6
0 7
0 8
10 4
10 3
6 #edges
7 10
8 6
8 4
0 7
0 8
10 3
