50 # patients
2 #trees for patient 0
6 #edges
0 9
9 7
9 8
7 6
8 1
6 5
6 #edges
0 9
9 7
9 8
7 6
6 1
6 5
4 #trees for patient 1
6 #edges
0 9
9 7
9 8
7 6
6 1
6 5
6 #edges
1 8
0 9
9 7
7 6
6 1
6 5
6 #edges
0 9
9 8
9 6
7 1
7 5
6 7
6 #edges
1 8
0 9
9 6
7 1
7 5
6 7
2 #trees for patient 2
6 #edges
0 9
9 7
9 8
7 6
8 1
6 5
6 #edges
0 9
9 7
9 8
7 6
6 1
6 5
2 #trees for patient 3
6 #edges
0 9
9 7
9 8
7 6
6 1
6 5
6 #edges
5 8
0 9
9 7
7 6
6 1
6 5
4 #trees for patient 4
6 #edges
0 9
9 7
9 8
7 6
6 1
6 5
6 #edges
0 9
9 7
9 8
7 6
8 5
6 1
6 #edges
0 9
9 8
9 6
7 1
8 5
6 7
6 #edges
0 9
9 8
9 6
7 1
7 5
6 7
2 #trees for patient 5
6 #edges
0 9
9 8
9 6
7 1
7 5
6 7
6 #edges
0 9
9 7
9 8
7 6
6 1
6 5
1 #trees for patient 6
6 #edges
0 9
9 7
9 8
7 6
6 1
6 5
5 #trees for patient 7
6 #edges
0 9
9 5
9 7
9 8
7 6
6 1
6 #edges
0 9
9 5
9 7
9 8
7 6
8 1
6 #edges
0 9
9 7
9 8
7 6
8 5
6 1
6 #edges
0 9
9 7
9 8
7 6
8 1
6 5
6 #edges
0 9
9 7
9 8
7 6
6 1
6 5
4 #trees for patient 8
6 #edges
0 9
9 7
9 8
7 1
7 6
8 5
6 #edges
0 9
9 7
9 8
7 6
8 5
6 1
6 #edges
0 9
9 7
9 8
7 1
7 6
6 5
6 #edges
0 9
9 7
9 8
7 6
6 1
6 5
4 #trees for patient 9
6 #edges
0 9
9 5
9 7
9 8
7 6
6 1
6 #edges
1 5
0 9
9 7
9 8
7 6
6 1
6 #edges
0 9
9 7
9 8
7 5
7 6
6 1
6 #edges
0 9
9 7
9 8
7 6
6 1
6 5
4 #trees for patient 10
6 #edges
0 9
9 8
9 6
7 1
7 5
6 7
6 #edges
0 9
9 7
9 8
7 6
6 1
6 5
6 #edges
5 8
0 9
9 7
7 6
6 1
6 5
6 #edges
5 8
0 9
9 6
7 1
7 5
6 7
2 #trees for patient 11
6 #edges
0 9
9 8
9 6
7 1
7 5
6 7
6 #edges
0 9
9 7
9 8
7 6
6 1
6 5
4 #trees for patient 12
6 #edges
0 9
9 8
9 6
7 1
8 5
6 7
6 #edges
0 9
9 7
9 8
7 6
8 5
6 1
6 #edges
0 9
9 7
9 8
7 6
6 1
6 5
6 #edges
0 9
9 8
9 6
7 1
7 5
6 7
2 #trees for patient 13
6 #edges
0 9
9 7
9 8
7 6
6 1
6 5
6 #edges
0 9
9 7
9 8
7 6
8 5
6 1
8 #trees for patient 14
6 #edges
0 1
0 9
9 8
9 6
7 5
6 7
6 #edges
0 1
0 9
9 8
9 6
8 5
6 7
6 #edges
0 1
0 9
9 7
9 8
7 6
8 5
6 #edges
0 1
0 9
9 7
9 8
7 6
6 5
6 #edges
0 9
9 7
9 8
7 6
6 1
6 5
6 #edges
0 9
9 7
9 8
7 6
8 5
6 1
6 #edges
0 9
9 8
9 6
7 1
8 5
6 7
6 #edges
0 9
9 8
9 6
7 1
7 5
6 7
2 #trees for patient 15
6 #edges
0 9
9 7
9 8
7 6
6 1
6 5
6 #edges
0 9
9 8
9 6
7 1
7 5
6 7
2 #trees for patient 16
6 #edges
0 9
9 7
9 8
7 6
6 1
6 5
6 #edges
0 9
9 7
7 8
7 6
6 1
6 5
2 #trees for patient 17
6 #edges
0 9
9 7
9 8
7 6
8 5
6 1
6 #edges
0 9
9 7
9 8
7 6
6 1
6 5
4 #trees for patient 18
6 #edges
0 9
9 8
9 6
7 1
7 5
6 7
6 #edges
5 1
0 9
9 8
9 6
7 5
6 7
6 #edges
0 9
9 7
9 8
7 6
6 1
6 5
6 #edges
5 1
0 9
9 7
9 8
7 6
6 5
2 #trees for patient 19
6 #edges
4 6
0 9
9 10
9 11
11 4
11 5
6 #edges
4 5
4 6
0 9
9 10
9 11
11 4
2 #trees for patient 20
6 #edges
4 11
0 9
9 4
9 10
11 5
11 6
6 #edges
4 5
4 6
0 9
9 10
9 11
11 4
2 #trees for patient 21
6 #edges
4 5
0 9
9 10
9 11
5 6
11 4
6 #edges
4 5
4 6
0 9
9 10
9 11
11 4
2 #trees for patient 22
6 #edges
4 6
10 5
0 9
9 10
9 11
11 4
6 #edges
4 5
4 6
0 9
9 10
9 11
11 4
1 #trees for patient 23
6 #edges
4 5
4 6
0 9
9 10
9 11
11 4
2 #trees for patient 24
6 #edges
4 5
4 6
0 9
9 10
9 11
11 4
6 #edges
4 11
0 9
9 4
9 10
11 5
11 6
6 #trees for patient 25
6 #edges
4 11
0 9
9 4
9 10
9 5
11 6
6 #edges
4 11
0 9
9 4
9 10
11 5
11 6
6 #edges
4 11
10 5
0 9
9 4
9 10
11 6
6 #edges
4 6
0 9
9 10
9 5
9 11
11 4
6 #edges
4 6
10 5
0 9
9 10
9 11
11 4
6 #edges
4 5
4 6
0 9
9 10
9 11
11 4
3 #trees for patient 26
6 #edges
4 5
4 6
0 9
9 10
9 11
11 4
6 #edges
4 5
4 6
0 9
9 11
6 10
11 4
6 #edges
4 5
4 6
0 9
9 11
5 10
11 4
4 #trees for patient 27
6 #edges
4 10
4 5
4 6
0 9
9 11
11 4
6 #edges
4 5
4 6
0 9
9 10
9 11
11 4
6 #edges
4 11
0 9
9 4
9 10
11 5
11 6
6 #edges
4 11
0 9
9 4
11 10
11 5
11 6
11 #trees for patient 28
6 #edges
0 9
0 5
0 6
9 10
9 11
11 4
6 #edges
0 9
0 6
9 10
9 5
9 11
11 4
6 #edges
4 5
0 9
0 6
9 10
9 11
11 4
6 #edges
0 9
0 5
9 10
9 11
5 6
11 4
6 #edges
0 9
0 5
9 10
9 6
9 11
11 4
6 #edges
4 6
0 9
0 5
9 10
9 11
11 4
6 #edges
0 9
9 10
9 5
9 11
5 6
11 4
6 #edges
4 6
0 9
9 10
9 5
9 11
11 4
6 #edges
4 5
0 9
9 10
9 6
9 11
11 4
6 #edges
4 5
0 9
9 10
9 11
5 6
11 4
6 #edges
4 5
4 6
0 9
9 10
9 11
11 4
12 #trees for patient 29
6 #edges
4 10
4 11
10 3
0 4
9 2
11 9
6 #edges
4 10
4 11
0 4
2 3
9 2
11 9
6 #edges
4 10
4 9
10 3
0 4
9 11
11 2
6 #edges
4 10
4 9
0 4
2 3
9 11
11 2
6 #edges
4 9
4 3
0 4
9 11
3 10
11 2
6 #edges
4 9
4 3
0 4
2 10
9 11
11 2
6 #edges
4 3
4 11
0 4
9 2
3 10
11 9
6 #edges
4 3
4 11
0 4
2 10
9 2
11 9
6 #edges
4 11
10 3
0 4
2 10
9 2
11 9
6 #edges
4 11
0 4
2 3
9 2
3 10
11 9
6 #edges
4 9
0 4
2 3
9 11
3 10
11 2
6 #edges
4 9
10 3
0 4
2 10
9 11
11 2
6 #trees for patient 30
6 #edges
4 9
10 2
0 4
2 3
9 11
11 10
6 #edges
4 9
10 3
0 4
2 10
9 11
11 2
6 #edges
4 9
10 2
0 4
2 11
9 10
11 3
6 #edges
4 9
10 11
0 4
2 3
9 10
11 2
6 #edges
4 9
10 11
0 4
2 10
9 2
11 3
6 #edges
4 9
10 3
0 4
2 11
9 2
11 10
12 #trees for patient 31
6 #edges
4 9
10 3
0 4
9 11
3 2
11 10
6 #edges
4 9
10 2
0 4
2 3
9 11
11 10
6 #edges
4 9
0 4
2 3
9 11
3 10
11 2
6 #edges
4 9
10 3
0 4
2 10
9 11
11 2
6 #edges
4 9
10 2
0 4
9 11
3 10
11 3
6 #edges
4 9
0 4
2 10
9 11
3 2
11 3
6 #edges
4 11
0 4
2 3
9 2
3 10
11 9
6 #edges
4 11
10 3
0 4
2 10
9 2
11 9
6 #edges
4 11
0 4
2 10
9 3
3 2
11 9
6 #edges
4 11
10 2
0 4
9 3
3 10
11 9
6 #edges
4 11
10 2
0 4
2 3
9 10
11 9
6 #edges
4 11
10 3
0 4
9 10
3 2
11 9
6 #trees for patient 32
6 #edges
4 11
10 3
0 9
2 10
9 4
11 2
6 #edges
4 11
0 9
2 10
2 3
9 4
11 2
6 #edges
4 11
0 9
2 3
9 4
3 10
11 2
6 #edges
4 9
0 4
2 3
9 11
3 10
11 2
6 #edges
4 9
0 4
2 10
2 3
9 11
11 2
6 #edges
4 9
10 3
0 4
2 10
9 11
11 2
2 #trees for patient 33
6 #edges
4 9
10 3
0 4
2 11
9 2
11 10
6 #edges
4 9
10 3
0 4
2 10
9 11
11 2
4 #trees for patient 34
6 #edges
4 3
4 11
0 4
2 10
9 2
11 9
6 #edges
4 9
4 3
0 4
2 10
9 11
11 2
6 #edges
4 9
10 3
0 4
2 10
9 11
11 2
6 #edges
4 11
10 3
0 4
2 10
9 2
11 9
4 #trees for patient 35
6 #edges
4 11
10 3
0 9
2 10
9 4
11 2
6 #edges
4 11
0 9
2 3
9 4
3 10
11 2
6 #edges
4 9
10 3
0 4
2 10
9 11
11 2
6 #edges
4 9
0 4
2 3
9 11
3 10
11 2
36 #trees for patient 36
6 #edges
4 9
10 3
0 11
2 10
9 2
11 4
6 #edges
4 9
0 11
2 3
9 2
3 10
11 4
6 #edges
4 9
10 2
0 11
9 3
3 10
11 4
6 #edges
4 9
0 11
2 10
9 3
3 2
11 4
6 #edges
4 9
10 2
0 11
2 3
9 10
11 4
6 #edges
4 9
10 3
0 11
9 10
3 2
11 4
6 #edges
4 2
0 11
2 3
9 4
3 10
11 9
6 #edges
4 2
10 3
0 11
2 10
9 4
11 9
6 #edges
4 3
0 11
2 10
9 4
3 2
11 9
6 #edges
4 3
10 2
0 11
9 4
3 10
11 9
6 #edges
4 10
10 2
0 11
2 3
9 4
11 9
6 #edges
4 10
10 3
0 11
9 4
3 2
11 9
6 #edges
4 11
10 2
0 9
9 4
3 10
11 3
6 #edges
4 11
0 9
2 10
9 4
3 2
11 3
6 #edges
4 11
10 3
0 9
2 10
9 4
11 2
6 #edges
4 11
0 9
2 3
9 4
3 10
11 2
6 #edges
4 11
10 3
0 9
9 4
3 2
11 10
6 #edges
4 11
10 2
0 9
2 3
9 4
11 10
6 #edges
4 10
10 2
0 9
2 3
9 11
11 4
6 #edges
4 10
10 3
0 9
9 11
3 2
11 4
6 #edges
4 3
10 2
0 9
9 11
3 10
11 4
6 #edges
4 3
0 9
2 10
9 11
3 2
11 4
6 #edges
4 2
10 3
0 9
2 10
9 11
11 4
6 #edges
4 2
0 9
2 3
9 11
3 10
11 4
6 #edges
4 11
0 4
2 10
9 3
3 2
11 9
6 #edges
4 11
10 2
0 4
9 3
3 10
11 9
6 #edges
4 11
10 3
0 4
2 10
9 2
11 9
6 #edges
4 11
0 4
2 3
9 2
3 10
11 9
6 #edges
4 11
10 2
0 4
2 3
9 10
11 9
6 #edges
4 11
10 3
0 4
9 10
3 2
11 9
6 #edges
4 9
10 2
0 4
9 11
3 10
11 3
6 #edges
4 9
0 4
2 10
9 11
3 2
11 3
6 #edges
4 9
0 4
2 3
9 11
3 10
11 2
6 #edges
4 9
10 3
0 4
2 10
9 11
11 2
6 #edges
4 9
10 2
0 4
2 3
9 11
11 10
6 #edges
4 9
10 3
0 4
9 11
3 2
11 10
3 #trees for patient 37
6 #edges
4 9
0 4
2 3
9 11
3 10
11 2
6 #edges
4 9
0 4
2 10
2 3
9 11
11 2
6 #edges
4 9
10 3
0 4
2 10
9 11
11 2
60 #trees for patient 38
6 #edges
4 9
0 4
9 3
9 11
3 2
11 10
6 #edges
4 9
10 2
0 4
9 3
9 11
11 10
6 #edges
4 9
0 4
2 10
9 3
9 11
3 2
6 #edges
4 9
0 4
9 3
9 11
3 10
11 2
6 #edges
4 9
0 4
2 10
9 3
9 11
11 2
6 #edges
4 9
10 2
0 4
9 3
9 11
3 10
6 #edges
4 9
0 4
9 2
9 11
3 10
11 3
6 #edges
4 9
0 4
2 10
9 2
9 11
11 3
6 #edges
4 9
0 4
9 10
9 11
3 2
11 3
6 #edges
4 9
10 2
0 4
9 10
9 11
11 3
6 #edges
4 9
10 2
0 4
9 11
3 10
11 3
6 #edges
4 9
0 4
2 10
9 11
3 2
11 3
6 #edges
4 9
10 3
0 4
9 2
9 11
11 10
6 #edges
4 9
0 4
2 3
9 2
9 11
11 10
6 #edges
4 9
10 3
0 4
2 10
9 2
9 11
6 #edges
4 9
0 4
2 3
9 2
9 11
3 10
6 #edges
4 9
10 2
0 4
2 3
9 10
9 11
6 #edges
4 9
10 3
0 4
9 10
9 11
11 2
6 #edges
4 9
10 3
0 4
9 10
9 11
3 2
6 #edges
4 9
0 4
2 3
9 10
9 11
11 2
6 #edges
4 9
10 3
0 4
2 10
9 11
11 2
6 #edges
4 9
0 4
2 3
9 11
3 10
11 2
6 #edges
4 9
10 3
0 4
9 11
3 2
11 10
6 #edges
4 9
10 2
0 4
2 3
9 11
11 10
6 #edges
4 9
0 4
2 11
9 2
9 3
11 10
6 #edges
4 9
0 4
2 11
9 2
9 3
3 10
6 #edges
4 9
10 11
0 4
2 10
9 2
9 3
6 #edges
4 9
0 4
2 10
9 2
9 3
3 11
6 #edges
4 9
10 11
0 4
9 2
9 3
3 10
6 #edges
4 9
0 4
9 2
9 3
3 11
11 10
6 #edges
4 9
10 2
0 4
9 10
9 3
3 11
6 #edges
4 9
0 4
9 10
9 3
3 11
11 2
6 #edges
4 9
0 4
2 10
9 3
3 11
11 2
6 #edges
4 9
10 2
0 4
9 3
3 11
11 10
6 #edges
4 9
10 11
0 4
9 10
9 3
3 2
6 #edges
4 9
10 11
0 4
9 10
9 3
11 2
6 #edges
4 9
10 2
0 4
2 11
9 10
9 3
6 #edges
4 9
0 4
2 11
9 10
9 3
3 2
6 #edges
4 9
10 11
0 4
9 3
3 10
11 2
6 #edges
4 9
10 2
0 4
2 11
9 3
3 10
6 #edges
4 9
10 11
0 4
2 10
9 3
3 2
6 #edges
4 9
0 4
2 11
9 3
3 2
11 10
6 #edges
4 9
0 4
2 11
9 2
3 10
11 3
6 #edges
4 9
0 4
2 11
9 10
9 2
11 3
6 #edges
4 9
10 3
0 4
2 11
9 2
11 10
6 #edges
4 9
10 3
0 4
2 11
9 10
9 2
6 #edges
4 9
10 3
0 4
2 10
9 2
3 11
6 #edges
4 9
10 11
0 4
2 10
9 2
11 3
6 #edges
4 9
0 4
2 3
9 10
9 2
3 11
6 #edges
4 9
10 11
0 4
2 3
9 10
9 2
6 #edges
4 9
10 11
0 4
9 10
9 2
11 3
6 #edges
4 9
10 3
0 4
9 10
9 2
3 11
6 #edges
4 9
10 11
0 4
2 3
9 2
3 10
6 #edges
4 9
0 4
2 3
9 2
3 11
11 10
6 #edges
4 9
10 3
0 4
9 10
3 11
11 2
6 #edges
4 9
10 3
0 4
2 11
9 10
3 2
6 #edges
4 9
10 11
0 4
9 10
3 2
11 3
6 #edges
4 9
10 11
0 4
2 3
9 10
11 2
6 #edges
4 9
10 2
0 4
2 11
9 10
11 3
6 #edges
4 9
10 2
0 4
2 3
9 10
3 11
42 #trees for patient 39
6 #edges
4 9
10 3
0 11
2 10
9 2
11 4
6 #edges
4 9
0 11
2 10
9 2
9 3
11 4
6 #edges
4 9
10 3
0 11
9 10
9 2
11 4
6 #edges
4 9
0 11
9 10
9 2
9 3
11 4
6 #edges
4 9
0 11
2 3
9 10
9 2
11 4
6 #edges
4 9
0 11
9 2
9 3
3 10
11 4
6 #edges
4 9
0 11
2 3
9 2
3 10
11 4
6 #edges
4 10
4 2
0 11
2 3
9 4
11 9
6 #edges
4 10
4 2
10 3
0 11
9 4
11 9
6 #edges
4 10
4 2
4 3
0 11
9 4
11 9
6 #edges
4 2
0 11
2 3
9 4
3 10
11 9
6 #edges
4 2
4 3
0 11
2 10
9 4
11 9
6 #edges
4 2
10 3
0 11
2 10
9 4
11 9
6 #edges
4 2
4 3
0 11
9 4
3 10
11 9
6 #edges
4 10
4 2
4 3
0 9
9 11
11 4
6 #edges
4 2
4 3
0 9
9 11
3 10
11 4
6 #edges
4 2
4 3
0 9
2 10
9 11
11 4
6 #edges
4 2
10 3
0 9
2 10
9 11
11 4
6 #edges
4 10
4 2
10 3
0 9
9 11
11 4
6 #edges
4 10
4 2
0 9
2 3
9 11
11 4
6 #edges
4 2
0 9
2 3
9 11
3 10
11 4
6 #edges
4 11
0 9
2 3
9 4
11 10
11 2
6 #edges
4 11
0 9
2 3
9 4
3 10
11 2
6 #edges
4 11
10 3
0 9
9 4
11 10
11 2
6 #edges
4 11
0 9
9 4
11 10
11 2
11 3
6 #edges
4 11
0 9
9 4
3 10
11 2
11 3
6 #edges
4 11
0 9
2 10
9 4
11 2
11 3
6 #edges
4 11
10 3
0 9
2 10
9 4
11 2
6 #edges
4 9
10 3
0 4
9 11
11 10
11 2
6 #edges
4 9
0 4
2 3
9 11
11 10
11 2
6 #edges
4 9
0 4
9 11
11 10
11 2
11 3
6 #edges
4 9
0 4
2 3
9 11
3 10
11 2
6 #edges
4 9
0 4
9 11
3 10
11 2
11 3
6 #edges
4 9
0 4
2 10
9 11
11 2
11 3
6 #edges
4 9
10 3
0 4
2 10
9 11
11 2
6 #edges
4 11
10 3
0 4
9 10
9 2
11 9
6 #edges
4 11
0 4
2 3
9 10
9 2
11 9
6 #edges
4 11
0 4
9 10
9 2
9 3
11 9
6 #edges
4 11
0 4
9 2
9 3
3 10
11 9
6 #edges
4 11
0 4
2 10
9 2
9 3
11 9
6 #edges
4 11
10 3
0 4
2 10
9 2
11 9
6 #edges
4 11
0 4
2 3
9 2
3 10
11 9
4 #trees for patient 40
6 #edges
4 6
0 4
0 7
0 11
5 9
6 5
6 #edges
4 5
0 4
0 7
0 11
5 6
6 9
6 #edges
4 6
0 4
0 11
5 9
6 5
11 7
6 #edges
4 5
0 4
0 11
5 6
6 9
11 7
2 #trees for patient 41
6 #edges
4 6
0 4
0 7
0 11
5 9
6 5
6 #edges
4 5
0 4
0 7
0 11
5 6
6 9
18 #trees for patient 42
6 #edges
4 6
0 4
0 7
0 11
9 5
6 9
6 #edges
4 6
0 4
0 7
0 11
5 9
6 5
6 #edges
4 5
0 4
0 7
0 11
5 6
6 9
6 #edges
4 5
0 4
0 7
0 11
9 6
5 9
6 #edges
4 9
0 4
0 7
0 11
9 5
5 6
6 #edges
4 9
0 4
0 7
0 11
9 6
6 5
6 #edges
4 9
4 7
0 4
0 11
9 5
5 6
6 #edges
4 9
0 4
0 11
9 5
5 6
6 7
6 #edges
4 9
4 7
0 4
0 11
9 6
6 5
6 #edges
4 9
0 4
0 11
9 6
5 7
6 5
6 #edges
4 7
4 6
0 4
0 11
9 5
6 9
6 #edges
4 7
4 6
0 4
0 11
5 9
6 5
6 #edges
4 7
4 5
0 4
0 11
9 6
5 9
6 #edges
4 7
4 5
0 4
0 11
5 6
6 9
6 #edges
4 6
0 4
0 11
9 5
5 7
6 9
6 #edges
4 6
0 4
0 11
9 7
5 9
6 5
6 #edges
4 5
0 4
0 11
9 7
5 6
6 9
6 #edges
4 5
0 4
0 11
9 6
5 9
6 7
6 #trees for patient 43
6 #edges
4 5
0 4
0 7
0 11
5 6
6 9
6 #edges
4 6
0 4
0 7
0 11
5 9
6 5
6 #edges
4 6
4 11
0 4
0 7
5 9
6 5
6 #edges
4 6
0 4
0 7
7 11
5 9
6 5
6 #edges
4 5
4 11
0 4
0 7
5 6
6 9
6 #edges
4 5
0 4
0 7
7 11
5 6
6 9
2 #trees for patient 44
6 #edges
4 5
0 4
0 7
0 11
5 6
6 9
6 #edges
4 6
0 7
0 5
0 11
5 4
6 9
8 #trees for patient 45
6 #edges
4 9
0 7
0 5
0 11
9 6
5 4
6 #edges
4 6
0 7
0 5
0 11
5 4
6 9
6 #edges
4 5
0 4
0 7
0 11
9 6
5 9
6 #edges
4 5
0 4
0 7
0 11
5 6
6 9
6 #edges
4 9
0 5
0 11
9 6
5 4
6 7
6 #edges
4 6
0 5
0 11
9 7
5 4
6 9
6 #edges
4 5
0 4
0 11
9 6
5 9
6 7
6 #edges
4 5
0 4
0 11
9 7
5 6
6 9
2 #trees for patient 46
6 #edges
4 6
0 7
0 5
0 11
5 4
6 9
6 #edges
4 5
0 4
0 7
0 11
5 6
6 9
2 #trees for patient 47
6 #edges
4 6
0 4
0 7
0 11
5 9
6 5
6 #edges
4 5
0 4
0 7
0 11
5 6
6 9
6 #trees for patient 48
6 #edges
4 5
0 4
0 7
0 11
5 6
6 9
6 #edges
4 5
0 4
0 7
0 11
9 6
5 9
6 #edges
4 5
0 4
0 11
9 6
5 9
5 7
6 #edges
4 5
0 4
0 11
5 7
5 6
6 9
6 #edges
4 7
4 5
0 4
0 11
5 6
6 9
6 #edges
4 7
4 5
0 4
0 11
9 6
5 9
12 #trees for patient 49
6 #edges
4 6
0 7
0 5
0 11
5 4
6 9
6 #edges
4 9
0 7
0 5
0 11
5 6
6 4
6 #edges
4 5
0 7
0 6
0 11
5 9
6 4
6 #edges
4 9
0 7
0 6
0 11
5 4
6 5
6 #edges
4 5
0 4
0 7
0 11
5 6
6 9
6 #edges
4 6
0 4
0 7
0 11
5 9
6 5
6 #edges
4 5
0 4
0 11
5 6
6 9
11 7
6 #edges
4 6
0 4
0 11
5 9
6 5
11 7
6 #edges
4 6
0 5
0 11
5 4
6 9
11 7
6 #edges
4 9
0 5
0 11
5 6
6 4
11 7
6 #edges
4 5
0 6
0 11
5 9
6 4
11 7
6 #edges
4 9
0 6
0 11
5 4
6 5
11 7
