100 # patients
4 #trees for patient 0
6 #edges
0 9
8 5
9 8
5 7
1 11
7 1
6 #edges
0 9
8 5
9 8
5 1
1 7
7 11
6 #edges
0 8
8 9
9 5
5 1
1 7
7 11
6 #edges
0 8
8 9
9 5
5 7
1 11
7 1
14 #trees for patient 1
6 #edges
0 9
8 5
8 7
9 8
5 1
7 11
6 #edges
0 9
8 5
8 7
8 11
9 8
5 1
6 #edges
0 9
8 5
8 7
9 8
5 1
1 11
6 #edges
0 9
8 5
8 11
9 8
5 1
11 7
6 #edges
0 9
8 5
8 11
9 8
5 1
1 7
6 #edges
0 9
8 5
9 8
5 1
1 7
7 11
6 #edges
0 9
8 5
9 8
5 1
1 11
11 7
6 #edges
0 8
8 9
9 5
9 7
9 11
5 1
6 #edges
0 8
8 9
9 5
9 7
5 1
1 11
6 #edges
0 8
8 9
9 5
9 7
5 1
7 11
6 #edges
0 8
8 9
9 5
9 11
5 1
11 7
6 #edges
0 8
8 9
9 5
9 11
5 1
1 7
6 #edges
0 8
8 9
9 5
5 1
1 7
7 11
6 #edges
0 8
8 9
9 5
5 1
1 11
11 7
12 #trees for patient 2
6 #edges
0 8
8 1
9 5
5 7
1 9
7 11
6 #edges
0 8
8 1
9 5
5 11
1 9
11 7
6 #edges
0 8
8 1
9 7
5 9
1 5
7 11
6 #edges
0 8
8 1
9 11
5 9
1 5
11 7
6 #edges
0 8
8 9
9 5
5 1
1 7
7 11
6 #edges
0 8
8 9
9 5
5 1
1 11
11 7
6 #edges
0 8
8 9
9 1
5 11
1 5
11 7
6 #edges
0 8
8 9
9 1
5 7
1 5
7 11
6 #edges
0 8
8 5
9 11
5 1
1 9
11 7
6 #edges
0 8
8 5
9 7
5 1
1 9
7 11
6 #edges
0 8
8 5
9 1
5 9
1 11
11 7
6 #edges
0 8
8 5
9 1
5 9
1 7
7 11
4 #trees for patient 3
6 #edges
0 9
8 1
9 8
5 7
1 5
7 11
6 #edges
0 9
8 5
9 8
5 1
1 7
7 11
6 #edges
0 8
8 9
9 1
5 7
1 5
7 11
6 #edges
0 8
8 9
9 5
5 1
1 7
7 11
12 #trees for patient 4
6 #edges
0 5
8 1
9 8
5 9
1 11
11 7
6 #edges
0 5
8 1
9 8
5 9
1 7
7 11
6 #edges
0 5
8 9
9 1
5 8
1 7
7 11
6 #edges
0 5
8 9
9 1
5 8
1 11
11 7
6 #edges
0 9
8 5
9 8
5 1
1 7
7 11
6 #edges
0 9
8 5
9 8
5 1
1 11
11 7
6 #edges
0 9
8 1
9 5
5 8
1 7
7 11
6 #edges
0 9
8 1
9 5
5 8
1 11
11 7
6 #edges
0 8
8 5
9 1
5 9
1 7
7 11
6 #edges
0 8
8 5
9 1
5 9
1 11
11 7
6 #edges
0 8
8 9
9 5
5 1
1 11
11 7
6 #edges
0 8
8 9
9 5
5 1
1 7
7 11
12 #trees for patient 5
6 #edges
0 8
8 9
9 1
5 7
1 5
7 11
6 #edges
0 8
8 9
8 11
9 1
5 7
1 5
6 #edges
0 8
8 9
8 11
9 5
5 1
1 7
6 #edges
0 8
8 9
9 5
5 1
1 7
7 11
6 #edges
0 8
8 5
8 11
9 7
5 1
1 9
6 #edges
0 8
8 5
8 11
9 1
5 9
1 7
6 #edges
0 8
8 1
8 11
9 7
5 9
1 5
6 #edges
0 8
8 1
8 11
9 5
5 7
1 9
6 #edges
0 8
8 1
9 5
5 7
1 9
7 11
6 #edges
0 8
8 1
9 7
5 9
1 5
7 11
6 #edges
0 8
8 5
9 7
5 1
1 9
7 11
6 #edges
0 8
8 5
9 1
5 9
1 7
7 11
2 #trees for patient 6
6 #edges
0 8
8 5
9 1
5 9
1 7
7 11
6 #edges
0 8
8 9
9 5
5 1
1 7
7 11
2 #trees for patient 7
6 #edges
0 8
8 9
9 5
5 1
1 7
7 11
6 #edges
0 8
8 9
9 5
5 1
1 11
11 7
4 #trees for patient 8
6 #edges
0 9
8 5
9 8
5 1
1 7
7 11
6 #edges
0 9
8 5
9 8
5 1
1 11
11 7
6 #edges
0 8
8 9
9 5
5 1
1 7
7 11
6 #edges
0 8
8 9
9 5
5 1
1 11
11 7
24 #trees for patient 9
6 #edges
0 8
0 11
8 9
9 5
5 1
11 7
6 #edges
0 8
0 11
8 9
9 1
1 5
11 7
6 #edges
0 8
0 11
8 9
9 5
5 1
1 7
6 #edges
0 8
0 11
8 9
9 1
5 7
1 5
6 #edges
0 9
0 11
8 5
9 8
5 1
11 7
6 #edges
0 9
0 11
8 1
9 8
1 5
11 7
6 #edges
0 9
0 11
8 1
9 8
5 7
1 5
6 #edges
0 9
0 11
8 5
9 8
5 1
1 7
6 #edges
0 9
0 7
8 5
9 8
5 1
7 11
6 #edges
0 9
0 7
8 5
9 8
5 1
1 11
6 #edges
0 9
0 7
8 1
9 8
1 5
7 11
6 #edges
0 9
0 7
8 1
9 8
5 11
1 5
6 #edges
0 8
0 7
8 9
9 1
1 5
7 11
6 #edges
0 8
0 7
8 9
9 5
5 1
7 11
6 #edges
0 8
0 7
8 9
9 5
5 1
1 11
6 #edges
0 8
0 7
8 9
9 1
5 11
1 5
6 #edges
0 9
8 5
9 8
5 1
1 11
11 7
6 #edges
0 9
8 5
9 8
5 1
1 7
7 11
6 #edges
0 9
8 1
9 8
5 11
1 5
11 7
6 #edges
0 9
8 1
9 8
5 7
1 5
7 11
6 #edges
0 8
8 9
9 5
5 1
1 7
7 11
6 #edges
0 8
8 9
9 5
5 1
1 11
11 7
6 #edges
0 8
8 9
9 1
5 7
1 5
7 11
6 #edges
0 8
8 9
9 1
5 11
1 5
11 7
5 #trees for patient 10
6 #edges
0 8
8 9
9 5
5 1
5 7
5 11
6 #edges
0 8
8 9
9 5
5 1
5 7
7 11
6 #edges
0 8
8 9
9 5
5 1
5 7
1 11
6 #edges
0 8
8 9
9 5
5 1
5 11
1 7
6 #edges
0 8
8 9
9 5
5 1
1 7
7 11
6 #trees for patient 11
6 #edges
0 8
8 9
9 7
5 11
1 5
7 1
6 #edges
0 8
8 9
9 7
5 1
1 11
7 5
6 #edges
0 8
8 9
9 1
5 11
1 7
7 5
6 #edges
0 8
8 9
9 1
5 7
1 5
7 11
6 #edges
0 8
8 9
9 5
5 7
1 11
7 1
6 #edges
0 8
8 9
9 5
5 1
1 7
7 11
4 #trees for patient 12
6 #edges
0 8
8 5
9 7
5 9
1 11
7 1
6 #edges
0 8
8 5
9 1
5 9
1 7
7 11
6 #edges
0 8
8 9
9 5
5 1
1 7
7 11
6 #edges
0 8
8 9
9 5
5 7
1 11
7 1
42 #trees for patient 13
6 #edges
0 8
8 9
8 11
9 1
1 5
11 7
6 #edges
0 8
8 9
8 11
9 5
5 1
11 7
6 #edges
0 8
8 9
8 7
8 11
9 5
5 1
6 #edges
0 8
8 9
8 7
8 11
9 1
1 5
6 #edges
0 8
8 9
8 11
9 5
5 1
1 7
6 #edges
0 8
8 9
8 11
9 1
5 7
1 5
6 #edges
0 8
8 5
8 11
5 1
1 9
11 7
6 #edges
0 8
8 5
8 11
9 1
5 9
11 7
6 #edges
0 8
8 1
8 11
5 9
1 5
11 7
6 #edges
0 8
8 1
8 11
9 5
1 9
11 7
6 #edges
0 8
8 5
8 7
8 11
9 1
5 9
6 #edges
0 8
8 5
8 7
8 11
5 1
1 9
6 #edges
0 8
8 5
8 11
9 1
5 9
1 7
6 #edges
0 8
8 5
8 11
9 7
5 1
1 9
6 #edges
0 8
8 1
8 7
8 11
5 9
1 5
6 #edges
0 8
8 1
8 7
8 11
9 5
1 9
6 #edges
0 8
8 1
8 11
9 7
5 9
1 5
6 #edges
0 8
8 1
8 11
9 5
5 7
1 9
6 #edges
0 8
8 1
8 7
9 5
1 9
7 11
6 #edges
0 8
8 1
8 7
9 5
5 11
1 9
6 #edges
0 8
8 1
8 7
9 11
5 9
1 5
6 #edges
0 8
8 1
8 7
5 9
1 5
7 11
6 #edges
0 8
8 1
9 11
5 9
1 5
11 7
6 #edges
0 8
8 1
9 7
5 9
1 5
7 11
6 #edges
0 8
8 1
9 5
5 11
1 9
11 7
6 #edges
0 8
8 1
9 5
5 7
1 9
7 11
6 #edges
0 8
8 5
8 7
9 1
5 9
1 11
6 #edges
0 8
8 5
8 7
9 1
5 9
7 11
6 #edges
0 8
8 5
8 7
5 1
1 9
7 11
6 #edges
0 8
8 5
8 7
9 11
5 1
1 9
6 #edges
0 8
8 5
9 7
5 1
1 9
7 11
6 #edges
0 8
8 5
9 11
5 1
1 9
11 7
6 #edges
0 8
8 5
9 1
5 9
1 7
7 11
6 #edges
0 8
8 5
9 1
5 9
1 11
11 7
6 #edges
0 8
8 9
8 7
9 5
5 1
7 11
6 #edges
0 8
8 9
8 7
9 1
1 5
7 11
6 #edges
0 8
8 9
8 7
9 1
5 11
1 5
6 #edges
0 8
8 9
8 7
9 5
5 1
1 11
6 #edges
0 8
8 9
9 1
5 7
1 5
7 11
6 #edges
0 8
8 9
9 1
5 11
1 5
11 7
6 #edges
0 8
8 9
9 5
5 1
1 11
11 7
6 #edges
0 8
8 9
9 5
5 1
1 7
7 11
4 #trees for patient 14
6 #edges
0 8
8 5
9 7
5 9
1 11
7 1
6 #edges
0 8
8 5
9 1
5 9
1 7
7 11
6 #edges
0 8
8 9
9 5
5 1
1 7
7 11
6 #edges
0 8
8 9
9 5
5 7
1 11
7 1
14 #trees for patient 15
6 #edges
0 8
8 9
9 5
9 7
9 11
5 1
6 #edges
0 8
8 9
9 1
9 7
9 11
1 5
6 #edges
0 8
8 9
9 1
9 11
1 5
11 7
6 #edges
0 8
8 9
9 1
9 11
5 7
1 5
6 #edges
0 8
8 9
9 5
9 11
5 1
1 7
6 #edges
0 8
8 9
9 5
9 11
5 1
11 7
6 #edges
0 8
8 9
9 5
9 7
5 1
7 11
6 #edges
0 8
8 9
9 5
9 7
5 1
1 11
6 #edges
0 8
8 9
9 5
5 1
1 11
11 7
6 #edges
0 8
8 9
9 5
5 1
1 7
7 11
6 #edges
0 8
8 9
9 1
5 7
1 5
7 11
6 #edges
0 8
8 9
9 1
5 11
1 5
11 7
6 #edges
0 8
8 9
9 1
9 7
5 11
1 5
6 #edges
0 8
8 9
9 1
9 7
1 5
7 11
12 #trees for patient 16
6 #edges
0 5
8 1
9 8
5 9
1 11
11 7
6 #edges
0 5
8 1
9 8
5 9
1 7
7 11
6 #edges
0 5
8 9
9 1
5 8
1 7
7 11
6 #edges
0 5
8 9
9 1
5 8
1 11
11 7
6 #edges
0 9
8 5
9 8
5 1
1 7
7 11
6 #edges
0 9
8 5
9 8
5 1
1 11
11 7
6 #edges
0 9
8 1
9 5
5 8
1 7
7 11
6 #edges
0 9
8 1
9 5
5 8
1 11
11 7
6 #edges
0 8
8 5
9 1
5 9
1 7
7 11
6 #edges
0 8
8 5
9 1
5 9
1 11
11 7
6 #edges
0 8
8 9
9 5
5 1
1 11
11 7
6 #edges
0 8
8 9
9 5
5 1
1 7
7 11
2 #trees for patient 17
6 #edges
0 8
8 9
9 1
5 7
1 5
7 11
6 #edges
0 8
8 9
9 5
5 1
1 7
7 11
2 #trees for patient 18
6 #edges
0 8
8 9
9 5
5 1
1 7
7 11
6 #edges
0 8
8 9
9 5
5 1
1 11
11 7
6 #trees for patient 19
6 #edges
0 8
8 9
9 7
5 11
1 5
7 1
6 #edges
0 8
8 9
9 7
5 1
1 11
7 5
6 #edges
0 8
8 9
9 1
5 11
1 7
7 5
6 #edges
0 8
8 9
9 1
5 7
1 5
7 11
6 #edges
0 8
8 9
9 5
5 1
1 7
7 11
6 #edges
0 8
8 9
9 5
5 7
1 11
7 1
120 #trees for patient 20
6 #edges
0 8
8 5
8 7
9 1
5 9
7 11
6 #edges
0 8
8 5
8 7
5 1
1 9
7 11
6 #edges
0 8
8 5
8 7
9 1
5 11
7 9
6 #edges
0 8
8 5
8 7
9 11
5 1
7 9
6 #edges
0 8
8 5
8 7
9 1
1 11
7 9
6 #edges
0 8
8 5
8 7
5 1
1 11
7 9
6 #edges
0 8
8 5
8 7
5 11
1 9
7 1
6 #edges
0 8
8 5
8 7
9 11
5 9
7 1
6 #edges
0 8
8 5
8 7
9 1
5 9
1 11
6 #edges
0 8
8 5
8 7
5 9
1 11
7 1
6 #edges
0 8
8 5
8 7
9 11
5 1
1 9
6 #edges
0 8
8 5
8 7
9 11
1 9
7 1
6 #edges
0 8
8 5
8 1
9 11
5 9
1 7
6 #edges
0 8
8 5
8 1
9 7
5 9
7 11
6 #edges
0 8
8 5
8 1
9 7
5 9
1 11
6 #edges
0 8
8 5
8 1
5 9
1 7
7 11
6 #edges
0 8
8 5
8 11
9 1
5 9
1 7
6 #edges
0 8
8 5
9 1
5 9
1 7
7 11
6 #edges
0 8
8 5
8 11
9 7
5 9
7 1
6 #edges
0 8
8 5
9 7
5 9
1 11
7 1
6 #edges
0 8
8 5
8 1
5 11
1 7
7 9
6 #edges
0 8
8 5
8 1
9 7
5 11
1 9
6 #edges
0 8
8 9
8 5
9 1
5 11
1 7
6 #edges
0 8
8 9
8 5
9 7
5 11
7 1
6 #edges
0 8
8 5
8 1
5 7
1 11
7 9
6 #edges
0 8
8 5
8 1
9 11
5 7
7 9
6 #edges
0 8
8 5
8 1
5 7
1 9
7 11
6 #edges
0 8
8 5
8 1
9 11
5 7
1 9
6 #edges
0 8
8 5
8 11
5 7
1 9
7 1
6 #edges
0 8
8 5
8 11
9 1
5 7
7 9
6 #edges
0 8
8 9
8 5
9 11
5 7
7 1
6 #edges
0 8
8 9
8 5
9 1
5 7
7 11
6 #edges
0 8
8 9
8 5
9 1
5 7
1 11
6 #edges
0 8
8 9
8 5
5 7
1 11
7 1
6 #edges
0 8
8 5
9 1
5 7
1 11
7 9
6 #edges
0 8
8 5
9 11
5 7
1 9
7 1
6 #edges
0 8
8 9
8 5
9 7
1 11
7 1
6 #edges
0 8
8 9
8 5
9 7
5 1
7 11
6 #edges
0 8
8 9
8 5
9 7
5 1
1 11
6 #edges
0 8
8 9
8 5
9 1
1 7
7 11
6 #edges
0 8
8 9
8 5
9 11
5 1
1 7
6 #edges
0 8
8 9
8 5
5 1
1 7
7 11
6 #edges
0 8
8 5
9 7
5 1
1 9
7 11
6 #edges
0 8
8 5
8 11
9 7
5 1
1 9
6 #edges
0 8
8 5
8 11
5 1
1 7
7 9
6 #edges
0 8
8 5
9 11
5 1
1 7
7 9
6 #edges
0 8
8 5
8 1
9 7
1 9
7 11
6 #edges
0 8
8 5
8 1
9 11
1 7
7 9
6 #edges
0 8
8 9
8 11
9 7
5 1
7 5
6 #edges
0 8
8 9
8 11
9 7
1 5
7 1
6 #edges
0 8
8 9
8 11
9 5
5 1
1 7
6 #edges
0 8
8 9
8 11
9 5
5 7
7 1
6 #edges
0 8
8 9
8 11
9 1
5 7
1 5
6 #edges
0 8
8 9
8 11
9 1
1 7
7 5
6 #edges
0 8
8 9
8 7
9 11
5 1
7 5
6 #edges
0 8
8 9
8 7
5 1
1 11
7 5
6 #edges
0 8
8 9
8 7
9 1
5 11
7 5
6 #edges
0 8
8 9
8 7
9 1
1 11
7 5
6 #edges
0 8
8 9
8 7
9 5
5 1
7 11
6 #edges
0 8
8 9
8 7
9 1
1 5
7 11
6 #edges
0 8
8 9
8 7
9 1
5 11
1 5
6 #edges
0 8
8 9
8 7
9 11
1 5
7 1
6 #edges
0 8
8 9
8 7
9 5
5 11
7 1
6 #edges
0 8
8 9
8 7
9 5
1 11
7 1
6 #edges
0 8
8 9
8 7
9 5
5 1
1 11
6 #edges
0 8
8 9
8 7
5 11
1 5
7 1
6 #edges
0 8
8 9
9 1
5 7
1 5
7 11
6 #edges
0 8
8 9
9 1
5 11
1 7
7 5
6 #edges
0 8
8 9
8 1
9 5
5 7
1 11
6 #edges
0 8
8 9
8 1
9 5
5 7
7 11
6 #edges
0 8
8 9
8 1
9 5
5 11
1 7
6 #edges
0 8
8 9
8 1
9 5
1 7
7 11
6 #edges
0 8
8 9
9 5
5 1
1 7
7 11
6 #edges
0 8
8 9
9 5
5 7
1 11
7 1
6 #edges
0 8
8 9
8 1
9 7
1 5
7 11
6 #edges
0 8
8 9
9 7
5 11
1 5
7 1
6 #edges
0 8
8 9
8 1
9 7
5 11
1 5
6 #edges
0 8
8 9
8 1
9 7
1 11
7 5
6 #edges
0 8
8 9
8 1
9 7
5 11
7 5
6 #edges
0 8
8 9
9 7
5 1
1 11
7 5
6 #edges
0 8
8 9
8 1
5 11
1 7
7 5
6 #edges
0 8
8 9
8 1
9 11
1 7
7 5
6 #edges
0 8
8 9
8 1
9 11
5 7
1 5
6 #edges
0 8
8 9
8 1
5 7
1 5
7 11
6 #edges
0 8
8 7
9 1
5 11
1 5
7 9
6 #edges
0 8
8 7
8 11
9 1
1 5
7 9
6 #edges
0 8
8 7
8 11
9 5
5 1
7 9
6 #edges
0 8
8 7
9 5
5 1
1 11
7 9
6 #edges
0 8
8 1
8 7
9 5
5 11
7 9
6 #edges
0 8
8 1
8 7
9 5
1 11
7 9
6 #edges
0 8
8 1
8 7
9 11
1 5
7 9
6 #edges
0 8
8 1
8 7
5 11
1 5
7 9
6 #edges
0 8
8 1
8 7
9 5
1 9
7 11
6 #edges
0 8
8 1
8 7
5 9
1 5
7 11
6 #edges
0 8
8 7
8 11
9 5
1 9
7 1
6 #edges
0 8
8 7
9 5
5 11
1 9
7 1
6 #edges
0 8
8 7
8 11
5 9
1 5
7 1
6 #edges
0 8
8 7
9 11
5 9
1 5
7 1
6 #edges
0 8
8 7
8 11
5 1
1 9
7 5
6 #edges
0 8
8 7
9 11
5 1
1 9
7 5
6 #edges
0 8
8 1
8 7
5 11
1 9
7 5
6 #edges
0 8
8 1
8 7
5 9
1 11
7 5
6 #edges
0 8
8 1
8 7
9 11
1 9
7 5
6 #edges
0 8
8 1
8 7
9 11
5 9
7 5
6 #edges
0 8
8 7
8 11
9 1
5 9
7 5
6 #edges
0 8
8 7
9 1
5 9
1 11
7 5
6 #edges
0 8
8 1
8 7
9 11
5 9
1 5
6 #edges
0 8
8 1
8 7
9 5
5 11
1 9
6 #edges
0 8
8 1
8 11
9 5
5 7
1 9
6 #edges
0 8
8 1
8 11
9 7
1 9
7 5
6 #edges
0 8
8 1
8 11
5 7
1 5
7 9
6 #edges
0 8
8 1
8 11
9 7
5 9
1 5
6 #edges
0 8
8 1
8 11
9 5
1 7
7 9
6 #edges
0 8
8 1
8 11
5 9
1 7
7 5
6 #edges
0 8
8 1
9 5
5 7
1 9
7 11
6 #edges
0 8
8 1
9 7
5 11
1 9
7 5
6 #edges
0 8
8 1
9 7
5 9
1 5
7 11
6 #edges
0 8
8 1
9 11
5 7
1 5
7 9
6 #edges
0 8
8 1
9 11
5 9
1 7
7 5
6 #edges
0 8
8 1
9 5
5 11
1 7
7 9
120 #trees for patient 21
6 #edges
0 8
8 11
9 1
5 9
1 7
11 5
6 #edges
0 8
8 11
9 7
5 9
7 1
11 5
6 #edges
0 8
8 11
5 1
1 7
7 9
11 5
6 #edges
0 8
8 11
9 7
5 1
1 9
11 5
6 #edges
0 8
8 11
9 1
5 7
7 9
11 5
6 #edges
0 8
8 11
5 7
1 9
7 1
11 5
6 #edges
0 8
8 11
9 5
5 1
7 9
11 7
6 #edges
0 8
8 11
9 1
1 5
7 9
11 7
6 #edges
0 8
8 11
5 9
1 5
7 1
11 7
6 #edges
0 8
8 11
9 5
1 9
7 1
11 7
6 #edges
0 8
8 11
5 1
1 9
7 5
11 7
6 #edges
0 8
8 11
9 1
5 9
7 5
11 7
6 #edges
0 8
8 11
5 7
1 5
7 9
11 1
6 #edges
0 8
8 11
9 7
5 9
1 5
11 1
6 #edges
0 8
8 11
9 5
5 7
1 9
11 1
6 #edges
0 8
8 11
9 7
1 9
7 5
11 1
6 #edges
0 8
8 11
9 5
1 7
7 9
11 1
6 #edges
0 8
8 11
5 9
1 7
7 5
11 1
6 #edges
0 8
8 11
9 1
1 7
7 5
11 9
6 #edges
0 8
8 11
9 1
5 7
1 5
11 9
6 #edges
0 8
8 11
9 5
5 7
7 1
11 9
6 #edges
0 8
8 11
9 5
5 1
1 7
11 9
6 #edges
0 8
8 11
9 7
5 1
7 5
11 9
6 #edges
0 8
8 11
9 7
1 5
7 1
11 9
6 #edges
0 8
8 9
9 1
1 7
7 11
11 5
6 #edges
0 8
8 9
9 1
5 11
1 7
7 5
6 #edges
0 8
8 9
9 1
5 7
1 11
11 5
6 #edges
0 8
8 9
9 1
1 11
7 5
11 7
6 #edges
0 8
8 9
9 1
5 11
1 5
11 7
6 #edges
0 8
8 9
9 1
5 7
1 5
7 11
6 #edges
0 8
8 9
9 5
5 11
1 7
11 1
6 #edges
0 8
8 9
9 5
5 11
7 1
11 7
6 #edges
0 8
8 9
9 5
5 1
1 11
11 7
6 #edges
0 8
8 9
9 5
5 1
1 7
7 11
6 #edges
0 8
8 9
9 5
5 7
7 11
11 1
6 #edges
0 8
8 9
9 5
5 7
1 11
7 1
6 #edges
0 8
8 9
9 11
1 7
7 5
11 1
6 #edges
0 8
8 9
9 11
5 7
1 5
11 1
6 #edges
0 8
8 9
9 11
5 1
1 7
11 5
6 #edges
0 8
8 9
9 11
5 7
7 1
11 5
6 #edges
0 8
8 9
9 11
1 5
7 1
11 7
6 #edges
0 8
8 9
9 11
5 1
7 5
11 7
6 #edges
0 8
8 9
9 7
1 5
7 11
11 1
6 #edges
0 8
8 9
9 7
5 1
7 11
11 5
6 #edges
0 8
8 9
9 7
1 11
7 1
11 5
6 #edges
0 8
8 9
9 7
5 11
1 5
7 1
6 #edges
0 8
8 9
9 7
5 11
7 5
11 1
6 #edges
0 8
8 9
9 7
5 1
1 11
7 5
6 #edges
0 8
8 1
5 11
1 5
7 9
11 7
6 #edges
0 8
8 1
9 7
5 11
1 5
11 9
6 #edges
0 8
8 1
9 11
5 7
1 5
7 9
6 #edges
0 8
8 1
5 7
1 5
7 11
11 9
6 #edges
0 8
8 1
9 11
5 9
1 5
11 7
6 #edges
0 8
8 1
9 7
5 9
1 5
7 11
6 #edges
0 8
8 1
5 11
1 7
7 5
11 9
6 #edges
0 8
8 1
9 11
5 9
1 7
7 5
6 #edges
0 8
8 1
9 5
1 7
7 11
11 9
6 #edges
0 8
8 1
5 9
1 7
7 11
11 5
6 #edges
0 8
8 1
9 11
1 7
7 9
11 5
6 #edges
0 8
8 1
9 5
5 11
1 7
7 9
6 #edges
0 8
8 1
9 7
5 11
1 9
7 5
6 #edges
0 8
8 1
9 7
1 9
7 11
11 5
6 #edges
0 8
8 1
9 5
5 11
1 9
11 7
6 #edges
0 8
8 1
9 5
5 7
1 9
7 11
6 #edges
0 8
8 1
9 11
1 9
7 5
11 7
6 #edges
0 8
8 1
9 11
5 7
1 9
11 5
6 #edges
0 8
8 1
9 7
5 9
1 11
11 5
6 #edges
0 8
8 1
5 7
1 11
7 9
11 5
6 #edges
0 8
8 1
5 9
1 11
7 5
11 7
6 #edges
0 8
8 1
9 5
1 11
7 9
11 7
6 #edges
0 8
8 1
9 7
1 11
7 5
11 9
6 #edges
0 8
8 1
9 5
5 7
1 11
11 9
6 #edges
0 8
8 7
5 1
1 9
7 11
11 5
6 #edges
0 8
8 7
9 1
5 9
7 11
11 5
6 #edges
0 8
8 7
5 9
1 5
7 11
11 1
6 #edges
0 8
8 7
9 5
1 9
7 11
11 1
6 #edges
0 8
8 7
9 1
1 5
7 11
11 9
6 #edges
0 8
8 7
9 5
5 1
7 11
11 9
6 #edges
0 8
8 7
9 5
5 11
7 9
11 1
6 #edges
0 8
8 7
9 5
5 1
1 11
7 9
6 #edges
0 8
8 7
9 11
1 5
7 9
11 1
6 #edges
0 8
8 7
9 11
5 1
7 9
11 5
6 #edges
0 8
8 7
9 1
5 11
1 5
7 9
6 #edges
0 8
8 7
9 1
1 11
7 9
11 5
6 #edges
0 8
8 7
9 1
5 9
1 11
7 5
6 #edges
0 8
8 7
9 11
5 9
7 5
11 1
6 #edges
0 8
8 7
5 11
1 9
7 5
11 1
6 #edges
0 8
8 7
9 1
5 11
7 5
11 9
6 #edges
0 8
8 7
5 1
1 11
7 5
11 9
6 #edges
0 8
8 7
9 11
5 1
1 9
7 5
6 #edges
0 8
8 7
9 11
5 9
1 5
7 1
6 #edges
0 8
8 7
5 11
1 5
7 1
11 9
6 #edges
0 8
8 7
5 9
1 11
7 1
11 5
6 #edges
0 8
8 7
9 5
1 11
7 1
11 9
6 #edges
0 8
8 7
9 5
5 11
1 9
7 1
6 #edges
0 8
8 7
9 11
1 9
7 1
11 5
6 #edges
0 8
8 5
9 11
5 7
1 9
7 1
6 #edges
0 8
8 5
5 7
1 11
7 1
11 9
6 #edges
0 8
8 5
9 1
5 7
1 11
7 9
6 #edges
0 8
8 5
9 11
5 7
7 9
11 1
6 #edges
0 8
8 5
9 1
5 7
7 11
11 9
6 #edges
0 8
8 5
5 7
1 9
7 11
11 1
6 #edges
0 8
8 5
5 11
1 9
7 1
11 7
6 #edges
0 8
8 5
9 1
5 11
7 9
11 7
6 #edges
0 8
8 5
9 7
5 11
1 9
11 1
6 #edges
0 8
8 5
5 11
1 7
7 9
11 1
6 #edges
0 8
8 5
9 1
5 11
1 7
11 9
6 #edges
0 8
8 5
9 7
5 11
7 1
11 9
6 #edges
0 8
8 5
9 7
5 1
1 11
11 9
6 #edges
0 8
8 5
5 1
1 11
7 9
11 7
6 #edges
0 8
8 5
9 7
5 1
1 9
7 11
6 #edges
0 8
8 5
9 11
5 1
1 9
11 7
6 #edges
0 8
8 5
9 11
5 1
1 7
7 9
6 #edges
0 8
8 5
5 1
1 7
7 11
11 9
6 #edges
0 8
8 5
9 11
5 9
1 7
11 1
6 #edges
0 8
8 5
9 11
5 9
7 1
11 7
6 #edges
0 8
8 5
9 7
5 9
1 11
7 1
6 #edges
0 8
8 5
9 7
5 9
7 11
11 1
6 #edges
0 8
8 5
9 1
5 9
1 11
11 7
6 #edges
0 8
8 5
9 1
5 9
1 7
7 11
2 #trees for patient 22
6 #edges
0 9
8 5
9 8
5 1
1 7
7 11
6 #edges
0 8
8 9
9 5
5 1
1 7
7 11
6 #trees for patient 23
6 #edges
0 9
8 5
9 8
5 1
1 7
7 11
6 #edges
0 9
8 5
9 8
5 1
1 7
1 11
6 #edges
0 9
8 5
9 8
5 1
1 11
11 7
6 #edges
0 8
8 9
9 5
5 1
1 7
1 11
6 #edges
0 8
8 9
9 5
5 1
1 7
7 11
6 #edges
0 8
8 9
9 5
5 1
1 11
11 7
2 #trees for patient 24
6 #edges
0 8
8 5
9 1
5 9
1 7
7 11
6 #edges
0 8
8 9
9 5
5 1
1 7
7 11
4 #trees for patient 25
6 #edges
0 8
0 11
8 9
9 1
5 7
1 5
6 #edges
0 8
0 11
8 9
9 5
5 1
1 7
6 #edges
0 8
8 9
9 5
5 1
1 7
7 11
6 #edges
0 8
8 9
9 1
5 7
1 5
7 11
12 #trees for patient 26
6 #edges
0 8
8 1
9 5
5 7
1 9
7 11
6 #edges
0 8
8 1
9 5
5 11
1 9
11 7
6 #edges
0 8
8 1
9 7
5 9
1 5
7 11
6 #edges
0 8
8 1
9 11
5 9
1 5
11 7
6 #edges
0 8
8 9
9 5
5 1
1 7
7 11
6 #edges
0 8
8 9
9 5
5 1
1 11
11 7
6 #edges
0 8
8 9
9 1
5 11
1 5
11 7
6 #edges
0 8
8 9
9 1
5 7
1 5
7 11
6 #edges
0 8
8 5
9 11
5 1
1 9
11 7
6 #edges
0 8
8 5
9 7
5 1
1 9
7 11
6 #edges
0 8
8 5
9 1
5 9
1 11
11 7
6 #edges
0 8
8 5
9 1
5 9
1 7
7 11
6 #trees for patient 27
6 #edges
0 5
8 1
9 8
5 9
1 7
7 11
6 #edges
0 5
8 9
9 1
5 8
1 7
7 11
6 #edges
0 9
8 5
9 8
5 1
1 7
7 11
6 #edges
0 9
8 1
9 5
5 8
1 7
7 11
6 #edges
0 8
8 5
9 1
5 9
1 7
7 11
6 #edges
0 8
8 9
9 5
5 1
1 7
7 11
12 #trees for patient 28
6 #edges
0 5
8 1
9 8
5 9
1 7
7 11
6 #edges
0 5
8 7
9 8
5 9
1 11
7 1
6 #edges
0 5
8 9
9 1
5 8
1 7
7 11
6 #edges
0 5
8 9
9 7
5 8
1 11
7 1
6 #edges
0 9
8 7
9 5
5 8
1 11
7 1
6 #edges
0 9
8 1
9 5
5 8
1 7
7 11
6 #edges
0 9
8 5
9 8
5 1
1 7
7 11
6 #edges
0 9
8 5
9 8
5 7
1 11
7 1
6 #edges
0 8
8 5
9 1
5 9
1 7
7 11
6 #edges
0 8
8 5
9 7
5 9
1 11
7 1
6 #edges
0 8
8 9
9 5
5 1
1 7
7 11
6 #edges
0 8
8 9
9 5
5 7
1 11
7 1
12 #trees for patient 29
6 #edges
0 9
8 5
9 8
5 11
1 7
11 1
6 #edges
0 9
8 5
9 8
5 11
7 1
11 7
6 #edges
0 9
8 5
9 8
5 1
1 7
7 11
6 #edges
0 9
8 5
9 8
5 1
1 11
11 7
6 #edges
0 9
8 5
9 8
5 7
7 11
11 1
6 #edges
0 9
8 5
9 8
5 7
1 11
7 1
6 #edges
0 8
8 9
9 5
5 7
1 11
7 1
6 #edges
0 8
8 9
9 5
5 7
7 11
11 1
6 #edges
0 8
8 9
9 5
5 11
1 7
11 1
6 #edges
0 8
8 9
9 5
5 11
7 1
11 7
6 #edges
0 8
8 9
9 5
5 1
1 7
7 11
6 #edges
0 8
8 9
9 5
5 1
1 11
11 7
4 #trees for patient 30
6 #edges
0 9
8 5
9 8
5 7
1 11
7 1
6 #edges
0 9
8 5
9 8
5 1
1 7
7 11
6 #edges
0 8
8 9
9 5
5 1
1 7
7 11
6 #edges
0 8
8 9
9 5
5 7
1 11
7 1
12 #trees for patient 31
6 #edges
0 8
8 9
9 1
9 11
1 7
7 5
6 #edges
0 8
8 9
9 1
5 11
1 7
7 5
6 #edges
0 8
8 9
9 1
9 11
5 7
1 5
6 #edges
0 8
8 9
9 1
5 7
1 5
7 11
6 #edges
0 8
8 9
9 7
9 11
1 5
7 1
6 #edges
0 8
8 9
9 7
5 11
1 5
7 1
6 #edges
0 8
8 9
9 7
9 11
5 1
7 5
6 #edges
0 8
8 9
9 7
5 1
1 11
7 5
6 #edges
0 8
8 9
9 5
9 11
5 7
7 1
6 #edges
0 8
8 9
9 5
9 11
5 1
1 7
6 #edges
0 8
8 9
9 5
5 1
1 7
7 11
6 #edges
0 8
8 9
9 5
5 7
1 11
7 1
28 #trees for patient 32
6 #edges
0 8
8 9
8 7
9 5
5 1
7 11
6 #edges
0 8
8 9
8 7
9 1
1 5
7 11
6 #edges
0 8
8 9
8 7
8 11
9 1
1 5
6 #edges
0 8
8 9
8 7
9 1
9 11
1 5
6 #edges
0 8
8 9
8 7
9 1
5 11
1 5
6 #edges
0 8
8 9
8 7
8 11
9 5
5 1
6 #edges
0 8
8 9
8 7
9 5
5 1
1 11
6 #edges
0 8
8 9
8 7
9 5
9 11
5 1
6 #edges
0 8
8 9
8 11
9 5
9 7
5 1
6 #edges
0 8
8 9
8 11
9 1
9 7
1 5
6 #edges
0 8
8 9
9 1
9 7
1 5
7 11
6 #edges
0 8
8 9
9 5
9 7
5 1
7 11
6 #edges
0 8
8 9
9 1
9 7
9 11
1 5
6 #edges
0 8
8 9
9 1
9 7
5 11
1 5
6 #edges
0 8
8 9
9 5
9 7
5 1
1 11
6 #edges
0 8
8 9
9 5
9 7
9 11
5 1
6 #edges
0 8
8 9
8 11
9 1
1 5
11 7
6 #edges
0 8
8 9
8 11
9 1
5 7
1 5
6 #edges
0 8
8 9
9 1
9 11
1 5
11 7
6 #edges
0 8
8 9
9 1
9 11
5 7
1 5
6 #edges
0 8
8 9
9 1
5 7
1 5
7 11
6 #edges
0 8
8 9
9 1
5 11
1 5
11 7
6 #edges
0 8
8 9
8 11
9 5
5 1
11 7
6 #edges
0 8
8 9
8 11
9 5
5 1
1 7
6 #edges
0 8
8 9
9 5
5 1
1 7
7 11
6 #edges
0 8
8 9
9 5
9 11
5 1
1 7
6 #edges
0 8
8 9
9 5
9 11
5 1
11 7
6 #edges
0 8
8 9
9 5
5 1
1 11
11 7
8 #trees for patient 33
6 #edges
0 9
8 1
9 8
5 7
5 11
1 5
6 #edges
0 9
8 1
9 8
5 7
1 5
7 11
6 #edges
0 9
8 5
9 8
5 1
1 7
7 11
6 #edges
0 9
8 5
9 8
5 1
1 7
1 11
6 #edges
0 8
8 9
9 5
5 1
1 7
1 11
6 #edges
0 8
8 9
9 5
5 1
1 7
7 11
6 #edges
0 8
8 9
9 1
5 7
5 11
1 5
6 #edges
0 8
8 9
9 1
5 7
1 5
7 11
4 #trees for patient 34
6 #edges
0 9
8 5
9 8
5 1
1 7
1 11
6 #edges
0 9
8 5
9 8
5 1
1 7
7 11
6 #edges
0 8
8 9
9 5
5 1
1 7
1 11
6 #edges
0 8
8 9
9 5
5 1
1 7
7 11
1 #trees for patient 35
6 #edges
0 8
8 9
9 5
5 1
1 7
7 11
18 #trees for patient 36
6 #edges
0 3
0 1
8 11
3 8
3 5
5 4
6 #edges
0 3
0 1
8 11
3 8
3 4
4 5
6 #edges
0 3
0 1
3 8
3 5
4 11
5 4
6 #edges
0 3
0 1
3 8
3 4
4 5
5 11
6 #edges
0 3
0 1
3 5
3 11
4 8
5 4
6 #edges
0 3
0 1
3 5
3 11
5 4
11 8
6 #edges
0 3
0 1
3 5
4 11
5 4
11 8
6 #edges
0 3
0 1
8 11
3 5
4 8
5 4
6 #edges
0 3
0 1
3 4
3 5
4 8
5 11
6 #edges
0 3
0 1
8 11
3 4
3 5
4 8
6 #edges
0 3
0 1
3 4
3 5
5 11
11 8
6 #edges
0 3
0 1
8 11
3 4
3 5
5 8
6 #edges
0 3
0 1
3 4
3 5
4 11
5 8
6 #edges
0 3
0 1
3 4
3 5
4 11
11 8
6 #edges
0 3
0 1
3 4
3 11
4 5
11 8
6 #edges
0 3
0 1
3 4
3 11
4 5
5 8
6 #edges
0 3
0 1
8 11
3 4
4 5
5 8
6 #edges
0 3
0 1
3 4
4 5
5 11
11 8
8 #trees for patient 37
6 #edges
0 3
0 1
8 11
3 8
3 4
4 5
6 #edges
0 3
0 1
8 11
3 8
3 5
5 4
6 #edges
0 3
0 1
3 5
3 11
5 4
11 8
6 #edges
0 3
0 1
3 4
3 11
4 5
11 8
6 #edges
0 3
8 11
3 8
3 4
3 1
4 5
6 #edges
0 3
3 4
3 1
3 11
4 5
11 8
6 #edges
0 3
3 5
3 1
3 11
5 4
11 8
6 #edges
0 3
8 11
3 8
3 5
3 1
5 4
8 #trees for patient 38
6 #edges
0 3
0 1
3 5
3 11
5 4
11 8
6 #edges
0 3
0 1
3 4
3 11
4 5
11 8
6 #edges
0 3
0 1
8 11
3 8
3 5
5 4
6 #edges
0 3
0 1
8 11
3 8
3 4
4 5
6 #edges
0 3
8 11
3 8
3 4
4 5
11 1
6 #edges
0 3
8 1
3 4
3 11
4 5
11 8
6 #edges
0 3
8 1
3 5
3 11
5 4
11 8
6 #edges
0 3
8 11
3 8
3 5
5 4
11 1
1 #trees for patient 39
6 #edges
0 3
0 1
8 11
3 8
3 4
4 5
4 #trees for patient 40
6 #edges
0 3
0 1
3 4
3 11
4 8
4 5
6 #edges
0 3
0 1
3 8
3 4
4 5
4 11
6 #edges
0 3
0 1
8 11
3 8
3 4
4 5
6 #edges
0 3
0 1
8 11
3 4
4 8
4 5
5 #trees for patient 41
6 #edges
0 3
0 1
3 4
3 11
4 5
5 8
6 #edges
0 3
0 1
8 11
3 8
3 4
4 5
6 #edges
0 3
0 1
3 8
3 4
4 5
5 11
6 #edges
0 3
0 1
3 4
4 5
5 8
5 11
6 #edges
0 3
0 1
8 11
3 4
4 5
5 8
18 #trees for patient 42
6 #edges
0 3
0 1
3 8
3 11
5 4
1 5
6 #edges
0 3
0 1
8 11
3 8
5 4
1 5
6 #edges
0 3
0 1
8 11
3 8
3 4
1 5
6 #edges
0 3
0 1
3 8
3 4
3 11
1 5
6 #edges
0 3
0 1
3 4
3 11
1 5
11 8
6 #edges
0 3
0 1
3 11
5 4
1 5
11 8
6 #edges
0 3
0 1
3 5
3 11
1 4
11 8
6 #edges
0 3
0 1
3 8
3 5
3 11
1 4
6 #edges
0 3
0 1
3 8
3 11
4 5
1 4
6 #edges
0 3
0 1
3 11
4 5
1 4
11 8
6 #edges
0 3
0 1
8 11
3 8
4 5
1 4
6 #edges
0 3
0 1
8 11
3 8
3 5
1 4
6 #edges
0 3
0 1
3 4
3 11
4 5
11 8
6 #edges
0 3
0 1
3 8
3 4
3 11
4 5
6 #edges
0 3
0 1
8 11
3 8
3 4
4 5
6 #edges
0 3
0 1
3 5
3 11
5 4
11 8
6 #edges
0 3
0 1
3 8
3 5
3 11
5 4
6 #edges
0 3
0 1
8 11
3 8
3 5
5 4
6 #trees for patient 43
6 #edges
0 3
0 1
8 11
3 8
3 4
4 5
6 #edges
0 3
0 1
3 8
3 4
4 5
4 11
6 #edges
0 3
0 1
3 8
3 4
3 11
4 5
6 #edges
0 3
8 1
3 8
3 4
3 11
4 5
6 #edges
0 3
8 1
3 8
3 4
4 5
4 11
6 #edges
0 3
8 1
8 11
3 8
3 4
4 5
8 #trees for patient 44
6 #edges
0 3
0 1
3 4
3 11
4 5
11 8
6 #edges
0 3
0 1
3 8
3 4
3 11
4 5
6 #edges
0 3
0 1
3 4
3 11
4 5
5 8
6 #edges
0 3
0 1
8 11
3 4
4 5
5 8
6 #edges
0 3
0 1
3 4
4 5
5 8
5 11
6 #edges
0 3
0 1
8 11
3 8
3 4
4 5
6 #edges
0 3
0 1
3 8
3 4
4 5
5 11
6 #edges
0 3
0 1
3 4
4 5
5 11
11 8
2 #trees for patient 45
6 #edges
0 3
0 1
8 11
3 8
3 4
4 5
6 #edges
0 3
0 1
8 11
3 8
3 5
5 4
8 #trees for patient 46
6 #edges
0 3
0 1
3 4
3 11
4 5
11 8
6 #edges
0 3
0 1
8 11
3 8
3 4
4 5
6 #edges
0 3
0 1
8 11
3 8
3 5
5 4
6 #edges
0 3
0 1
3 5
3 11
5 4
11 8
6 #edges
0 3
3 4
3 11
4 5
5 1
11 8
6 #edges
0 3
8 11
3 8
3 4
4 5
5 1
6 #edges
0 3
3 5
3 11
4 1
5 4
11 8
6 #edges
0 3
8 11
3 8
3 5
4 1
5 4
8 #trees for patient 47
6 #edges
0 3
0 1
3 8
3 4
4 5
5 11
6 #edges
0 3
0 1
8 11
3 8
3 4
4 5
6 #edges
0 3
0 1
3 4
3 11
4 5
5 8
6 #edges
0 3
0 1
8 11
3 4
4 5
5 8
6 #edges
0 3
8 11
3 8
3 4
4 5
4 1
6 #edges
0 3
3 8
3 4
4 5
4 1
5 11
6 #edges
0 3
3 4
3 11
4 5
4 1
5 8
6 #edges
0 3
8 11
3 4
4 5
4 1
5 8
12 #trees for patient 48
6 #edges
0 3
0 1
8 11
3 8
4 5
1 4
6 #edges
0 3
0 1
8 11
3 8
3 5
1 4
6 #edges
0 3
0 1
8 11
3 8
1 4
11 5
6 #edges
0 3
0 1
8 11
3 8
3 4
1 5
6 #edges
0 3
0 1
8 11
3 8
5 4
1 5
6 #edges
0 3
0 1
8 11
3 8
1 5
11 4
6 #edges
0 3
0 1
8 11
3 8
3 4
11 5
6 #edges
0 3
0 1
8 11
3 8
3 4
4 5
6 #edges
0 3
0 1
8 11
3 8
3 5
5 4
6 #edges
0 3
0 1
8 11
3 8
3 5
11 4
6 #edges
0 3
0 1
8 11
3 8
4 5
11 4
6 #edges
0 3
0 1
8 11
3 8
5 4
11 5
42 #trees for patient 49
6 #edges
0 8
0 3
0 1
0 11
3 5
5 4
6 #edges
0 8
0 3
0 1
0 11
3 4
4 5
6 #edges
0 3
0 1
0 11
3 8
3 4
4 5
6 #edges
0 3
0 1
0 11
3 4
4 5
11 8
6 #edges
0 3
0 1
0 11
3 5
5 4
11 8
6 #edges
0 3
0 1
0 11
3 8
3 5
5 4
6 #edges
0 3
0 11
3 8
3 4
4 5
5 1
6 #edges
0 3
0 11
3 8
3 4
3 1
4 5
6 #edges
0 3
0 11
3 8
3 5
3 1
5 4
6 #edges
0 3
0 11
3 8
3 5
4 1
5 4
6 #edges
0 8
0 3
0 11
3 4
3 1
4 5
6 #edges
0 3
0 11
3 4
3 1
4 5
11 8
6 #edges
0 8
0 3
0 11
3 5
3 1
5 4
6 #edges
0 3
0 11
3 5
3 1
5 4
11 8
6 #edges
0 8
0 3
0 11
3 5
4 1
5 4
6 #edges
0 8
0 3
0 11
3 4
4 5
5 1
6 #edges
0 3
0 11
3 5
4 1
5 4
11 8
6 #edges
0 3
0 11
3 4
4 5
5 1
11 8
6 #edges
0 8
0 3
8 11
3 4
3 1
4 5
6 #edges
0 8
0 3
0 1
8 11
3 4
4 5
6 #edges
0 8
0 3
8 11
3 4
4 5
5 1
6 #edges
0 8
0 3
0 1
8 11
3 5
5 4
6 #edges
0 8
0 3
8 11
3 5
3 1
5 4
6 #edges
0 8
0 3
8 11
3 5
4 1
5 4
6 #edges
0 8
0 3
0 1
3 4
3 11
4 5
6 #edges
0 8
0 3
0 1
3 5
3 11
5 4
6 #edges
0 8
0 3
3 5
3 11
4 1
5 4
6 #edges
0 8
0 3
3 5
3 1
3 11
5 4
6 #edges
0 8
0 3
3 4
3 1
3 11
4 5
6 #edges
0 8
0 3
3 4
3 11
4 5
5 1
6 #edges
0 3
0 1
3 4
3 11
4 5
11 8
6 #edges
0 3
0 1
8 11
3 8
3 4
4 5
6 #edges
0 3
0 1
3 5
3 11
5 4
11 8
6 #edges
0 3
0 1
8 11
3 8
3 5
5 4
6 #edges
0 3
8 11
3 8
3 4
3 1
4 5
6 #edges
0 3
8 11
3 8
3 4
4 5
5 1
6 #edges
0 3
3 4
3 1
3 11
4 5
11 8
6 #edges
0 3
3 4
3 11
4 5
5 1
11 8
6 #edges
0 3
3 5
3 1
3 11
5 4
11 8
6 #edges
0 3
8 11
3 8
3 5
3 1
5 4
6 #edges
0 3
3 5
3 11
4 1
5 4
11 8
6 #edges
0 3
8 11
3 8
3 5
4 1
5 4
8 #trees for patient 50
6 #edges
0 3
0 1
8 11
3 8
3 4
4 5
6 #edges
0 3
0 1
3 8
3 4
4 5
5 11
6 #edges
0 3
0 1
8 11
3 8
3 5
5 4
6 #edges
0 3
0 1
3 8
3 5
4 11
5 4
6 #edges
0 3
8 11
3 8
3 4
4 5
5 1
6 #edges
0 3
3 8
3 4
4 5
5 1
5 11
6 #edges
0 3
8 11
3 8
3 5
4 1
5 4
6 #edges
0 3
3 8
3 5
4 1
4 11
5 4
2 #trees for patient 51
6 #edges
0 3
0 1
8 11
3 8
3 4
4 5
6 #edges
0 3
0 1
3 8
3 4
4 5
4 11
14 #trees for patient 52
6 #edges
0 3
0 1
8 11
3 8
3 5
1 4
6 #edges
0 3
0 1
8 11
3 8
4 5
1 4
6 #edges
0 3
0 1
8 11
3 8
1 4
1 5
6 #edges
0 3
0 1
8 11
3 8
1 4
11 5
6 #edges
0 3
0 1
8 11
3 8
3 5
5 4
6 #edges
0 3
0 1
8 11
3 8
3 5
11 4
6 #edges
0 3
0 1
8 11
3 8
3 4
11 5
6 #edges
0 3
0 1
8 11
3 8
3 4
4 5
6 #edges
0 3
0 1
8 11
3 8
3 4
1 5
6 #edges
0 3
0 1
8 11
3 8
5 4
1 5
6 #edges
0 3
0 1
8 11
3 8
1 5
11 4
6 #edges
0 3
0 1
8 11
3 8
11 4
11 5
6 #edges
0 3
0 1
8 11
3 8
5 4
11 5
6 #edges
0 3
0 1
8 11
3 8
4 5
11 4
12 #trees for patient 53
6 #edges
0 3
0 1
3 8
3 5
3 11
5 4
6 #edges
0 3
0 1
8 11
3 8
3 5
5 4
6 #edges
0 3
0 1
8 11
3 8
3 4
4 5
6 #edges
0 3
0 1
3 8
3 4
3 11
4 5
6 #edges
0 3
3 8
3 5
3 1
3 11
5 4
6 #edges
0 3
8 11
3 8
3 5
3 1
5 4
6 #edges
0 3
3 8
3 5
3 11
4 1
5 4
6 #edges
0 3
8 11
3 8
3 5
4 1
5 4
6 #edges
0 3
3 8
3 4
3 1
3 11
4 5
6 #edges
0 3
3 8
3 4
3 11
4 5
5 1
6 #edges
0 3
8 11
3 8
3 4
3 1
4 5
6 #edges
0 3
8 11
3 8
3 4
4 5
5 1
7 #trees for patient 54
6 #edges
0 3
0 1
8 11
3 8
3 4
4 5
6 #edges
0 3
0 1
8 11
3 8
3 4
11 5
6 #edges
0 3
0 1
8 11
3 8
3 5
5 4
6 #edges
0 3
0 1
8 11
3 8
3 5
11 4
6 #edges
0 3
0 1
8 11
3 8
11 4
11 5
6 #edges
0 3
0 1
8 11
3 8
4 5
11 4
6 #edges
0 3
0 1
8 11
3 8
5 4
11 5
4 #trees for patient 55
6 #edges
0 3
0 1
3 5
3 11
5 4
11 8
6 #edges
0 3
0 1
3 4
3 11
4 5
11 8
6 #edges
0 3
0 1
8 11
3 8
3 5
5 4
6 #edges
0 3
0 1
8 11
3 8
3 4
4 5
2 #trees for patient 56
6 #edges
0 3
0 1
3 8
3 4
4 5
1 11
6 #edges
0 3
0 1
8 11
3 8
3 4
4 5
2 #trees for patient 57
6 #edges
0 3
0 1
0 11
3 8
3 4
4 5
6 #edges
0 3
0 1
8 11
3 8
3 4
4 5
18 #trees for patient 58
6 #edges
0 3
0 1
8 11
3 4
3 5
1 8
6 #edges
0 3
0 1
8 11
3 4
1 8
1 5
6 #edges
0 3
0 1
8 11
3 4
4 5
1 8
6 #edges
0 3
0 1
3 4
3 11
1 8
1 5
6 #edges
0 3
0 1
3 4
3 11
4 5
1 8
6 #edges
0 3
0 1
3 4
3 5
3 11
1 8
6 #edges
0 3
0 1
3 4
1 5
1 11
11 8
6 #edges
0 3
0 1
3 8
3 4
1 5
1 11
6 #edges
0 3
0 1
8 11
3 8
3 4
1 5
6 #edges
0 3
0 1
3 4
3 11
1 5
11 8
6 #edges
0 3
0 1
3 4
3 5
1 11
11 8
6 #edges
0 3
0 1
3 8
3 4
3 5
1 11
6 #edges
0 3
0 1
3 4
3 5
3 11
11 8
6 #edges
0 3
0 1
8 11
3 8
3 4
3 5
6 #edges
0 3
0 1
8 11
3 8
3 4
4 5
6 #edges
0 3
0 1
3 8
3 4
4 5
1 11
6 #edges
0 3
0 1
3 4
3 11
4 5
11 8
6 #edges
0 3
0 1
3 4
4 5
1 11
11 8
7 #trees for patient 59
6 #edges
0 3
0 1
3 8
3 4
4 5
5 11
6 #edges
0 3
0 1
8 11
3 8
3 4
4 5
6 #edges
0 3
0 1
3 4
3 11
4 5
5 8
6 #edges
0 3
0 1
3 4
3 11
4 5
11 8
6 #edges
0 3
0 1
8 11
3 4
4 5
5 8
6 #edges
0 3
0 1
3 4
4 5
5 8
5 11
6 #edges
0 3
0 1
3 4
4 5
5 11
11 8
6 #trees for patient 60
6 #edges
0 3
0 1
8 11
3 8
3 4
4 5
6 #edges
0 3
0 1
3 8
3 4
4 5
5 11
6 #edges
0 3
0 1
8 11
3 4
4 5
5 8
6 #edges
0 3
0 1
3 4
3 11
4 5
5 8
6 #edges
0 3
0 1
3 4
4 5
5 11
11 8
6 #edges
0 3
0 1
3 4
3 11
4 5
11 8
2 #trees for patient 61
6 #edges
0 11
5 2
9 4
7 9
11 5
11 7
6 #edges
0 11
5 2
9 7
7 4
11 5
11 9
9 #trees for patient 62
6 #edges
0 11
4 2
7 5
11 4
11 9
11 7
6 #edges
0 11
9 2
7 5
11 4
11 9
11 7
6 #edges
0 11
5 2
7 5
11 4
11 9
11 7
6 #edges
0 11
5 2
9 4
7 9
11 5
11 7
6 #edges
0 11
9 4
7 2
7 9
11 5
11 7
6 #edges
0 11
4 2
9 4
7 9
11 5
11 7
6 #edges
0 11
9 4
7 5
11 2
11 9
11 7
6 #edges
0 11
5 2
9 4
7 5
11 9
11 7
6 #edges
0 11
4 2
9 4
7 5
11 9
11 7
4 #trees for patient 63
6 #edges
0 11
9 4
7 2
7 9
11 5
11 7
6 #edges
0 11
5 2
9 4
7 9
11 5
11 7
6 #edges
0 11
4 9
7 2
7 4
11 5
11 7
6 #edges
0 11
4 9
5 2
7 4
11 5
11 7
4 #trees for patient 64
6 #edges
2 5
0 11
9 4
7 9
11 2
11 7
6 #edges
2 5
0 11
4 9
7 4
11 2
11 7
6 #edges
0 11
5 2
9 4
7 9
11 5
11 7
6 #edges
0 11
4 9
5 2
7 4
11 5
11 7
68 #trees for patient 65
6 #edges
2 5
0 7
0 11
4 9
11 2
11 4
6 #edges
2 5
0 7
0 11
7 9
11 2
11 4
6 #edges
2 5
0 9
0 7
0 11
11 2
11 4
6 #edges
0 9
0 7
0 11
5 2
11 4
11 5
6 #edges
0 7
0 11
4 9
5 2
11 4
11 5
6 #edges
0 7
0 11
5 2
7 9
11 4
11 5
6 #edges
2 5
0 4
0 7
0 11
7 9
11 2
6 #edges
0 4
0 7
0 11
5 2
7 9
11 5
6 #edges
0 4
0 9
0 7
0 11
5 2
11 5
6 #edges
2 5
0 4
0 9
0 7
0 11
11 2
6 #edges
2 5
0 4
0 7
0 11
11 2
11 9
6 #edges
0 4
0 7
0 11
5 2
11 5
11 9
6 #edges
2 5
0 4
0 7
0 11
4 9
11 2
6 #edges
0 4
0 7
0 11
4 9
5 2
11 5
6 #edges
0 7
0 11
5 2
9 4
7 9
11 5
6 #edges
2 5
0 7
0 11
9 4
7 9
11 2
6 #edges
0 9
0 7
0 11
5 2
9 4
11 5
6 #edges
2 5
0 9
0 7
0 11
9 4
11 2
6 #edges
0 9
0 7
0 11
5 2
7 4
11 5
6 #edges
2 5
0 9
0 7
0 11
7 4
11 2
6 #edges
0 7
0 11
5 2
9 4
11 5
11 9
6 #edges
0 7
0 11
5 2
7 4
11 5
11 9
6 #edges
0 7
0 11
4 9
5 2
7 4
11 5
6 #edges
2 5
0 7
0 11
7 4
11 2
11 9
6 #edges
2 5
0 7
0 11
4 9
7 4
11 2
6 #edges
2 5
0 7
0 11
9 4
11 2
11 9
6 #edges
0 4
0 9
0 11
5 2
9 7
11 5
6 #edges
2 5
0 4
0 9
0 11
9 7
11 2
6 #edges
0 9
0 11
5 2
9 7
11 4
11 5
6 #edges
0 9
0 11
5 2
9 7
7 4
11 5
6 #edges
2 5
0 9
0 11
9 7
11 2
11 4
6 #edges
2 5
0 9
0 11
9 7
7 4
11 2
6 #edges
0 4
0 9
0 11
4 7
5 2
11 5
6 #edges
0 4
0 9
0 11
5 2
11 5
11 7
6 #edges
2 5
0 4
0 9
0 11
11 2
11 7
6 #edges
2 5
0 4
0 9
0 11
4 7
11 2
6 #edges
2 5
0 9
0 11
7 4
11 2
11 7
6 #edges
2 5
0 9
0 11
9 4
11 2
11 7
6 #edges
2 5
0 9
0 11
4 7
11 2
11 4
6 #edges
2 5
0 9
0 11
4 7
9 4
11 2
6 #edges
0 9
0 11
4 7
5 2
11 4
11 5
6 #edges
0 9
0 11
5 2
9 4
11 5
11 7
6 #edges
0 9
0 11
5 2
7 4
11 5
11 7
6 #edges
0 9
0 11
4 7
5 2
9 4
11 5
6 #edges
2 5
0 4
0 11
7 9
11 2
11 7
6 #edges
2 5
0 4
0 11
4 9
11 2
11 7
6 #edges
2 5
0 4
0 11
4 7
11 2
11 9
6 #edges
2 5
0 4
0 11
4 7
7 9
11 2
6 #edges
2 5
0 4
0 11
9 7
11 2
11 9
6 #edges
2 5
0 4
0 11
4 9
9 7
11 2
6 #edges
0 4
0 11
5 2
9 7
11 5
11 9
6 #edges
0 4
0 11
4 7
5 2
11 5
11 9
6 #edges
0 4
0 11
4 9
5 2
11 5
11 7
6 #edges
0 4
0 11
5 2
7 9
11 5
11 7
6 #edges
0 4
0 11
4 7
5 2
7 9
11 5
6 #edges
0 4
0 11
4 9
5 2
9 7
11 5
6 #edges
0 11
4 7
5 2
9 4
11 5
11 9
6 #edges
0 11
5 2
9 7
7 4
11 5
11 9
6 #edges
0 11
4 7
5 2
7 9
11 4
11 5
6 #edges
0 11
4 9
5 2
9 7
11 4
11 5
6 #edges
0 11
5 2
9 4
7 9
11 5
11 7
6 #edges
0 11
4 9
5 2
7 4
11 5
11 7
6 #edges
2 5
0 11
4 7
7 9
11 2
11 4
6 #edges
2 5
0 11
4 9
9 7
11 2
11 4
6 #edges
2 5
0 11
9 4
7 9
11 2
11 7
6 #edges
2 5
0 11
4 9
7 4
11 2
11 7
6 #edges
2 5
0 11
4 7
9 4
11 2
11 9
6 #edges
2 5
0 11
9 7
7 4
11 2
11 9
3 #trees for patient 66
6 #edges
0 11
5 2
7 4
7 9
11 5
11 7
6 #edges
0 11
5 2
9 4
7 9
11 5
11 7
6 #edges
0 11
4 9
5 2
7 4
11 5
11 7
8 #trees for patient 67
6 #edges
0 11
9 4
7 9
11 2
11 5
11 7
6 #edges
0 11
4 5
9 4
7 9
11 2
11 7
6 #edges
0 11
9 2
9 4
7 9
11 5
11 7
6 #edges
0 11
4 2
9 4
7 9
11 5
11 7
6 #edges
0 11
5 2
9 4
7 9
11 5
11 7
6 #edges
0 11
4 2
4 5
9 4
7 9
11 7
6 #edges
0 11
4 5
9 2
9 4
7 9
11 7
6 #edges
0 11
4 5
5 2
9 4
7 9
11 7
22 #trees for patient 68
6 #edges
0 11
9 4
7 2
7 9
11 5
11 7
6 #edges
2 4
0 11
7 2
7 9
11 5
11 7
6 #edges
0 11
5 4
7 2
7 9
11 5
11 7
6 #edges
2 4
0 11
5 2
7 9
11 5
11 7
6 #edges
0 11
5 2
9 4
7 9
11 5
11 7
6 #edges
0 11
5 2
7 4
7 9
11 5
11 7
6 #edges
2 9
0 11
5 4
7 2
11 5
11 7
6 #edges
0 11
4 9
5 4
7 2
11 5
11 7
6 #edges
0 11
5 4
5 9
7 2
11 5
11 7
6 #edges
2 9
0 11
9 4
7 2
11 5
11 7
6 #edges
2 9
0 11
7 2
7 4
11 5
11 7
6 #edges
2 4
2 9
0 11
7 2
11 5
11 7
6 #edges
2 4
0 11
4 9
7 2
11 5
11 7
6 #edges
2 4
0 11
5 9
7 2
11 5
11 7
6 #edges
0 11
5 9
7 2
7 4
11 5
11 7
6 #edges
0 11
4 9
7 2
7 4
11 5
11 7
6 #edges
0 11
5 9
9 4
7 2
11 5
11 7
6 #edges
0 11
4 9
5 2
7 4
11 5
11 7
6 #edges
2 9
0 11
5 2
7 4
11 5
11 7
6 #edges
2 4
0 11
4 9
5 2
11 5
11 7
6 #edges
2 4
2 9
0 11
5 2
11 5
11 7
6 #edges
2 9
0 11
5 2
9 4
11 5
11 7
4 #trees for patient 69
6 #edges
0 11
5 2
7 9
11 4
11 5
11 7
6 #edges
0 11
5 2
9 4
7 9
11 5
11 7
6 #edges
2 5
0 11
7 9
11 2
11 4
11 7
6 #edges
2 5
0 11
9 4
7 9
11 2
11 7
2 #trees for patient 70
6 #edges
0 11
9 2
9 4
7 9
11 5
11 7
6 #edges
0 11
5 2
9 4
7 9
11 5
11 7
8 #trees for patient 71
6 #edges
0 11
5 2
5 4
9 7
11 5
11 9
6 #edges
0 11
5 2
9 7
7 4
11 5
11 9
6 #edges
0 11
5 4
9 7
7 2
11 5
11 9
6 #edges
0 11
9 7
7 2
7 4
11 5
11 9
6 #edges
0 11
9 2
9 4
7 9
11 5
11 7
6 #edges
0 11
5 4
9 2
7 9
11 5
11 7
6 #edges
0 11
5 2
9 4
7 9
11 5
11 7
6 #edges
0 11
5 2
5 4
7 9
11 5
11 7
14 #trees for patient 72
6 #edges
0 11
9 4
9 5
7 9
11 2
11 7
6 #edges
2 5
0 11
9 4
7 9
11 2
11 7
6 #edges
0 11
9 2
9 4
7 9
11 5
11 7
6 #edges
2 5
0 11
9 2
9 4
7 9
11 7
6 #edges
0 11
9 2
9 4
9 5
7 9
11 7
6 #edges
0 11
5 2
9 4
9 5
7 9
11 7
6 #edges
0 11
5 2
9 4
7 9
11 5
11 7
6 #edges
0 11
9 7
7 2
7 4
11 5
11 9
6 #edges
0 11
5 2
9 7
7 4
11 5
11 9
6 #edges
2 5
0 11
9 7
7 4
11 2
11 9
6 #edges
0 11
9 7
7 4
7 5
11 2
11 9
6 #edges
0 11
5 2
9 7
7 4
7 5
11 9
6 #edges
0 11
9 7
7 2
7 4
7 5
11 9
6 #edges
2 5
0 11
9 7
7 2
7 4
11 9
2 #trees for patient 73
6 #edges
0 11
5 2
9 7
7 4
11 5
11 9
6 #edges
0 11
5 2
9 4
7 9
11 5
11 7
4 #trees for patient 74
6 #edges
0 11
5 2
9 4
7 9
11 5
11 7
6 #edges
0 11
4 9
5 2
7 4
11 5
11 7
6 #edges
0 11
9 4
7 2
7 9
11 5
11 7
6 #edges
0 11
4 9
7 2
7 4
11 5
11 7
84 #trees for patient 75
6 #edges
2 4
0 11
5 2
5 9
9 7
11 5
6 #edges
2 4
0 11
5 2
5 9
5 7
11 5
6 #edges
2 4
0 11
4 7
5 2
5 9
11 5
6 #edges
2 4
0 11
5 2
5 9
11 5
11 7
6 #edges
2 4
2 7
0 11
5 2
5 9
11 5
6 #edges
2 4
0 11
4 9
5 2
11 5
11 7
6 #edges
2 4
2 7
0 11
4 9
5 2
11 5
6 #edges
2 4
0 11
4 9
5 2
9 7
11 5
6 #edges
2 4
0 11
4 9
5 2
5 7
11 5
6 #edges
2 4
0 11
4 7
5 2
11 5
11 9
6 #edges
2 4
0 11
5 2
9 7
11 5
11 9
6 #edges
2 4
0 11
5 2
5 7
11 5
11 9
6 #edges
2 4
2 7
0 11
5 2
11 5
11 9
6 #edges
2 4
2 7
0 11
5 2
7 9
11 5
6 #edges
2 4
2 9
0 11
5 2
5 7
11 5
6 #edges
2 4
0 11
5 2
5 7
7 9
11 5
6 #edges
2 4
2 9
0 11
4 7
5 2
11 5
6 #edges
2 4
0 11
4 7
5 2
7 9
11 5
6 #edges
2 4
0 11
5 2
7 9
11 5
11 7
6 #edges
2 4
2 9
0 11
5 2
11 5
11 7
6 #edges
2 4
2 9
0 11
5 2
9 7
11 5
6 #edges
0 11
5 2
9 7
7 4
11 5
11 9
6 #edges
0 11
5 2
5 4
9 7
11 5
11 9
6 #edges
2 7
0 11
5 2
5 4
11 5
11 9
6 #edges
2 7
0 11
5 2
7 4
11 5
11 9
6 #edges
2 7
0 11
5 2
9 4
11 5
11 9
6 #edges
0 11
5 2
5 4
5 7
11 5
11 9
6 #edges
0 11
5 2
5 7
7 4
11 5
11 9
6 #edges
0 11
5 2
5 7
9 4
11 5
11 9
6 #edges
0 11
4 7
5 2
5 4
11 5
11 9
6 #edges
0 11
4 7
5 2
9 4
11 5
11 9
6 #edges
2 7
0 11
5 2
5 9
9 4
11 5
6 #edges
0 11
4 7
5 2
5 9
9 4
11 5
6 #edges
0 11
5 2
5 9
5 7
9 4
11 5
6 #edges
0 11
5 2
5 9
9 4
11 5
11 7
6 #edges
2 7
0 11
5 2
5 9
11 4
11 5
6 #edges
2 7
0 11
5 2
5 4
5 9
11 5
6 #edges
2 7
0 11
5 2
5 9
7 4
11 5
6 #edges
0 11
5 2
5 4
5 9
11 5
11 7
6 #edges
0 11
5 2
5 9
7 4
11 5
11 7
6 #edges
0 11
4 7
5 2
5 9
11 4
11 5
6 #edges
0 11
5 2
5 9
5 7
11 4
11 5
6 #edges
0 11
5 2
5 9
9 7
11 4
11 5
6 #edges
0 11
5 2
5 9
5 7
7 4
11 5
6 #edges
0 11
5 2
5 4
5 9
9 7
11 5
6 #edges
0 11
5 2
5 9
9 7
7 4
11 5
6 #edges
0 11
4 7
5 2
5 4
5 9
11 5
6 #edges
2 9
0 11
4 7
5 2
11 4
11 5
6 #edges
2 9
2 7
0 11
5 2
11 4
11 5
6 #edges
2 9
0 11
5 2
5 7
11 4
11 5
6 #edges
2 9
0 11
5 2
9 7
11 4
11 5
6 #edges
2 7
0 11
4 9
5 2
11 4
11 5
6 #edges
2 7
0 11
5 2
7 9
11 4
11 5
6 #edges
0 11
4 9
5 2
9 7
11 4
11 5
6 #edges
0 11
4 9
5 2
5 7
11 4
11 5
6 #edges
0 11
4 7
5 2
7 9
11 4
11 5
6 #edges
0 11
5 2
5 7
7 9
11 4
11 5
6 #edges
0 11
5 2
5 4
5 7
7 9
11 5
6 #edges
0 11
4 9
5 2
5 4
5 7
11 5
6 #edges
2 9
0 11
5 2
5 4
5 7
11 5
6 #edges
2 9
0 11
5 2
5 7
7 4
11 5
6 #edges
0 11
4 9
5 2
5 7
7 4
11 5
6 #edges
2 9
0 11
5 2
5 7
9 4
11 5
6 #edges
0 11
5 2
5 7
9 4
7 9
11 5
6 #edges
2 9
2 7
0 11
5 2
5 4
11 5
6 #edges
2 9
0 11
5 2
5 4
11 5
11 7
6 #edges
2 9
0 11
4 7
5 2
5 4
11 5
6 #edges
2 9
0 11
5 2
5 4
9 7
11 5
6 #edges
2 7
0 11
4 9
5 2
5 4
11 5
6 #edges
0 11
4 9
5 2
5 4
9 7
11 5
6 #edges
0 11
4 9
5 2
5 4
11 5
11 7
6 #edges
0 11
4 7
5 2
5 4
7 9
11 5
6 #edges
0 11
5 2
5 4
7 9
11 5
11 7
6 #edges
2 7
0 11
5 2
5 4
7 9
11 5
6 #edges
2 9
0 11
5 2
9 4
11 5
11 7
6 #edges
2 9
0 11
5 2
7 4
11 5
11 7
6 #edges
0 11
4 9
5 2
7 4
11 5
11 7
6 #edges
0 11
5 2
9 4
7 9
11 5
11 7
6 #edges
2 7
0 11
5 2
9 4
7 9
11 5
6 #edges
2 7
0 11
4 9
5 2
7 4
11 5
6 #edges
2 9
2 7
0 11
5 2
7 4
11 5
6 #edges
2 9
2 7
0 11
5 2
9 4
11 5
6 #edges
2 9
0 11
5 2
9 7
7 4
11 5
6 #edges
2 9
0 11
4 7
5 2
9 4
11 5
12 #trees for patient 76
6 #edges
0 11
4 9
5 2
11 4
11 5
11 7
6 #edges
2 5
0 11
4 9
11 2
11 4
11 7
6 #edges
2 5
0 11
7 9
11 2
11 4
11 7
6 #edges
0 11
5 2
7 9
11 4
11 5
11 7
6 #edges
2 5
0 11
9 4
11 2
11 9
11 7
6 #edges
2 5
0 11
7 4
11 2
11 9
11 7
6 #edges
2 5
0 11
9 4
7 9
11 2
11 7
6 #edges
2 5
0 11
4 9
7 4
11 2
11 7
6 #edges
0 11
5 2
9 4
7 9
11 5
11 7
6 #edges
0 11
5 2
9 4
11 5
11 9
11 7
6 #edges
0 11
5 2
7 4
11 5
11 9
11 7
6 #edges
0 11
4 9
5 2
7 4
11 5
11 7
6 #trees for patient 77
6 #edges
2 5
0 11
9 4
7 9
11 2
11 7
6 #edges
0 11
9 4
9 5
7 9
11 2
11 7
6 #edges
0 11
5 2
9 4
9 5
7 9
11 7
6 #edges
0 11
5 2
9 4
7 9
11 5
11 7
6 #edges
0 11
9 2
9 4
7 9
11 5
11 7
6 #edges
2 5
0 11
9 2
9 4
7 9
11 7
2 #trees for patient 78
6 #edges
2 5
0 11
9 4
7 9
11 2
11 7
6 #edges
0 11
5 2
9 4
7 9
11 5
11 7
2 #trees for patient 79
6 #edges
0 11
5 2
7 9
11 4
11 5
11 7
6 #edges
0 11
5 2
9 4
7 9
11 5
11 7
4 #trees for patient 80
6 #edges
0 11
5 2
9 7
7 4
11 5
11 9
6 #edges
2 5
0 11
9 7
7 4
11 2
11 9
6 #edges
2 5
0 11
9 4
7 9
11 2
11 7
6 #edges
0 11
5 2
9 4
7 9
11 5
11 7
7 #trees for patient 81
6 #edges
0 11
9 2
9 4
7 9
11 5
11 7
6 #edges
0 11
5 2
9 4
7 9
11 5
11 7
6 #edges
2 5
0 11
9 4
7 9
11 2
11 7
6 #edges
0 11
9 4
9 5
7 9
11 2
11 7
6 #edges
0 11
9 2
9 4
9 5
7 9
11 7
6 #edges
0 11
5 2
9 4
9 5
7 9
11 7
6 #edges
2 5
0 11
9 2
9 4
7 9
11 7
2 #trees for patient 82
6 #edges
0 11
5 2
7 4
7 9
11 5
11 7
6 #edges
0 11
5 2
9 4
7 9
11 5
11 7
4 #trees for patient 83
6 #edges
2 4
0 11
5 2
9 7
11 5
11 9
6 #edges
0 11
5 2
9 7
7 4
11 5
11 9
6 #edges
2 4
0 11
5 2
7 9
11 5
11 7
6 #edges
0 11
5 2
9 4
7 9
11 5
11 7
8 #trees for patient 84
6 #edges
0 4
0 11
5 2
9 7
11 5
11 9
6 #edges
0 4
0 11
9 7
7 2
11 5
11 9
6 #edges
0 4
0 11
5 2
7 9
11 5
11 7
6 #edges
0 4
0 11
9 2
7 9
11 5
11 7
6 #edges
0 11
9 2
9 4
7 9
11 5
11 7
6 #edges
0 11
5 2
9 4
7 9
11 5
11 7
6 #edges
0 11
5 2
9 7
7 4
11 5
11 9
6 #edges
0 11
9 7
7 2
7 4
11 5
11 9
2 #trees for patient 85
6 #edges
0 11
5 2
9 4
7 9
11 5
11 7
6 #edges
2 5
0 11
9 4
7 9
11 2
11 7
3 #trees for patient 86
6 #edges
0 11
5 2
5 4
7 9
11 5
11 7
6 #edges
2 4
0 11
5 2
7 9
11 5
11 7
6 #edges
0 11
5 2
9 4
7 9
11 5
11 7
16 #trees for patient 87
6 #edges
0 11
5 2
9 4
7 9
11 5
11 7
6 #edges
0 11
5 2
7 9
11 4
11 5
11 7
6 #edges
0 11
9 2
7 9
11 4
11 5
11 7
6 #edges
0 11
7 9
11 2
11 4
11 5
11 7
6 #edges
0 11
9 4
7 9
11 2
11 5
11 7
6 #edges
0 11
9 2
9 4
7 9
11 5
11 7
6 #edges
2 5
0 11
7 9
11 2
11 4
11 7
6 #edges
0 11
9 5
7 9
11 2
11 4
11 7
6 #edges
2 5
0 11
9 4
7 9
11 2
11 7
6 #edges
0 11
9 4
9 5
7 9
11 2
11 7
6 #edges
0 11
5 2
9 5
7 9
11 4
11 7
6 #edges
0 11
9 2
9 5
7 9
11 4
11 7
6 #edges
2 5
0 11
9 2
7 9
11 4
11 7
6 #edges
0 11
9 2
9 4
9 5
7 9
11 7
6 #edges
2 5
0 11
9 2
9 4
7 9
11 7
6 #edges
0 11
5 2
9 4
9 5
7 9
11 7
1 #trees for patient 88
6 #edges
0 11
5 2
9 4
7 9
11 5
11 7
6 #trees for patient 89
6 #edges
0 11
5 2
9 7
7 4
11 5
11 9
6 #edges
0 11
4 7
5 2
9 4
11 5
11 9
6 #edges
0 11
4 9
5 2
7 4
11 5
11 7
6 #edges
0 11
5 2
9 4
7 9
11 5
11 7
6 #edges
0 11
4 9
5 2
9 7
11 4
11 5
6 #edges
0 11
4 7
5 2
7 9
11 4
11 5
7 #trees for patient 90
6 #edges
2 5
0 11
9 4
7 9
11 2
11 7
6 #edges
0 11
9 4
9 5
7 9
11 2
11 7
6 #edges
0 11
5 2
9 4
7 9
11 5
11 7
6 #edges
0 11
9 2
9 4
7 9
11 5
11 7
6 #edges
0 11
5 2
9 4
9 5
7 9
11 7
6 #edges
0 11
9 2
9 4
9 5
7 9
11 7
6 #edges
2 5
0 11
9 2
9 4
7 9
11 7
2 #trees for patient 91
6 #edges
0 11
5 2
9 7
7 4
11 5
11 9
6 #edges
0 11
5 2
9 4
7 9
11 5
11 7
2 #trees for patient 92
6 #edges
0 11
5 2
9 4
7 9
11 5
11 7
6 #edges
0 11
5 2
9 7
7 4
11 5
11 9
12 #trees for patient 93
6 #edges
0 2
0 11
4 7
7 9
11 4
11 5
6 #edges
0 2
0 11
4 9
9 7
11 4
11 5
6 #edges
0 2
0 11
4 9
7 4
11 5
11 7
6 #edges
0 2
0 11
9 4
7 9
11 5
11 7
6 #edges
0 2
0 11
4 7
9 4
11 5
11 9
6 #edges
0 2
0 11
9 7
7 4
11 5
11 9
6 #edges
0 11
5 2
9 7
7 4
11 5
11 9
6 #edges
0 11
4 7
5 2
9 4
11 5
11 9
6 #edges
0 11
4 9
5 2
7 4
11 5
11 7
6 #edges
0 11
5 2
9 4
7 9
11 5
11 7
6 #edges
0 11
4 9
5 2
9 7
11 4
11 5
6 #edges
0 11
4 7
5 2
7 9
11 4
11 5
2 #trees for patient 94
6 #edges
0 11
5 2
9 4
7 9
11 5
11 7
6 #edges
2 5
0 11
9 4
7 9
11 2
11 7
2 #trees for patient 95
6 #edges
2 5
0 11
9 4
7 9
11 2
11 7
6 #edges
0 11
5 2
9 4
7 9
11 5
11 7
2 #trees for patient 96
6 #edges
0 11
5 2
9 4
7 9
11 5
11 7
6 #edges
2 5
0 11
9 4
7 9
11 2
11 7
7 #trees for patient 97
6 #edges
0 5
0 11
5 2
9 4
7 9
11 7
6 #edges
0 5
0 11
9 4
7 9
11 2
11 7
6 #edges
0 2
0 5
0 11
9 4
7 9
11 7
6 #edges
2 5
0 2
0 11
9 4
7 9
11 7
6 #edges
0 2
0 11
9 4
7 9
11 5
11 7
6 #edges
0 11
5 2
9 4
7 9
11 5
11 7
6 #edges
2 5
0 11
9 4
7 9
11 2
11 7
2 #trees for patient 98
6 #edges
0 11
5 2
9 4
7 9
11 5
11 7
6 #edges
0 11
5 2
9 7
7 4
11 5
11 9
6 #trees for patient 99
6 #edges
0 4
0 11
5 2
9 7
11 5
11 9
6 #edges
0 4
0 11
5 2
7 9
11 5
11 7
6 #edges
0 11
5 2
5 4
9 7
11 5
11 9
6 #edges
0 11
5 2
9 7
7 4
11 5
11 9
6 #edges
0 11
5 2
5 4
7 9
11 5
11 7
6 #edges
0 11
5 2
9 4
7 9
11 5
11 7
