50 # patients
48 #trees for patient 0
6 #edges
9 1
5 9
7 5
0 11
0 7
1 8
6 #edges
9 8
5 1
7 5
0 11
0 7
1 9
6 #edges
9 5
5 1
7 9
0 11
0 7
1 8
6 #edges
9 1
5 8
7 9
0 11
0 7
1 5
6 #edges
9 8
5 9
7 1
0 11
0 7
1 5
6 #edges
9 5
5 8
7 1
0 11
0 7
1 9
6 #edges
9 5
5 7
7 1
0 9
0 11
1 8
6 #edges
9 5
5 1
7 8
0 9
0 11
1 7
6 #edges
9 7
5 8
7 1
0 9
0 11
1 5
6 #edges
9 7
5 1
7 5
0 9
0 11
1 8
6 #edges
9 1
5 7
7 8
0 9
0 11
1 5
6 #edges
9 1
5 8
7 5
0 9
0 11
1 7
6 #edges
9 1
5 7
7 9
0 11
0 5
1 8
6 #edges
9 8
5 7
7 1
0 11
0 5
1 9
6 #edges
9 7
5 1
7 8
0 11
0 5
1 9
6 #edges
9 8
5 1
7 9
0 11
0 5
1 7
6 #edges
9 1
5 9
7 8
0 11
0 5
1 7
6 #edges
9 7
5 9
7 1
0 11
0 5
1 8
6 #edges
9 7
5 8
7 5
0 11
0 1
1 9
6 #edges
9 5
5 7
7 8
0 11
0 1
1 9
6 #edges
9 7
5 9
7 8
0 11
0 1
1 5
6 #edges
9 8
5 7
7 9
0 11
0 1
1 5
6 #edges
9 8
5 9
7 5
0 11
0 1
1 7
6 #edges
9 5
5 8
7 9
0 11
0 1
1 7
6 #edges
9 7
5 8
5 11
7 5
0 1
1 9
6 #edges
9 5
5 7
7 8
7 11
0 1
1 9
6 #edges
9 7
5 9
7 8
7 11
0 1
1 5
6 #edges
9 8
9 11
5 7
7 9
0 1
1 5
6 #edges
9 8
9 11
5 9
7 5
0 1
1 7
6 #edges
9 5
5 8
5 11
7 9
0 1
1 7
6 #edges
9 5
5 1
7 9
0 7
1 8
1 11
6 #edges
9 1
5 8
5 11
7 9
0 7
1 5
6 #edges
9 1
5 9
7 5
0 7
1 8
1 11
6 #edges
9 8
9 11
5 1
7 5
0 7
1 9
6 #edges
9 5
5 8
5 11
7 1
0 7
1 9
6 #edges
9 8
9 11
5 9
7 1
0 7
1 5
6 #edges
9 8
9 11
5 7
7 1
0 5
1 9
6 #edges
9 1
5 7
7 9
0 5
1 8
1 11
6 #edges
9 1
5 9
7 8
7 11
0 5
1 7
6 #edges
9 7
5 9
7 1
0 5
1 8
1 11
6 #edges
9 7
5 1
7 8
7 11
0 5
1 9
6 #edges
9 8
9 11
5 1
7 9
0 5
1 7
6 #edges
9 5
5 7
7 1
0 9
1 8
1 11
6 #edges
9 5
5 1
7 8
7 11
0 9
1 7
6 #edges
9 1
5 8
5 11
7 5
0 9
1 7
6 #edges
9 1
5 7
7 8
7 11
0 9
1 5
6 #edges
9 7
5 1
7 5
0 9
1 8
1 11
6 #edges
9 7
5 8
5 11
7 1
0 9
1 5
12 #trees for patient 1
6 #edges
5 1
7 5
0 11
0 7
1 8
1 9
6 #edges
9 8
5 1
7 5
0 11
0 7
1 9
6 #edges
5 8
5 9
7 1
0 11
0 7
1 5
6 #edges
9 8
5 9
7 1
0 11
0 7
1 5
6 #edges
5 1
7 8
7 9
0 11
0 5
1 7
6 #edges
9 8
5 1
7 9
0 11
0 5
1 7
6 #edges
5 7
7 1
0 11
0 5
1 8
1 9
6 #edges
9 8
5 7
7 1
0 11
0 5
1 9
6 #edges
5 8
5 9
7 5
0 11
0 1
1 7
6 #edges
9 8
5 9
7 5
0 11
0 1
1 7
6 #edges
5 7
7 8
7 9
0 11
0 1
1 5
6 #edges
9 8
5 7
7 9
0 11
0 1
1 5
6 #trees for patient 2
6 #edges
9 8
5 7
7 9
0 11
0 1
1 5
6 #edges
9 8
5 9
7 5
0 11
0 1
1 7
6 #edges
9 8
5 9
7 1
0 11
0 7
1 5
6 #edges
9 8
5 1
7 5
0 11
0 7
1 9
6 #edges
9 8
5 1
7 9
0 11
0 5
1 7
6 #edges
9 8
5 7
7 1
0 11
0 5
1 9
7 #trees for patient 3
6 #edges
9 8
7 1
0 11
0 7
1 9
1 5
6 #edges
5 8
7 1
0 11
0 7
1 9
1 5
6 #edges
7 1
0 11
0 7
1 8
1 9
1 5
6 #edges
9 5
7 1
0 11
0 7
1 8
1 9
6 #edges
9 5
5 8
7 1
0 11
0 7
1 9
6 #edges
5 9
7 1
0 11
0 7
1 8
1 5
6 #edges
9 8
5 9
7 1
0 11
0 7
1 5
2 #trees for patient 4
6 #edges
9 5
5 8
7 1
0 11
0 7
1 9
6 #edges
9 8
5 9
7 1
0 11
0 7
1 5
14 #trees for patient 5
6 #edges
9 8
11 9
5 1
7 5
0 11
0 7
6 #edges
9 8
11 9
7 1
0 11
0 7
1 5
6 #edges
11 8
11 9
7 1
0 11
0 7
1 5
6 #edges
11 9
5 8
7 1
0 11
0 7
1 5
6 #edges
11 8
11 9
5 1
7 5
0 11
0 7
6 #edges
11 9
5 1
7 5
0 11
0 7
1 8
6 #edges
8 9
11 8
7 1
0 11
0 7
1 5
6 #edges
11 8
5 9
7 1
0 11
0 7
1 5
6 #edges
9 8
5 9
7 1
0 11
0 7
1 5
6 #edges
8 9
5 8
7 1
0 11
0 7
1 5
6 #edges
8 9
11 8
5 1
7 5
0 11
0 7
6 #edges
11 8
5 1
7 5
0 11
0 7
1 9
6 #edges
8 9
5 1
7 5
0 11
0 7
1 8
6 #edges
9 8
5 1
7 5
0 11
0 7
1 9
12 #trees for patient 6
6 #edges
5 1
7 9
0 8
0 11
0 5
1 7
6 #edges
5 7
7 1
0 8
0 11
0 5
1 9
6 #edges
5 9
7 1
0 8
0 11
0 7
1 5
6 #edges
5 1
7 5
0 8
0 11
0 7
1 9
6 #edges
5 7
7 9
0 8
0 11
0 1
1 5
6 #edges
5 9
7 5
0 8
0 11
0 1
1 7
6 #edges
9 8
5 9
7 1
0 11
0 7
1 5
6 #edges
9 8
5 1
7 5
0 11
0 7
1 9
6 #edges
9 8
5 7
7 9
0 11
0 1
1 5
6 #edges
9 8
5 9
7 5
0 11
0 1
1 7
6 #edges
9 8
5 7
7 1
0 11
0 5
1 9
6 #edges
9 8
5 1
7 9
0 11
0 5
1 7
4 #trees for patient 7
6 #edges
9 5
5 8
7 9
0 11
0 1
1 7
6 #edges
9 8
5 9
7 5
0 11
0 1
1 7
6 #edges
9 8
5 9
7 1
0 11
0 7
1 5
6 #edges
9 5
5 8
7 1
0 11
0 7
1 9
12 #trees for patient 8
6 #edges
5 1
7 8
7 5
0 11
0 7
1 9
6 #edges
9 8
5 1
7 5
0 11
0 7
1 9
6 #edges
9 1
5 9
7 5
0 11
0 7
1 8
6 #edges
9 1
5 9
7 8
7 5
0 11
0 7
6 #edges
9 5
7 8
7 1
0 11
0 7
1 9
6 #edges
5 9
7 8
7 1
0 11
0 7
1 5
6 #edges
9 5
5 1
7 8
7 9
0 11
0 7
6 #edges
9 1
7 8
7 9
0 11
0 7
1 5
6 #edges
9 5
5 8
7 1
0 11
0 7
1 9
6 #edges
9 8
5 9
7 1
0 11
0 7
1 5
6 #edges
9 1
5 8
7 9
0 11
0 7
1 5
6 #edges
9 5
5 1
7 9
0 11
0 7
1 8
120 #trees for patient 9
6 #edges
8 9
5 8
7 5
0 11
0 1
1 7
6 #edges
9 8
5 9
7 5
0 11
0 1
1 7
6 #edges
8 5
9 8
7 9
0 11
0 1
1 7
6 #edges
9 5
5 8
7 9
0 11
0 1
1 7
6 #edges
8 5
5 9
7 8
0 11
0 1
1 7
6 #edges
8 9
9 5
7 8
0 11
0 1
1 7
6 #edges
8 7
5 9
7 5
0 11
0 1
1 8
6 #edges
8 7
9 5
7 9
0 11
0 1
1 8
6 #edges
8 9
9 5
5 7
0 11
0 1
1 8
6 #edges
8 9
9 7
7 5
0 11
0 1
1 8
6 #edges
8 5
5 7
7 9
0 11
0 1
1 8
6 #edges
8 5
9 7
5 9
0 11
0 1
1 8
6 #edges
8 9
9 7
5 8
0 11
0 1
1 5
6 #edges
8 7
5 8
7 9
0 11
0 1
1 5
6 #edges
8 9
5 7
7 8
0 11
0 1
1 5
6 #edges
9 8
5 7
7 9
0 11
0 1
1 5
6 #edges
8 7
9 8
5 9
0 11
0 1
1 5
6 #edges
9 7
5 9
7 8
0 11
0 1
1 5
6 #edges
8 7
9 5
5 8
0 11
0 1
1 9
6 #edges
9 5
5 7
7 8
0 11
0 1
1 9
6 #edges
8 7
9 8
7 5
0 11
0 1
1 9
6 #edges
8 5
9 8
5 7
0 11
0 1
1 9
6 #edges
9 7
5 8
7 5
0 11
0 1
1 9
6 #edges
8 5
9 7
7 8
0 11
0 1
1 9
6 #edges
8 1
9 5
7 8
0 11
0 7
1 9
6 #edges
8 1
5 9
7 8
0 11
0 7
1 5
6 #edges
8 9
9 1
7 8
0 11
0 7
1 5
6 #edges
8 9
9 5
5 1
7 8
0 11
0 7
6 #edges
8 5
5 1
7 8
0 11
0 7
1 9
6 #edges
8 5
9 1
5 9
7 8
0 11
0 7
6 #edges
9 8
5 1
7 5
0 11
0 7
1 9
6 #edges
8 9
5 1
7 5
0 11
0 7
1 8
6 #edges
8 1
9 8
5 9
7 5
0 11
0 7
6 #edges
9 1
5 9
7 5
0 11
0 7
1 8
6 #edges
8 9
9 1
5 8
7 5
0 11
0 7
6 #edges
8 1
5 8
7 5
0 11
0 7
1 9
6 #edges
9 5
5 1
7 9
0 11
0 7
1 8
6 #edges
8 1
9 5
5 8
7 9
0 11
0 7
6 #edges
9 1
5 8
7 9
0 11
0 7
1 5
6 #edges
8 5
9 1
7 9
0 11
0 7
1 8
6 #edges
8 1
9 8
7 9
0 11
0 7
1 5
6 #edges
8 5
9 8
5 1
7 9
0 11
0 7
6 #edges
8 9
5 8
7 1
0 11
0 7
1 5
6 #edges
9 8
5 9
7 1
0 11
0 7
1 5
6 #edges
9 5
5 8
7 1
0 11
0 7
1 9
6 #edges
8 5
9 8
7 1
0 11
0 7
1 9
6 #edges
8 9
9 5
7 1
0 11
0 7
1 8
6 #edges
8 5
5 9
7 1
0 11
0 7
1 8
6 #edges
8 5
9 7
5 1
0 8
0 11
1 9
6 #edges
8 5
5 1
7 9
0 8
0 11
1 7
6 #edges
8 5
9 7
5 9
7 1
0 8
0 11
6 #edges
8 5
9 1
5 9
0 8
0 11
1 7
6 #edges
8 5
9 1
5 7
7 9
0 8
0 11
6 #edges
8 5
5 7
7 1
0 8
0 11
1 9
6 #edges
8 1
9 7
5 9
0 8
0 11
1 5
6 #edges
8 1
5 7
7 9
0 8
0 11
1 5
6 #edges
8 1
5 9
7 5
0 8
0 11
1 7
6 #edges
8 1
9 5
7 9
0 8
0 11
1 7
6 #edges
8 1
9 7
7 5
0 8
0 11
1 9
6 #edges
8 1
9 5
5 7
0 8
0 11
1 9
6 #edges
8 9
9 1
7 5
0 8
0 11
1 7
6 #edges
8 9
9 1
5 7
0 8
0 11
1 5
6 #edges
8 9
9 5
5 1
0 8
0 11
1 7
6 #edges
8 9
9 5
5 7
7 1
0 8
0 11
6 #edges
8 9
9 7
7 1
0 8
0 11
1 5
6 #edges
8 9
9 7
5 1
7 5
0 8
0 11
6 #edges
8 7
9 1
7 9
0 8
0 11
1 5
6 #edges
8 7
9 5
5 1
7 9
0 8
0 11
6 #edges
8 7
5 9
7 1
0 8
0 11
1 5
6 #edges
8 7
9 5
7 1
0 8
0 11
1 9
6 #edges
8 7
9 1
5 9
7 5
0 8
0 11
6 #edges
8 7
5 1
7 5
0 8
0 11
1 9
6 #edges
9 5
5 1
7 8
0 9
0 11
1 7
6 #edges
8 7
9 5
5 1
0 9
0 11
1 8
6 #edges
8 1
9 5
5 7
7 8
0 9
0 11
6 #edges
9 5
5 7
7 1
0 9
0 11
1 8
6 #edges
8 1
9 5
5 8
0 9
0 11
1 7
6 #edges
8 7
9 5
5 8
7 1
0 9
0 11
6 #edges
9 1
5 7
7 8
0 9
0 11
1 5
6 #edges
8 7
9 1
5 8
0 9
0 11
1 5
6 #edges
8 7
9 1
7 5
0 9
0 11
1 8
6 #edges
8 5
9 1
5 7
0 9
0 11
1 8
6 #edges
8 5
9 1
7 8
0 9
0 11
1 7
6 #edges
9 1
5 8
7 5
0 9
0 11
1 7
6 #edges
8 1
9 7
5 8
7 5
0 9
0 11
6 #edges
9 7
5 1
7 5
0 9
0 11
1 8
6 #edges
8 1
9 7
7 8
0 9
0 11
1 5
6 #edges
8 5
9 7
5 1
7 8
0 9
0 11
6 #edges
9 7
5 8
7 1
0 9
0 11
1 5
6 #edges
8 5
9 7
7 1
0 9
0 11
1 8
6 #edges
8 7
9 8
7 1
0 9
0 11
1 5
6 #edges
8 7
9 8
5 1
7 5
0 9
0 11
6 #edges
8 1
9 8
5 7
0 9
0 11
1 5
6 #edges
8 1
9 8
7 5
0 9
0 11
1 7
6 #edges
8 5
9 8
5 1
0 9
0 11
1 7
6 #edges
8 5
9 8
5 7
7 1
0 9
0 11
6 #edges
9 8
5 7
7 1
0 11
0 5
1 9
6 #edges
8 9
5 7
7 1
0 11
0 5
1 8
6 #edges
8 1
9 8
5 7
7 9
0 11
0 5
6 #edges
9 1
5 7
7 9
0 11
0 5
1 8
6 #edges
8 1
5 7
7 8
0 11
0 5
1 9
6 #edges
8 9
9 1
5 7
7 8
0 11
0 5
6 #edges
8 7
5 8
7 1
0 11
0 5
1 9
6 #edges
8 7
9 1
5 8
7 9
0 11
0 5
6 #edges
8 9
9 1
5 8
0 11
0 5
1 7
6 #edges
8 9
9 7
5 8
7 1
0 11
0 5
6 #edges
8 1
5 8
7 9
0 11
0 5
1 7
6 #edges
8 1
9 7
5 8
0 11
0 5
1 9
6 #edges
8 9
5 1
7 8
0 11
0 5
1 7
6 #edges
9 8
5 1
7 9
0 11
0 5
1 7
6 #edges
9 7
5 1
7 8
0 11
0 5
1 9
6 #edges
8 7
9 8
5 1
0 11
0 5
1 9
6 #edges
8 7
5 1
7 9
0 11
0 5
1 8
6 #edges
8 9
9 7
5 1
0 11
0 5
1 8
6 #edges
9 1
5 9
7 8
0 11
0 5
1 7
6 #edges
8 7
9 1
5 9
0 11
0 5
1 8
6 #edges
8 1
9 7
5 9
7 8
0 11
0 5
6 #edges
9 7
5 9
7 1
0 11
0 5
1 8
6 #edges
8 1
9 8
5 9
0 11
0 5
1 7
6 #edges
8 7
9 8
5 9
7 1
0 11
0 5
4 #trees for patient 10
6 #edges
9 5
5 8
7 1
0 11
0 7
1 9
6 #edges
9 8
5 9
7 1
0 11
0 7
1 5
6 #edges
9 8
5 9
7 11
7 1
0 7
1 5
6 #edges
9 5
5 8
7 11
7 1
0 7
1 9
54 #trees for patient 11
6 #edges
9 8
5 7
7 1
0 9
0 5
1 11
6 #edges
5 7
7 1
0 9
0 5
1 8
1 11
6 #edges
11 8
5 7
7 1
0 9
0 5
1 11
6 #edges
9 8
5 1
7 11
0 9
0 5
1 7
6 #edges
5 1
7 8
7 11
0 9
0 5
1 7
6 #edges
11 8
5 1
7 11
0 9
0 5
1 7
6 #edges
9 8
5 11
7 1
0 9
0 7
1 5
6 #edges
5 8
5 11
7 1
0 9
0 7
1 5
6 #edges
11 8
5 11
7 1
0 9
0 7
1 5
6 #edges
9 8
5 1
7 5
0 9
0 7
1 11
6 #edges
11 8
5 1
7 5
0 9
0 7
1 11
6 #edges
5 1
7 5
0 9
0 7
1 8
1 11
6 #edges
9 8
5 7
7 11
0 9
0 1
1 5
6 #edges
9 8
5 11
7 5
0 9
0 1
1 7
6 #edges
5 7
7 8
7 11
0 9
0 1
1 5
6 #edges
11 8
5 7
7 11
0 9
0 1
1 5
6 #edges
5 8
5 11
7 5
0 9
0 1
1 7
6 #edges
11 8
5 11
7 5
0 9
0 1
1 7
6 #edges
5 1
7 9
7 11
0 8
0 5
1 7
6 #edges
5 7
7 1
0 8
0 5
1 9
1 11
6 #edges
5 9
5 11
7 5
0 8
0 1
1 7
6 #edges
5 7
7 9
7 11
0 8
0 1
1 5
6 #edges
5 9
5 11
7 1
0 8
0 7
1 5
6 #edges
5 1
7 5
0 8
0 7
1 9
1 11
6 #edges
11 8
5 1
7 9
0 11
0 5
1 7
6 #edges
5 1
7 8
7 9
0 11
0 5
1 7
6 #edges
9 8
5 1
7 9
0 11
0 5
1 7
6 #edges
5 7
7 1
0 11
0 5
1 8
1 9
6 #edges
11 8
5 7
7 1
0 11
0 5
1 9
6 #edges
9 8
5 7
7 1
0 11
0 5
1 9
6 #edges
11 8
5 9
7 5
0 11
0 1
1 7
6 #edges
11 8
5 7
7 9
0 11
0 1
1 5
6 #edges
11 8
5 9
7 1
0 11
0 7
1 5
6 #edges
11 8
5 1
7 5
0 11
0 7
1 9
6 #edges
5 8
5 9
7 5
0 11
0 1
1 7
6 #edges
9 8
5 9
7 5
0 11
0 1
1 7
6 #edges
9 8
5 7
7 9
0 11
0 1
1 5
6 #edges
5 7
7 8
7 9
0 11
0 1
1 5
6 #edges
5 1
7 5
0 11
0 7
1 8
1 9
6 #edges
9 8
5 1
7 5
0 11
0 7
1 9
6 #edges
9 8
5 9
7 1
0 11
0 7
1 5
6 #edges
5 8
5 9
7 1
0 11
0 7
1 5
6 #edges
9 8
5 9
5 11
7 5
0 1
1 7
6 #edges
11 8
5 9
5 11
7 5
0 1
1 7
6 #edges
11 8
5 7
7 9
7 11
0 1
1 5
6 #edges
9 8
5 7
7 9
7 11
0 1
1 5
6 #edges
11 8
5 9
5 11
7 1
0 7
1 5
6 #edges
9 8
5 9
5 11
7 1
0 7
1 5
6 #edges
11 8
5 1
7 5
0 7
1 9
1 11
6 #edges
9 8
5 1
7 5
0 7
1 9
1 11
6 #edges
9 8
5 1
7 9
7 11
0 5
1 7
6 #edges
11 8
5 1
7 9
7 11
0 5
1 7
6 #edges
9 8
5 7
7 1
0 5
1 9
1 11
6 #edges
11 8
5 7
7 1
0 5
1 9
1 11
6 #trees for patient 12
6 #edges
9 8
5 7
7 9
0 11
0 1
1 5
6 #edges
9 8
5 9
7 5
0 11
0 1
1 7
6 #edges
9 8
5 9
7 1
0 11
0 7
1 5
6 #edges
9 8
5 1
7 5
0 11
0 7
1 9
6 #edges
9 8
5 1
7 9
0 11
0 5
1 7
6 #edges
9 8
5 7
7 1
0 11
0 5
1 9
4 #trees for patient 13
6 #edges
9 5
5 8
7 1
0 11
0 7
1 9
6 #edges
9 8
5 9
7 1
0 11
0 7
1 5
6 #edges
9 8
5 9
7 5
0 11
0 1
1 7
6 #edges
9 5
5 8
7 9
0 11
0 1
1 7
2 #trees for patient 14
6 #edges
9 8
5 1
7 5
0 11
0 7
1 9
6 #edges
9 8
5 9
7 1
0 11
0 7
1 5
14 #trees for patient 15
6 #edges
8 5
5 11
3 8
0 3
0 1
0 4
6 #edges
8 11
11 5
3 8
0 3
0 1
0 4
6 #edges
8 11
11 5
3 8
0 3
0 4
4 1
6 #edges
8 5
5 11
3 8
0 3
0 4
4 1
6 #edges
8 11
11 5
3 8
3 1
0 3
0 4
6 #edges
8 5
5 11
3 8
3 1
0 3
0 4
6 #edges
8 11
11 5
3 8
3 4
0 3
0 1
6 #edges
8 5
5 11
3 8
3 4
0 3
0 1
6 #edges
8 11
11 5
3 8
0 3
0 1
1 4
6 #edges
8 5
5 11
3 8
0 3
0 1
1 4
6 #edges
8 5
5 11
3 8
3 4
0 3
4 1
6 #edges
8 11
11 5
3 8
3 4
0 3
4 1
6 #edges
8 5
5 11
3 8
3 1
0 3
1 4
6 #edges
8 11
11 5
3 8
3 1
0 3
1 4
14 #trees for patient 16
6 #edges
11 5
3 11
3 1
3 4
0 3
4 8
6 #edges
8 5
3 11
3 1
3 4
0 3
4 8
6 #edges
8 5
11 8
3 11
3 4
0 3
4 1
6 #edges
8 5
11 8
3 11
3 1
3 4
0 3
6 #edges
11 8
3 11
3 1
3 4
0 3
4 5
6 #edges
11 8
3 5
3 1
3 4
0 3
4 11
6 #edges
8 11
3 5
3 1
3 4
0 3
4 8
6 #edges
8 5
11 8
3 1
3 4
0 3
4 11
6 #edges
11 5
3 8
3 1
3 4
0 3
4 11
6 #edges
8 5
3 8
3 1
3 4
0 3
4 11
6 #edges
8 11
3 8
3 1
3 4
0 3
4 5
6 #edges
8 11
11 5
3 8
3 4
0 3
4 1
6 #edges
8 11
11 5
3 1
3 4
0 3
4 8
6 #edges
8 11
11 5
3 8
3 1
3 4
0 3
2 #trees for patient 17
6 #edges
8 11
11 5
11 1
3 8
3 4
0 3
6 #edges
8 11
11 5
3 8
3 4
0 3
4 1
12 #trees for patient 18
6 #edges
11 8
5 11
3 5
3 1
3 4
0 3
6 #edges
8 11
5 8
3 5
3 1
3 4
0 3
6 #edges
8 5
11 8
3 11
3 1
3 4
0 3
6 #edges
11 5
5 8
3 11
3 1
3 4
0 3
6 #edges
8 11
11 5
3 8
3 1
3 4
0 3
6 #edges
8 5
5 11
3 8
3 1
3 4
0 3
6 #edges
8 5
11 8
3 11
3 4
0 3
4 1
6 #edges
11 5
5 8
3 11
3 4
0 3
4 1
6 #edges
8 11
11 5
3 8
3 4
0 3
4 1
6 #edges
8 5
5 11
3 8
3 4
0 3
4 1
6 #edges
11 8
5 11
3 5
3 4
0 3
4 1
6 #edges
8 11
5 8
3 5
3 4
0 3
4 1
24 #trees for patient 19
6 #edges
11 8
3 11
3 5
3 1
0 3
1 4
6 #edges
5 8
3 11
3 5
3 1
0 3
1 4
6 #edges
11 8
5 11
3 5
3 1
0 3
1 4
6 #edges
5 11
3 8
3 5
3 1
0 3
1 4
6 #edges
8 11
5 8
3 5
3 1
0 3
1 4
6 #edges
8 11
3 8
3 5
3 1
0 3
1 4
6 #edges
8 5
11 8
3 11
3 1
0 3
1 4
6 #edges
11 5
3 8
3 11
3 1
0 3
1 4
6 #edges
11 5
5 8
3 11
3 1
0 3
1 4
6 #edges
8 5
3 8
3 11
3 1
0 3
1 4
6 #edges
8 5
5 11
3 8
3 1
0 3
1 4
6 #edges
8 11
11 5
3 8
3 1
0 3
1 4
6 #edges
8 11
11 5
3 8
3 4
0 3
4 1
6 #edges
8 11
3 8
3 5
3 4
0 3
4 1
6 #edges
5 11
3 8
3 5
3 4
0 3
4 1
6 #edges
8 5
5 11
3 8
3 4
0 3
4 1
6 #edges
8 5
3 8
3 11
3 4
0 3
4 1
6 #edges
11 5
3 8
3 11
3 4
0 3
4 1
6 #edges
8 5
11 8
3 11
3 4
0 3
4 1
6 #edges
11 8
3 11
3 5
3 4
0 3
4 1
6 #edges
11 5
5 8
3 11
3 4
0 3
4 1
6 #edges
5 8
3 11
3 5
3 4
0 3
4 1
6 #edges
11 8
5 11
3 5
3 4
0 3
4 1
6 #edges
8 11
5 8
3 5
3 4
0 3
4 1
1 #trees for patient 20
6 #edges
8 11
11 5
3 8
3 4
0 3
4 1
2 #trees for patient 21
6 #edges
8 5
11 8
3 11
3 4
0 3
4 1
6 #edges
8 11
11 5
3 8
3 4
0 3
4 1
22 #trees for patient 22
6 #edges
8 11
8 4
3 8
3 5
3 1
0 3
6 #edges
8 11
8 4
5 1
3 8
3 5
0 3
6 #edges
8 11
8 4
3 8
3 5
0 3
4 1
6 #edges
8 11
8 4
11 1
3 8
3 5
0 3
6 #edges
8 11
3 8
3 4
0 3
4 5
4 1
6 #edges
8 11
8 1
3 8
3 4
0 3
4 5
6 #edges
8 11
11 1
3 8
3 4
0 3
4 5
6 #edges
8 11
5 1
3 8
3 4
0 3
4 5
6 #edges
8 11
8 5
8 1
3 8
3 4
0 3
6 #edges
8 11
8 1
11 5
3 8
3 4
0 3
6 #edges
8 11
8 5
3 8
3 4
0 3
4 1
6 #edges
8 11
11 5
3 8
3 4
0 3
4 1
6 #edges
8 11
8 5
11 1
3 8
3 4
0 3
6 #edges
8 11
11 5
5 1
3 8
3 4
0 3
6 #edges
8 11
8 5
5 1
3 8
3 4
0 3
6 #edges
8 11
8 4
5 1
3 8
0 3
4 5
6 #edges
8 11
8 4
3 8
3 1
0 3
4 5
6 #edges
8 11
8 4
11 1
3 8
0 3
4 5
6 #edges
8 11
8 4
3 8
0 3
4 5
4 1
6 #edges
8 11
8 4
11 5
3 8
0 3
4 1
6 #edges
8 11
8 4
11 5
3 8
3 1
0 3
6 #edges
8 11
8 4
11 5
5 1
3 8
0 3
14 #trees for patient 23
6 #edges
8 5
11 8
3 11
3 4
0 3
4 1
6 #edges
8 11
11 5
3 8
3 4
0 3
4 1
6 #edges
8 5
11 8
5 1
3 11
3 4
0 3
6 #edges
8 11
11 5
5 1
3 8
3 4
0 3
6 #edges
8 5
11 8
5 4
3 11
3 1
0 3
6 #edges
8 5
11 8
3 11
3 1
0 3
1 4
6 #edges
8 5
11 8
5 4
3 11
0 3
4 1
6 #edges
8 5
11 8
5 1
5 4
3 11
0 3
6 #edges
8 5
11 8
5 1
3 11
0 3
1 4
6 #edges
8 11
11 5
5 1
3 8
0 3
1 4
6 #edges
8 11
11 5
5 1
5 4
3 8
0 3
6 #edges
8 11
11 5
5 4
3 8
3 1
0 3
6 #edges
8 11
11 5
5 4
3 8
0 3
4 1
6 #edges
8 11
11 5
3 8
3 1
0 3
1 4
2 #trees for patient 24
6 #edges
8 11
11 5
3 8
3 4
0 3
4 1
6 #edges
8 11
11 5
3 8
3 1
0 3
1 4
2 #trees for patient 25
6 #edges
2 7
9 4
11 2
5 11
7 9
0 5
6 #edges
2 7
9 4
11 5
5 2
7 9
0 11
12 #trees for patient 26
6 #edges
2 7
9 4
11 2
5 11
7 9
0 5
6 #edges
2 7
11 2
5 11
7 4
0 5
4 9
6 #edges
2 11
9 4
11 7
5 2
7 9
0 5
6 #edges
2 11
11 7
5 2
7 4
0 5
4 9
6 #edges
2 7
11 5
5 2
7 4
0 11
4 9
6 #edges
2 7
9 4
11 5
5 2
7 9
0 11
6 #edges
2 5
11 2
5 7
7 4
0 11
4 9
6 #edges
2 5
9 4
11 2
5 7
7 9
0 11
6 #edges
2 5
9 4
11 7
5 11
7 9
0 2
6 #edges
2 5
11 7
5 11
7 4
0 2
4 9
6 #edges
2 11
11 5
5 7
7 4
0 2
4 9
6 #edges
2 11
9 4
11 5
5 7
7 9
0 2
4 #trees for patient 27
6 #edges
2 7
9 4
11 2
5 11
7 9
0 5
6 #edges
2 9
9 4
11 7
5 11
7 2
0 5
6 #edges
2 7
9 4
11 5
5 2
7 9
0 11
6 #edges
2 9
9 4
11 5
5 7
7 2
0 11
24 #trees for patient 28
6 #edges
2 7
11 2
5 11
7 9
0 5
0 4
6 #edges
2 9
9 7
11 2
5 11
0 5
0 4
6 #edges
9 2
11 7
5 11
7 9
0 5
0 4
6 #edges
2 9
11 7
5 11
7 2
0 5
0 4
6 #edges
9 7
11 9
5 11
7 2
0 5
0 4
6 #edges
2 7
9 2
11 9
5 11
0 5
0 4
6 #edges
2 7
9 2
11 5
5 9
0 11
0 4
6 #edges
9 7
11 5
5 9
7 2
0 11
0 4
6 #edges
2 9
11 5
5 7
7 2
0 11
0 4
6 #edges
9 2
11 5
5 7
7 9
0 11
0 4
6 #edges
2 9
9 7
11 5
5 2
0 11
0 4
6 #edges
2 7
11 5
5 2
7 9
0 11
0 4
6 #edges
2 9
9 7
11 2
5 11
7 4
0 5
6 #edges
2 7
9 4
11 2
5 11
7 9
0 5
6 #edges
2 4
9 7
11 9
5 11
7 2
0 5
6 #edges
2 7
9 2
11 9
5 11
7 4
0 5
6 #edges
2 4
9 2
11 7
5 11
7 9
0 5
6 #edges
2 9
9 4
11 7
5 11
7 2
0 5
6 #edges
2 9
9 4
11 5
5 7
7 2
0 11
6 #edges
2 4
9 2
11 5
5 7
7 9
0 11
6 #edges
2 9
9 7
11 5
5 2
7 4
0 11
6 #edges
2 7
9 4
11 5
5 2
7 9
0 11
6 #edges
2 7
9 2
11 5
5 9
7 4
0 11
6 #edges
2 4
9 7
11 5
5 9
7 2
0 11
2 #trees for patient 29
6 #edges
2 7
11 2
5 11
7 4
0 5
4 9
6 #edges
2 7
9 4
11 2
5 11
7 9
0 5
6 #trees for patient 30
6 #edges
2 7
9 4
11 9
5 2
7 11
0 5
6 #edges
2 11
9 4
11 7
5 2
7 9
0 5
6 #edges
2 11
9 4
11 9
5 7
7 2
0 5
6 #edges
2 9
9 4
11 2
5 7
7 11
0 5
6 #edges
2 7
9 4
11 2
5 11
7 9
0 5
6 #edges
2 9
9 4
11 7
5 11
7 2
0 5
4 #trees for patient 31
6 #edges
2 11
11 7
5 2
7 9
0 5
0 4
6 #edges
2 7
11 2
5 11
7 9
0 5
0 4
6 #edges
2 11
9 4
11 7
5 2
7 9
0 5
6 #edges
2 7
9 4
11 2
5 11
7 9
0 5
2 #trees for patient 32
6 #edges
2 7
9 4
11 2
5 11
7 9
0 5
6 #edges
2 9
9 7
11 2
5 11
7 4
0 5
12 #trees for patient 33
6 #edges
2 9
9 7
11 2
5 11
5 4
0 5
6 #edges
2 7
11 2
5 11
5 4
7 9
0 5
6 #edges
2 7
9 2
11 9
5 11
5 4
0 5
6 #edges
9 7
11 9
5 11
5 4
7 2
0 5
6 #edges
2 9
11 7
5 11
5 4
7 2
0 5
6 #edges
9 2
11 7
5 11
5 4
7 9
0 5
6 #edges
2 4
9 7
11 9
5 11
7 2
0 5
6 #edges
2 7
9 2
11 9
5 11
7 4
0 5
6 #edges
2 7
9 4
11 2
5 11
7 9
0 5
6 #edges
2 9
9 7
11 2
5 11
7 4
0 5
6 #edges
2 4
9 2
11 7
5 11
7 9
0 5
6 #edges
2 9
9 4
11 7
5 11
7 2
0 5
120 #trees for patient 34
6 #edges
2 9
11 2
5 7
7 4
0 5
4 11
6 #edges
9 2
11 9
5 7
7 4
0 5
4 11
6 #edges
2 11
9 2
5 7
7 4
0 5
4 9
6 #edges
9 11
11 2
5 7
7 4
0 5
4 9
6 #edges
2 9
9 11
5 7
7 4
0 5
4 2
6 #edges
2 11
11 9
5 7
7 4
0 5
4 2
6 #edges
2 11
9 4
5 7
7 9
0 5
4 2
6 #edges
9 4
11 2
5 7
7 9
0 5
4 11
6 #edges
2 4
9 11
11 2
5 7
7 9
0 5
6 #edges
9 11
11 4
5 7
7 9
0 5
4 2
6 #edges
2 11
9 2
11 4
5 7
7 9
0 5
6 #edges
2 4
9 2
5 7
7 9
0 5
4 11
6 #edges
9 2
11 4
5 7
7 11
0 5
4 9
6 #edges
2 9
11 4
5 7
7 11
0 5
4 2
6 #edges
2 4
9 2
11 9
5 7
7 11
0 5
6 #edges
9 4
11 9
5 7
7 11
0 5
4 2
6 #edges
2 9
9 4
11 2
5 7
7 11
0 5
6 #edges
2 4
11 2
5 7
7 11
0 5
4 9
6 #edges
2 11
11 4
5 7
7 2
0 5
4 9
6 #edges
2 11
9 4
11 9
5 7
7 2
0 5
6 #edges
2 9
9 4
5 7
7 2
0 5
4 11
6 #edges
2 9
9 11
11 4
5 7
7 2
0 5
6 #edges
2 4
9 11
5 7
7 2
0 5
4 9
6 #edges
2 4
11 9
5 7
7 2
0 5
4 11
6 #edges
9 7
11 2
5 4
7 11
0 5
4 9
6 #edges
2 11
9 7
5 4
7 2
0 5
4 9
6 #edges
2 7
9 2
5 4
7 11
0 5
4 9
6 #edges
2 11
9 2
11 7
5 4
0 5
4 9
6 #edges
2 7
9 11
11 2
5 4
0 5
4 9
6 #edges
9 11
11 7
5 4
7 2
0 5
4 9
6 #edges
2 9
11 2
5 4
7 11
0 5
4 7
6 #edges
9 2
11 9
5 4
7 11
0 5
4 7
6 #edges
2 9
9 11
5 4
7 2
0 5
4 7
6 #edges
2 11
11 9
5 4
7 2
0 5
4 7
6 #edges
2 11
9 2
5 4
7 9
0 5
4 7
6 #edges
9 11
11 2
5 4
7 9
0 5
4 7
6 #edges
2 7
9 11
5 4
7 9
0 5
4 2
6 #edges
2 7
11 9
5 4
7 11
0 5
4 2
6 #edges
2 11
9 7
11 9
5 4
0 5
4 2
6 #edges
2 11
11 7
5 4
7 9
0 5
4 2
6 #edges
2 9
9 7
5 4
7 11
0 5
4 2
6 #edges
2 9
9 11
11 7
5 4
0 5
4 2
6 #edges
2 9
11 7
5 4
7 2
0 5
4 11
6 #edges
9 2
11 7
5 4
7 9
0 5
4 11
6 #edges
2 7
9 2
11 9
5 4
0 5
4 11
6 #edges
9 7
11 9
5 4
7 2
0 5
4 11
6 #edges
2 7
11 2
5 4
7 9
0 5
4 11
6 #edges
2 9
9 7
11 2
5 4
0 5
4 11
6 #edges
2 11
9 4
11 9
5 2
0 5
4 7
6 #edges
2 11
9 7
11 9
5 2
7 4
0 5
6 #edges
2 11
11 4
5 2
7 9
0 5
4 7
6 #edges
2 11
9 7
11 4
5 2
0 5
4 9
6 #edges
2 11
11 7
5 2
7 4
0 5
4 9
6 #edges
2 11
9 4
11 7
5 2
7 9
0 5
6 #edges
2 9
9 4
11 7
5 2
0 5
4 11
6 #edges
2 9
9 4
5 2
7 11
0 5
4 7
6 #edges
2 9
9 11
11 4
5 2
0 5
4 7
6 #edges
2 9
9 11
11 7
5 2
7 4
0 5
6 #edges
2 9
9 7
11 4
5 2
7 11
0 5
6 #edges
2 9
9 7
5 2
7 4
0 5
4 11
6 #edges
2 7
9 4
5 2
7 9
0 5
4 11
6 #edges
2 7
9 11
11 4
5 2
7 9
0 5
6 #edges
2 7
9 4
11 9
5 2
7 11
0 5
6 #edges
2 7
11 4
5 2
7 11
0 5
4 9
6 #edges
2 7
11 9
5 2
7 4
0 5
4 11
6 #edges
2 7
9 11
5 2
7 4
0 5
4 9
6 #edges
2 4
9 7
11 9
5 2
0 5
4 11
6 #edges
2 4
11 7
5 2
7 9
0 5
4 11
6 #edges
2 4
9 11
11 7
5 2
0 5
4 9
6 #edges
2 4
9 7
5 2
7 11
0 5
4 9
6 #edges
2 4
9 11
5 2
7 9
0 5
4 7
6 #edges
2 4
11 9
5 2
7 11
0 5
4 7
6 #edges
2 11
9 4
11 7
5 9
0 5
4 2
6 #edges
2 7
9 4
5 9
7 11
0 5
4 2
6 #edges
2 7
9 4
11 2
5 9
0 5
4 11
6 #edges
9 4
11 7
5 9
7 2
0 5
4 11
6 #edges
2 11
9 4
5 9
7 2
0 5
4 7
6 #edges
9 4
11 2
5 9
7 11
0 5
4 7
6 #edges
9 7
11 4
5 9
7 11
0 5
4 2
6 #edges
2 4
9 7
11 2
5 9
7 11
0 5
6 #edges
9 7
11 2
5 9
7 4
0 5
4 11
6 #edges
2 11
9 7
5 9
7 4
0 5
4 2
6 #edges
2 11
9 7
11 4
5 9
7 2
0 5
6 #edges
2 4
9 7
5 9
7 2
0 5
4 11
6 #edges
2 7
9 11
11 2
5 9
7 4
0 5
6 #edges
2 4
9 11
11 2
5 9
0 5
4 7
6 #edges
2 7
9 11
11 4
5 9
0 5
4 2
6 #edges
9 11
11 4
5 9
7 2
0 5
4 7
6 #edges
9 11
11 7
5 9
7 4
0 5
4 2
6 #edges
2 4
9 11
11 7
5 9
7 2
0 5
6 #edges
2 7
9 2
11 4
5 9
7 11
0 5
6 #edges
2 7
9 2
5 9
7 4
0 5
4 11
6 #edges
2 4
9 2
11 7
5 9
0 5
4 11
6 #edges
2 4
9 2
5 9
7 11
0 5
4 7
6 #edges
2 11
9 2
11 7
5 9
7 4
0 5
6 #edges
2 11
9 2
11 4
5 9
0 5
4 7
6 #edges
2 7
9 2
11 9
5 11
7 4
0 5
6 #edges
2 4
9 2
11 9
5 11
0 5
4 7
6 #edges
9 4
11 9
5 11
7 2
0 5
4 7
6 #edges
2 7
9 4
11 9
5 11
0 5
4 2
6 #edges
9 7
11 9
5 11
7 4
0 5
4 2
6 #edges
2 4
9 7
11 9
5 11
7 2
0 5
6 #edges
2 9
9 7
11 2
5 11
7 4
0 5
6 #edges
2 9
9 4
11 2
5 11
0 5
4 7
6 #edges
2 7
9 4
11 2
5 11
7 9
0 5
6 #edges
2 7
11 2
5 11
7 4
0 5
4 9
6 #edges
2 4
9 7
11 2
5 11
0 5
4 9
6 #edges
2 4
11 2
5 11
7 9
0 5
4 7
6 #edges
2 4
9 2
11 7
5 11
7 9
0 5
6 #edges
9 4
11 7
5 11
7 9
0 5
4 2
6 #edges
2 9
9 4
11 7
5 11
7 2
0 5
6 #edges
2 4
11 7
5 11
7 2
0 5
4 9
6 #edges
2 9
11 7
5 11
7 4
0 5
4 2
6 #edges
9 2
11 7
5 11
7 4
0 5
4 9
6 #edges
2 9
9 7
11 4
5 11
0 5
4 2
6 #edges
2 7
11 4
5 11
7 9
0 5
4 2
6 #edges
9 2
11 4
5 11
7 9
0 5
4 7
6 #edges
2 9
11 4
5 11
7 2
0 5
4 7
6 #edges
9 7
11 4
5 11
7 2
0 5
4 9
6 #edges
2 7
9 2
11 4
5 11
0 5
4 9
4 #trees for patient 35
6 #edges
2 7
9 4
11 2
5 11
7 9
0 5
6 #edges
2 9
9 4
11 7
5 11
7 2
0 5
6 #edges
2 7
9 4
11 5
5 2
7 9
0 11
6 #edges
2 9
9 4
11 5
5 7
7 2
0 11
2 #trees for patient 36
6 #edges
2 9
9 7
11 2
5 11
7 4
0 5
6 #edges
2 7
9 4
11 2
5 11
7 9
0 5
6 #trees for patient 37
6 #edges
2 7
11 2
5 11
7 4
0 5
4 9
6 #edges
2 7
9 4
11 2
5 11
7 9
0 5
6 #edges
2 9
9 7
11 2
5 11
7 4
0 5
6 #edges
2 9
9 4
11 2
5 11
0 5
4 7
6 #edges
2 4
11 2
5 11
7 9
0 5
4 7
6 #edges
2 4
9 7
11 2
5 11
0 5
4 9
4 #trees for patient 38
6 #edges
2 7
9 4
11 2
5 11
7 9
0 5
6 #edges
2 9
9 7
11 2
5 11
7 4
0 5
6 #edges
2 7
9 4
11 5
5 2
7 9
0 11
6 #edges
2 9
9 7
11 5
5 2
7 4
0 11
4 #trees for patient 39
6 #edges
2 7
9 4
11 2
5 11
7 9
0 5
6 #edges
2 7
11 2
5 11
7 4
0 5
4 9
6 #edges
2 7
11 5
5 2
7 4
0 11
4 9
6 #edges
2 7
9 4
11 5
5 2
7 9
0 11
12 #trees for patient 40
6 #edges
2 4
9 7
11 2
5 11
0 5
4 9
6 #edges
2 4
11 2
5 11
7 9
0 5
4 7
6 #edges
2 7
11 2
5 11
7 4
0 5
4 9
6 #edges
2 7
9 4
11 2
5 11
7 9
0 5
6 #edges
2 9
9 7
11 2
5 11
7 4
0 5
6 #edges
2 9
9 4
11 2
5 11
0 5
4 7
6 #edges
2 7
9 4
11 5
5 2
7 9
0 11
6 #edges
2 7
11 5
5 2
7 4
0 11
4 9
6 #edges
2 4
11 5
5 2
7 9
0 11
4 7
6 #edges
2 4
9 7
11 5
5 2
0 11
4 9
6 #edges
2 9
9 7
11 5
5 2
7 4
0 11
6 #edges
2 9
9 4
11 5
5 2
0 11
4 7
6 #trees for patient 41
6 #edges
2 7
9 4
11 2
5 11
7 9
0 5
6 #edges
2 9
9 7
11 2
5 11
7 4
0 5
6 #edges
2 4
9 2
11 7
5 11
7 9
0 5
6 #edges
2 9
9 4
11 7
5 11
7 2
0 5
6 #edges
2 7
9 2
11 9
5 11
7 4
0 5
6 #edges
2 4
9 7
11 9
5 11
7 2
0 5
3 #trees for patient 42
6 #edges
6 2
6 3
7 6
0 7
0 4
4 11
6 #edges
6 2
6 11
6 3
7 6
0 7
0 4
6 #edges
2 11
6 2
6 3
7 6
0 7
0 4
4 #trees for patient 43
6 #edges
6 7
3 11
7 2
7 3
0 6
0 4
6 #edges
2 11
6 7
7 2
7 3
0 6
0 4
6 #edges
6 2
6 3
3 11
7 6
0 7
0 4
6 #edges
2 11
6 2
6 3
7 6
0 7
0 4
3 #trees for patient 44
6 #edges
2 11
6 2
6 3
7 6
0 7
0 4
6 #edges
2 11
6 2
6 3
7 6
7 4
0 7
6 #edges
2 11
6 2
6 3
3 4
7 6
0 7
6 #trees for patient 45
6 #edges
2 11
6 2
7 6
0 3
0 7
0 4
6 #edges
2 11
6 7
7 2
0 6
0 3
0 4
6 #edges
2 11
6 2
7 6
0 7
0 4
4 3
6 #edges
2 11
6 7
7 2
0 6
0 4
4 3
6 #edges
2 11
6 7
7 2
7 3
0 6
0 4
6 #edges
2 11
6 2
6 3
7 6
0 7
0 4
4 #trees for patient 46
6 #edges
2 11
6 2
6 3
7 6
0 7
0 4
6 #edges
2 11
11 3
6 2
7 6
0 7
0 4
6 #edges
2 11
6 7
7 2
7 3
0 6
0 4
6 #edges
2 11
11 3
6 7
7 2
0 6
0 4
8 #trees for patient 47
6 #edges
2 11
11 3
6 2
7 6
0 7
0 4
6 #edges
2 11
6 2
6 3
7 6
0 7
0 4
6 #edges
11 2
6 11
6 3
7 6
0 7
0 4
6 #edges
2 3
11 2
6 11
7 6
0 7
0 4
6 #edges
11 2
6 7
7 11
7 3
0 6
0 4
6 #edges
2 3
11 2
6 7
7 11
0 6
0 4
6 #edges
2 11
6 7
7 2
7 3
0 6
0 4
6 #edges
2 11
11 3
6 7
7 2
0 6
0 4
4 #trees for patient 48
6 #edges
11 2
6 11
6 3
7 6
0 7
0 4
6 #edges
2 11
6 2
6 3
7 6
0 7
0 4
6 #edges
2 11
6 2
6 3
7 6
7 4
0 7
6 #edges
11 2
6 11
6 3
7 6
7 4
0 7
6 #trees for patient 49
6 #edges
11 2
6 11
6 3
7 6
0 7
0 4
6 #edges
2 11
6 2
6 3
7 6
0 7
0 4
6 #edges
11 2
6 11
6 3
7 6
7 4
0 7
6 #edges
2 11
6 2
6 3
7 6
7 4
0 7
6 #edges
2 11
11 4
6 2
6 3
7 6
0 7
6 #edges
2 4
11 2
6 11
6 3
7 6
0 7
