100 # patients
48 #trees for patient 0
6 #edges
9 7
1 5
0 1
0 11
7 8
5 9
6 #edges
9 8
1 5
0 1
0 11
7 9
5 7
6 #edges
9 8
1 7
0 1
0 11
7 5
5 9
6 #edges
9 5
1 7
0 1
0 11
7 9
5 8
6 #edges
9 5
1 9
0 1
0 11
7 8
5 7
6 #edges
9 7
1 9
0 1
0 11
7 5
5 8
6 #edges
9 5
1 9
0 11
0 7
7 1
5 8
6 #edges
9 8
1 5
0 11
0 7
7 1
5 9
6 #edges
9 1
1 8
0 11
0 7
7 5
5 9
6 #edges
9 8
1 9
0 11
0 7
7 5
5 1
6 #edges
9 1
1 5
0 11
0 7
7 9
5 8
6 #edges
9 5
1 8
0 11
0 7
7 9
5 1
6 #edges
9 1
1 5
0 9
0 11
7 8
5 7
6 #edges
9 1
1 7
0 9
0 11
7 5
5 8
6 #edges
9 5
1 8
0 9
0 11
7 1
5 7
6 #edges
9 5
1 7
0 9
0 11
7 8
5 1
6 #edges
9 7
1 8
0 9
0 11
7 5
5 1
6 #edges
9 7
1 5
0 9
0 11
7 1
5 8
6 #edges
9 1
1 8
0 11
0 5
7 9
5 7
6 #edges
9 8
1 9
0 11
0 5
7 1
5 7
6 #edges
9 7
1 9
0 11
0 5
7 8
5 1
6 #edges
9 8
1 7
0 11
0 5
7 9
5 1
6 #edges
9 7
1 8
0 11
0 5
7 1
5 9
6 #edges
9 1
1 7
0 11
0 5
7 8
5 9
6 #edges
9 7
1 9
0 5
7 11
7 8
5 1
6 #edges
9 11
9 8
1 7
0 5
7 9
5 1
6 #edges
9 1
1 11
1 8
0 5
7 9
5 7
6 #edges
9 11
9 8
1 9
0 5
7 1
5 7
6 #edges
9 1
1 7
0 5
7 11
7 8
5 9
6 #edges
9 7
1 11
1 8
0 5
7 1
5 9
6 #edges
9 1
1 11
1 8
0 7
7 5
5 9
6 #edges
9 11
9 8
1 9
0 7
7 5
5 1
6 #edges
9 11
9 8
1 5
0 7
7 1
5 9
6 #edges
9 5
1 9
0 7
7 1
5 11
5 8
6 #edges
9 5
1 11
1 8
0 7
7 9
5 1
6 #edges
9 1
1 5
0 7
7 9
5 11
5 8
6 #edges
9 5
1 9
0 1
7 11
7 8
5 7
6 #edges
9 7
1 9
0 1
7 5
5 11
5 8
6 #edges
9 11
9 8
1 5
0 1
7 9
5 7
6 #edges
9 7
1 5
0 1
7 11
7 8
5 9
6 #edges
9 11
9 8
1 7
0 1
7 5
5 9
6 #edges
9 5
1 7
0 1
7 9
5 11
5 8
6 #edges
9 5
1 7
0 9
7 11
7 8
5 1
6 #edges
9 5
1 11
1 8
0 9
7 1
5 7
6 #edges
9 7
1 5
0 9
7 1
5 11
5 8
6 #edges
9 7
1 11
1 8
0 9
7 5
5 1
6 #edges
9 1
1 5
0 9
7 11
7 8
5 7
6 #edges
9 1
1 7
0 9
7 5
5 11
5 8
12 #trees for patient 1
6 #edges
1 9
1 8
0 11
0 5
7 1
5 7
6 #edges
9 8
1 9
0 11
0 5
7 1
5 7
6 #edges
1 7
0 11
0 5
7 9
7 8
5 1
6 #edges
9 8
1 7
0 11
0 5
7 9
5 1
6 #edges
1 7
0 1
0 11
7 5
5 9
5 8
6 #edges
9 8
1 7
0 1
0 11
7 5
5 9
6 #edges
1 5
0 1
0 11
7 9
7 8
5 7
6 #edges
9 8
1 5
0 1
0 11
7 9
5 7
6 #edges
1 5
0 11
0 7
7 1
5 9
5 8
6 #edges
9 8
1 5
0 11
0 7
7 1
5 9
6 #edges
1 9
1 8
0 11
0 7
7 5
5 1
6 #edges
9 8
1 9
0 11
0 7
7 5
5 1
6 #trees for patient 2
6 #edges
9 8
1 7
0 11
0 5
7 9
5 1
6 #edges
9 8
1 9
0 11
0 5
7 1
5 7
6 #edges
9 8
1 7
0 1
0 11
7 5
5 9
6 #edges
9 8
1 5
0 1
0 11
7 9
5 7
6 #edges
9 8
1 9
0 11
0 7
7 5
5 1
6 #edges
9 8
1 5
0 11
0 7
7 1
5 9
7 #trees for patient 3
6 #edges
1 8
1 5
0 11
0 7
7 1
5 9
6 #edges
9 8
1 5
0 11
0 7
7 1
5 9
6 #edges
1 9
1 5
0 11
0 7
7 1
5 8
6 #edges
9 8
1 9
1 5
0 11
0 7
7 1
6 #edges
1 9
1 8
1 5
0 11
0 7
7 1
6 #edges
9 5
1 9
1 8
0 11
0 7
7 1
6 #edges
9 5
1 9
0 11
0 7
7 1
5 8
2 #trees for patient 4
6 #edges
9 8
1 5
0 11
0 7
7 1
5 9
6 #edges
9 5
1 9
0 11
0 7
7 1
5 8
14 #trees for patient 5
6 #edges
0 11
0 7
11 9
11 8
7 5
5 1
6 #edges
1 5
0 11
0 7
11 9
11 8
7 1
6 #edges
0 11
0 7
11 8
7 5
8 9
5 1
6 #edges
1 5
0 11
0 7
11 8
7 1
8 9
6 #edges
1 5
0 11
0 7
11 8
7 1
5 9
6 #edges
1 9
0 11
0 7
11 8
7 5
5 1
6 #edges
9 8
1 5
0 11
0 7
11 9
7 1
6 #edges
1 5
0 11
0 7
11 9
7 1
5 8
6 #edges
1 5
0 11
0 7
7 1
8 9
5 8
6 #edges
9 8
1 5
0 11
0 7
7 1
5 9
6 #edges
9 8
0 11
0 7
11 9
7 5
5 1
6 #edges
1 8
0 11
0 7
11 9
7 5
5 1
6 #edges
1 8
0 11
0 7
7 5
8 9
5 1
6 #edges
9 8
1 9
0 11
0 7
7 5
5 1
12 #trees for patient 6
6 #edges
1 7
0 1
0 11
0 8
7 5
5 9
6 #edges
1 5
0 1
0 11
0 8
7 9
5 7
6 #edges
1 7
0 11
0 8
0 5
7 9
5 1
6 #edges
1 9
0 11
0 8
0 5
7 1
5 7
6 #edges
1 5
0 11
0 7
0 8
7 1
5 9
6 #edges
1 9
0 11
0 7
0 8
7 5
5 1
6 #edges
9 8
1 9
0 11
0 5
7 1
5 7
6 #edges
9 8
1 7
0 11
0 5
7 9
5 1
6 #edges
9 8
1 7
0 1
0 11
7 5
5 9
6 #edges
9 8
1 5
0 1
0 11
7 9
5 7
6 #edges
9 8
1 9
0 11
0 7
7 5
5 1
6 #edges
9 8
1 5
0 11
0 7
7 1
5 9
4 #trees for patient 7
6 #edges
9 5
1 9
0 11
0 7
7 1
5 8
6 #edges
9 8
1 5
0 11
0 7
7 1
5 9
6 #edges
9 5
1 7
0 1
0 11
7 9
5 8
6 #edges
9 8
1 7
0 1
0 11
7 5
5 9
12 #trees for patient 8
6 #edges
9 5
0 11
0 7
7 9
7 8
5 1
6 #edges
9 1
1 5
0 11
0 7
7 9
7 8
6 #edges
9 5
1 8
0 11
0 7
7 9
5 1
6 #edges
9 1
1 5
0 11
0 7
7 9
5 8
6 #edges
9 8
1 9
0 11
0 7
7 5
5 1
6 #edges
1 9
0 11
0 7
7 8
7 5
5 1
6 #edges
9 1
0 11
0 7
7 8
7 5
5 9
6 #edges
9 1
1 8
0 11
0 7
7 5
5 9
6 #edges
1 5
0 11
0 7
7 1
7 8
5 9
6 #edges
9 8
1 5
0 11
0 7
7 1
5 9
6 #edges
9 5
1 9
0 11
0 7
7 1
7 8
6 #edges
9 5
1 9
0 11
0 7
7 1
5 8
120 #trees for patient 9
6 #edges
9 7
1 5
0 9
0 11
7 1
5 8
6 #edges
9 7
1 8
0 9
0 11
7 1
8 5
6 #edges
9 7
1 8
0 9
0 11
7 5
5 1
6 #edges
9 7
0 9
0 11
7 5
8 1
5 8
6 #edges
9 7
0 9
0 11
7 8
8 5
5 1
6 #edges
9 7
1 5
0 9
0 11
7 8
8 1
6 #edges
9 5
1 8
0 9
0 11
7 1
5 7
6 #edges
9 5
0 9
0 11
7 8
8 1
5 7
6 #edges
9 5
0 9
0 11
7 1
8 7
5 8
6 #edges
9 5
1 7
0 9
0 11
8 1
5 8
6 #edges
9 5
1 7
0 9
0 11
7 8
5 1
6 #edges
9 5
1 8
0 9
0 11
8 7
5 1
6 #edges
9 8
0 9
0 11
7 5
8 7
5 1
6 #edges
9 8
1 5
0 9
0 11
7 1
8 7
6 #edges
9 8
1 5
0 9
0 11
8 1
5 7
6 #edges
9 8
1 7
0 9
0 11
7 5
8 1
6 #edges
9 8
0 9
0 11
7 1
8 5
5 7
6 #edges
9 8
1 7
0 9
0 11
8 5
5 1
6 #edges
9 1
1 5
0 9
0 11
7 8
5 7
6 #edges
9 1
1 5
0 9
0 11
8 7
5 8
6 #edges
9 1
1 8
0 9
0 11
7 5
8 7
6 #edges
9 1
1 8
0 9
0 11
8 5
5 7
6 #edges
9 1
1 7
0 9
0 11
7 5
5 8
6 #edges
9 1
1 7
0 9
0 11
7 8
8 5
6 #edges
1 5
0 11
0 7
7 8
8 1
5 9
6 #edges
9 5
1 9
0 11
0 7
7 8
8 1
6 #edges
1 9
0 11
0 7
7 8
8 5
5 1
6 #edges
9 1
0 11
0 7
7 8
8 5
5 9
6 #edges
9 1
1 5
0 11
0 7
7 8
8 9
6 #edges
9 5
0 11
0 7
7 8
8 9
5 1
6 #edges
9 8
1 9
0 11
0 7
7 5
5 1
6 #edges
1 8
0 11
0 7
7 5
8 9
5 1
6 #edges
9 1
0 11
0 7
7 5
8 9
5 8
6 #edges
1 9
0 11
0 7
7 5
8 1
5 8
6 #edges
9 1
1 8
0 11
0 7
7 5
5 9
6 #edges
9 8
0 11
0 7
7 5
8 1
5 9
6 #edges
9 5
1 9
0 11
0 7
7 1
5 8
6 #edges
9 8
1 9
0 11
0 7
7 1
8 5
6 #edges
9 8
1 5
0 11
0 7
7 1
5 9
6 #edges
1 5
0 11
0 7
7 1
8 9
5 8
6 #edges
9 5
1 8
0 11
0 7
7 1
8 9
6 #edges
1 8
0 11
0 7
7 1
8 5
5 9
6 #edges
9 1
1 8
0 11
0 7
7 9
8 5
6 #edges
9 1
1 5
0 11
0 7
7 9
5 8
6 #edges
9 8
0 11
0 7
7 9
8 5
5 1
6 #edges
9 8
1 5
0 11
0 7
7 9
8 1
6 #edges
9 5
0 11
0 7
7 9
8 1
5 8
6 #edges
9 5
1 8
0 11
0 7
7 9
5 1
6 #edges
9 5
1 9
0 1
0 11
8 7
5 8
6 #edges
9 5
1 9
0 1
0 11
7 8
5 7
6 #edges
9 7
1 9
0 1
0 11
7 8
8 5
6 #edges
9 7
1 9
0 1
0 11
7 5
5 8
6 #edges
9 8
1 9
0 1
0 11
8 5
5 7
6 #edges
9 8
1 9
0 1
0 11
7 5
8 7
6 #edges
9 8
1 7
0 1
0 11
7 9
8 5
6 #edges
9 5
1 7
0 1
0 11
7 9
5 8
6 #edges
9 5
1 7
0 1
0 11
7 8
8 9
6 #edges
1 7
0 1
0 11
7 8
8 5
5 9
6 #edges
1 7
0 1
0 11
7 5
8 9
5 8
6 #edges
9 8
1 7
0 1
0 11
7 5
5 9
6 #edges
1 8
0 1
0 11
7 9
8 5
5 7
6 #edges
9 7
1 8
0 1
0 11
8 5
5 9
6 #edges
1 8
0 1
0 11
7 5
8 7
5 9
6 #edges
9 5
1 8
0 1
0 11
7 9
8 7
6 #edges
9 5
1 8
0 1
0 11
8 9
5 7
6 #edges
9 7
1 8
0 1
0 11
7 5
8 9
6 #edges
1 5
0 1
0 11
7 8
8 9
5 7
6 #edges
9 8
1 5
0 1
0 11
7 9
5 7
6 #edges
9 7
1 5
0 1
0 11
8 9
5 8
6 #edges
1 5
0 1
0 11
7 9
8 7
5 8
6 #edges
9 7
1 5
0 1
0 11
7 8
5 9
6 #edges
9 8
1 5
0 1
0 11
8 7
5 9
6 #edges
9 7
1 8
0 11
0 5
7 1
5 9
6 #edges
9 7
0 11
0 5
7 8
8 1
5 9
6 #edges
9 8
1 7
0 11
0 5
8 1
5 9
6 #edges
9 8
0 11
0 5
7 1
8 7
5 9
6 #edges
9 1
1 7
0 11
0 5
7 8
5 9
6 #edges
9 1
1 8
0 11
0 5
8 7
5 9
6 #edges
9 7
1 9
0 11
0 5
8 1
5 8
6 #edges
1 7
0 11
0 5
7 9
8 1
5 8
6 #edges
1 9
0 11
0 5
7 1
8 7
5 8
6 #edges
9 1
0 11
0 5
7 9
8 7
5 8
6 #edges
9 7
0 11
0 5
7 1
8 9
5 8
6 #edges
9 1
1 7
0 11
0 5
8 9
5 8
6 #edges
1 9
0 11
0 5
7 8
8 1
5 7
6 #edges
9 1
0 11
0 5
7 8
8 9
5 7
6 #edges
9 8
0 11
0 5
7 9
8 1
5 7
6 #edges
9 1
1 8
0 11
0 5
7 9
5 7
6 #edges
1 8
0 11
0 5
7 1
8 9
5 7
6 #edges
9 8
1 9
0 11
0 5
7 1
5 7
6 #edges
9 8
1 9
0 11
0 5
8 7
5 1
6 #edges
9 7
1 9
0 11
0 5
7 8
5 1
6 #edges
1 8
0 11
0 5
7 9
8 7
5 1
6 #edges
9 7
1 8
0 11
0 5
8 9
5 1
6 #edges
9 8
1 7
0 11
0 5
7 9
5 1
6 #edges
1 7
0 11
0 5
7 8
8 9
5 1
6 #edges
1 5
0 11
0 8
7 9
8 1
5 7
6 #edges
9 7
1 5
0 11
0 8
8 1
5 9
6 #edges
9 5
1 7
0 11
0 8
7 9
8 1
6 #edges
1 7
0 11
0 8
7 5
8 1
5 9
6 #edges
9 5
1 9
0 11
0 8
8 1
5 7
6 #edges
9 7
1 9
0 11
0 8
7 5
8 1
6 #edges
1 7
0 11
0 8
7 9
8 5
5 1
6 #edges
9 7
1 9
0 11
0 8
8 5
5 1
6 #edges
9 7
0 11
0 8
7 1
8 5
5 9
6 #edges
9 1
1 7
0 11
0 8
8 5
5 9
6 #edges
9 1
0 11
0 8
7 9
8 5
5 7
6 #edges
1 9
0 11
0 8
7 1
8 5
5 7
6 #edges
9 5
1 9
0 11
0 8
7 1
8 7
6 #edges
1 5
0 11
0 8
7 1
8 7
5 9
6 #edges
9 5
0 11
0 8
7 9
8 7
5 1
6 #edges
9 1
1 5
0 11
0 8
7 9
8 7
6 #edges
1 9
0 11
0 8
7 5
8 7
5 1
6 #edges
9 1
0 11
0 8
7 5
8 7
5 9
6 #edges
9 7
0 11
0 8
7 5
8 9
5 1
6 #edges
9 7
1 5
0 11
0 8
7 1
8 9
6 #edges
9 5
1 7
0 11
0 8
8 9
5 1
6 #edges
9 5
0 11
0 8
7 1
8 9
5 7
6 #edges
9 1
1 5
0 11
0 8
8 9
5 7
6 #edges
9 1
1 7
0 11
0 8
7 5
8 9
4 #trees for patient 10
6 #edges
9 5
1 9
0 11
0 7
7 1
5 8
6 #edges
9 8
1 5
0 11
0 7
7 1
5 9
6 #edges
9 5
1 9
0 7
7 1
7 11
5 8
6 #edges
9 8
1 5
0 7
7 1
7 11
5 9
54 #trees for patient 11
6 #edges
1 5
0 7
0 8
7 1
5 9
5 11
6 #edges
1 9
1 11
0 7
0 8
7 5
5 1
6 #edges
1 7
0 8
0 5
7 9
7 11
5 1
6 #edges
1 9
1 11
0 8
0 5
7 1
5 7
6 #edges
1 5
0 1
0 8
7 9
7 11
5 7
6 #edges
1 7
0 1
0 8
7 5
5 9
5 11
6 #edges
9 8
1 11
0 9
0 7
7 5
5 1
6 #edges
9 8
1 5
0 9
0 7
7 1
5 11
6 #edges
1 5
0 9
0 7
7 1
5 11
5 8
6 #edges
1 5
0 9
0 7
11 8
7 1
5 11
6 #edges
1 11
1 8
0 9
0 7
7 5
5 1
6 #edges
1 11
0 9
0 7
11 8
7 5
5 1
6 #edges
9 8
1 5
0 9
0 1
7 11
5 7
6 #edges
9 8
1 7
0 9
0 1
7 5
5 11
6 #edges
9 8
1 11
0 9
0 5
7 1
5 7
6 #edges
9 8
1 7
0 9
0 5
7 11
5 1
6 #edges
1 11
1 8
0 9
0 5
7 1
5 7
6 #edges
1 11
0 9
0 5
11 8
7 1
5 7
6 #edges
1 7
0 9
0 5
7 11
7 8
5 1
6 #edges
1 7
0 9
0 5
11 8
7 11
5 1
6 #edges
1 5
0 9
0 1
7 11
7 8
5 7
6 #edges
1 5
0 9
0 1
11 8
7 11
5 7
6 #edges
1 7
0 9
0 1
11 8
7 5
5 11
6 #edges
1 7
0 9
0 1
7 5
5 11
5 8
6 #edges
1 7
0 1
0 11
11 8
7 5
5 9
6 #edges
1 7
0 1
0 11
7 5
5 9
5 8
6 #edges
9 8
1 7
0 1
0 11
7 5
5 9
6 #edges
1 5
0 1
0 11
11 8
7 9
5 7
6 #edges
1 5
0 1
0 11
7 9
7 8
5 7
6 #edges
9 8
1 5
0 1
0 11
7 9
5 7
6 #edges
1 9
0 11
0 5
11 8
7 1
5 7
6 #edges
1 9
1 8
0 11
0 5
7 1
5 7
6 #edges
9 8
1 9
0 11
0 5
7 1
5 7
6 #edges
1 7
0 11
0 5
11 8
7 9
5 1
6 #edges
1 7
0 11
0 5
7 9
7 8
5 1
6 #edges
9 8
1 7
0 11
0 5
7 9
5 1
6 #edges
1 5
0 11
0 7
11 8
7 1
5 9
6 #edges
1 9
0 11
0 7
11 8
7 5
5 1
6 #edges
1 5
0 11
0 7
7 1
5 9
5 8
6 #edges
9 8
1 5
0 11
0 7
7 1
5 9
6 #edges
1 9
1 8
0 11
0 7
7 5
5 1
6 #edges
9 8
1 9
0 11
0 7
7 5
5 1
6 #edges
1 7
0 5
11 8
7 9
7 11
5 1
6 #edges
9 8
1 7
0 5
7 9
7 11
5 1
6 #edges
9 8
1 9
1 11
0 5
7 1
5 7
6 #edges
1 9
1 11
0 5
11 8
7 1
5 7
6 #edges
9 8
1 5
0 7
7 1
5 9
5 11
6 #edges
1 5
0 7
11 8
7 1
5 9
5 11
6 #edges
9 8
1 9
1 11
0 7
7 5
5 1
6 #edges
1 9
1 11
0 7
11 8
7 5
5 1
6 #edges
1 5
0 1
11 8
7 9
7 11
5 7
6 #edges
9 8
1 5
0 1
7 9
7 11
5 7
6 #edges
9 8
1 7
0 1
7 5
5 9
5 11
6 #edges
1 7
0 1
11 8
7 5
5 9
5 11
6 #trees for patient 12
6 #edges
9 8
1 7
0 11
0 5
7 9
5 1
6 #edges
9 8
1 9
0 11
0 5
7 1
5 7
6 #edges
9 8
1 7
0 1
0 11
7 5
5 9
6 #edges
9 8
1 5
0 1
0 11
7 9
5 7
6 #edges
9 8
1 9
0 11
0 7
7 5
5 1
6 #edges
9 8
1 5
0 11
0 7
7 1
5 9
4 #trees for patient 13
6 #edges
9 8
1 7
0 1
0 11
7 5
5 9
6 #edges
9 5
1 7
0 1
0 11
7 9
5 8
6 #edges
9 5
1 9
0 11
0 7
7 1
5 8
6 #edges
9 8
1 5
0 11
0 7
7 1
5 9
2 #trees for patient 14
6 #edges
9 8
1 9
0 11
0 7
7 5
5 1
6 #edges
9 8
1 5
0 11
0 7
7 1
5 9
12 #trees for patient 15
6 #edges
1 5
0 11
0 7
7 1
8 9
5 8
6 #edges
9 8
1 5
0 11
0 7
7 1
5 9
6 #edges
9 5
1 8
0 11
0 7
7 1
8 9
6 #edges
1 8
0 11
0 7
7 1
8 5
5 9
6 #edges
9 5
1 9
0 11
0 7
7 1
5 8
6 #edges
9 8
1 9
0 11
0 7
7 1
8 5
6 #edges
9 5
1 7
0 1
0 11
7 8
8 9
6 #edges
1 7
0 1
0 11
7 8
8 5
5 9
6 #edges
1 7
0 1
0 11
7 5
8 9
5 8
6 #edges
9 8
1 7
0 1
0 11
7 5
5 9
6 #edges
9 8
1 7
0 1
0 11
7 9
8 5
6 #edges
9 5
1 7
0 1
0 11
7 9
5 8
12 #trees for patient 16
6 #edges
9 8
1 5
0 11
0 7
7 1
5 9
6 #edges
9 5
1 9
0 11
0 7
7 1
5 8
6 #edges
9 8
1 7
0 1
0 11
7 5
5 9
6 #edges
9 5
1 7
0 1
0 11
7 9
5 8
6 #edges
9 5
1 9
0 7
7 1
5 11
5 8
6 #edges
9 5
1 9
0 7
7 1
8 11
5 8
6 #edges
9 11
9 8
1 5
0 7
7 1
5 9
6 #edges
9 8
1 5
0 7
7 1
8 11
5 9
6 #edges
9 11
9 8
1 7
0 1
7 5
5 9
6 #edges
9 8
1 7
0 1
7 5
8 11
5 9
6 #edges
9 5
1 7
0 1
7 9
5 11
5 8
6 #edges
9 5
1 7
0 1
7 9
8 11
5 8
12 #trees for patient 17
6 #edges
9 1
1 5
0 11
0 7
7 9
7 8
6 #edges
9 1
1 5
0 11
0 7
7 9
5 8
6 #edges
9 5
1 8
0 11
0 7
7 9
5 1
6 #edges
9 5
0 11
0 7
7 9
7 8
5 1
6 #edges
9 1
0 11
0 7
7 8
7 5
5 9
6 #edges
1 9
0 11
0 7
7 8
7 5
5 1
6 #edges
9 1
1 8
0 11
0 7
7 5
5 9
6 #edges
9 8
1 9
0 11
0 7
7 5
5 1
6 #edges
1 5
0 11
0 7
7 1
7 8
5 9
6 #edges
9 5
1 9
0 11
0 7
7 1
7 8
6 #edges
9 8
1 5
0 11
0 7
7 1
5 9
6 #edges
9 5
1 9
0 11
0 7
7 1
5 8
8 #trees for patient 18
6 #edges
1 9
1 5
0 11
0 7
7 1
5 8
6 #edges
9 8
1 9
1 5
0 11
0 7
7 1
6 #edges
1 8
1 5
0 11
0 7
7 1
5 9
6 #edges
1 8
1 5
0 11
0 7
7 1
8 9
6 #edges
1 5
0 11
0 7
7 1
8 9
5 8
6 #edges
9 8
1 5
0 11
0 7
7 1
5 9
6 #edges
9 8
1 9
1 5
0 7
7 1
5 11
6 #edges
1 8
1 5
0 7
7 1
8 9
5 11
2 #trees for patient 19
6 #edges
9 8
1 5
0 11
0 7
7 1
5 9
6 #edges
9 8
1 7
0 1
0 11
7 5
5 9
4 #trees for patient 20
6 #edges
1 5
0 11
0 7
11 8
7 1
5 9
6 #edges
9 8
1 5
0 11
0 7
7 1
5 9
6 #edges
1 7
0 1
0 11
11 8
7 5
5 9
6 #edges
9 8
1 7
0 1
0 11
7 5
5 9
7 #trees for patient 21
6 #edges
1 5
0 11
0 7
7 9
7 1
7 8
6 #edges
1 5
0 11
0 7
7 1
7 8
8 9
6 #edges
1 5
0 11
0 7
7 1
7 8
5 9
6 #edges
9 8
1 5
0 11
0 7
7 9
7 1
6 #edges
1 5
0 11
0 7
7 9
7 1
5 8
6 #edges
9 8
1 5
0 11
0 7
7 1
5 9
6 #edges
1 5
0 11
0 7
7 1
8 9
5 8
209 #trees for patient 22
6 #edges
0 11
0 7
0 5
7 9
7 8
5 1
6 #edges
1 8
0 11
0 7
0 5
7 9
5 1
6 #edges
9 8
0 11
0 7
0 5
7 9
5 1
6 #edges
9 8
0 11
0 7
0 5
7 9
7 1
6 #edges
9 8
0 11
0 7
0 5
7 9
8 1
6 #edges
9 1
0 11
0 7
0 5
7 9
5 8
6 #edges
0 11
0 7
0 5
7 9
8 1
5 8
6 #edges
0 11
0 7
0 5
7 9
7 1
5 8
6 #edges
0 11
0 7
0 5
7 9
7 1
7 8
6 #edges
1 8
0 11
0 7
0 5
7 9
7 1
6 #edges
9 1
1 8
0 11
0 7
0 5
7 9
6 #edges
9 1
0 11
0 7
0 5
7 9
7 8
6 #edges
0 11
0 7
0 5
7 9
7 8
8 1
6 #edges
0 11
0 7
0 5
7 8
8 9
5 1
6 #edges
1 9
0 11
0 7
0 5
7 8
5 1
6 #edges
1 9
0 11
0 7
0 5
7 8
8 1
6 #edges
0 11
0 7
0 5
7 8
8 1
5 9
6 #edges
9 1
0 11
0 7
0 5
7 8
8 9
6 #edges
0 11
0 7
0 5
7 1
7 8
8 9
6 #edges
0 11
0 7
0 5
7 1
7 8
5 9
6 #edges
9 1
0 11
0 7
0 5
7 8
5 9
6 #edges
1 9
0 11
0 7
0 5
7 1
7 8
6 #edges
9 8
1 9
0 11
0 7
0 5
5 1
6 #edges
1 8
0 11
0 7
0 5
8 9
5 1
6 #edges
9 1
1 8
0 11
0 7
0 5
5 9
6 #edges
9 8
0 11
0 7
0 5
7 1
5 9
6 #edges
1 8
0 11
0 7
0 5
7 1
5 9
6 #edges
9 8
0 11
0 7
0 5
8 1
5 9
6 #edges
1 8
0 11
0 7
0 5
7 1
8 9
6 #edges
9 8
1 9
0 11
0 7
0 5
7 1
6 #edges
1 9
0 11
0 7
0 5
7 1
5 8
6 #edges
0 11
0 7
0 5
7 1
8 9
5 8
6 #edges
1 9
0 11
0 7
0 5
8 1
5 8
6 #edges
9 1
0 11
0 7
0 5
8 9
5 8
6 #edges
9 1
0 11
0 7
0 8
7 9
8 5
6 #edges
0 11
0 7
0 8
7 9
7 1
8 5
6 #edges
0 11
0 7
0 8
7 9
8 5
5 1
6 #edges
1 9
0 11
0 7
0 8
7 1
8 5
6 #edges
0 11
0 7
0 8
7 1
8 5
5 9
6 #edges
1 9
0 11
0 7
0 8
8 5
5 1
6 #edges
9 1
0 11
0 7
0 8
8 5
5 9
6 #edges
0 11
0 7
0 8
7 9
7 1
7 5
6 #edges
9 5
0 11
0 7
0 8
7 9
7 1
6 #edges
1 5
0 11
0 7
0 8
7 9
7 1
6 #edges
0 11
0 7
0 8
7 1
7 5
8 9
6 #edges
1 5
0 11
0 7
0 8
7 1
8 9
6 #edges
9 5
0 11
0 7
0 8
7 1
8 9
6 #edges
9 5
1 9
0 11
0 7
0 8
7 1
6 #edges
1 9
0 11
0 7
0 8
7 1
7 5
6 #edges
0 11
0 7
0 8
7 1
7 5
5 9
6 #edges
1 5
0 11
0 7
0 8
7 1
5 9
6 #edges
9 1
0 11
0 7
0 8
7 5
5 9
6 #edges
0 11
0 7
0 8
7 5
8 1
5 9
6 #edges
0 11
0 7
0 8
7 9
7 5
8 1
6 #edges
1 9
0 11
0 7
0 8
7 5
8 1
6 #edges
9 1
0 11
0 7
0 8
7 9
7 5
6 #edges
0 11
0 7
0 8
7 9
7 5
5 1
6 #edges
1 9
0 11
0 7
0 8
7 5
5 1
6 #edges
0 11
0 7
0 8
7 5
8 9
5 1
6 #edges
9 1
0 11
0 7
0 8
7 5
8 9
6 #edges
9 1
1 5
0 11
0 7
0 8
7 9
6 #edges
9 5
0 11
0 7
0 8
7 9
5 1
6 #edges
9 5
0 11
0 7
0 8
7 9
8 1
6 #edges
1 5
0 11
0 7
0 8
7 9
8 1
6 #edges
9 5
1 9
0 11
0 7
0 8
8 1
6 #edges
1 5
0 11
0 7
0 8
8 1
5 9
6 #edges
9 5
0 11
0 7
0 8
8 9
5 1
6 #edges
9 1
1 5
0 11
0 7
0 8
8 9
6 #edges
1 8
0 1
0 11
0 7
7 5
8 9
6 #edges
9 5
1 8
0 1
0 11
0 7
8 9
6 #edges
1 8
0 1
0 11
0 7
7 9
7 5
6 #edges
9 5
1 8
0 1
0 11
0 7
7 9
6 #edges
1 8
0 1
0 11
0 7
7 9
8 5
6 #edges
1 8
0 1
0 11
0 7
7 5
5 9
6 #edges
1 8
0 1
0 11
0 7
8 5
5 9
6 #edges
9 5
1 9
0 1
0 11
0 7
7 8
6 #edges
1 9
0 1
0 11
0 7
7 8
8 5
6 #edges
1 9
0 1
0 11
0 7
7 8
7 5
6 #edges
9 8
1 9
0 1
0 11
0 7
7 5
6 #edges
9 8
1 9
0 1
0 11
0 7
8 5
6 #edges
1 9
0 1
0 11
0 7
7 5
5 8
6 #edges
9 5
1 9
0 1
0 11
0 7
5 8
6 #edges
1 5
0 1
0 11
0 7
7 8
5 9
6 #edges
9 8
1 5
0 1
0 11
0 7
5 9
6 #edges
1 5
0 1
0 11
0 7
7 9
7 8
6 #edges
1 5
0 1
0 11
0 7
7 8
8 9
6 #edges
1 5
0 1
0 11
0 7
7 9
5 8
6 #edges
1 5
0 1
0 11
0 7
8 9
5 8
6 #edges
9 8
1 5
0 1
0 11
0 7
7 9
6 #edges
0 1
0 11
0 7
7 9
7 8
7 5
6 #edges
0 1
0 11
0 7
7 9
7 8
8 5
6 #edges
9 5
0 1
0 11
0 7
7 9
7 8
6 #edges
0 1
0 11
0 7
7 8
7 5
5 9
6 #edges
0 1
0 11
0 7
7 8
7 5
8 9
6 #edges
0 1
0 11
0 7
7 8
8 5
5 9
6 #edges
9 5
0 1
0 11
0 7
7 8
8 9
6 #edges
9 8
0 1
0 11
0 7
7 9
7 5
6 #edges
9 8
0 1
0 11
0 7
7 9
8 5
6 #edges
0 1
0 11
0 7
7 9
7 5
5 8
6 #edges
9 5
0 1
0 11
0 7
7 9
5 8
6 #edges
9 8
0 1
0 11
0 7
7 5
5 9
6 #edges
0 1
0 11
0 7
7 5
8 9
5 8
6 #edges
1 8
0 9
0 11
0 7
7 1
7 5
6 #edges
0 9
0 11
0 7
7 1
7 8
7 5
6 #edges
0 9
0 11
0 7
7 1
7 5
5 8
6 #edges
9 8
0 9
0 11
0 7
7 1
7 5
6 #edges
9 1
0 9
0 11
0 7
7 8
7 5
6 #edges
9 1
1 8
0 9
0 11
0 7
7 5
6 #edges
9 1
0 9
0 11
0 7
7 5
5 8
6 #edges
0 9
0 11
0 7
7 5
8 1
5 8
6 #edges
0 9
0 11
0 7
7 8
7 5
5 1
6 #edges
0 9
0 11
0 7
7 8
7 5
8 1
6 #edges
9 8
0 9
0 11
0 7
7 5
5 1
6 #edges
1 8
0 9
0 11
0 7
7 5
5 1
6 #edges
9 8
0 9
0 11
0 7
7 5
8 1
6 #edges
9 5
0 9
0 11
0 7
8 1
5 8
6 #edges
9 5
0 9
0 11
0 7
7 1
5 8
6 #edges
9 5
0 9
0 11
0 7
7 1
7 8
6 #edges
9 5
0 9
0 11
0 7
7 8
5 1
6 #edges
9 5
0 9
0 11
0 7
7 8
8 1
6 #edges
9 5
1 8
0 9
0 11
0 7
5 1
6 #edges
9 5
1 8
0 9
0 11
0 7
7 1
6 #edges
1 5
0 9
0 11
0 7
7 1
5 8
6 #edges
1 5
0 9
0 11
0 7
7 1
7 8
6 #edges
9 8
1 5
0 9
0 11
0 7
7 1
6 #edges
0 9
0 11
0 7
7 1
7 8
8 5
6 #edges
1 8
0 9
0 11
0 7
7 1
8 5
6 #edges
9 8
0 9
0 11
0 7
7 1
8 5
6 #edges
9 1
1 8
0 9
0 11
0 7
8 5
6 #edges
9 1
0 9
0 11
0 7
7 8
8 5
6 #edges
9 1
1 5
0 9
0 11
0 7
7 8
6 #edges
9 1
1 5
0 9
0 11
0 7
5 8
6 #edges
9 8
1 5
0 9
0 11
0 7
8 1
6 #edges
9 8
0 9
0 11
0 7
8 5
5 1
6 #edges
0 9
0 11
0 7
7 8
8 5
5 1
6 #edges
1 5
0 9
0 11
0 7
7 8
8 1
6 #edges
9 1
0 11
0 7
7 9
7 8
8 5
6 #edges
0 11
0 7
7 9
7 1
7 8
8 5
6 #edges
0 11
0 7
7 9
7 8
8 5
5 1
6 #edges
1 9
0 11
0 7
7 1
7 8
8 5
6 #edges
0 11
0 7
7 1
7 8
8 5
5 9
6 #edges
9 1
0 11
0 7
7 8
8 5
5 9
6 #edges
1 9
0 11
0 7
7 8
8 5
5 1
6 #edges
1 9
0 11
0 7
7 8
7 5
8 1
6 #edges
9 5
1 9
0 11
0 7
7 8
8 1
6 #edges
9 5
0 11
0 7
7 9
7 8
8 1
6 #edges
0 11
0 7
7 9
7 8
7 5
8 1
6 #edges
1 5
0 11
0 7
7 9
7 8
8 1
6 #edges
1 5
0 11
0 7
7 8
8 1
5 9
6 #edges
0 11
0 7
7 8
7 5
8 1
5 9
6 #edges
1 5
0 11
0 7
7 9
7 1
7 8
6 #edges
9 5
0 11
0 7
7 9
7 1
7 8
6 #edges
0 11
0 7
7 9
7 1
7 8
7 5
6 #edges
0 11
0 7
7 1
7 8
7 5
8 9
6 #edges
1 9
0 11
0 7
7 1
7 8
7 5
6 #edges
0 11
0 7
7 1
7 8
7 5
5 9
6 #edges
9 5
1 9
0 11
0 7
7 1
7 8
6 #edges
1 5
0 11
0 7
7 1
7 8
5 9
6 #edges
1 5
0 11
0 7
7 1
7 8
8 9
6 #edges
9 5
0 11
0 7
7 1
7 8
8 9
6 #edges
9 1
0 11
0 7
7 8
7 5
8 9
6 #edges
0 11
0 7
7 8
7 5
8 9
5 1
6 #edges
9 1
0 11
0 7
7 8
7 5
5 9
6 #edges
9 1
0 11
0 7
7 9
7 8
7 5
6 #edges
0 11
0 7
7 9
7 8
7 5
5 1
6 #edges
1 9
0 11
0 7
7 8
7 5
5 1
6 #edges
9 5
0 11
0 7
7 9
7 8
5 1
6 #edges
9 1
1 5
0 11
0 7
7 9
7 8
6 #edges
9 5
0 11
0 7
7 8
8 9
5 1
6 #edges
9 1
1 5
0 11
0 7
7 8
8 9
6 #edges
9 8
1 9
0 11
0 7
7 5
5 1
6 #edges
1 8
0 11
0 7
7 5
8 9
5 1
6 #edges
1 8
0 11
0 7
7 9
7 5
5 1
6 #edges
9 8
0 11
0 7
7 9
7 5
5 1
6 #edges
1 9
0 11
0 7
7 5
8 1
5 8
6 #edges
0 11
0 7
7 9
7 5
8 1
5 8
6 #edges
0 11
0 7
7 9
7 1
7 5
5 8
6 #edges
0 11
0 7
7 1
7 5
8 9
5 8
6 #edges
1 9
0 11
0 7
7 1
7 5
5 8
6 #edges
9 1
0 11
0 7
7 5
8 9
5 8
6 #edges
9 1
0 11
0 7
7 9
7 5
5 8
6 #edges
9 8
0 11
0 7
7 5
8 1
5 9
6 #edges
9 8
0 11
0 7
7 1
7 5
5 9
6 #edges
9 1
1 8
0 11
0 7
7 5
5 9
6 #edges
1 8
0 11
0 7
7 1
7 5
5 9
6 #edges
1 8
0 11
0 7
7 9
7 1
7 5
6 #edges
1 8
0 11
0 7
7 1
7 5
8 9
6 #edges
9 8
1 9
0 11
0 7
7 1
7 5
6 #edges
9 8
0 11
0 7
7 9
7 1
7 5
6 #edges
9 8
0 11
0 7
7 9
7 5
8 1
6 #edges
9 1
1 8
0 11
0 7
7 9
7 5
6 #edges
9 8
1 5
0 11
0 7
7 9
7 1
6 #edges
9 8
0 11
0 7
7 9
7 1
8 5
6 #edges
9 8
0 11
0 7
7 9
8 5
5 1
6 #edges
9 8
1 5
0 11
0 7
7 9
8 1
6 #edges
9 5
1 8
0 11
0 7
7 9
7 1
6 #edges
1 8
0 11
0 7
7 9
7 1
8 5
6 #edges
1 5
0 11
0 7
7 9
7 1
5 8
6 #edges
9 5
0 11
0 7
7 9
7 1
5 8
6 #edges
9 1
1 8
0 11
0 7
7 9
8 5
6 #edges
9 1
1 5
0 11
0 7
7 9
5 8
6 #edges
9 5
1 8
0 11
0 7
7 9
5 1
6 #edges
9 5
0 11
0 7
7 9
8 1
5 8
6 #edges
1 8
0 11
0 7
7 1
8 5
5 9
6 #edges
9 5
1 8
0 11
0 7
7 1
8 9
6 #edges
9 8
1 5
0 11
0 7
7 1
5 9
6 #edges
1 5
0 11
0 7
7 1
8 9
5 8
6 #edges
9 5
1 9
0 11
0 7
7 1
5 8
6 #edges
9 8
1 9
0 11
0 7
7 1
8 5
6 #trees for patient 23
6 #edges
9 5
1 9
0 11
0 7
7 1
7 8
6 #edges
1 5
0 11
0 7
7 1
7 8
5 9
6 #edges
9 8
1 5
0 11
0 7
7 1
5 9
6 #edges
1 8
1 5
0 11
0 7
7 1
5 9
6 #edges
9 5
1 9
1 8
0 11
0 7
7 1
6 #edges
9 5
1 9
0 11
0 7
7 1
5 8
24 #trees for patient 24
6 #edges
9 8
1 9
0 11
0 7
7 1
8 5
6 #edges
9 5
1 9
0 11
0 7
7 1
5 8
6 #edges
9 8
1 5
0 11
0 7
7 1
5 9
6 #edges
1 5
0 11
0 7
7 1
8 9
5 8
6 #edges
9 5
1 8
0 11
0 7
7 1
8 9
6 #edges
1 8
0 11
0 7
7 1
8 5
5 9
6 #edges
9 5
1 7
0 1
0 11
7 9
5 8
6 #edges
9 8
1 7
0 1
0 11
7 9
8 5
6 #edges
9 8
1 7
0 1
0 11
7 5
5 9
6 #edges
1 7
0 1
0 11
7 5
8 9
5 8
6 #edges
1 7
0 1
0 11
7 8
8 5
5 9
6 #edges
9 5
1 7
0 1
0 11
7 8
8 9
6 #edges
9 8
1 9
0 7
7 1
8 5
5 11
6 #edges
9 5
1 9
0 7
7 1
8 11
5 8
6 #edges
9 11
1 8
0 7
7 1
8 5
5 9
6 #edges
9 5
1 8
0 7
7 1
8 9
5 11
6 #edges
9 11
1 5
0 7
7 1
8 9
5 8
6 #edges
9 8
1 5
0 7
7 1
8 11
5 9
6 #edges
9 11
1 7
0 1
7 8
8 5
5 9
6 #edges
9 5
1 7
0 1
7 8
8 9
5 11
6 #edges
9 11
1 7
0 1
7 5
8 9
5 8
6 #edges
9 8
1 7
0 1
7 5
8 11
5 9
6 #edges
9 8
1 7
0 1
7 9
8 5
5 11
6 #edges
9 5
1 7
0 1
7 9
8 11
5 8
3 #trees for patient 25
6 #edges
9 8
1 5
0 11
0 7
7 1
5 9
6 #edges
9 8
1 11
1 5
0 7
7 1
5 9
6 #edges
9 11
9 8
1 5
0 7
7 1
5 9
14 #trees for patient 26
6 #edges
1 8
0 11
0 7
7 9
7 5
5 1
6 #edges
0 11
0 7
7 9
7 8
7 5
5 1
6 #edges
9 8
0 11
0 7
7 9
7 5
5 1
6 #edges
9 8
1 5
0 11
0 7
7 9
7 1
6 #edges
1 5
0 11
0 7
7 9
7 1
5 8
6 #edges
1 5
0 11
0 7
7 9
7 1
7 8
6 #edges
1 5
0 11
0 7
7 1
7 8
8 9
6 #edges
1 5
0 11
0 7
7 1
7 8
5 9
6 #edges
9 8
1 5
0 11
0 7
7 1
5 9
6 #edges
1 5
0 11
0 7
7 1
8 9
5 8
6 #edges
0 11
0 7
7 8
7 5
8 9
5 1
6 #edges
1 9
0 11
0 7
7 8
7 5
5 1
6 #edges
9 8
1 9
0 11
0 7
7 5
5 1
6 #edges
1 8
0 11
0 7
7 5
8 9
5 1
2 #trees for patient 27
6 #edges
9 8
1 9
0 11
0 7
7 5
5 1
6 #edges
9 8
1 5
0 11
0 7
7 1
5 9
4 #trees for patient 28
6 #edges
1 7
0 1
0 11
0 8
7 5
5 9
6 #edges
1 5
0 11
0 7
0 8
7 1
5 9
6 #edges
9 8
1 5
0 11
0 7
7 1
5 9
6 #edges
9 8
1 7
0 1
0 11
7 5
5 9
4 #trees for patient 29
6 #edges
9 5
1 9
0 11
0 7
7 1
5 8
6 #edges
9 8
1 5
0 11
0 7
7 1
5 9
6 #edges
9 8
1 7
0 1
0 11
7 5
5 9
6 #edges
9 5
1 7
0 1
0 11
7 9
5 8
12 #trees for patient 30
6 #edges
1 7
0 1
0 11
7 5
8 9
5 8
6 #edges
9 8
1 7
0 1
0 11
7 5
5 9
6 #edges
9 8
1 7
0 1
0 11
7 9
8 5
6 #edges
9 5
1 7
0 1
0 11
7 9
5 8
6 #edges
1 7
0 1
0 11
7 8
8 5
5 9
6 #edges
9 5
1 7
0 1
0 11
7 8
8 9
6 #edges
9 8
1 9
0 11
0 7
7 1
8 5
6 #edges
9 5
1 9
0 11
0 7
7 1
5 8
6 #edges
9 5
1 8
0 11
0 7
7 1
8 9
6 #edges
1 8
0 11
0 7
7 1
8 5
5 9
6 #edges
9 8
1 5
0 11
0 7
7 1
5 9
6 #edges
1 5
0 11
0 7
7 1
8 9
5 8
4 #trees for patient 31
6 #edges
0 3
11 5
3 4
3 8
8 11
5 1
6 #edges
0 3
11 5
3 4
3 8
4 1
8 11
6 #edges
0 3
3 4
3 8
4 1
8 5
5 11
6 #edges
0 3
11 1
3 4
3 8
8 5
5 11
4 #trees for patient 32
6 #edges
0 3
0 5
3 4
3 8
4 1
8 11
6 #edges
1 4
0 3
0 5
3 1
3 8
8 11
6 #edges
0 3
11 5
3 4
3 8
4 1
8 11
6 #edges
1 4
0 3
11 5
3 1
3 8
8 11
2 #trees for patient 33
6 #edges
0 3
11 5
3 4
3 8
4 1
8 11
6 #edges
0 3
11 8
3 11
3 4
4 1
8 5
6 #trees for patient 34
6 #edges
0 3
11 5
3 4
3 8
4 1
8 11
6 #edges
0 3
11 1
11 5
3 4
3 8
8 11
6 #edges
0 3
11 5
3 4
3 8
8 11
5 1
6 #edges
0 3
11 8
3 11
3 4
8 1
8 5
6 #edges
0 3
11 8
3 11
3 4
8 5
5 1
6 #edges
0 3
11 8
3 11
3 4
4 1
8 5
6 #trees for patient 35
6 #edges
0 3
11 8
3 11
3 4
4 1
8 5
6 #edges
0 3
11 5
3 11
3 4
4 1
5 8
6 #edges
0 3
11 8
3 4
3 5
4 1
5 11
6 #edges
0 3
3 4
3 5
4 1
8 11
5 8
6 #edges
0 3
11 5
3 4
3 8
4 1
8 11
6 #edges
0 3
3 4
3 8
4 1
8 5
5 11
4 #trees for patient 36
6 #edges
0 3
11 8
3 11
3 4
8 5
5 1
6 #edges
0 3
11 8
3 11
3 4
4 1
8 5
6 #edges
0 3
11 5
3 4
3 8
8 11
5 1
6 #edges
0 3
11 5
3 4
3 8
4 1
8 11
2 #trees for patient 37
6 #edges
0 3
3 4
3 8
4 1
8 5
5 11
6 #edges
0 3
11 5
3 4
3 8
4 1
8 11
12 #trees for patient 38
6 #edges
0 3
11 8
3 11
3 4
8 5
5 1
6 #edges
0 3
11 8
3 11
3 4
4 1
8 5
6 #edges
0 3
11 5
3 11
3 4
4 1
5 8
6 #edges
0 3
11 5
3 11
3 4
8 1
5 8
6 #edges
0 3
11 1
3 4
3 5
8 11
5 8
6 #edges
0 3
3 4
3 5
4 1
8 11
5 8
6 #edges
0 3
11 8
3 4
3 5
4 1
5 11
6 #edges
0 3
11 8
3 4
3 5
8 1
5 11
6 #edges
0 3
3 4
3 8
4 1
8 5
5 11
6 #edges
0 3
11 5
3 4
3 8
4 1
8 11
6 #edges
0 3
11 5
3 4
3 8
8 11
5 1
6 #edges
0 3
11 1
3 4
3 8
8 5
5 11
4 #trees for patient 39
6 #edges
1 4
0 3
11 5
3 1
3 8
8 11
6 #edges
0 3
11 5
3 4
3 8
4 1
8 11
6 #edges
0 3
3 4
3 8
4 1
8 5
5 11
6 #edges
1 4
0 3
3 1
3 8
8 5
5 11
12 #trees for patient 40
6 #edges
0 3
11 5
3 4
3 8
8 1
8 11
6 #edges
0 3
3 4
3 8
8 1
8 11
8 5
6 #edges
0 3
11 5
3 4
3 8
4 1
8 11
6 #edges
0 3
3 4
3 8
4 1
8 11
8 5
6 #edges
1 4
0 3
3 1
3 8
8 11
8 5
6 #edges
1 4
0 3
11 5
3 1
3 8
8 11
6 #edges
0 3
3 1
3 8
8 11
8 4
8 5
6 #edges
0 3
11 5
3 1
3 8
8 11
8 4
6 #edges
0 3
3 8
4 1
8 11
8 4
8 5
6 #edges
0 3
11 5
3 8
4 1
8 11
8 4
6 #edges
1 4
0 3
3 8
8 1
8 11
8 5
6 #edges
1 4
0 3
11 5
3 8
8 1
8 11
4 #trees for patient 41
6 #edges
0 3
3 4
3 8
4 1
8 5
5 11
6 #edges
0 3
11 5
3 4
3 8
4 1
8 11
6 #edges
1 4
0 3
11 5
3 1
3 8
8 11
6 #edges
1 4
0 3
3 1
3 8
8 5
5 11
2 #trees for patient 42
6 #edges
0 3
11 5
3 1
3 4
3 8
8 11
6 #edges
0 3
11 5
3 4
3 8
4 1
8 11
3 #trees for patient 43
6 #edges
0 3
11 5
3 1
3 4
3 8
8 11
6 #edges
1 4
0 3
11 5
3 1
3 8
8 11
6 #edges
0 3
11 5
3 4
3 8
4 1
8 11
18 #trees for patient 44
6 #edges
0 3
11 8
3 1
3 11
3 4
8 5
6 #edges
0 3
11 5
3 1
3 11
3 4
5 8
6 #edges
0 3
11 8
3 11
3 4
4 1
8 5
6 #edges
0 3
11 5
3 11
3 4
4 1
5 8
6 #edges
1 4
0 3
11 5
3 1
3 11
5 8
6 #edges
1 4
0 3
11 8
3 1
3 11
8 5
6 #edges
0 3
11 8
3 1
3 4
3 5
5 11
6 #edges
0 3
11 8
3 4
3 5
4 1
5 11
6 #edges
0 3
3 1
3 4
3 5
8 11
5 8
6 #edges
0 3
3 4
3 5
4 1
8 11
5 8
6 #edges
1 4
0 3
11 8
3 1
3 5
5 11
6 #edges
1 4
0 3
3 1
3 5
8 11
5 8
6 #edges
0 3
11 5
3 4
3 8
4 1
8 11
6 #edges
0 3
3 4
3 8
4 1
8 5
5 11
6 #edges
0 3
3 1
3 4
3 8
8 5
5 11
6 #edges
0 3
11 5
3 1
3 4
3 8
8 11
6 #edges
1 4
0 3
11 5
3 1
3 8
8 11
6 #edges
1 4
0 3
3 1
3 8
8 5
5 11
19 #trees for patient 45
6 #edges
0 3
11 5
3 4
3 8
4 1
8 11
6 #edges
0 3
3 4
3 8
4 1
4 5
8 11
6 #edges
0 3
3 4
3 8
4 1
4 11
4 5
6 #edges
0 3
11 5
3 4
3 8
4 1
4 11
6 #edges
0 3
3 4
3 8
4 1
4 11
8 5
6 #edges
0 3
3 4
3 5
4 1
4 11
4 8
6 #edges
0 3
11 8
3 4
3 5
4 1
4 11
6 #edges
0 3
3 4
3 5
4 1
4 8
8 11
6 #edges
0 3
11 5
3 4
4 1
4 11
4 8
6 #edges
0 3
3 4
4 1
4 11
4 8
8 5
6 #edges
0 3
11 5
3 4
4 1
4 8
8 11
6 #edges
0 3
3 4
4 1
4 8
4 5
8 11
6 #edges
0 3
3 11
3 4
4 1
4 8
8 5
6 #edges
0 3
3 11
3 4
4 1
4 8
4 5
6 #edges
0 3
11 5
3 11
3 4
4 1
4 8
6 #edges
0 3
11 8
3 11
3 4
4 1
4 5
6 #edges
0 3
11 8
3 11
3 4
4 1
8 5
6 #edges
0 3
11 8
3 4
4 1
4 11
4 5
6 #edges
0 3
11 8
3 4
4 1
4 11
8 5
26 #trees for patient 46
6 #edges
1 4
0 3
11 5
3 1
3 8
8 11
6 #edges
0 3
11 4
11 5
3 1
3 8
8 11
6 #edges
0 3
11 5
3 1
3 8
8 11
5 4
6 #edges
1 4
0 3
11 8
3 1
3 11
8 5
6 #edges
0 3
11 8
3 1
3 11
8 4
8 5
6 #edges
0 3
11 8
3 1
3 11
8 5
5 4
6 #edges
0 3
11 5
3 4
3 8
4 1
8 11
6 #edges
0 3
11 8
3 11
3 4
4 1
8 5
6 #edges
0 3
11 1
11 5
3 4
3 8
8 11
6 #edges
0 3
11 5
3 4
3 8
8 11
5 1
6 #edges
0 3
11 8
3 11
3 4
8 5
5 1
6 #edges
0 3
11 8
3 11
3 4
8 1
8 5
6 #edges
0 3
11 4
11 5
3 8
8 11
5 1
6 #edges
0 3
11 4
11 5
3 8
4 1
8 11
6 #edges
0 3
11 1
11 4
11 5
3 8
8 11
6 #edges
0 3
11 1
11 5
3 8
8 11
5 4
6 #edges
0 3
11 5
3 8
4 1
8 11
5 4
6 #edges
1 4
0 3
11 5
3 8
8 11
5 1
6 #edges
1 4
0 3
11 1
11 5
3 8
8 11
6 #edges
0 3
11 8
3 11
8 1
8 4
8 5
6 #edges
0 3
11 8
3 11
4 1
8 4
8 5
6 #edges
0 3
11 8
3 11
8 4
8 5
5 1
6 #edges
1 4
0 3
11 8
3 11
8 1
8 5
6 #edges
0 3
11 8
3 11
8 1
8 5
5 4
6 #edges
1 4
0 3
11 8
3 11
8 5
5 1
6 #edges
0 3
11 8
3 11
4 1
8 5
5 4
12 #trees for patient 47
6 #edges
0 3
3 1
3 11
3 4
3 8
8 5
6 #edges
0 3
11 5
3 1
3 11
3 4
3 8
6 #edges
0 3
11 5
3 11
3 4
3 8
4 1
6 #edges
0 3
3 11
3 4
3 8
4 1
8 5
6 #edges
0 3
3 1
3 4
3 8
3 5
5 11
6 #edges
0 3
3 1
3 4
3 8
3 5
8 11
6 #edges
0 3
3 4
3 8
3 5
4 1
5 11
6 #edges
0 3
3 4
3 8
3 5
4 1
8 11
6 #edges
0 3
3 1
3 4
3 8
8 5
5 11
6 #edges
0 3
11 5
3 1
3 4
3 8
8 11
6 #edges
0 3
11 5
3 4
3 8
4 1
8 11
6 #edges
0 3
3 4
3 8
4 1
8 5
5 11
1 #trees for patient 48
6 #edges
0 3
11 5
3 4
3 8
4 1
8 11
14 #trees for patient 49
6 #edges
0 3
3 4
3 8
4 1
8 11
8 5
6 #edges
1 4
0 3
3 1
3 8
8 11
8 5
6 #edges
1 4
0 3
11 5
3 1
3 8
8 11
6 #edges
0 3
11 5
3 4
3 8
4 1
8 11
6 #edges
1 4
0 3
3 1
3 8
4 5
8 11
6 #edges
1 5
0 3
3 4
3 8
4 1
8 11
6 #edges
1 4
0 3
11 5
3 1
3 8
4 11
6 #edges
1 4
0 3
3 1
3 8
4 11
8 5
6 #edges
1 4
0 3
3 1
3 8
8 5
5 11
6 #edges
1 4
0 3
3 1
3 8
4 5
5 11
6 #edges
1 11
0 3
3 4
3 8
4 1
8 5
6 #edges
0 3
3 4
3 8
4 1
8 5
5 11
6 #edges
1 11
0 3
11 5
3 4
3 8
4 1
6 #edges
1 5
0 3
3 4
3 8
4 1
5 11
6 #trees for patient 50
6 #edges
0 3
11 8
3 11
3 4
4 1
8 5
6 #edges
0 3
11 5
3 11
3 4
4 1
5 8
6 #edges
0 3
11 8
3 4
3 5
4 1
5 11
6 #edges
0 3
3 4
3 5
4 1
8 11
5 8
6 #edges
0 3
3 4
3 8
4 1
8 5
5 11
6 #edges
0 3
11 5
3 4
3 8
4 1
8 11
4 #trees for patient 51
6 #edges
0 3
11 5
3 4
3 8
4 1
8 11
6 #edges
0 3
11 5
3 4
3 8
8 11
5 1
6 #edges
0 3
11 8
3 11
3 4
4 1
8 5
6 #edges
0 3
11 8
3 11
3 4
8 5
5 1
6 #trees for patient 52
6 #edges
9 2
0 5
11 7
7 9
2 4
5 11
6 #edges
9 4
0 5
11 7
7 2
2 9
5 11
6 #edges
9 2
0 5
11 9
7 4
2 7
5 11
6 #edges
9 7
0 5
11 9
7 2
2 4
5 11
6 #edges
9 7
0 5
11 2
7 4
2 9
5 11
6 #edges
9 4
0 5
11 2
7 9
2 7
5 11
12 #trees for patient 53
6 #edges
9 2
0 5
11 9
2 7
5 11
5 4
6 #edges
9 2
0 5
11 9
7 4
2 7
5 11
6 #edges
9 7
0 5
11 9
7 2
2 4
5 11
6 #edges
9 7
0 5
11 9
7 2
5 11
5 4
6 #edges
9 2
0 5
11 7
7 9
5 11
5 4
6 #edges
9 2
0 5
11 7
7 9
2 4
5 11
6 #edges
0 5
11 7
7 2
2 9
5 11
5 4
6 #edges
9 4
0 5
11 7
7 2
2 9
5 11
6 #edges
9 7
0 5
11 2
2 9
5 11
5 4
6 #edges
0 5
11 2
7 9
2 7
5 11
5 4
6 #edges
9 4
0 5
11 2
7 9
2 7
5 11
6 #edges
9 7
0 5
11 2
7 4
2 9
5 11
12 #trees for patient 54
6 #edges
9 2
0 5
11 9
7 4
2 7
5 11
6 #edges
9 7
0 5
11 9
7 2
2 4
5 11
6 #edges
9 2
0 5
11 7
7 9
2 4
5 11
6 #edges
9 4
0 5
11 7
7 2
2 9
5 11
6 #edges
9 7
0 5
11 2
7 4
2 9
5 11
6 #edges
9 4
0 5
11 2
7 9
2 7
5 11
6 #edges
9 2
0 11
11 5
7 4
2 7
5 9
6 #edges
9 7
0 11
11 5
7 2
2 4
5 9
6 #edges
9 2
0 11
11 5
7 9
2 4
5 7
6 #edges
9 4
0 11
11 5
7 2
2 9
5 7
6 #edges
9 7
0 11
11 5
7 4
2 9
5 2
6 #edges
9 4
0 11
11 5
7 9
2 7
5 2
4 #trees for patient 55
6 #edges
0 5
11 7
7 2
4 9
2 4
5 11
6 #edges
9 4
0 5
11 7
7 2
2 9
5 11
6 #edges
9 4
0 5
11 2
7 9
2 7
5 11
6 #edges
0 5
11 2
7 4
4 9
2 7
5 11
34 #trees for patient 56
6 #edges
9 7
0 4
0 5
11 2
4 9
5 11
6 #edges
0 7
0 4
0 5
11 2
4 9
5 11
6 #edges
0 4
0 5
11 2
4 9
2 7
5 11
6 #edges
0 4
0 5
11 2
7 9
4 7
5 11
6 #edges
0 9
0 4
0 5
11 2
4 7
5 11
6 #edges
0 4
0 5
11 2
4 7
2 9
5 11
6 #edges
0 9
0 7
0 4
0 5
11 2
5 11
6 #edges
9 7
0 9
0 4
0 5
11 2
5 11
6 #edges
0 9
0 4
0 5
11 2
2 7
5 11
6 #edges
0 7
0 4
0 5
11 2
7 9
5 11
6 #edges
0 7
0 4
0 5
11 2
2 9
5 11
6 #edges
9 7
0 4
0 5
11 2
2 9
5 11
6 #edges
0 4
0 5
11 2
7 9
2 7
5 11
6 #edges
9 4
0 7
0 5
11 2
7 9
5 11
6 #edges
0 7
0 5
11 2
7 9
2 4
5 11
6 #edges
0 9
0 7
0 5
11 2
7 4
5 11
6 #edges
0 9
0 7
0 5
11 2
2 4
5 11
6 #edges
9 4
0 9
0 7
0 5
11 2
5 11
6 #edges
0 7
0 5
11 2
7 4
4 9
5 11
6 #edges
0 7
0 5
11 2
7 4
2 9
5 11
6 #edges
0 7
0 5
11 2
4 9
2 4
5 11
6 #edges
9 4
0 7
0 5
11 2
2 9
5 11
6 #edges
9 4
0 9
0 5
11 2
4 7
5 11
6 #edges
9 4
0 9
0 5
11 2
2 7
5 11
6 #edges
0 9
0 5
11 2
7 4
2 7
5 11
6 #edges
9 7
0 9
0 5
11 2
7 4
5 11
6 #edges
9 7
0 9
0 5
11 2
2 4
5 11
6 #edges
0 9
0 5
11 2
4 7
2 4
5 11
6 #edges
9 4
0 5
11 2
4 7
2 9
5 11
6 #edges
9 7
0 5
11 2
7 4
2 9
5 11
6 #edges
9 4
0 5
11 2
7 9
2 7
5 11
6 #edges
0 5
11 2
7 4
4 9
2 7
5 11
6 #edges
0 5
11 2
7 9
4 7
2 4
5 11
6 #edges
9 7
0 5
11 2
4 9
2 4
5 11
6 #trees for patient 57
6 #edges
9 4
0 5
11 2
4 7
2 9
5 11
6 #edges
9 7
0 5
11 2
7 4
2 9
5 11
6 #edges
0 5
11 2
7 9
4 7
2 4
5 11
6 #edges
9 7
0 5
11 2
4 9
2 4
5 11
6 #edges
0 5
11 2
7 4
4 9
2 7
5 11
6 #edges
9 4
0 5
11 2
7 9
2 7
5 11
4 #trees for patient 58
6 #edges
9 4
0 5
11 2
7 9
2 7
5 11
6 #edges
9 4
0 5
11 7
7 2
2 9
5 11
6 #edges
9 4
0 11
11 5
7 9
2 7
5 2
6 #edges
9 4
0 11
11 5
7 2
2 9
5 7
2 #trees for patient 59
6 #edges
0 4
0 5
11 2
7 9
2 7
5 11
6 #edges
9 4
0 5
11 2
7 9
2 7
5 11
6 #trees for patient 60
6 #edges
9 4
0 5
11 7
7 2
2 9
5 11
6 #edges
9 4
0 5
11 2
7 9
2 7
5 11
6 #edges
9 4
0 5
11 7
7 9
2 11
5 2
6 #edges
9 4
0 5
11 9
7 11
2 7
5 2
6 #edges
9 4
0 5
11 9
7 2
2 11
5 7
6 #edges
9 4
0 5
11 2
7 11
2 9
5 7
7 #trees for patient 61
6 #edges
0 9
0 4
0 5
11 2
2 7
5 11
6 #edges
0 4
0 5
11 2
4 9
2 7
5 11
6 #edges
0 4
0 5
11 2
7 9
2 7
5 11
6 #edges
9 4
0 9
0 5
11 2
2 7
5 11
6 #edges
0 9
0 5
11 2
7 4
2 7
5 11
6 #edges
9 4
0 5
11 2
7 9
2 7
5 11
6 #edges
0 5
11 2
7 4
4 9
2 7
5 11
6 #trees for patient 62
6 #edges
9 4
0 5
11 2
7 9
2 7
5 11
6 #edges
0 5
11 2
7 4
4 9
2 7
5 11
6 #edges
0 5
11 2
7 9
4 7
2 4
5 11
6 #edges
9 7
0 5
11 2
4 9
2 4
5 11
6 #edges
9 4
0 5
11 2
4 7
2 9
5 11
6 #edges
9 7
0 5
11 2
7 4
2 9
5 11
1 #trees for patient 63
6 #edges
9 4
0 5
11 2
7 9
2 7
5 11
6 #trees for patient 64
6 #edges
0 5
11 2
7 4
2 9
2 7
5 11
6 #edges
9 4
0 5
11 2
2 9
2 7
5 11
6 #edges
9 4
0 5
11 2
7 9
2 7
5 11
6 #edges
0 5
11 2
7 9
2 7
2 4
5 11
6 #edges
9 7
0 5
11 2
2 9
2 4
5 11
6 #edges
9 7
0 5
11 2
7 4
2 9
5 11
14 #trees for patient 65
6 #edges
9 4
0 5
11 2
7 9
2 7
5 11
6 #edges
0 5
11 2
7 9
2 7
5 11
5 4
6 #edges
9 4
0 5
11 2
2 7
5 9
5 11
6 #edges
0 5
11 2
2 7
5 9
5 11
5 4
6 #edges
0 5
11 2
7 4
2 7
5 9
5 11
6 #edges
0 5
11 2
4 9
2 7
5 11
5 4
6 #edges
0 5
11 2
7 4
4 9
2 7
5 11
6 #edges
9 4
0 5
11 7
2 11
5 9
5 2
6 #edges
0 5
11 7
2 11
5 9
5 4
5 2
6 #edges
0 5
11 7
7 4
2 11
5 9
5 2
6 #edges
0 5
11 7
4 9
2 11
5 4
5 2
6 #edges
0 5
11 7
7 9
2 11
5 4
5 2
6 #edges
9 4
0 5
11 7
7 9
2 11
5 2
6 #edges
0 5
11 7
7 4
4 9
2 11
5 2
4 #trees for patient 66
6 #edges
9 4
0 5
11 2
7 9
2 7
5 11
6 #edges
0 5
11 2
7 4
4 9
2 7
5 11
6 #edges
9 4
0 11
11 5
7 9
2 7
5 2
6 #edges
0 11
11 5
7 4
4 9
2 7
5 2
4 #trees for patient 67
6 #edges
9 4
0 5
11 2
7 9
2 7
5 11
6 #edges
0 5
11 2
7 4
4 9
2 7
5 11
6 #edges
9 4
0 11
11 5
7 9
2 7
5 2
6 #edges
0 11
11 5
7 4
4 9
2 7
5 2
24 #trees for patient 68
6 #edges
9 4
0 5
11 9
7 11
2 7
5 2
6 #edges
9 4
0 5
11 7
7 9
2 11
5 2
6 #edges
9 4
0 5
11 9
7 2
2 11
5 7
6 #edges
9 4
0 5
11 2
7 11
2 9
5 7
6 #edges
9 4
0 5
11 7
7 2
2 9
5 11
6 #edges
9 4
0 5
11 2
7 9
2 7
5 11
6 #edges
9 4
0 2
11 5
7 9
2 11
5 7
6 #edges
9 4
0 2
11 7
7 5
2 11
5 9
6 #edges
9 4
0 2
11 9
7 5
2 7
5 11
6 #edges
9 4
0 2
11 5
7 11
2 7
5 9
6 #edges
9 4
0 2
11 7
7 9
2 5
5 11
6 #edges
9 4
0 2
11 9
7 11
2 5
5 7
6 #edges
9 4
0 7
11 9
7 5
2 11
5 2
6 #edges
9 4
0 7
11 2
7 5
2 9
5 11
6 #edges
9 4
0 7
11 5
7 2
2 11
5 9
6 #edges
9 4
0 7
11 9
7 2
2 5
5 11
6 #edges
9 4
0 7
11 2
7 11
2 5
5 9
6 #edges
9 4
0 7
11 5
7 11
2 9
5 2
6 #edges
9 4
0 11
11 5
7 2
2 9
5 7
6 #edges
9 4
0 11
11 5
7 9
2 7
5 2
6 #edges
9 4
0 11
11 2
7 5
2 7
5 9
6 #edges
9 4
0 11
11 2
7 9
2 5
5 7
6 #edges
9 4
0 11
11 7
7 5
2 9
5 2
6 #edges
9 4
0 11
11 7
7 2
2 5
5 9
12 #trees for patient 69
6 #edges
0 5
11 2
7 9
2 7
2 4
5 11
6 #edges
9 4
0 5
11 2
7 9
2 7
5 11
6 #edges
0 5
11 7
11 4
7 9
2 11
5 2
6 #edges
9 4
0 5
11 7
7 9
2 11
5 2
6 #edges
0 2
11 7
11 4
7 9
2 5
5 11
6 #edges
9 4
0 2
11 7
7 9
2 5
5 11
6 #edges
9 4
0 2
11 5
7 9
2 11
5 7
6 #edges
0 2
11 5
7 9
2 11
5 7
5 4
6 #edges
0 11
11 2
7 9
2 5
5 7
5 4
6 #edges
9 4
0 11
11 2
7 9
2 5
5 7
6 #edges
0 11
11 5
7 9
2 7
2 4
5 2
6 #edges
9 4
0 11
11 5
7 9
2 7
5 2
4 #trees for patient 70
6 #edges
0 5
11 2
7 4
4 9
2 7
5 11
6 #edges
9 4
0 5
11 2
7 9
2 7
5 11
6 #edges
9 4
0 11
11 5
7 9
2 7
5 2
6 #edges
0 11
11 5
7 4
4 9
2 7
5 2
12 #trees for patient 71
6 #edges
0 5
11 2
7 4
4 9
2 7
5 11
6 #edges
9 4
0 5
11 2
7 9
2 7
5 11
6 #edges
9 7
0 5
11 2
7 4
2 9
5 11
6 #edges
9 4
0 5
11 2
4 7
2 9
5 11
6 #edges
0 5
11 2
7 9
4 7
2 4
5 11
6 #edges
9 7
0 5
11 2
4 9
2 4
5 11
6 #edges
0 11
11 5
7 9
4 7
2 4
5 2
6 #edges
9 7
0 11
11 5
4 9
2 4
5 2
6 #edges
9 4
0 11
11 5
7 9
2 7
5 2
6 #edges
0 11
11 5
7 4
4 9
2 7
5 2
6 #edges
9 7
0 11
11 5
7 4
2 9
5 2
6 #edges
9 4
0 11
11 5
4 7
2 9
5 2
12 #trees for patient 72
6 #edges
9 4
0 5
11 2
7 9
2 7
5 11
6 #edges
0 5
11 2
7 4
4 9
2 7
5 11
6 #edges
9 4
0 5
11 7
7 2
2 9
5 11
6 #edges
0 5
11 7
7 2
4 9
2 4
5 11
6 #edges
9 4
0 5
11 9
7 11
2 7
5 2
6 #edges
0 5
11 4
7 11
4 9
2 7
5 2
6 #edges
9 4
0 5
11 7
7 9
2 11
5 2
6 #edges
0 5
11 7
7 4
4 9
2 11
5 2
6 #edges
0 5
11 2
7 11
4 9
2 4
5 7
6 #edges
9 4
0 5
11 2
7 11
2 9
5 7
6 #edges
0 5
11 4
7 2
4 9
2 11
5 7
6 #edges
9 4
0 5
11 9
7 2
2 11
5 7
12 #trees for patient 73
6 #edges
0 5
11 2
7 4
4 9
2 7
5 11
6 #edges
9 4
0 5
11 2
7 9
2 7
5 11
6 #edges
0 5
11 7
7 4
4 9
2 11
5 2
6 #edges
9 4
0 5
11 7
7 9
2 11
5 2
6 #edges
9 4
0 2
11 7
7 9
2 5
5 11
6 #edges
0 2
11 7
7 4
4 9
2 5
5 11
6 #edges
9 4
0 2
11 5
7 9
2 11
5 7
6 #edges
0 2
11 5
7 4
4 9
2 11
5 7
6 #edges
0 11
11 5
7 4
4 9
2 7
5 2
6 #edges
9 4
0 11
11 5
7 9
2 7
5 2
6 #edges
0 11
11 2
7 4
4 9
2 5
5 7
6 #edges
9 4
0 11
11 2
7 9
2 5
5 7
2 #trees for patient 74
6 #edges
9 4
0 5
11 2
7 9
2 7
5 11
6 #edges
9 4
0 5
11 7
7 9
2 11
5 2
2 #trees for patient 75
6 #edges
0 5
11 2
7 4
4 9
2 7
5 11
6 #edges
9 4
0 5
11 2
7 9
2 7
5 11
8 #trees for patient 76
6 #edges
0 5
11 2
7 9
7 4
2 7
5 11
6 #edges
9 4
0 5
11 2
7 9
2 7
5 11
6 #edges
0 5
11 7
7 2
2 9
2 4
5 11
6 #edges
9 4
0 5
11 7
7 2
2 9
5 11
6 #edges
0 11
11 5
7 9
7 4
2 7
5 2
6 #edges
9 4
0 11
11 5
7 9
2 7
5 2
6 #edges
0 11
11 5
7 2
2 9
2 4
5 7
6 #edges
9 4
0 11
11 5
7 2
2 9
5 7
6 #trees for patient 77
6 #edges
9 4
0 5
11 2
7 9
2 7
5 11
6 #edges
9 4
0 5
11 7
7 9
2 11
5 2
6 #edges
9 4
0 2
11 7
7 9
2 5
5 11
6 #edges
9 4
0 2
11 5
7 9
2 11
5 7
6 #edges
9 4
0 11
11 5
7 9
2 7
5 2
6 #edges
9 4
0 11
11 2
7 9
2 5
5 7
20 #trees for patient 78
6 #edges
0 4
0 5
11 2
2 7
5 9
5 11
6 #edges
0 4
0 5
11 2
7 9
2 7
5 11
6 #edges
0 4
0 5
11 7
2 11
5 9
5 2
6 #edges
0 4
0 5
11 7
7 9
2 11
5 2
6 #edges
9 4
0 9
0 5
11 7
2 11
5 2
6 #edges
9 4
0 9
0 5
11 2
2 7
5 11
6 #edges
0 9
0 5
11 2
2 7
5 11
5 4
6 #edges
0 9
0 5
11 2
7 4
2 7
5 11
6 #edges
0 9
0 5
11 7
2 11
5 4
5 2
6 #edges
0 9
0 5
11 7
7 4
2 11
5 2
6 #edges
0 5
11 2
2 7
5 9
5 11
5 4
6 #edges
0 5
11 2
7 9
2 7
5 11
5 4
6 #edges
0 5
11 7
2 11
5 9
5 4
5 2
6 #edges
0 5
11 7
7 9
2 11
5 4
5 2
6 #edges
9 4
0 5
11 7
2 11
5 9
5 2
6 #edges
9 4
0 5
11 2
2 7
5 9
5 11
6 #edges
0 5
11 7
7 4
2 11
5 9
5 2
6 #edges
0 5
11 2
7 4
2 7
5 9
5 11
6 #edges
9 4
0 5
11 7
7 9
2 11
5 2
6 #edges
9 4
0 5
11 2
7 9
2 7
5 11
6 #trees for patient 79
6 #edges
9 4
0 5
11 7
7 9
2 11
5 2
6 #edges
9 4
0 5
11 9
7 11
2 7
5 2
6 #edges
9 4
0 5
11 9
7 2
2 11
5 7
6 #edges
9 4
0 5
11 2
7 11
2 9
5 7
6 #edges
9 4
0 5
11 2
7 9
2 7
5 11
6 #edges
9 4
0 5
11 7
7 2
2 9
5 11
6 #trees for patient 80
6 #edges
9 7
0 5
11 9
7 2
2 4
5 11
6 #edges
9 2
0 5
11 9
7 4
2 7
5 11
6 #edges
9 2
0 5
11 7
7 9
2 4
5 11
6 #edges
9 4
0 5
11 7
7 2
2 9
5 11
6 #edges
9 4
0 5
11 2
7 9
2 7
5 11
6 #edges
9 7
0 5
11 2
7 4
2 9
5 11
12 #trees for patient 81
6 #edges
0 5
11 9
11 4
7 2
2 11
5 7
6 #edges
9 4
0 5
11 9
7 2
2 11
5 7
6 #edges
0 5
11 2
7 11
2 9
2 4
5 7
6 #edges
9 4
0 5
11 2
7 11
2 9
5 7
6 #edges
0 5
11 2
7 9
7 4
2 7
5 11
6 #edges
9 4
0 5
11 2
7 9
2 7
5 11
6 #edges
0 5
11 7
7 2
2 9
2 4
5 11
6 #edges
9 4
0 5
11 7
7 2
2 9
5 11
6 #edges
0 5
11 7
7 9
7 4
2 11
5 2
6 #edges
9 4
0 5
11 7
7 9
2 11
5 2
6 #edges
0 5
11 9
11 4
7 11
2 7
5 2
6 #edges
9 4
0 5
11 9
7 11
2 7
5 2
3 #trees for patient 82
6 #edges
0 4
0 5
11 2
7 9
2 7
5 11
6 #edges
9 4
0 5
11 2
7 9
2 7
5 11
6 #edges
0 5
11 2
7 9
2 7
2 4
5 11
12 #trees for patient 83
6 #edges
9 4
0 5
11 2
7 9
2 7
5 11
6 #edges
0 5
11 2
7 4
4 9
2 7
5 11
6 #edges
9 4
0 5
11 7
7 9
2 11
5 2
6 #edges
0 5
11 7
7 4
4 9
2 11
5 2
6 #edges
0 2
11 5
7 4
4 9
2 11
5 7
6 #edges
9 4
0 2
11 5
7 9
2 11
5 7
6 #edges
9 4
0 2
11 7
7 9
2 5
5 11
6 #edges
0 2
11 7
7 4
4 9
2 5
5 11
6 #edges
0 11
11 5
7 4
4 9
2 7
5 2
6 #edges
9 4
0 11
11 5
7 9
2 7
5 2
6 #edges
0 11
11 2
7 4
4 9
2 5
5 7
6 #edges
9 4
0 11
11 2
7 9
2 5
5 7
24 #trees for patient 84
6 #edges
9 7
0 5
11 4
7 2
4 9
5 11
6 #edges
9 2
0 5
11 4
4 9
2 7
5 11
6 #edges
9 2
0 5
11 4
7 9
4 7
5 11
6 #edges
0 5
11 4
7 2
4 7
2 9
5 11
6 #edges
0 5
11 4
7 9
4 2
2 7
5 11
6 #edges
9 7
0 5
11 4
4 2
2 9
5 11
6 #edges
9 4
0 5
11 9
4 2
2 7
5 11
6 #edges
9 4
0 5
11 9
7 2
4 7
5 11
6 #edges
9 7
0 5
11 9
7 2
2 4
5 11
6 #edges
9 7
0 5
11 9
7 4
4 2
5 11
6 #edges
9 2
0 5
11 9
4 7
2 4
5 11
6 #edges
9 2
0 5
11 9
7 4
2 7
5 11
6 #edges
9 4
0 5
11 7
7 2
2 9
5 11
6 #edges
0 5
11 7
7 2
4 9
2 4
5 11
6 #edges
9 2
0 5
11 7
7 4
4 9
5 11
6 #edges
0 5
11 7
7 4
4 2
2 9
5 11
6 #edges
9 2
0 5
11 7
7 9
2 4
5 11
6 #edges
9 4
0 5
11 7
7 9
4 2
5 11
6 #edges
9 7
0 5
11 2
4 9
2 4
5 11
6 #edges
0 5
11 2
7 9
4 7
2 4
5 11
6 #edges
9 4
0 5
11 2
7 9
2 7
5 11
6 #edges
0 5
11 2
7 4
4 9
2 7
5 11
6 #edges
9 4
0 5
11 2
4 7
2 9
5 11
6 #edges
9 7
0 5
11 2
7 4
2 9
5 11
2 #trees for patient 85
6 #edges
0 7
0 4
6 3
6 2
7 6
2 11
6 #edges
0 6
0 4
6 7
7 3
7 2
2 11
4 #trees for patient 86
6 #edges
0 7
0 4
6 3
6 2
7 6
2 11
6 #edges
0 7
0 4
11 3
6 2
7 6
2 11
6 #edges
0 7
0 4
11 2
6 11
6 3
7 6
6 #edges
0 7
0 4
11 2
6 11
7 6
2 3
4 #trees for patient 87
6 #edges
0 11
0 7
6 3
6 2
7 6
2 4
6 #edges
0 7
0 4
6 3
6 2
7 6
4 11
6 #edges
0 7
0 4
6 3
6 2
7 6
2 11
6 #edges
0 7
6 3
6 2
7 6
4 11
2 4
6 #trees for patient 88
6 #edges
0 7
0 4
6 2
7 6
7 3
2 11
6 #edges
0 7
0 4
6 2
7 6
7 3
4 11
6 #edges
0 7
0 4
6 3
6 2
7 6
2 11
6 #edges
0 7
0 4
6 2
7 6
2 11
2 3
6 #edges
0 7
0 4
6 3
6 2
7 6
4 11
6 #edges
0 7
0 4
6 2
7 6
4 11
2 3
8 #trees for patient 89
6 #edges
0 7
0 4
6 2
7 6
7 3
2 11
6 #edges
0 7
0 4
11 2
6 11
7 6
7 3
6 #edges
0 7
0 4
11 2
6 11
6 3
7 6
6 #edges
0 7
0 4
6 3
6 2
7 6
2 11
6 #edges
0 7
11 2
6 11
7 6
7 3
2 4
6 #edges
0 7
11 4
6 2
7 6
7 3
2 11
6 #edges
0 7
11 4
6 3
6 2
7 6
2 11
6 #edges
0 7
11 2
6 11
6 3
7 6
2 4
6 #trees for patient 90
6 #edges
0 7
0 4
6 11
6 3
6 2
7 6
6 #edges
0 7
0 4
11 2
6 11
6 3
7 6
6 #edges
0 7
0 4
6 3
6 2
7 6
2 11
6 #edges
0 7
6 11
6 3
6 2
3 4
7 6
6 #edges
0 7
11 2
6 11
6 3
3 4
7 6
6 #edges
0 7
6 3
6 2
3 4
7 6
2 11
12 #trees for patient 91
6 #edges
0 7
0 4
6 2
7 6
4 3
2 11
6 #edges
0 7
0 4
6 2
7 6
4 11
4 3
6 #edges
0 7
0 4
6 3
6 2
7 6
4 11
6 #edges
0 7
0 4
6 3
6 2
7 6
2 11
6 #edges
0 7
0 4
6 11
6 3
7 6
4 2
6 #edges
0 7
0 4
6 3
7 6
4 2
2 11
6 #edges
0 7
0 4
6 11
7 6
4 3
4 2
6 #edges
0 7
0 4
7 6
4 3
4 2
2 11
6 #edges
0 7
0 4
11 2
7 6
4 11
4 3
6 #edges
0 7
0 4
11 2
6 11
7 6
4 3
6 #edges
0 7
0 4
11 2
6 3
7 6
4 11
6 #edges
0 7
0 4
11 2
6 11
6 3
7 6
2 #trees for patient 92
6 #edges
0 7
0 4
6 3
6 2
7 6
4 11
6 #edges
0 7
0 4
6 3
6 2
7 6
2 11
2 #trees for patient 93
6 #edges
0 7
0 4
6 3
6 2
7 6
2 11
6 #edges
0 7
6 3
6 2
3 4
7 6
2 11
6 #trees for patient 94
6 #edges
0 11
0 7
0 4
6 3
6 2
7 6
6 #edges
0 7
0 4
6 3
6 2
7 6
2 11
6 #edges
0 11
0 7
11 4
6 3
6 2
7 6
6 #edges
0 11
0 7
6 3
6 2
7 6
2 4
6 #edges
0 7
6 3
6 2
7 6
2 11
2 4
6 #edges
0 7
11 4
6 3
6 2
7 6
2 11
12 #trees for patient 95
6 #edges
0 7
0 4
6 2
3 11
7 6
4 3
6 #edges
0 7
0 4
6 11
6 2
7 6
4 3
6 #edges
0 7
0 4
6 2
7 6
4 3
2 11
6 #edges
0 7
0 4
6 3
6 2
7 6
4 11
6 #edges
0 7
0 4
6 3
6 2
3 11
7 6
6 #edges
0 7
0 4
6 3
6 2
7 6
2 11
6 #edges
0 6
0 4
6 7
3 11
7 2
4 3
6 #edges
0 6
0 4
6 7
7 11
7 2
4 3
6 #edges
0 6
0 4
6 7
7 2
4 3
2 11
6 #edges
0 6
0 4
6 7
7 3
7 2
4 11
6 #edges
0 6
0 4
6 7
7 3
7 2
2 11
6 #edges
0 6
0 4
6 7
3 11
7 3
7 2
4 #trees for patient 96
6 #edges
0 3
0 7
0 4
6 2
7 6
2 11
6 #edges
0 3
0 7
0 4
11 2
6 11
7 6
6 #edges
0 7
0 4
11 2
6 11
6 3
7 6
6 #edges
0 7
0 4
6 3
6 2
7 6
2 11
2 #trees for patient 97
6 #edges
0 7
0 4
6 3
6 2
7 6
2 11
6 #edges
0 7
6 3
6 4
6 2
7 6
2 11
2 #trees for patient 98
6 #edges
0 7
0 4
6 3
6 2
7 6
2 11
6 #edges
0 6
0 4
6 7
7 3
7 2
2 11
3 #trees for patient 99
6 #edges
0 7
0 4
6 3
6 2
7 6
2 11
6 #edges
0 7
0 4
6 2
7 6
4 3
2 11
6 #edges
0 7
0 4
6 2
7 6
7 3
2 11
