50 # patients
12 #trees for patient 0
6 #edges
0 1
0 5
9 7
1 9
5 8
5 11
6 #edges
0 1
0 5
7 9
1 7
5 8
5 11
6 #edges
0 1
0 5
8 11
7 9
1 7
5 8
6 #edges
0 1
0 5
9 7
8 11
1 9
5 8
6 #edges
0 7
0 5
7 1
1 9
5 8
5 11
6 #edges
0 7
0 5
8 11
7 1
1 9
5 8
6 #edges
0 7
0 5
9 1
8 11
7 9
5 8
6 #edges
0 7
0 5
9 1
7 9
5 8
5 11
6 #edges
0 9
0 5
9 1
1 7
5 8
5 11
6 #edges
0 9
0 5
9 1
8 11
1 7
5 8
6 #edges
0 9
0 5
9 7
8 11
7 1
5 8
6 #edges
0 9
0 5
9 7
7 1
5 8
5 11
8 #trees for patient 1
6 #edges
0 7
0 11
0 5
9 1
7 9
7 8
6 #edges
0 7
0 11
0 5
9 1
7 9
5 8
6 #edges
0 7
0 11
0 5
7 1
1 9
5 8
6 #edges
0 7
0 11
0 5
7 8
7 1
1 9
6 #edges
0 7
0 5
9 1
7 9
7 8
5 11
6 #edges
0 7
0 5
7 8
7 1
1 9
5 11
6 #edges
0 7
0 5
9 1
7 9
5 8
5 11
6 #edges
0 7
0 5
7 1
1 9
5 8
5 11
4 #trees for patient 2
6 #edges
0 7
0 5
7 9
7 1
5 8
5 11
6 #edges
0 7
0 5
7 1
5 9
5 8
5 11
6 #edges
0 7
0 5
7 1
1 9
5 8
5 11
6 #edges
0 7
0 5
7 1
11 9
5 8
5 11
6 #trees for patient 3
6 #edges
0 8
0 7
0 5
7 11
7 1
1 9
6 #edges
0 8
0 7
0 5
7 1
1 9
5 11
6 #edges
0 7
0 5
7 1
1 9
5 8
5 11
6 #edges
0 7
0 5
7 11
7 1
1 9
5 8
6 #edges
0 7
0 5
7 1
1 9
1 8
5 11
6 #edges
0 7
0 5
7 11
7 1
1 9
1 8
4 #trees for patient 4
6 #edges
0 7
0 5
7 1
1 9
5 8
5 11
6 #edges
0 7
0 5
7 1
1 9
1 11
5 8
6 #edges
0 7
0 5
9 11
7 1
1 9
5 8
6 #edges
0 7
0 5
8 11
7 1
1 9
5 8
2 #trees for patient 5
6 #edges
0 1
0 5
7 9
1 7
5 8
5 11
6 #edges
0 7
0 5
7 1
1 9
5 8
5 11
1 #trees for patient 6
6 #edges
0 7
0 5
7 1
1 9
5 8
5 11
14 #trees for patient 7
6 #edges
0 7
0 5
8 1
1 9
5 8
5 11
6 #edges
0 7
0 5
8 9
8 1
5 8
5 11
6 #edges
0 7
0 5
8 1
7 9
5 8
5 11
6 #edges
0 7
0 5
9 1
7 9
5 8
5 11
6 #edges
0 7
0 5
8 9
7 1
5 8
5 11
6 #edges
0 7
0 5
7 1
1 9
5 8
5 11
6 #edges
0 7
0 5
9 1
8 9
5 8
5 11
6 #edges
0 7
0 5
7 11
7 1
1 9
5 8
6 #edges
0 7
0 5
8 9
7 11
7 1
5 8
6 #edges
0 7
0 5
8 9
8 1
7 11
5 8
6 #edges
0 7
0 5
8 1
7 9
7 11
5 8
6 #edges
0 7
0 5
8 1
7 11
1 9
5 8
6 #edges
0 7
0 5
9 1
7 9
7 11
5 8
6 #edges
0 7
0 5
9 1
8 9
7 11
5 8
8 #trees for patient 8
6 #edges
0 1
0 5
7 11
1 7
5 9
5 8
6 #edges
0 1
0 5
7 11
11 9
1 7
5 8
6 #edges
0 1
0 5
7 9
1 7
5 8
5 11
6 #edges
0 1
0 5
11 9
1 7
5 8
5 11
6 #edges
0 7
0 5
7 1
11 9
5 8
5 11
6 #edges
0 7
0 5
7 1
1 9
5 8
5 11
6 #edges
0 7
0 5
7 1
1 11
5 9
5 8
6 #edges
0 7
0 5
7 1
11 9
1 11
5 8
14 #trees for patient 9
6 #edges
0 7
0 11
0 5
7 9
7 8
5 1
6 #edges
0 7
0 11
0 5
7 8
7 1
5 9
6 #edges
0 7
0 11
0 5
7 8
7 1
1 9
6 #edges
0 7
0 11
0 5
7 8
5 9
5 1
6 #edges
0 7
0 11
0 5
7 8
1 9
5 1
6 #edges
0 7
0 11
0 5
7 1
5 9
5 8
6 #edges
0 7
0 11
0 5
5 9
5 8
5 1
6 #edges
0 7
0 11
0 5
7 9
5 8
5 1
6 #edges
0 7
0 11
0 5
1 9
5 8
5 1
6 #edges
0 7
0 11
0 5
7 1
1 9
5 8
6 #edges
0 7
0 5
7 8
7 1
1 9
5 11
6 #edges
0 7
0 5
7 8
7 1
5 9
5 11
6 #edges
0 7
0 5
7 1
5 9
5 8
5 11
6 #edges
0 7
0 5
7 1
1 9
5 8
5 11
2 #trees for patient 10
6 #edges
0 7
0 5
7 1
1 9
5 8
5 11
6 #edges
0 7
0 5
7 1
1 9
1 8
5 11
4 #trees for patient 11
6 #edges
0 7
0 5
7 9
7 1
5 8
5 11
6 #edges
0 7
0 5
7 9
7 1
11 8
5 11
6 #edges
0 7
0 5
7 1
11 8
1 9
5 11
6 #edges
0 7
0 5
7 1
1 9
5 8
5 11
6 #trees for patient 12
6 #edges
0 7
0 5
7 1
11 9
5 8
5 11
6 #edges
0 7
0 5
9 1
11 9
5 8
5 11
6 #edges
0 7
0 5
11 1
1 9
5 8
5 11
6 #edges
0 7
0 5
7 9
11 1
5 8
5 11
6 #edges
0 7
0 5
9 1
7 9
5 8
5 11
6 #edges
0 7
0 5
7 1
1 9
5 8
5 11
10 #trees for patient 13
6 #edges
0 1
0 5
7 9
7 8
1 7
5 11
6 #edges
0 1
0 5
7 9
1 7
5 8
5 11
6 #edges
0 1
0 5
8 9
7 8
1 7
5 11
6 #edges
0 1
0 5
7 8
1 7
5 9
5 11
6 #edges
0 1
0 5
8 9
1 7
5 8
5 11
6 #edges
0 7
0 5
7 1
1 8
5 9
5 11
6 #edges
0 7
0 5
8 9
7 1
5 8
5 11
6 #edges
0 7
0 5
7 1
1 9
5 8
5 11
6 #edges
0 7
0 5
7 1
1 9
1 8
5 11
6 #edges
0 7
0 5
8 9
7 1
1 8
5 11
6 #trees for patient 14
6 #edges
0 4
8 1
11 5
1 3
4 8
4 11
6 #edges
3 1
0 4
8 3
11 5
4 8
4 11
6 #edges
3 8
0 4
11 5
1 3
4 11
4 1
6 #edges
0 4
8 3
11 5
1 8
4 11
4 1
6 #edges
3 8
0 4
8 1
11 5
4 3
4 11
6 #edges
3 1
0 4
11 5
1 8
4 3
4 11
6 #trees for patient 15
6 #edges
3 1
0 4
8 3
11 5
4 8
4 11
6 #edges
0 4
8 1
11 5
1 3
4 8
4 11
6 #edges
0 4
8 3
11 5
1 8
4 11
4 1
6 #edges
3 8
0 4
11 5
1 3
4 11
4 1
6 #edges
3 8
0 4
8 1
11 5
4 3
4 11
6 #edges
3 1
0 4
11 5
1 8
4 3
4 11
26 #trees for patient 16
6 #edges
0 1
0 4
1 3
5 11
4 8
4 5
6 #edges
0 1
0 4
8 3
5 11
4 8
4 5
6 #edges
0 1
0 4
11 3
5 11
4 8
4 5
6 #edges
0 1
0 4
11 5
1 3
4 8
4 11
6 #edges
0 1
0 4
8 3
11 5
4 8
4 11
6 #edges
0 1
0 4
11 5
5 3
4 8
4 11
6 #edges
0 3
0 4
8 1
11 5
4 8
4 11
6 #edges
0 3
0 4
11 5
5 1
4 8
4 11
6 #edges
3 1
0 3
0 4
11 5
4 8
4 11
6 #edges
3 1
0 3
0 4
5 11
4 8
4 5
6 #edges
0 3
0 4
11 1
5 11
4 8
4 5
6 #edges
0 3
0 4
8 1
5 11
4 8
4 5
6 #edges
0 4
8 1
11 5
5 3
4 8
4 11
6 #edges
0 4
8 1
11 5
1 3
4 8
4 11
6 #edges
0 4
8 1
1 3
5 11
4 8
4 5
6 #edges
0 4
8 1
11 3
5 11
4 8
4 5
6 #edges
3 1
0 4
8 3
5 11
4 8
4 5
6 #edges
0 4
8 3
11 1
5 11
4 8
4 5
6 #edges
3 1
0 4
8 3
11 5
4 8
4 11
6 #edges
0 4
8 3
11 5
5 1
4 8
4 11
6 #edges
0 4
11 5
5 3
5 1
4 8
4 11
6 #edges
0 4
11 5
1 3
5 1
4 8
4 11
6 #edges
3 1
0 4
11 5
5 3
4 8
4 11
6 #edges
0 4
11 1
1 3
5 11
4 8
4 5
6 #edges
0 4
11 3
11 1
5 11
4 8
4 5
6 #edges
3 1
0 4
11 3
5 11
4 8
4 5
28 #trees for patient 17
6 #edges
3 8
0 11
0 5
0 4
4 3
4 1
6 #edges
3 8
0 11
0 5
0 4
8 1
4 3
6 #edges
0 11
0 5
0 4
8 3
4 8
4 1
6 #edges
3 1
0 11
0 5
0 4
8 3
4 8
6 #edges
0 5
0 4
8 3
5 11
4 8
4 1
6 #edges
3 1
0 5
0 4
8 3
5 11
4 8
6 #edges
3 8
0 5
0 4
5 11
4 3
4 1
6 #edges
3 8
0 5
0 4
8 1
5 11
4 3
6 #edges
3 8
0 5
0 4
4 3
4 11
4 1
6 #edges
3 8
0 5
0 4
8 1
4 3
4 11
6 #edges
0 5
0 4
8 3
4 8
4 11
4 1
6 #edges
3 1
0 5
0 4
8 3
4 8
4 11
6 #edges
3 1
0 11
0 4
8 3
11 5
4 8
6 #edges
0 11
0 4
8 3
11 5
4 8
4 1
6 #edges
3 8
0 11
0 4
11 5
4 3
4 1
6 #edges
3 8
0 11
0 4
8 1
11 5
4 3
6 #edges
3 8
0 11
0 4
4 3
4 1
4 5
6 #edges
0 11
0 4
8 3
4 8
4 1
4 5
6 #edges
3 1
0 11
0 4
8 3
4 8
4 5
6 #edges
3 8
0 11
0 4
8 1
4 3
4 5
6 #edges
3 1
0 4
8 3
5 11
4 8
4 5
6 #edges
0 4
8 3
5 11
4 8
4 1
4 5
6 #edges
0 4
8 3
11 5
4 8
4 11
4 1
6 #edges
3 1
0 4
8 3
11 5
4 8
4 11
6 #edges
3 8
0 4
5 11
4 3
4 1
4 5
6 #edges
3 8
0 4
8 1
5 11
4 3
4 5
6 #edges
3 8
0 4
11 5
4 3
4 11
4 1
6 #edges
3 8
0 4
8 1
11 5
4 3
4 11
6 #trees for patient 18
6 #edges
0 4
8 3
11 5
1 8
4 11
4 1
6 #edges
3 8
0 4
11 5
1 3
4 11
4 1
6 #edges
0 4
8 1
11 5
1 3
4 8
4 11
6 #edges
3 1
0 4
8 3
11 5
4 8
4 11
6 #edges
3 1
0 4
11 5
1 8
4 3
4 11
6 #edges
3 8
0 4
8 1
11 5
4 3
4 11
4 #trees for patient 19
6 #edges
3 1
0 4
8 3
5 11
4 8
4 5
6 #edges
0 4
8 3
11 1
5 11
4 8
4 5
6 #edges
3 1
0 4
8 3
11 5
4 8
4 11
6 #edges
0 4
8 3
11 5
5 1
4 8
4 11
12 #trees for patient 20
6 #edges
3 1
0 4
8 3
11 5
4 8
4 11
6 #edges
3 1
0 4
8 3
1 5
4 8
4 11
6 #edges
0 4
8 1
11 5
1 3
4 8
4 11
6 #edges
3 5
0 4
8 1
1 3
4 8
4 11
6 #edges
3 8
0 4
8 5
1 3
4 11
4 1
6 #edges
3 8
0 4
11 5
1 3
4 11
4 1
6 #edges
0 4
8 3
11 5
1 8
4 11
4 1
6 #edges
3 5
0 4
8 3
1 8
4 11
4 1
6 #edges
3 8
0 4
8 1
11 5
4 3
4 11
6 #edges
3 1
0 4
11 5
1 8
4 3
4 11
6 #edges
3 8
0 4
8 1
1 5
4 3
4 11
6 #edges
3 1
0 4
8 5
1 8
4 3
4 11
4 #trees for patient 21
6 #edges
0 9
9 2
9 5
11 4
7 11
2 7
6 #edges
0 9
9 2
9 5
7 4
2 7
4 11
6 #edges
0 9
9 2
11 4
7 11
7 5
2 7
6 #edges
0 9
9 2
7 5
7 4
2 7
4 11
4 #trees for patient 22
6 #edges
0 9
9 7
11 4
7 2
2 11
2 5
6 #edges
0 9
9 7
7 2
2 5
2 4
4 11
6 #edges
0 9
9 2
11 4
7 11
7 5
2 7
6 #edges
0 9
9 2
7 5
7 4
2 7
4 11
6 #trees for patient 23
6 #edges
0 2
9 7
7 11
7 5
7 4
2 9
6 #edges
0 2
9 7
11 4
7 11
7 5
2 9
6 #edges
0 2
9 7
7 5
7 4
2 9
4 11
6 #edges
0 9
9 2
7 11
7 5
7 4
2 7
6 #edges
0 9
9 2
11 4
7 11
7 5
2 7
6 #edges
0 9
9 2
7 5
7 4
2 7
4 11
4 #trees for patient 24
6 #edges
0 9
9 7
11 4
7 2
2 11
2 5
6 #edges
0 9
9 7
7 2
2 5
2 4
4 11
6 #edges
0 9
9 2
11 4
7 11
7 5
2 7
6 #edges
0 9
9 2
7 5
7 4
2 7
4 11
4 #trees for patient 25
6 #edges
0 9
9 7
9 4
7 2
2 11
2 5
6 #edges
0 9
9 2
9 4
7 11
7 5
2 7
6 #edges
0 9
9 7
11 4
7 2
2 11
2 5
6 #edges
0 9
9 2
11 4
7 11
7 5
2 7
6 #trees for patient 26
6 #edges
0 2
9 11
9 5
11 4
7 9
2 7
6 #edges
0 2
9 7
11 4
7 11
7 5
2 9
6 #edges
0 7
9 11
9 5
11 4
7 2
2 9
6 #edges
0 7
9 2
11 4
7 9
2 11
2 5
6 #edges
0 9
9 7
11 4
7 2
2 11
2 5
6 #edges
0 9
9 2
11 4
7 11
7 5
2 7
12 #trees for patient 27
6 #edges
0 2
9 11
11 4
7 9
2 7
4 5
6 #edges
0 2
9 11
9 5
11 4
7 9
2 7
6 #edges
0 2
9 7
11 4
7 11
7 5
2 9
6 #edges
0 2
9 7
11 4
7 11
2 9
4 5
6 #edges
0 7
9 11
11 4
7 2
2 9
4 5
6 #edges
0 7
9 11
9 5
11 4
7 2
2 9
6 #edges
0 7
9 2
11 4
7 9
2 11
2 5
6 #edges
0 7
9 2
11 4
7 9
2 11
4 5
6 #edges
0 9
9 7
11 4
7 2
2 11
2 5
6 #edges
0 9
9 7
11 4
7 2
2 11
4 5
6 #edges
0 9
9 2
11 4
7 11
2 7
4 5
6 #edges
0 9
9 2
11 4
7 11
7 5
2 7
12 #trees for patient 28
6 #edges
0 2
9 11
9 5
11 4
7 9
2 7
6 #edges
0 2
9 5
9 4
7 9
2 7
4 11
6 #edges
0 2
9 7
11 4
7 11
7 5
2 9
6 #edges
0 2
9 7
7 5
7 4
2 9
4 11
6 #edges
0 7
9 2
7 9
2 5
2 4
4 11
6 #edges
0 7
9 2
11 4
7 9
2 11
2 5
6 #edges
0 7
9 11
9 5
11 4
7 2
2 9
6 #edges
0 7
9 5
9 4
7 2
2 9
4 11
6 #edges
0 9
9 7
11 4
7 2
2 11
2 5
6 #edges
0 9
9 7
7 2
2 5
2 4
4 11
6 #edges
0 9
9 2
11 4
7 11
7 5
2 7
6 #edges
0 9
9 2
7 5
7 4
2 7
4 11
12 #trees for patient 29
6 #edges
0 2
9 11
9 5
11 4
7 9
2 7
6 #edges
0 2
9 5
9 4
7 9
2 7
4 11
6 #edges
0 2
9 7
11 4
7 11
7 5
2 9
6 #edges
0 2
9 7
7 5
7 4
2 9
4 11
6 #edges
0 7
9 2
7 9
2 5
2 4
4 11
6 #edges
0 7
9 2
11 4
7 9
2 11
2 5
6 #edges
0 7
9 11
9 5
11 4
7 2
2 9
6 #edges
0 7
9 5
9 4
7 2
2 9
4 11
6 #edges
0 9
9 7
11 4
7 2
2 11
2 5
6 #edges
0 9
9 7
7 2
2 5
2 4
4 11
6 #edges
0 9
9 2
11 4
7 11
7 5
2 7
6 #edges
0 9
9 2
7 5
7 4
2 7
4 11
6 #trees for patient 30
6 #edges
0 2
9 11
9 5
11 4
7 9
2 7
6 #edges
0 2
9 7
11 4
7 11
7 5
2 9
6 #edges
0 7
9 2
11 4
7 9
2 11
2 5
6 #edges
0 7
9 11
9 5
11 4
7 2
2 9
6 #edges
0 9
9 2
11 4
7 11
7 5
2 7
6 #edges
0 9
9 7
11 4
7 2
2 11
2 5
2 #trees for patient 31
6 #edges
0 9
9 2
11 4
7 11
7 5
2 7
6 #edges
0 9
9 2
7 5
7 4
2 7
4 11
4 #trees for patient 32
6 #edges
0 2
9 7
7 11
7 5
7 4
2 9
6 #edges
0 2
9 7
11 4
7 11
7 5
2 9
6 #edges
0 9
9 2
7 11
7 5
7 4
2 7
6 #edges
0 9
9 2
11 4
7 11
7 5
2 7
6 #trees for patient 33
6 #edges
0 3
0 7
6 11
11 4
7 6
4 2
6 #edges
0 3
0 7
6 11
11 2
7 6
2 4
6 #edges
0 3
0 7
6 2
7 6
2 4
4 11
6 #edges
0 3
0 7
6 2
11 4
7 6
2 11
6 #edges
0 3
0 7
6 4
7 6
2 11
4 2
6 #edges
0 3
0 7
6 4
11 2
7 6
4 11
24 #trees for patient 34
6 #edges
0 3
0 2
6 11
7 6
2 4
4 7
6 #edges
0 3
0 2
6 7
7 11
2 4
4 6
6 #edges
0 3
0 2
6 4
7 11
2 6
4 7
6 #edges
0 3
0 2
6 7
7 4
2 6
4 11
6 #edges
0 3
0 2
6 4
7 6
2 7
4 11
6 #edges
0 3
0 2
6 11
7 4
2 7
4 6
6 #edges
0 3
0 6
6 7
7 2
2 4
4 11
6 #edges
0 3
0 6
6 7
7 4
2 11
4 2
6 #edges
0 3
0 6
6 4
7 11
2 7
4 2
6 #edges
0 3
0 6
6 4
7 2
2 11
4 7
6 #edges
0 3
0 6
6 2
7 4
2 7
4 11
6 #edges
0 3
0 6
6 2
7 11
2 4
4 7
6 #edges
0 3
0 4
6 11
7 6
2 7
4 2
6 #edges
0 3
0 4
6 7
7 11
2 6
4 2
6 #edges
0 3
0 4
6 2
7 11
2 7
4 6
6 #edges
0 3
0 4
6 7
7 2
2 11
4 6
6 #edges
0 3
0 4
6 11
7 2
2 6
4 7
6 #edges
0 3
0 4
6 2
7 6
2 11
4 7
6 #edges
0 3
0 7
6 11
7 4
2 6
4 2
6 #edges
0 3
0 7
6 2
7 4
2 11
4 6
6 #edges
0 3
0 7
6 4
7 2
2 6
4 11
6 #edges
0 3
0 7
6 11
7 2
2 4
4 6
6 #edges
0 3
0 7
6 4
7 6
2 11
4 2
6 #edges
0 3
0 7
6 2
7 6
2 4
4 11
2 #trees for patient 35
6 #edges
0 3
0 7
6 4
7 2
2 6
4 11
6 #edges
0 3
0 7
6 2
7 6
2 4
4 11
12 #trees for patient 36
6 #edges
0 3
0 7
6 11
11 2
7 6
2 4
6 #edges
0 3
0 7
6 11
11 4
7 6
4 2
6 #edges
0 3
0 7
6 2
11 4
7 6
2 11
6 #edges
0 3
0 7
6 2
7 6
2 4
4 11
6 #edges
0 3
0 7
6 4
11 2
7 6
4 11
6 #edges
0 3
0 7
6 4
7 6
2 11
4 2
6 #edges
0 7
6 11
11 2
7 6
2 4
4 3
6 #edges
0 7
6 11
11 4
7 6
2 3
4 2
6 #edges
0 7
6 2
11 3
7 6
2 4
4 11
6 #edges
0 7
6 2
11 4
7 6
2 11
4 3
6 #edges
0 7
6 4
11 2
7 6
2 3
4 11
6 #edges
0 7
6 4
11 3
7 6
2 11
4 2
68 #trees for patient 37
6 #edges
0 3
0 11
0 7
0 4
6 2
7 6
6 #edges
0 11
0 7
0 4
6 2
7 3
7 6
6 #edges
0 11
0 7
0 4
7 3
7 6
4 2
6 #edges
0 3
0 11
0 7
0 4
7 6
4 2
6 #edges
0 3
0 11
0 7
0 2
7 6
2 4
6 #edges
0 3
0 11
0 7
0 2
6 4
7 6
6 #edges
0 11
0 7
0 2
7 3
7 6
2 4
6 #edges
0 11
0 7
0 2
6 4
7 3
7 6
6 #edges
0 3
0 6
0 11
0 7
6 2
2 4
6 #edges
0 3
0 6
0 11
0 7
6 2
7 4
6 #edges
0 6
0 11
0 7
6 2
7 3
2 4
6 #edges
0 6
0 11
0 7
6 2
7 3
7 4
6 #edges
0 6
0 11
0 7
6 4
7 3
4 2
6 #edges
0 6
0 11
0 7
6 4
7 3
7 2
6 #edges
0 3
0 6
0 11
0 7
6 4
4 2
6 #edges
0 3
0 6
0 11
0 7
6 4
7 2
6 #edges
0 3
0 6
0 11
0 7
7 2
2 4
6 #edges
0 3
0 6
0 11
0 7
7 4
4 2
6 #edges
0 6
0 11
0 7
7 3
7 2
2 4
6 #edges
0 6
0 11
0 7
7 3
7 4
4 2
6 #edges
0 3
0 11
0 7
6 4
7 6
4 2
6 #edges
0 3
0 11
0 7
6 2
7 6
2 4
6 #edges
0 11
0 7
6 2
7 3
7 6
2 4
6 #edges
0 11
0 7
6 4
7 3
7 6
4 2
6 #edges
0 7
0 4
6 2
7 3
7 6
4 11
6 #edges
0 3
0 7
0 4
6 2
7 6
4 11
6 #edges
0 7
0 4
6 11
7 3
7 6
4 2
6 #edges
0 7
0 4
7 3
7 6
2 11
4 2
6 #edges
0 7
0 4
6 2
7 3
7 6
2 11
6 #edges
0 3
0 7
0 4
6 11
7 6
4 2
6 #edges
0 3
0 7
0 4
7 6
2 11
4 2
6 #edges
0 3
0 7
0 4
6 2
7 6
2 11
6 #edges
0 7
0 2
6 4
7 3
7 6
2 11
6 #edges
0 3
0 7
0 2
6 4
7 6
2 11
6 #edges
0 7
0 2
7 3
7 6
2 4
4 11
6 #edges
0 7
0 2
6 11
7 3
7 6
2 4
6 #edges
0 7
0 2
6 4
7 3
7 6
4 11
6 #edges
0 3
0 7
0 2
6 11
7 6
2 4
6 #edges
0 3
0 7
0 2
7 6
2 4
4 11
6 #edges
0 3
0 7
0 2
6 4
7 6
4 11
6 #edges
0 3
0 6
0 7
6 11
7 4
4 2
6 #edges
0 3
0 6
0 7
6 11
7 2
2 4
6 #edges
0 3
0 6
0 7
6 2
2 4
4 11
6 #edges
0 3
0 6
0 7
6 2
7 11
2 4
6 #edges
0 3
0 6
0 7
6 2
7 4
2 11
6 #edges
0 3
0 6
0 7
6 2
7 4
4 11
6 #edges
0 3
0 6
0 7
6 4
7 2
4 11
6 #edges
0 3
0 6
0 7
6 4
2 11
4 2
6 #edges
0 3
0 6
0 7
6 4
7 11
4 2
6 #edges
0 3
0 6
0 7
6 4
7 2
2 11
6 #edges
0 3
0 6
0 7
7 4
2 11
4 2
6 #edges
0 3
0 6
0 7
7 2
2 4
4 11
6 #edges
0 6
0 7
6 4
7 3
7 2
4 11
6 #edges
0 6
0 7
6 4
7 3
7 2
2 11
6 #edges
0 6
0 7
6 4
7 3
2 11
4 2
6 #edges
0 6
0 7
6 4
7 3
7 11
4 2
6 #edges
0 6
0 7
6 2
7 3
7 11
2 4
6 #edges
0 6
0 7
6 2
7 3
2 4
4 11
6 #edges
0 6
0 7
6 2
7 3
7 4
4 11
6 #edges
0 6
0 7
6 2
7 3
7 4
2 11
6 #edges
0 6
0 7
6 11
7 3
7 2
2 4
6 #edges
0 6
0 7
7 3
7 2
2 4
4 11
6 #edges
0 6
0 7
6 11
7 3
7 4
4 2
6 #edges
0 6
0 7
7 3
7 4
2 11
4 2
6 #edges
0 3
0 7
6 4
7 6
2 11
4 2
6 #edges
0 3
0 7
6 2
7 6
2 4
4 11
6 #edges
0 7
6 4
7 3
7 6
2 11
4 2
6 #edges
0 7
6 2
7 3
7 6
2 4
4 11
24 #trees for patient 38
6 #edges
0 3
0 7
6 2
11 4
7 6
2 11
6 #edges
0 3
0 7
6 2
7 6
2 4
4 11
6 #edges
0 3
0 7
6 4
7 2
2 6
4 11
6 #edges
0 3
0 7
6 11
11 4
7 2
2 6
6 #edges
0 3
0 6
6 7
11 4
7 2
2 11
6 #edges
0 3
0 6
6 7
7 2
2 4
4 11
6 #edges
0 3
0 6
6 2
11 4
7 11
2 7
6 #edges
0 3
0 6
6 2
7 4
2 7
4 11
6 #edges
0 3
0 2
6 11
11 4
7 6
2 7
6 #edges
0 3
0 2
6 4
7 6
2 7
4 11
6 #edges
0 3
0 2
6 7
7 4
2 6
4 11
6 #edges
0 3
0 2
6 7
11 4
7 11
2 6
6 #edges
0 2
6 3
6 4
7 6
2 7
4 11
6 #edges
0 2
6 3
6 11
11 4
7 6
2 7
6 #edges
0 2
6 7
11 4
7 3
7 11
2 6
6 #edges
0 2
6 7
7 3
7 4
2 6
4 11
6 #edges
0 7
6 3
6 4
7 2
2 6
4 11
6 #edges
0 7
6 3
6 11
11 4
7 2
2 6
6 #edges
0 7
6 2
7 6
2 3
2 4
4 11
6 #edges
0 7
6 2
11 4
7 6
2 3
2 11
6 #edges
0 6
6 2
11 4
7 3
7 11
2 7
6 #edges
0 6
6 2
7 3
7 4
2 7
4 11
6 #edges
0 6
6 7
11 4
7 2
2 3
2 11
6 #edges
0 6
6 7
7 2
2 3
2 4
4 11
12 #trees for patient 39
6 #edges
0 3
0 7
6 2
7 6
2 4
4 11
6 #edges
0 3
0 7
6 4
7 2
2 6
4 11
6 #edges
0 3
0 2
6 4
7 6
2 7
4 11
6 #edges
0 3
0 2
6 7
7 4
2 6
4 11
6 #edges
0 3
0 6
6 2
7 4
2 7
4 11
6 #edges
0 3
0 6
6 7
7 2
2 4
4 11
6 #edges
0 2
6 7
7 4
2 6
4 3
4 11
6 #edges
0 2
6 4
7 6
2 7
4 3
4 11
6 #edges
0 7
6 2
7 6
2 4
4 3
4 11
6 #edges
0 7
6 4
7 2
2 6
4 3
4 11
6 #edges
0 6
6 2
7 4
2 7
4 3
4 11
6 #edges
0 6
6 7
7 2
2 4
4 3
4 11
6 #trees for patient 40
6 #edges
0 3
0 7
6 4
7 6
2 11
4 2
6 #edges
0 3
0 7
6 2
7 6
2 4
4 11
6 #edges
0 3
0 7
6 11
7 4
2 6
4 2
6 #edges
0 3
0 7
6 2
7 4
2 11
4 6
6 #edges
0 3
0 7
6 11
7 2
2 4
4 6
6 #edges
0 3
0 7
6 4
7 2
2 6
4 11
48 #trees for patient 41
6 #edges
0 3
0 4
6 7
7 2
2 11
4 6
6 #edges
0 3
0 4
6 2
7 11
2 7
4 6
6 #edges
0 3
0 4
6 2
7 6
2 11
4 7
6 #edges
0 3
0 4
6 11
7 2
2 6
4 7
6 #edges
0 3
0 4
6 7
7 11
2 6
4 2
6 #edges
0 3
0 4
6 11
7 6
2 7
4 2
6 #edges
0 3
0 7
6 4
7 2
2 6
4 11
6 #edges
0 3
0 7
6 11
7 2
2 4
4 6
6 #edges
0 3
0 7
6 4
7 6
2 11
4 2
6 #edges
0 3
0 7
6 2
7 6
2 4
4 11
6 #edges
0 3
0 7
6 11
7 4
2 6
4 2
6 #edges
0 3
0 7
6 2
7 4
2 11
4 6
6 #edges
0 3
0 6
6 2
7 4
2 7
4 11
6 #edges
0 3
0 6
6 2
7 11
2 4
4 7
6 #edges
0 3
0 6
6 4
7 2
2 11
4 7
6 #edges
0 3
0 6
6 4
7 11
2 7
4 2
6 #edges
0 3
0 6
6 7
7 4
2 11
4 2
6 #edges
0 3
0 6
6 7
7 2
2 4
4 11
6 #edges
0 3
0 2
6 11
7 4
2 7
4 6
6 #edges
0 3
0 2
6 4
7 6
2 7
4 11
6 #edges
0 3
0 2
6 7
7 4
2 6
4 11
6 #edges
0 3
0 2
6 4
7 11
2 6
4 7
6 #edges
0 3
0 2
6 11
7 6
2 4
4 7
6 #edges
0 3
0 2
6 7
7 11
2 4
4 6
6 #edges
0 4
6 2
7 3
7 11
2 7
4 6
6 #edges
0 4
6 7
7 2
2 3
2 11
4 6
6 #edges
0 4
6 2
7 6
2 3
2 11
4 7
6 #edges
0 4
6 3
6 11
7 2
2 6
4 7
6 #edges
0 4
6 3
6 11
7 6
2 7
4 2
6 #edges
0 4
6 7
7 3
7 11
2 6
4 2
6 #edges
0 2
6 7
7 4
2 6
4 3
4 11
6 #edges
0 2
6 4
7 3
7 11
2 6
4 7
6 #edges
0 2
6 4
7 6
2 7
4 3
4 11
6 #edges
0 2
6 3
6 11
7 4
2 7
4 6
6 #edges
0 2
6 7
7 3
7 11
2 4
4 6
6 #edges
0 2
6 3
6 11
7 6
2 4
4 7
6 #edges
0 7
6 3
6 11
7 2
2 4
4 6
6 #edges
0 7
6 4
7 2
2 6
4 3
4 11
6 #edges
0 7
6 4
7 6
2 3
2 11
4 2
6 #edges
0 7
6 2
7 6
2 4
4 3
4 11
6 #edges
0 7
6 2
7 4
2 3
2 11
4 6
6 #edges
0 7
6 3
6 11
7 4
2 6
4 2
6 #edges
0 6
6 7
7 2
2 4
4 3
4 11
6 #edges
0 6
6 7
7 4
2 3
2 11
4 2
6 #edges
0 6
6 4
7 3
7 11
2 7
4 2
6 #edges
0 6
6 4
7 2
2 3
2 11
4 7
6 #edges
0 6
6 2
7 4
2 7
4 3
4 11
6 #edges
0 6
6 2
7 3
7 11
2 4
4 7
2 #trees for patient 42
6 #edges
0 3
0 7
6 2
7 6
7 11
2 4
6 #edges
0 3
0 7
6 2
7 6
2 4
4 11
8 #trees for patient 43
6 #edges
0 10
0 11
0 2
2 9
2 4
4 5
6 #edges
0 10
0 11
0 2
9 5
2 9
2 4
6 #edges
0 11
0 2
2 9
2 4
4 10
4 5
6 #edges
0 11
0 2
9 5
2 9
2 4
4 10
6 #edges
0 10
0 2
9 5
2 9
2 4
4 11
6 #edges
0 10
0 2
2 9
2 4
4 11
4 5
6 #edges
0 2
2 9
2 4
4 10
4 11
4 5
6 #edges
0 2
9 5
2 9
2 4
4 10
4 11
2 #trees for patient 44
6 #edges
0 11
0 2
2 9
2 4
4 10
4 5
6 #edges
0 11
0 2
9 5
2 9
2 4
4 10
2 #trees for patient 45
6 #edges
0 11
0 2
2 9
2 4
4 10
4 5
6 #edges
0 2
9 11
2 9
2 4
4 10
4 5
4 #trees for patient 46
6 #edges
0 11
0 2
2 9
2 4
4 10
4 5
6 #edges
0 11
0 2
10 5
2 9
2 4
4 10
6 #edges
0 2
2 9
2 11
2 4
4 10
4 5
6 #edges
0 2
10 5
2 9
2 11
2 4
4 10
2 #trees for patient 47
6 #edges
0 11
0 2
2 9
2 4
4 10
4 5
6 #edges
0 2
9 11
2 9
2 4
4 10
4 5
7 #trees for patient 48
6 #edges
0 9
0 2
9 5
2 11
2 4
4 10
6 #edges
0 9
0 2
11 5
2 11
2 4
4 10
6 #edges
0 9
0 2
2 11
2 4
4 10
4 5
6 #edges
0 11
0 2
11 5
2 9
2 4
4 10
6 #edges
0 11
0 2
9 5
2 9
2 4
4 10
6 #edges
0 11
0 2
2 9
2 5
2 4
4 10
6 #edges
0 11
0 2
2 9
2 4
4 10
4 5
14 #trees for patient 49
6 #edges
0 9
0 2
0 5
10 11
2 4
4 10
6 #edges
0 2
0 5
10 11
2 9
2 4
4 10
6 #edges
0 9
0 11
0 2
11 5
2 4
4 10
6 #edges
0 9
0 11
0 2
2 4
4 10
4 5
6 #edges
0 9
0 11
0 2
10 5
2 4
4 10
6 #edges
0 11
0 2
11 5
2 9
2 4
4 10
6 #edges
0 11
0 2
10 5
2 9
2 4
4 10
6 #edges
0 11
0 2
2 9
2 4
4 10
4 5
6 #edges
0 9
0 2
10 11
2 4
4 10
4 5
6 #edges
0 9
0 2
10 11
10 5
2 4
4 10
6 #edges
0 9
0 2
10 11
11 5
2 4
4 10
6 #edges
0 2
10 11
2 9
2 4
4 10
4 5
6 #edges
0 2
10 11
11 5
2 9
2 4
4 10
6 #edges
0 2
10 11
10 5
2 9
2 4
4 10
