50 # patients
4 #trees for patient 0
6 #edges
0 1
0 5
1 9
1 4
1 7
7 3
6 #edges
0 1
0 5
4 9
1 4
1 7
7 3
6 #edges
0 1
4 9
1 4
1 7
7 5
7 3
6 #edges
0 1
1 9
1 4
1 7
7 5
7 3
4 #trees for patient 1
6 #edges
0 1
1 9
1 4
1 7
7 5
7 3
6 #edges
0 1
1 9
1 4
1 7
5 3
7 5
6 #edges
0 1
1 9
1 7
5 4
7 5
7 3
6 #edges
0 1
1 9
1 7
5 4
5 3
7 5
14 #trees for patient 2
6 #edges
0 1
0 3
9 4
1 9
1 5
1 7
6 #edges
0 1
0 3
9 4
9 5
1 9
1 7
6 #edges
0 1
0 3
9 5
1 9
1 4
1 7
6 #edges
0 1
0 3
4 5
1 9
1 4
1 7
6 #edges
0 1
0 3
1 9
1 4
1 7
7 5
6 #edges
0 1
0 3
9 4
4 5
1 9
1 7
6 #edges
0 1
0 3
9 4
1 9
1 7
7 5
6 #edges
0 1
9 4
1 9
1 5
1 7
7 3
6 #edges
0 1
9 5
1 9
1 4
1 7
7 3
6 #edges
0 1
4 5
1 9
1 4
1 7
7 3
6 #edges
0 1
1 9
1 4
1 7
7 5
7 3
6 #edges
0 1
9 4
1 9
1 7
7 5
7 3
6 #edges
0 1
9 4
4 5
1 9
1 7
7 3
6 #edges
0 1
9 4
9 5
1 9
1 7
7 3
2 #trees for patient 3
6 #edges
0 1
1 9
1 7
5 4
7 5
7 3
6 #edges
0 1
1 9
1 4
1 7
7 5
7 3
4 #trees for patient 4
6 #edges
0 1
1 9
1 4
1 7
7 5
7 3
6 #edges
0 1
1 9
1 7
3 4
7 5
7 3
6 #edges
0 1
1 9
1 4
1 5
1 7
7 3
6 #edges
0 1
1 9
1 5
1 7
3 4
7 3
27 #trees for patient 5
6 #edges
0 4
0 1
1 5
1 7
5 9
7 3
6 #edges
0 4
0 1
1 5
1 7
7 9
7 3
6 #edges
0 4
0 1
1 9
1 7
7 5
7 3
6 #edges
0 4
0 1
1 7
7 9
7 5
7 3
6 #edges
0 4
0 1
1 7
5 9
7 5
7 3
6 #edges
0 9
0 1
9 4
1 5
1 7
7 3
6 #edges
0 9
0 1
9 4
1 7
7 5
7 3
6 #edges
0 9
0 1
1 4
1 7
7 5
7 3
6 #edges
0 9
0 1
1 7
7 4
7 5
7 3
6 #edges
0 9
0 1
1 7
5 4
7 5
7 3
6 #edges
0 9
0 1
1 5
1 7
7 4
7 3
6 #edges
0 9
0 1
1 5
1 7
5 4
7 3
6 #edges
0 1
1 5
1 7
7 9
7 4
7 3
6 #edges
0 1
9 4
1 5
1 7
7 9
7 3
6 #edges
0 1
1 5
1 7
5 4
7 9
7 3
6 #edges
0 1
9 4
1 5
1 7
5 9
7 3
6 #edges
0 1
1 5
1 7
5 9
7 4
7 3
6 #edges
0 1
1 4
1 7
7 9
7 5
7 3
6 #edges
0 1
9 4
1 7
7 9
7 5
7 3
6 #edges
0 1
1 7
5 4
7 9
7 5
7 3
6 #edges
0 1
1 9
1 7
5 4
7 5
7 3
6 #edges
0 1
1 4
1 7
5 9
7 5
7 3
6 #edges
0 1
1 7
5 9
7 4
7 5
7 3
6 #edges
0 1
9 4
1 7
5 9
7 5
7 3
6 #edges
0 1
1 9
1 4
1 7
7 5
7 3
6 #edges
0 1
1 9
1 7
7 4
7 5
7 3
6 #edges
0 1
9 4
1 9
1 7
7 5
7 3
4 #trees for patient 6
6 #edges
0 4
0 1
1 9
1 7
5 3
7 5
6 #edges
0 4
0 1
1 9
1 7
7 5
7 3
6 #edges
0 1
1 9
1 4
1 7
7 5
7 3
6 #edges
0 1
1 9
1 4
1 7
5 3
7 5
8 #trees for patient 7
6 #edges
0 10
9 4
9 6
9 3
1 9
10 1
6 #edges
0 10
9 6
9 3
6 4
1 9
10 1
6 #edges
0 10
9 4
9 6
1 9
1 3
10 1
6 #edges
0 10
9 6
6 4
1 9
1 3
10 1
6 #edges
0 1
9 4
9 6
1 10
10 9
10 3
6 #edges
0 1
9 6
6 4
1 10
10 9
10 3
6 #edges
0 1
9 6
9 3
6 4
1 10
10 9
6 #edges
0 1
9 4
9 6
9 3
1 10
10 9
6 #trees for patient 8
6 #edges
0 6
0 10
9 4
4 3
1 9
10 1
6 #edges
0 6
0 10
9 4
1 9
1 3
10 1
6 #edges
0 10
9 4
1 9
1 3
10 6
10 1
6 #edges
0 10
9 4
9 6
1 9
1 3
10 1
6 #edges
0 10
9 4
9 6
4 3
1 9
10 1
6 #edges
0 10
9 4
4 3
1 9
10 6
10 1
4 #trees for patient 9
6 #edges
0 4
0 10
1 9
1 3
3 6
10 1
6 #edges
0 4
0 10
9 6
1 9
1 3
10 1
6 #edges
0 10
9 4
1 9
1 3
3 6
10 1
6 #edges
0 10
9 4
9 6
1 9
1 3
10 1
14 #trees for patient 10
6 #edges
0 10
9 4
9 6
1 9
1 3
10 1
6 #edges
0 10
9 6
6 4
1 9
1 3
10 1
6 #edges
0 10
9 6
9 3
6 4
1 9
10 1
6 #edges
0 10
9 6
6 4
6 3
1 9
10 1
6 #edges
0 10
9 6
4 3
6 4
1 9
10 1
6 #edges
0 10
9 4
9 6
6 3
1 9
10 1
6 #edges
0 10
9 4
9 6
4 3
1 9
10 1
6 #edges
0 1
9 6
6 4
1 10
10 9
10 3
6 #edges
0 1
9 4
9 6
1 10
10 9
10 3
6 #edges
0 1
9 6
9 3
6 4
1 10
10 9
6 #edges
0 1
9 4
9 6
4 3
1 10
10 9
6 #edges
0 1
9 4
9 6
6 3
1 10
10 9
6 #edges
0 1
9 6
6 4
6 3
1 10
10 9
6 #edges
0 1
9 6
4 3
6 4
1 10
10 9
4 #trees for patient 11
6 #edges
0 10
9 4
9 6
1 9
1 3
10 1
6 #edges
0 10
9 4
9 6
9 3
1 9
10 1
6 #edges
0 1
9 4
9 6
1 10
10 9
10 3
6 #edges
0 1
9 4
9 6
9 3
1 10
10 9
4 #trees for patient 12
6 #edges
0 10
9 4
9 6
1 9
10 1
10 3
6 #edges
0 10
9 4
4 6
1 9
10 1
10 3
6 #edges
0 10
9 4
9 6
1 9
1 3
10 1
6 #edges
0 10
9 4
4 6
1 9
1 3
10 1
4 #trees for patient 13
6 #edges
0 10
9 4
9 6
1 9
10 1
10 3
6 #edges
0 10
9 4
4 6
1 9
10 1
10 3
6 #edges
0 10
9 4
4 6
1 9
1 3
10 1
6 #edges
0 10
9 4
9 6
1 9
1 3
10 1
2 #trees for patient 14
6 #edges
0 10
9 4
9 6
1 9
1 3
10 1
6 #edges
0 10
9 6
6 4
1 9
1 3
10 1
4 #trees for patient 15
6 #edges
0 10
9 4
9 6
1 9
1 3
10 1
6 #edges
0 10
9 4
9 6
4 3
1 9
10 1
6 #edges
0 1
9 4
9 6
1 10
10 9
10 3
6 #edges
0 1
9 4
9 6
4 3
1 10
10 9
4 #trees for patient 16
6 #edges
0 10
9 4
9 6
1 9
1 3
10 1
6 #edges
0 10
9 6
1 9
1 3
3 4
10 1
6 #edges
0 1
9 4
9 6
1 10
10 9
10 3
6 #edges
0 1
9 6
1 10
3 4
10 9
10 3
4 #trees for patient 17
6 #edges
0 10
9 4
9 6
1 9
1 3
10 1
6 #edges
0 10
9 6
6 4
1 9
1 3
10 1
6 #edges
0 1
9 4
9 6
1 10
10 9
10 3
6 #edges
0 1
9 6
6 4
1 10
10 9
10 3
4 #trees for patient 18
6 #edges
11 2
0 6
0 8
8 11
2 4
2 10
6 #edges
11 8
0 11
0 6
8 2
2 4
2 10
6 #edges
11 2
0 8
8 11
2 4
2 10
10 6
6 #edges
11 8
0 11
8 2
2 4
2 10
10 6
4 #trees for patient 19
6 #edges
11 4
11 10
0 6
0 8
8 2
2 11
6 #edges
11 4
0 6
0 8
4 10
8 2
2 11
6 #edges
11 2
0 6
0 8
4 10
8 11
2 4
6 #edges
11 2
0 6
0 8
8 11
2 4
2 10
4 #trees for patient 20
6 #edges
11 2
0 6
0 8
6 4
8 11
2 10
6 #edges
11 2
0 6
0 8
8 11
2 4
2 10
6 #edges
11 8
0 11
0 6
6 4
8 2
2 10
6 #edges
11 8
0 11
0 6
8 2
2 4
2 10
6 #trees for patient 21
6 #edges
11 8
0 11
0 6
8 2
2 4
2 10
6 #edges
11 2
0 6
0 8
8 11
2 4
2 10
6 #edges
11 2
0 8
8 11
2 4
2 6
2 10
6 #edges
11 2
0 8
8 11
2 4
2 10
10 6
6 #edges
11 8
0 11
8 2
2 4
2 10
10 6
6 #edges
11 8
0 11
8 2
2 4
2 6
2 10
6 #trees for patient 22
6 #edges
11 8
0 6
0 2
8 4
8 10
2 11
6 #edges
11 4
11 10
0 6
0 2
8 11
2 8
6 #edges
11 2
0 6
0 8
8 11
2 4
2 10
6 #edges
11 4
11 10
0 6
0 8
8 2
2 11
6 #edges
11 2
0 11
0 6
8 4
8 10
2 8
6 #edges
11 8
0 11
0 6
8 2
2 4
2 10
6 #trees for patient 23
6 #edges
11 8
0 11
0 6
8 2
2 4
2 10
6 #edges
11 2
0 6
0 8
8 11
2 4
2 10
6 #edges
11 6
11 2
0 8
8 11
2 4
2 10
6 #edges
11 2
0 8
8 11
2 4
2 10
10 6
6 #edges
11 8
0 11
8 2
2 4
2 10
10 6
6 #edges
11 8
0 11
8 6
8 2
2 4
2 10
4 #trees for patient 24
6 #edges
11 2
0 6
0 8
8 11
2 4
2 10
6 #edges
11 2
0 6
0 8
8 11
2 10
10 4
6 #edges
11 2
0 8
8 11
8 6
2 4
2 10
6 #edges
11 2
0 8
8 11
8 6
2 10
10 4
2 #trees for patient 25
6 #edges
11 2
0 6
0 8
8 11
2 4
2 10
6 #edges
11 4
11 2
0 6
0 8
8 11
2 10
6 #trees for patient 26
6 #edges
11 4
11 10
0 6
0 2
8 11
2 8
6 #edges
11 8
0 6
0 2
8 4
8 10
2 11
6 #edges
11 2
0 6
0 8
8 11
2 4
2 10
6 #edges
11 4
11 10
0 6
0 8
8 2
2 11
6 #edges
11 8
0 11
0 6
8 2
2 4
2 10
6 #edges
11 2
0 11
0 6
8 4
8 10
2 8
13 #trees for patient 27
6 #edges
0 4
0 7
4 3
4 10
3 11
10 8
6 #edges
0 4
0 7
4 3
4 10
7 11
10 8
6 #edges
0 4
0 7
4 3
4 10
8 11
10 8
6 #edges
0 4
0 7
4 11
4 10
8 3
10 8
6 #edges
11 3
0 4
0 7
4 11
4 10
10 8
6 #edges
0 4
0 7
4 11
4 10
7 3
10 8
6 #edges
0 4
0 7
4 10
8 11
8 3
10 8
6 #edges
0 4
0 7
4 10
3 11
8 3
10 8
6 #edges
0 4
0 7
4 10
8 3
7 11
10 8
6 #edges
0 4
0 7
4 10
8 11
7 3
10 8
6 #edges
11 3
0 4
0 7
4 10
8 11
10 8
6 #edges
11 3
0 4
0 7
4 10
7 11
10 8
6 #edges
0 4
0 7
4 10
3 11
7 3
10 8
2 #trees for patient 28
6 #edges
0 4
0 3
4 10
3 7
7 11
10 8
6 #edges
0 4
0 7
4 10
3 11
7 3
10 8
374 #trees for patient 29
6 #edges
0 11
0 4
0 3
0 8
0 7
4 10
6 #edges
0 4
0 3
0 8
0 7
4 10
3 11
6 #edges
0 4
0 3
0 8
0 7
0 10
3 11
6 #edges
0 4
0 3
0 8
0 7
4 10
7 11
6 #edges
0 4
0 3
0 8
0 7
0 10
7 11
6 #edges
0 4
0 3
0 8
0 7
4 10
10 11
6 #edges
0 4
0 3
0 8
0 7
0 10
10 11
6 #edges
0 4
0 3
0 8
0 7
0 10
4 11
6 #edges
11 3
0 4
0 8
0 7
0 10
4 11
6 #edges
0 4
0 8
0 7
0 10
4 11
4 3
6 #edges
0 4
0 8
0 7
0 10
4 11
7 3
6 #edges
0 4
0 8
0 7
0 10
4 11
10 3
6 #edges
0 4
0 8
0 7
4 10
10 11
10 3
6 #edges
11 3
0 4
0 8
0 7
4 10
10 11
6 #edges
0 4
0 8
0 7
4 10
7 3
10 11
6 #edges
0 11
0 4
0 8
0 7
4 10
10 3
6 #edges
11 3
0 11
0 4
0 8
0 7
4 10
6 #edges
0 11
0 4
0 8
0 7
4 10
7 3
6 #edges
0 4
0 8
0 7
4 10
3 11
7 3
6 #edges
0 4
0 8
0 7
4 10
7 11
10 3
6 #edges
0 4
0 8
0 7
4 10
3 11
10 3
6 #edges
11 3
0 4
0 8
0 7
4 10
7 11
6 #edges
0 4
0 8
0 7
0 10
4 3
7 11
6 #edges
11 3
0 4
0 8
0 7
0 10
7 11
6 #edges
0 4
0 8
0 7
0 10
7 11
10 3
6 #edges
0 11
0 4
0 8
0 7
0 10
4 3
6 #edges
11 3
0 11
0 4
0 8
0 7
0 10
6 #edges
0 11
0 4
0 8
0 7
0 10
10 3
6 #edges
0 11
0 4
0 8
0 7
0 10
7 3
6 #edges
0 4
0 8
0 7
0 10
7 3
10 11
6 #edges
0 4
0 8
0 7
0 10
3 11
7 3
6 #edges
0 4
0 8
0 7
0 10
4 3
10 11
6 #edges
0 4
0 8
0 7
0 10
4 3
3 11
6 #edges
0 4
0 8
0 7
0 10
10 11
10 3
6 #edges
0 4
0 8
0 7
0 10
3 11
10 3
6 #edges
11 3
0 4
0 8
0 7
0 10
10 11
6 #edges
0 4
0 7
4 10
7 3
10 11
10 8
6 #edges
0 4
0 7
4 10
3 11
7 3
10 8
6 #edges
0 11
0 4
0 7
4 10
7 3
10 8
6 #edges
0 4
0 7
0 10
4 8
3 11
7 3
6 #edges
0 4
0 7
0 10
3 11
7 3
10 8
6 #edges
0 11
0 4
0 7
0 10
4 8
7 3
6 #edges
0 4
0 7
0 10
4 11
4 8
7 3
6 #edges
0 4
0 7
0 10
4 8
7 3
10 11
6 #edges
0 4
0 7
0 10
4 11
7 3
10 8
6 #edges
0 11
0 4
0 7
0 10
7 3
10 8
6 #edges
0 4
0 7
0 10
7 3
10 11
10 8
6 #edges
0 4
0 7
0 10
4 3
7 11
10 8
6 #edges
0 4
0 7
0 10
4 3
4 8
7 11
6 #edges
11 3
0 4
0 7
0 10
4 8
7 11
6 #edges
11 3
0 4
0 7
0 10
7 11
10 8
6 #edges
11 3
0 4
0 7
4 10
7 11
10 8
6 #edges
0 4
0 3
0 7
0 10
7 11
10 8
6 #edges
0 4
0 3
0 7
0 10
4 8
7 11
6 #edges
0 4
0 7
0 10
7 11
10 3
10 8
6 #edges
0 4
0 7
0 10
4 8
7 11
10 3
6 #edges
0 4
0 3
0 7
4 10
7 11
10 8
6 #edges
0 4
0 7
4 10
7 11
10 3
10 8
6 #edges
0 4
0 3
0 7
0 10
4 11
10 8
6 #edges
0 4
0 3
0 7
0 10
4 11
4 8
6 #edges
0 4
0 3
0 7
0 10
10 11
10 8
6 #edges
0 4
0 3
0 7
0 10
4 8
10 11
6 #edges
0 4
0 3
0 7
0 10
4 8
3 11
6 #edges
0 4
0 3
0 7
0 10
3 11
10 8
6 #edges
0 4
0 3
0 7
4 10
3 11
10 8
6 #edges
0 11
0 4
0 3
0 7
4 10
10 8
6 #edges
0 4
0 3
0 7
4 10
10 11
10 8
6 #edges
0 4
0 7
0 10
4 11
4 3
4 8
6 #edges
11 3
0 4
0 7
0 10
4 11
4 8
6 #edges
0 4
0 7
0 10
4 11
4 8
10 3
6 #edges
0 4
0 7
0 10
4 11
4 3
10 8
6 #edges
0 4
0 7
0 10
4 11
10 3
10 8
6 #edges
11 3
0 4
0 7
0 10
4 11
10 8
6 #edges
11 3
0 11
0 4
0 7
4 10
10 8
6 #edges
0 11
0 4
0 7
4 10
10 3
10 8
6 #edges
11 3
0 4
0 7
4 10
10 11
10 8
6 #edges
0 4
0 7
4 10
10 11
10 3
10 8
6 #edges
0 4
0 7
4 10
3 11
10 3
10 8
6 #edges
11 3
0 11
0 4
0 7
0 10
4 8
6 #edges
0 11
0 4
0 7
0 10
4 3
4 8
6 #edges
0 11
0 4
0 7
0 10
4 8
10 3
6 #edges
0 4
0 7
0 10
4 8
3 11
10 3
6 #edges
0 4
0 7
0 10
4 8
10 11
10 3
6 #edges
0 4
0 7
0 10
4 3
4 8
10 11
6 #edges
11 3
0 4
0 7
0 10
4 8
10 11
6 #edges
0 4
0 7
0 10
4 3
4 8
3 11
6 #edges
0 11
0 4
0 7
0 10
4 3
10 8
6 #edges
0 4
0 7
0 10
4 3
10 11
10 8
6 #edges
0 4
0 7
0 10
4 3
3 11
10 8
6 #edges
11 3
0 11
0 4
0 7
0 10
10 8
6 #edges
0 11
0 4
0 7
0 10
10 3
10 8
6 #edges
11 3
0 4
0 7
0 10
10 11
10 8
6 #edges
0 4
0 7
0 10
10 11
10 3
10 8
6 #edges
0 4
0 7
0 10
3 11
10 3
10 8
6 #edges
11 7
0 11
0 4
0 3
0 10
10 8
6 #edges
11 7
0 11
0 4
0 3
0 8
0 10
6 #edges
11 7
0 11
0 4
0 3
0 10
4 8
6 #edges
0 11
0 4
0 3
0 8
0 10
3 7
6 #edges
0 11
0 4
0 3
0 8
0 10
10 7
6 #edges
0 11
0 4
0 3
0 8
0 10
4 7
6 #edges
0 11
0 4
0 3
0 10
4 7
10 8
6 #edges
0 11
0 4
0 3
0 10
4 8
4 7
6 #edges
0 11
0 4
0 3
0 10
3 7
10 8
6 #edges
0 11
0 4
0 3
0 10
4 8
3 7
6 #edges
0 11
0 4
0 3
0 10
4 8
10 7
6 #edges
0 11
0 4
0 3
0 10
10 8
10 7
6 #edges
0 11
0 4
0 3
0 8
4 10
10 7
6 #edges
11 7
0 11
0 4
0 3
0 8
4 10
6 #edges
0 11
0 4
0 3
0 8
4 10
3 7
6 #edges
11 7
0 11
0 4
0 3
4 10
10 8
6 #edges
0 11
0 4
0 3
4 10
3 7
10 8
6 #edges
0 11
0 4
0 3
4 10
10 8
10 7
6 #edges
0 4
0 3
0 8
0 10
7 11
10 7
6 #edges
0 4
0 3
0 8
0 10
4 11
10 7
6 #edges
0 4
0 3
0 8
0 10
3 11
10 7
6 #edges
0 4
0 3
0 8
0 10
10 11
10 7
6 #edges
0 4
0 3
0 8
0 10
4 11
3 7
6 #edges
0 4
0 3
0 8
0 10
3 7
10 11
6 #edges
0 4
0 3
0 8
0 10
3 7
7 11
6 #edges
0 4
0 3
0 8
0 10
4 7
3 11
6 #edges
11 7
0 4
0 3
0 8
0 10
3 11
6 #edges
11 7
0 4
0 3
0 8
0 10
4 11
6 #edges
0 4
0 3
0 8
0 10
4 11
4 7
6 #edges
11 7
0 4
0 3
0 8
0 10
10 11
6 #edges
0 4
0 3
0 8
0 10
4 7
10 11
6 #edges
0 4
0 3
0 8
0 10
4 7
7 11
6 #edges
11 7
0 4
0 3
0 8
4 10
3 11
6 #edges
0 4
0 3
0 8
4 10
3 11
10 7
6 #edges
0 4
0 3
0 8
4 10
3 7
7 11
6 #edges
0 4
0 3
0 8
4 10
3 7
10 11
6 #edges
0 4
0 3
0 8
4 10
7 11
10 7
6 #edges
0 4
0 3
0 8
4 10
10 11
10 7
6 #edges
11 7
0 4
0 3
0 8
4 10
10 11
6 #edges
0 4
0 3
0 10
4 8
3 11
10 7
6 #edges
0 4
0 3
0 10
3 11
10 8
10 7
6 #edges
11 7
0 4
0 3
0 10
3 11
10 8
6 #edges
11 7
0 4
0 3
0 10
4 8
3 11
6 #edges
0 4
0 3
0 10
4 7
3 11
10 8
6 #edges
0 4
0 3
0 10
4 8
4 7
3 11
6 #edges
11 7
0 4
0 3
4 10
3 11
10 8
6 #edges
0 4
0 3
4 10
3 11
10 8
10 7
6 #edges
0 4
0 3
0 10
3 7
7 11
10 8
6 #edges
0 4
0 3
0 10
3 7
10 11
10 8
6 #edges
0 4
0 3
0 10
4 11
3 7
10 8
6 #edges
0 4
0 3
0 10
4 8
3 7
10 11
6 #edges
0 4
0 3
0 10
4 8
3 7
7 11
6 #edges
0 4
0 3
0 10
4 11
4 8
3 7
6 #edges
0 4
0 3
0 10
4 8
10 11
10 7
6 #edges
0 4
0 3
0 10
10 11
10 8
10 7
6 #edges
0 4
0 3
0 10
7 11
10 8
10 7
6 #edges
0 4
0 3
0 10
4 8
7 11
10 7
6 #edges
0 4
0 3
0 10
4 11
10 8
10 7
6 #edges
0 4
0 3
0 10
4 11
4 8
10 7
6 #edges
0 4
0 3
0 10
4 11
4 8
4 7
6 #edges
0 4
0 3
0 10
4 11
4 7
10 8
6 #edges
11 7
0 4
0 3
0 10
4 11
10 8
6 #edges
11 7
0 4
0 3
0 10
4 11
4 8
6 #edges
0 4
0 3
0 10
4 8
4 7
7 11
6 #edges
0 4
0 3
0 10
4 8
4 7
10 11
6 #edges
11 7
0 4
0 3
0 10
4 8
10 11
6 #edges
11 7
0 4
0 3
0 10
10 11
10 8
6 #edges
0 4
0 3
0 10
4 7
10 11
10 8
6 #edges
0 4
0 3
0 10
4 7
7 11
10 8
6 #edges
0 4
0 3
4 10
3 7
7 11
10 8
6 #edges
0 4
0 3
4 10
3 7
10 11
10 8
6 #edges
0 4
0 3
4 10
10 11
10 8
10 7
6 #edges
0 4
0 3
4 10
7 11
10 8
10 7
6 #edges
11 7
0 4
0 3
4 10
10 11
10 8
6 #edges
11 3
0 11
0 4
0 8
4 10
3 7
6 #edges
11 3
0 11
0 4
0 8
0 10
3 7
6 #edges
11 3
0 11
0 4
0 8
4 10
10 7
6 #edges
11 3
0 11
0 4
0 8
0 10
4 7
6 #edges
11 3
0 11
0 4
0 8
0 10
10 7
6 #edges
11 7
0 11
0 4
0 8
0 10
7 3
6 #edges
11 7
0 11
0 4
0 8
4 10
7 3
6 #edges
11 7
0 11
0 4
0 8
0 10
4 3
6 #edges
11 7
0 11
0 4
0 8
0 10
10 3
6 #edges
11 7
0 11
0 4
0 8
4 10
10 3
6 #edges
0 11
0 4
0 8
0 10
4 3
10 7
6 #edges
0 11
0 4
0 8
0 10
10 3
10 7
6 #edges
0 11
0 4
0 8
0 10
7 3
10 7
6 #edges
0 11
0 4
0 8
0 10
4 7
10 3
6 #edges
0 11
0 4
0 8
0 10
3 7
10 3
6 #edges
0 11
0 4
0 8
0 10
4 3
4 7
6 #edges
0 11
0 4
0 8
0 10
4 7
7 3
6 #edges
0 11
0 4
0 8
0 10
4 3
3 7
6 #edges
0 11
0 4
0 8
4 10
10 3
10 7
6 #edges
0 11
0 4
0 8
4 10
7 3
10 7
6 #edges
0 11
0 4
0 8
4 10
3 7
10 3
6 #edges
11 3
0 11
0 4
0 10
4 8
3 7
6 #edges
11 3
0 11
0 4
0 10
4 8
4 7
6 #edges
11 3
0 11
0 4
0 10
4 8
10 7
6 #edges
11 7
0 11
0 4
0 10
4 3
4 8
6 #edges
11 7
0 11
0 4
0 10
4 8
7 3
6 #edges
11 7
0 11
0 4
0 10
4 8
10 3
6 #edges
0 11
0 4
0 10
4 3
4 8
10 7
6 #edges
0 11
0 4
0 10
4 3
4 8
4 7
6 #edges
0 11
0 4
0 10
4 3
4 8
3 7
6 #edges
0 11
0 4
0 10
4 8
7 3
10 7
6 #edges
0 11
0 4
0 10
4 8
10 3
10 7
6 #edges
0 11
0 4
0 10
4 8
3 7
10 3
6 #edges
0 11
0 4
0 10
4 8
4 7
10 3
6 #edges
0 11
0 4
0 10
4 8
4 7
7 3
6 #edges
0 11
0 4
0 10
4 3
4 7
10 8
6 #edges
11 7
0 11
0 4
0 10
4 3
10 8
6 #edges
0 11
0 4
0 10
4 3
3 7
10 8
6 #edges
0 11
0 4
0 10
4 3
10 8
10 7
6 #edges
11 7
0 11
0 4
4 10
10 3
10 8
6 #edges
11 7
0 11
0 4
4 10
7 3
10 8
6 #edges
11 7
0 11
0 4
0 10
10 3
10 8
6 #edges
11 7
0 11
0 4
0 10
7 3
10 8
6 #edges
11 3
0 11
0 4
4 10
3 7
10 8
6 #edges
11 3
0 11
0 4
4 10
10 8
10 7
6 #edges
0 11
0 4
4 10
3 7
10 3
10 8
6 #edges
0 11
0 4
4 10
10 3
10 8
10 7
6 #edges
0 11
0 4
4 10
7 3
10 8
10 7
6 #edges
11 3
0 11
0 4
0 10
4 7
10 8
6 #edges
11 3
0 11
0 4
0 10
10 8
10 7
6 #edges
11 3
0 11
0 4
0 10
3 7
10 8
6 #edges
0 11
0 4
0 10
10 3
10 8
10 7
6 #edges
0 11
0 4
0 10
7 3
10 8
10 7
6 #edges
0 11
0 4
0 10
4 7
10 3
10 8
6 #edges
0 11
0 4
0 10
3 7
10 3
10 8
6 #edges
0 11
0 4
0 10
4 7
7 3
10 8
6 #edges
0 4
0 8
0 10
4 3
3 11
10 7
6 #edges
0 4
0 8
0 10
4 3
4 7
3 11
6 #edges
11 7
0 4
0 8
0 10
4 3
3 11
6 #edges
0 4
0 8
0 10
4 11
4 3
3 7
6 #edges
11 7
0 4
0 8
0 10
4 11
4 3
6 #edges
0 4
0 8
0 10
4 11
4 3
10 7
6 #edges
0 4
0 8
0 10
4 3
4 7
7 11
6 #edges
0 4
0 8
0 10
4 3
4 7
10 11
6 #edges
0 4
0 8
0 10
4 3
10 11
10 7
6 #edges
0 4
0 8
0 10
4 3
7 11
10 7
6 #edges
0 4
0 8
0 10
4 3
3 7
7 11
6 #edges
0 4
0 8
0 10
4 3
3 7
10 11
6 #edges
11 7
0 4
0 8
0 10
4 3
10 11
6 #edges
0 4
0 8
4 10
3 7
7 11
10 3
6 #edges
0 4
0 8
4 10
3 7
10 11
10 3
6 #edges
0 4
0 8
4 10
3 11
10 3
10 7
6 #edges
0 4
0 8
4 10
7 11
10 3
10 7
6 #edges
11 7
0 4
0 8
4 10
10 11
10 3
6 #edges
11 7
0 4
0 8
4 10
3 11
10 3
6 #edges
11 7
0 4
0 8
4 10
7 3
10 11
6 #edges
0 4
0 8
4 10
7 3
10 11
10 7
6 #edges
11 3
0 4
0 8
4 10
10 11
10 7
6 #edges
11 3
0 4
0 8
4 10
3 7
10 11
6 #edges
11 3
0 4
0 8
4 10
7 11
10 7
6 #edges
0 4
0 8
4 10
3 11
7 3
10 7
6 #edges
11 3
0 4
0 8
0 10
4 7
7 11
6 #edges
0 4
0 8
0 10
4 7
7 11
10 3
6 #edges
0 4
0 8
0 10
4 11
4 7
7 3
6 #edges
11 3
0 4
0 8
0 10
4 11
4 7
6 #edges
0 4
0 8
0 10
4 11
4 7
10 3
6 #edges
0 4
0 8
0 10
4 7
3 11
7 3
6 #edges
0 4
0 8
0 10
4 7
7 3
10 11
6 #edges
11 3
0 4
0 8
0 10
4 7
10 11
6 #edges
0 4
0 8
0 10
4 7
10 11
10 3
6 #edges
0 4
0 8
0 10
4 7
3 11
10 3
6 #edges
11 3
0 4
0 8
0 10
4 11
3 7
6 #edges
11 3
0 4
0 8
0 10
4 11
10 7
6 #edges
11 7
0 4
0 8
0 10
4 11
10 3
6 #edges
11 7
0 4
0 8
0 10
4 11
7 3
6 #edges
0 4
0 8
0 10
4 11
7 3
10 7
6 #edges
0 4
0 8
0 10
4 11
10 3
10 7
6 #edges
0 4
0 8
0 10
4 11
3 7
10 3
6 #edges
0 4
0 8
0 10
7 3
10 11
10 7
6 #edges
11 3
0 4
0 8
0 10
10 11
10 7
6 #edges
0 4
0 8
0 10
3 11
7 3
10 7
6 #edges
0 4
0 8
0 10
3 11
10 3
10 7
6 #edges
0 4
0 8
0 10
7 11
10 3
10 7
6 #edges
11 3
0 4
0 8
0 10
7 11
10 7
6 #edges
11 7
0 4
0 8
0 10
3 11
10 3
6 #edges
0 4
0 8
0 10
3 7
10 11
10 3
6 #edges
11 7
0 4
0 8
0 10
10 11
10 3
6 #edges
0 4
0 8
0 10
3 7
7 11
10 3
6 #edges
11 7
0 4
0 8
0 10
7 3
10 11
6 #edges
11 3
0 4
0 8
0 10
3 7
10 11
6 #edges
0 4
0 10
4 11
4 8
10 3
10 7
6 #edges
0 4
0 10
4 11
10 3
10 8
10 7
6 #edges
0 4
0 10
4 8
3 11
10 3
10 7
6 #edges
0 4
0 10
3 11
10 3
10 8
10 7
6 #edges
0 4
0 10
4 8
7 11
10 3
10 7
6 #edges
0 4
0 10
7 11
10 3
10 8
10 7
6 #edges
0 4
0 10
4 3
4 8
3 11
10 7
6 #edges
0 4
0 10
4 3
4 8
7 11
10 7
6 #edges
0 4
0 10
4 3
4 8
10 11
10 7
6 #edges
0 4
0 10
4 11
4 3
4 8
10 7
6 #edges
11 3
0 4
0 10
4 8
7 11
10 7
6 #edges
0 4
0 10
4 8
7 3
10 11
10 7
6 #edges
11 3
0 4
0 10
4 8
10 11
10 7
6 #edges
11 3
0 4
0 10
4 11
4 8
10 7
6 #edges
0 4
0 10
4 11
4 8
7 3
10 7
6 #edges
0 4
0 10
4 8
3 11
7 3
10 7
6 #edges
0 4
0 10
4 3
10 11
10 8
10 7
6 #edges
0 4
0 10
4 11
4 3
10 8
10 7
6 #edges
0 4
0 10
4 3
7 11
10 8
10 7
6 #edges
0 4
0 10
4 3
3 11
10 8
10 7
6 #edges
11 3
0 4
0 10
10 11
10 8
10 7
6 #edges
0 4
0 10
7 3
10 11
10 8
10 7
6 #edges
0 4
0 10
4 11
7 3
10 8
10 7
6 #edges
11 3
0 4
0 10
4 11
10 8
10 7
6 #edges
0 4
0 10
3 11
7 3
10 8
10 7
6 #edges
11 3
0 4
0 10
7 11
10 8
10 7
6 #edges
0 4
0 10
3 7
7 11
10 3
10 8
6 #edges
0 4
0 10
4 11
3 7
10 3
10 8
6 #edges
0 4
0 10
3 7
10 11
10 3
10 8
6 #edges
11 7
0 4
0 10
3 11
10 3
10 8
6 #edges
0 4
0 10
4 7
3 11
10 3
10 8
6 #edges
0 4
0 10
4 7
10 11
10 3
10 8
6 #edges
11 7
0 4
0 10
10 11
10 3
10 8
6 #edges
0 4
0 10
4 11
4 7
10 3
10 8
6 #edges
11 7
0 4
0 10
4 11
10 3
10 8
6 #edges
0 4
0 10
4 7
7 11
10 3
10 8
6 #edges
0 4
0 10
4 3
4 7
10 11
10 8
6 #edges
11 7
0 4
0 10
4 3
10 11
10 8
6 #edges
0 4
0 10
4 3
3 7
10 11
10 8
6 #edges
11 3
0 4
0 10
4 7
10 11
10 8
6 #edges
11 3
0 4
0 10
3 7
10 11
10 8
6 #edges
0 4
0 10
4 7
7 3
10 11
10 8
6 #edges
11 7
0 4
0 10
7 3
10 11
10 8
6 #edges
0 4
0 10
4 7
3 11
7 3
10 8
6 #edges
0 4
0 10
4 11
4 7
7 3
10 8
6 #edges
0 4
0 10
4 3
4 7
7 11
10 8
6 #edges
11 3
0 4
0 10
4 7
7 11
10 8
6 #edges
11 3
0 4
0 10
4 11
4 7
10 8
6 #edges
0 4
0 10
4 3
4 7
3 11
10 8
6 #edges
11 7
0 4
0 10
4 11
4 3
10 8
6 #edges
11 7
0 4
0 10
4 11
7 3
10 8
6 #edges
0 4
0 10
4 11
4 3
3 7
10 8
6 #edges
11 3
0 4
0 10
4 11
3 7
10 8
6 #edges
0 4
0 10
4 3
3 7
7 11
10 8
6 #edges
11 7
0 4
0 10
4 3
3 11
10 8
6 #edges
0 4
0 10
4 8
3 7
10 11
10 3
6 #edges
0 4
0 10
4 11
4 8
3 7
10 3
6 #edges
0 4
0 10
4 8
3 7
7 11
10 3
6 #edges
0 4
0 10
4 11
4 8
4 7
10 3
6 #edges
11 7
0 4
0 10
4 11
4 8
10 3
6 #edges
0 4
0 10
4 8
4 7
3 11
10 3
6 #edges
11 7
0 4
0 10
4 8
3 11
10 3
6 #edges
0 4
0 10
4 8
4 7
10 11
10 3
6 #edges
0 4
0 10
4 8
4 7
7 11
10 3
6 #edges
11 7
0 4
0 10
4 8
10 11
10 3
6 #edges
11 3
0 4
0 10
4 11
4 8
3 7
6 #edges
11 3
0 4
0 10
4 11
4 8
4 7
6 #edges
11 7
0 4
0 10
4 11
4 3
4 8
6 #edges
0 4
0 10
4 11
4 3
4 8
3 7
6 #edges
0 4
0 10
4 11
4 8
4 7
7 3
6 #edges
11 7
0 4
0 10
4 11
4 8
7 3
6 #edges
0 4
0 10
4 3
4 8
4 7
10 11
6 #edges
0 4
0 10
4 3
4 8
4 7
3 11
6 #edges
0 4
0 10
4 3
4 8
4 7
7 11
6 #edges
0 4
0 10
4 8
4 7
7 3
10 11
6 #edges
11 3
0 4
0 10
4 8
4 7
10 11
6 #edges
0 4
0 10
4 8
4 7
3 11
7 3
6 #edges
11 3
0 4
0 10
4 8
4 7
7 11
6 #edges
0 4
0 10
4 3
4 8
3 7
10 11
6 #edges
11 7
0 4
0 10
4 3
4 8
10 11
6 #edges
11 3
0 4
0 10
4 8
3 7
10 11
6 #edges
11 7
0 4
0 10
4 8
7 3
10 11
6 #edges
11 7
0 4
0 10
4 3
4 8
3 11
6 #edges
0 4
0 10
4 3
4 8
3 7
7 11
6 #edges
0 4
4 10
3 7
10 11
10 3
10 8
6 #edges
11 7
0 4
4 10
10 11
10 3
10 8
6 #edges
11 7
0 4
4 10
7 3
10 11
10 8
6 #edges
11 3
0 4
4 10
10 11
10 8
10 7
6 #edges
11 3
0 4
4 10
3 7
10 11
10 8
6 #edges
0 4
4 10
7 3
10 11
10 8
10 7
6 #edges
0 4
4 10
3 7
7 11
10 3
10 8
6 #edges
0 4
4 10
7 11
10 3
10 8
10 7
6 #edges
0 4
4 10
3 11
10 3
10 8
10 7
6 #edges
11 7
0 4
4 10
3 11
10 3
10 8
6 #edges
0 4
4 10
3 11
7 3
10 8
10 7
6 #edges
11 3
0 4
4 10
7 11
10 8
10 7
24 #trees for patient 30
6 #edges
11 3
0 4
0 7
4 10
7 11
10 8
6 #edges
0 4
0 7
4 3
4 10
7 11
10 8
6 #edges
0 4
0 7
4 3
4 10
3 11
10 8
6 #edges
0 4
0 7
4 11
4 10
7 3
10 8
6 #edges
0 4
0 7
4 10
3 11
7 3
10 8
6 #edges
11 3
0 4
0 7
4 11
4 10
10 8
6 #edges
0 4
0 3
4 10
3 7
7 11
10 8
6 #edges
0 4
0 3
4 11
4 10
3 7
10 8
6 #edges
0 4
0 3
4 7
4 10
7 11
10 8
6 #edges
0 4
0 3
4 7
4 10
3 11
10 8
6 #edges
11 7
0 4
0 3
4 10
3 11
10 8
6 #edges
11 7
0 4
0 3
4 11
4 10
10 8
6 #edges
11 7
0 11
0 4
4 10
7 3
10 8
6 #edges
11 7
0 11
0 4
4 3
4 10
10 8
6 #edges
11 3
0 11
0 4
4 10
3 7
10 8
6 #edges
11 3
0 11
0 4
4 7
4 10
10 8
6 #edges
0 11
0 4
4 7
4 10
7 3
10 8
6 #edges
0 11
0 4
4 3
4 10
3 7
10 8
6 #edges
11 3
0 4
4 11
4 10
3 7
10 8
6 #edges
11 7
0 4
4 11
4 10
7 3
10 8
6 #edges
11 7
0 4
4 3
4 10
3 11
10 8
6 #edges
0 4
4 3
4 10
3 7
7 11
10 8
6 #edges
0 4
4 7
4 10
3 11
7 3
10 8
6 #edges
11 3
0 4
4 7
4 10
7 11
10 8
36 #trees for patient 31
6 #edges
11 3
0 8
0 7
8 10
7 11
10 4
6 #edges
11 3
0 8
0 7
4 10
8 4
7 11
6 #edges
0 8
0 7
3 11
8 10
7 3
10 4
6 #edges
0 8
0 7
4 10
3 11
8 4
7 3
6 #edges
0 7
0 10
3 11
8 4
7 3
10 8
6 #edges
11 3
0 7
0 10
8 4
7 11
10 8
6 #edges
11 3
0 7
0 10
4 8
7 11
10 4
6 #edges
0 7
0 10
4 8
3 11
7 3
10 4
6 #edges
11 3
0 4
0 7
4 8
8 10
7 11
6 #edges
11 3
0 4
0 7
4 10
7 11
10 8
6 #edges
0 4
0 7
4 10
3 11
7 3
10 8
6 #edges
0 4
0 7
4 8
3 11
8 10
7 3
6 #edges
11 7
0 4
0 3
4 8
3 11
8 10
6 #edges
11 7
0 4
0 3
4 10
3 11
10 8
6 #edges
11 7
0 3
0 10
4 8
3 11
10 4
6 #edges
11 7
0 3
0 10
3 11
8 4
10 8
6 #edges
11 7
0 3
0 8
4 10
3 11
8 4
6 #edges
11 7
0 3
0 8
3 11
8 10
10 4
6 #edges
0 3
0 8
4 10
3 7
8 4
7 11
6 #edges
0 3
0 8
3 7
8 10
7 11
10 4
6 #edges
0 4
0 3
4 10
3 7
7 11
10 8
6 #edges
0 4
0 3
4 8
3 7
8 10
7 11
6 #edges
0 3
0 10
4 8
3 7
7 11
10 4
6 #edges
0 3
0 10
3 7
8 4
7 11
10 8
6 #edges
11 3
0 11
0 8
4 10
3 7
8 4
6 #edges
11 7
0 11
0 8
4 10
8 4
7 3
6 #edges
11 7
0 11
0 8
8 10
7 3
10 4
6 #edges
11 3
0 11
0 8
3 7
8 10
10 4
6 #edges
11 3
0 11
0 10
3 7
8 4
10 8
6 #edges
11 3
0 11
0 10
4 8
3 7
10 4
6 #edges
11 3
0 11
0 4
4 8
3 7
8 10
6 #edges
11 3
0 11
0 4
4 10
3 7
10 8
6 #edges
11 7
0 11
0 4
4 10
7 3
10 8
6 #edges
11 7
0 11
0 4
4 8
8 10
7 3
6 #edges
11 7
0 11
0 10
4 8
7 3
10 4
6 #edges
11 7
0 11
0 10
8 4
7 3
10 8
84 #trees for patient 32
6 #edges
0 4
0 3
0 8
0 7
0 10
3 11
6 #edges
0 4
0 3
0 8
0 7
0 10
7 11
6 #edges
0 4
0 3
0 7
0 10
7 11
10 8
6 #edges
0 4
0 3
0 7
0 10
3 11
10 8
6 #edges
0 4
0 3
0 7
0 10
4 8
3 11
6 #edges
0 4
0 3
0 7
0 10
4 8
7 11
6 #edges
11 3
0 4
0 8
0 7
0 10
7 11
6 #edges
11 3
0 11
0 4
0 8
0 7
0 10
6 #edges
0 11
0 4
0 8
0 7
0 10
7 3
6 #edges
0 4
0 8
0 7
0 10
3 11
7 3
6 #edges
11 3
0 11
0 4
0 7
0 10
10 8
6 #edges
11 3
0 11
0 4
0 7
0 10
4 8
6 #edges
0 11
0 4
0 7
0 10
7 3
10 8
6 #edges
0 11
0 4
0 7
0 10
4 8
7 3
6 #edges
11 3
0 4
0 7
0 10
7 11
10 8
6 #edges
0 4
0 7
0 10
3 11
7 3
10 8
6 #edges
0 4
0 7
0 10
4 8
3 11
7 3
6 #edges
11 3
0 4
0 7
0 10
4 8
7 11
6 #edges
11 7
0 4
0 3
0 10
3 11
10 8
6 #edges
0 11
0 4
0 3
0 10
3 7
10 8
6 #edges
11 7
0 11
0 4
0 3
0 10
10 8
6 #edges
0 4
0 3
0 10
3 7
7 11
10 8
6 #edges
0 4
0 3
0 10
4 8
3 7
7 11
6 #edges
0 4
0 3
0 8
0 10
3 7
7 11
6 #edges
0 11
0 4
0 3
0 10
4 8
3 7
6 #edges
0 11
0 4
0 3
0 8
0 10
3 7
6 #edges
11 7
0 4
0 3
0 8
0 10
3 11
6 #edges
11 7
0 4
0 3
0 10
4 8
3 11
6 #edges
11 7
0 11
0 4
0 3
0 8
0 10
6 #edges
11 7
0 11
0 4
0 3
0 10
4 8
6 #edges
11 3
0 11
0 4
0 8
0 10
3 7
6 #edges
11 7
0 11
0 4
0 8
0 10
7 3
6 #edges
11 7
0 11
0 4
0 10
7 3
10 8
6 #edges
11 3
0 11
0 4
0 10
3 7
10 8
6 #edges
11 3
0 11
0 4
0 10
4 8
3 7
6 #edges
11 7
0 11
0 4
0 10
4 8
7 3
6 #edges
0 11
0 4
0 3
0 8
4 10
3 7
6 #edges
0 11
0 4
0 3
0 8
3 7
8 10
6 #edges
0 4
0 3
0 8
3 7
8 10
7 11
6 #edges
0 4
0 3
0 8
4 10
3 7
7 11
6 #edges
0 4
0 3
0 8
0 7
8 10
7 11
6 #edges
0 4
0 3
0 8
0 7
3 11
8 10
6 #edges
0 4
0 3
0 8
0 7
4 10
7 11
6 #edges
0 4
0 3
0 8
0 7
4 10
3 11
6 #edges
11 7
0 4
0 3
0 8
3 11
8 10
6 #edges
11 7
0 11
0 4
0 3
0 8
8 10
6 #edges
11 7
0 4
0 3
0 8
4 10
3 11
6 #edges
11 7
0 11
0 4
0 3
0 8
4 10
6 #edges
0 11
0 4
0 8
0 7
4 10
7 3
6 #edges
11 3
0 11
0 4
0 8
0 7
4 10
6 #edges
11 3
0 11
0 4
0 8
4 10
3 7
6 #edges
11 7
0 11
0 4
0 8
4 10
7 3
6 #edges
11 3
0 11
0 4
0 8
3 7
8 10
6 #edges
11 3
0 11
0 4
0 8
0 7
8 10
6 #edges
0 11
0 4
0 8
0 7
8 10
7 3
6 #edges
11 7
0 11
0 4
0 8
8 10
7 3
6 #edges
11 3
0 4
0 8
0 7
8 10
7 11
6 #edges
0 4
0 8
0 7
3 11
8 10
7 3
6 #edges
0 4
0 8
0 7
4 10
3 11
7 3
6 #edges
11 3
0 4
0 8
0 7
4 10
7 11
6 #edges
0 11
0 4
0 7
4 10
7 3
10 8
6 #edges
0 11
0 4
0 7
4 8
8 10
7 3
6 #edges
0 4
0 7
4 10
3 11
7 3
10 8
6 #edges
0 4
0 7
4 8
3 11
8 10
7 3
6 #edges
0 4
0 3
0 7
4 10
7 11
10 8
6 #edges
0 4
0 3
0 7
4 8
8 10
7 11
6 #edges
0 4
0 3
0 7
4 8
3 11
8 10
6 #edges
0 4
0 3
0 7
4 10
3 11
10 8
6 #edges
11 3
0 11
0 4
0 7
4 10
10 8
6 #edges
11 3
0 11
0 4
0 7
4 8
8 10
6 #edges
11 3
0 4
0 7
4 8
8 10
7 11
6 #edges
11 3
0 4
0 7
4 10
7 11
10 8
6 #edges
0 11
0 4
0 3
4 10
3 7
10 8
6 #edges
0 11
0 4
0 3
4 8
3 7
8 10
6 #edges
11 7
0 11
0 4
0 3
4 8
8 10
6 #edges
11 7
0 11
0 4
0 3
4 10
10 8
6 #edges
11 7
0 4
0 3
4 10
3 11
10 8
6 #edges
11 7
0 4
0 3
4 8
3 11
8 10
6 #edges
0 4
0 3
4 10
3 7
7 11
10 8
6 #edges
0 4
0 3
4 8
3 7
8 10
7 11
6 #edges
11 7
0 11
0 4
4 10
7 3
10 8
6 #edges
11 7
0 11
0 4
4 8
8 10
7 3
6 #edges
11 3
0 11
0 4
4 8
3 7
8 10
6 #edges
11 3
0 11
0 4
4 10
3 7
10 8
2 #trees for patient 33
6 #edges
0 4
0 7
4 10
3 11
7 3
10 8
6 #edges
0 4
0 3
4 10
3 7
7 11
10 8
4 #trees for patient 34
6 #edges
11 8
0 4
0 3
4 10
3 7
7 11
6 #edges
0 4
0 3
4 10
3 7
7 11
10 8
6 #edges
11 8
0 4
0 7
4 10
3 11
7 3
6 #edges
0 4
0 7
4 10
3 11
7 3
10 8
12 #trees for patient 35
6 #edges
11 3
0 7
0 10
8 4
7 11
10 8
6 #edges
0 7
0 10
3 11
8 4
7 3
10 8
6 #edges
0 7
0 10
4 8
3 11
7 3
10 4
6 #edges
11 3
0 7
0 10
4 8
7 11
10 4
6 #edges
0 8
0 7
3 11
8 10
7 3
10 4
6 #edges
11 3
0 8
0 7
8 10
7 11
10 4
6 #edges
11 3
0 8
0 7
4 10
8 4
7 11
6 #edges
0 8
0 7
4 10
3 11
8 4
7 3
6 #edges
11 3
0 4
0 7
4 8
8 10
7 11
6 #edges
11 3
0 4
0 7
4 10
7 11
10 8
6 #edges
0 4
0 7
4 8
3 11
8 10
7 3
6 #edges
0 4
0 7
4 10
3 11
7 3
10 8
4 #trees for patient 36
6 #edges
0 4
0 3
4 8
4 10
3 7
7 11
6 #edges
0 4
0 7
4 8
4 10
3 11
7 3
6 #edges
0 4
0 3
4 10
3 7
7 11
10 8
6 #edges
0 4
0 7
4 10
3 11
7 3
10 8
7 #trees for patient 37
6 #edges
0 5
0 7
5 9
5 4
8 6
7 8
6 #edges
0 5
0 7
5 9
8 4
8 6
7 8
6 #edges
0 5
0 7
9 4
5 9
8 6
7 8
6 #edges
0 5
0 7
4 9
8 4
8 6
7 8
6 #edges
0 5
0 7
5 4
8 9
8 6
7 8
6 #edges
0 5
0 7
9 4
8 9
8 6
7 8
6 #edges
0 5
0 7
4 9
5 4
8 6
7 8
14 #trees for patient 38
6 #edges
0 5
0 7
9 4
5 9
8 6
7 8
6 #edges
0 5
0 7
9 4
6 8
5 9
7 6
6 #edges
0 5
0 7
6 8
5 9
7 4
7 6
6 #edges
0 5
0 7
5 9
8 6
7 4
7 8
6 #edges
0 5
0 7
9 4
6 8
7 9
7 6
6 #edges
0 5
0 7
6 8
7 9
7 4
7 6
6 #edges
0 5
0 7
6 8
5 4
7 9
7 6
6 #edges
0 5
0 7
4 9
6 8
5 4
7 6
6 #edges
0 5
0 7
4 9
6 8
7 4
7 6
6 #edges
0 5
0 7
5 4
8 6
7 9
7 8
6 #edges
0 5
0 7
4 9
5 4
8 6
7 8
6 #edges
0 5
0 7
9 4
8 6
7 9
7 8
6 #edges
0 5
0 7
8 6
7 9
7 4
7 8
6 #edges
0 5
0 7
4 9
8 6
7 4
7 8
73 #trees for patient 39
6 #edges
0 5
0 7
9 4
5 9
8 6
7 8
6 #edges
0 5
0 7
5 9
8 6
7 4
7 8
6 #edges
0 5
0 7
6 4
5 9
8 6
7 8
6 #edges
0 5
0 7
6 4
8 6
7 9
7 8
6 #edges
0 5
0 7
5 4
8 6
7 9
7 8
6 #edges
0 5
0 7
9 4
8 6
7 9
7 8
6 #edges
0 5
0 7
4 9
5 4
8 6
7 8
6 #edges
0 5
0 7
6 9
5 4
8 6
7 8
6 #edges
0 5
0 7
6 9
8 6
7 4
7 8
6 #edges
0 5
0 7
4 9
8 6
7 4
7 8
6 #edges
0 5
0 7
4 9
6 4
8 6
7 8
6 #edges
0 5
0 7
6 9
6 4
8 6
7 8
6 #edges
0 5
0 7
9 4
6 9
8 6
7 8
6 #edges
0 4
0 7
4 5
5 9
8 6
7 8
6 #edges
0 4
0 7
4 5
8 6
7 9
7 8
6 #edges
0 4
0 7
4 5
6 9
8 6
7 8
6 #edges
0 4
0 7
9 5
8 6
7 9
7 8
6 #edges
0 4
0 7
6 5
8 6
7 9
7 8
6 #edges
0 4
0 7
9 5
4 9
8 6
7 8
6 #edges
0 4
0 7
4 9
6 5
8 6
7 8
6 #edges
0 4
0 7
4 9
8 6
7 5
7 8
6 #edges
0 4
0 7
5 9
8 6
7 5
7 8
6 #edges
0 4
0 7
6 9
8 6
7 5
7 8
6 #edges
0 4
0 7
9 5
6 9
8 6
7 8
6 #edges
0 4
0 7
6 9
6 5
8 6
7 8
6 #edges
0 4
0 7
6 5
5 9
8 6
7 8
6 #edges
0 9
0 7
9 5
8 6
7 4
7 8
6 #edges
0 9
0 7
9 5
5 4
8 6
7 8
6 #edges
0 9
0 7
9 5
6 4
8 6
7 8
6 #edges
0 9
0 7
4 5
8 6
7 4
7 8
6 #edges
0 9
0 7
6 5
8 6
7 4
7 8
6 #edges
0 9
0 7
6 4
8 6
7 5
7 8
6 #edges
0 9
0 7
9 4
8 6
7 5
7 8
6 #edges
0 9
0 7
5 4
8 6
7 5
7 8
6 #edges
0 9
0 7
9 4
4 5
8 6
7 8
6 #edges
0 9
0 7
9 4
6 5
8 6
7 8
6 #edges
0 9
0 7
6 4
6 5
8 6
7 8
6 #edges
0 9
0 7
4 5
6 4
8 6
7 8
6 #edges
0 9
0 7
6 5
5 4
8 6
7 8
6 #edges
0 7
4 9
5 4
8 6
7 5
7 8
6 #edges
0 7
6 9
5 4
8 6
7 5
7 8
6 #edges
0 7
9 4
5 9
8 6
7 5
7 8
6 #edges
0 7
6 4
5 9
8 6
7 5
7 8
6 #edges
0 7
9 4
6 9
8 6
7 5
7 8
6 #edges
0 7
6 9
6 4
8 6
7 5
7 8
6 #edges
0 7
4 9
6 4
8 6
7 5
7 8
6 #edges
0 7
4 5
5 9
8 6
7 4
7 8
6 #edges
0 7
4 5
6 9
8 6
7 4
7 8
6 #edges
0 7
9 5
4 9
8 6
7 4
7 8
6 #edges
0 7
4 9
6 5
8 6
7 4
7 8
6 #edges
0 7
9 5
6 9
8 6
7 4
7 8
6 #edges
0 7
6 9
6 5
8 6
7 4
7 8
6 #edges
0 7
6 5
5 9
8 6
7 4
7 8
6 #edges
0 7
9 4
6 5
8 6
7 9
7 8
6 #edges
0 7
6 5
5 4
8 6
7 9
7 8
6 #edges
0 7
6 4
6 5
8 6
7 9
7 8
6 #edges
0 7
9 5
6 4
8 6
7 9
7 8
6 #edges
0 7
4 5
6 4
8 6
7 9
7 8
6 #edges
0 7
9 5
5 4
8 6
7 9
7 8
6 #edges
0 7
9 4
4 5
8 6
7 9
7 8
6 #edges
0 7
4 9
6 4
6 5
8 6
7 8
6 #edges
0 7
6 4
6 5
5 9
8 6
7 8
6 #edges
0 7
6 9
6 4
6 5
8 6
7 8
6 #edges
0 7
9 5
4 9
6 4
8 6
7 8
6 #edges
0 7
9 5
6 9
6 4
8 6
7 8
6 #edges
0 7
4 5
6 9
6 4
8 6
7 8
6 #edges
0 7
4 5
6 4
5 9
8 6
7 8
6 #edges
0 7
9 4
6 5
5 9
8 6
7 8
6 #edges
0 7
6 9
6 5
5 4
8 6
7 8
6 #edges
0 7
9 4
6 9
6 5
8 6
7 8
6 #edges
0 7
4 9
6 5
5 4
8 6
7 8
6 #edges
0 7
9 5
6 9
5 4
8 6
7 8
6 #edges
0 7
9 4
4 5
6 9
8 6
7 8
2 #trees for patient 40
6 #edges
0 5
0 7
4 9
5 4
8 6
7 8
6 #edges
0 5
0 7
9 4
5 9
8 6
7 8
18 #trees for patient 41
6 #edges
0 9
0 7
9 4
4 5
6 8
7 6
6 #edges
0 9
0 7
9 4
4 5
7 6
7 8
6 #edges
0 9
0 7
9 5
5 4
7 6
7 8
6 #edges
0 9
0 7
9 5
6 8
5 4
7 6
6 #edges
0 9
0 7
9 4
4 5
8 6
7 8
6 #edges
0 9
0 7
9 5
5 4
8 6
7 8
6 #edges
0 4
0 7
9 5
4 9
7 6
7 8
6 #edges
0 4
0 7
9 5
4 9
8 6
7 8
6 #edges
0 4
0 7
9 5
4 9
6 8
7 6
6 #edges
0 4
0 7
4 5
6 8
5 9
7 6
6 #edges
0 4
0 7
4 5
5 9
7 6
7 8
6 #edges
0 4
0 7
4 5
5 9
8 6
7 8
6 #edges
0 5
0 7
4 9
5 4
8 6
7 8
6 #edges
0 5
0 7
9 4
5 9
8 6
7 8
6 #edges
0 5
0 7
4 9
5 4
7 6
7 8
6 #edges
0 5
0 7
9 4
5 9
7 6
7 8
6 #edges
0 5
0 7
9 4
6 8
5 9
7 6
6 #edges
0 5
0 7
4 9
6 8
5 4
7 6
5 #trees for patient 42
6 #edges
0 5
0 7
6 4
5 9
8 6
7 8
6 #edges
0 5
0 7
9 4
5 9
8 6
7 8
6 #edges
0 5
0 7
6 9
5 4
8 6
7 8
6 #edges
0 5
0 7
9 4
6 9
8 6
7 8
6 #edges
0 5
0 7
6 9
6 4
8 6
7 8
4 #trees for patient 43
6 #edges
0 5
0 7
9 4
5 9
8 6
7 8
6 #edges
0 5
0 8
9 4
5 9
8 7
7 6
6 #edges
0 5
0 8
4 9
5 4
8 7
7 6
6 #edges
0 5
0 7
4 9
5 4
8 6
7 8
2 #trees for patient 44
6 #edges
0 5
0 7
9 4
6 8
5 9
7 6
6 #edges
0 5
0 7
9 4
5 9
8 6
7 8
6 #trees for patient 45
6 #edges
0 5
0 7
6 8
5 9
5 4
7 6
6 #edges
0 5
0 7
6 8
5 9
8 4
7 6
6 #edges
0 5
0 7
9 4
6 8
5 9
7 6
6 #edges
0 5
0 7
5 9
5 4
8 6
7 8
6 #edges
0 5
0 7
6 4
5 9
8 6
7 8
6 #edges
0 5
0 7
9 4
5 9
8 6
7 8
48 #trees for patient 46
6 #edges
0 9
0 7
9 5
6 8
5 4
7 6
6 #edges
0 9
0 7
9 5
5 4
5 8
7 6
6 #edges
0 9
0 7
9 5
5 4
5 8
8 6
6 #edges
0 9
0 7
9 5
5 4
5 6
7 8
6 #edges
0 9
0 7
9 5
6 8
5 4
5 6
6 #edges
0 9
0 7
9 5
5 4
8 6
7 8
6 #edges
0 5
0 7
9 4
6 8
5 9
7 6
6 #edges
0 5
0 7
9 4
9 8
5 9
7 6
6 #edges
0 5
0 7
9 4
5 9
8 6
7 8
6 #edges
0 5
0 7
9 4
9 6
5 9
7 8
6 #edges
0 5
0 7
9 4
9 6
6 8
5 9
6 #edges
0 5
0 7
9 4
9 8
5 9
8 6
6 #edges
0 5
0 8
9 4
5 9
8 7
7 6
6 #edges
0 5
0 8
9 4
9 6
5 9
8 7
6 #edges
0 9
0 8
9 5
5 4
8 7
7 6
6 #edges
0 9
0 8
9 5
5 4
5 6
8 7
6 #edges
0 5
0 8
9 4
9 7
5 9
8 6
6 #edges
0 5
0 8
9 4
6 7
5 9
8 6
6 #edges
0 5
0 8
9 4
9 7
5 9
7 6
6 #edges
0 5
0 8
9 4
9 6
6 7
5 9
6 #edges
0 9
0 8
9 5
5 4
5 7
8 6
6 #edges
0 9
0 8
9 5
6 7
5 4
8 6
6 #edges
0 9
0 8
9 5
6 7
5 4
5 6
6 #edges
0 9
0 8
9 5
5 4
5 7
7 6
6 #edges
0 9
0 6
9 5
6 7
5 4
7 8
6 #edges
0 9
0 6
9 5
6 7
5 4
5 8
6 #edges
0 6
0 5
9 4
6 7
5 9
7 8
6 #edges
0 6
0 5
9 4
9 8
6 7
5 9
6 #edges
0 6
0 5
9 4
6 8
5 9
8 7
6 #edges
0 6
0 5
9 4
9 7
6 8
5 9
6 #edges
0 6
0 5
9 4
9 7
5 9
7 8
6 #edges
0 6
0 5
9 4
9 8
5 9
8 7
6 #edges
0 9
0 6
9 5
6 8
5 4
5 7
6 #edges
0 9
0 6
9 5
6 8
5 4
8 7
6 #edges
0 9
0 6
9 5
5 4
5 8
8 7
6 #edges
0 9
0 6
9 5
5 4
5 7
7 8
6 #edges
0 5
9 4
9 7
5 9
8 6
7 8
6 #edges
0 5
9 4
9 7
6 8
5 9
7 6
6 #edges
0 5
9 4
9 8
5 9
8 7
7 6
6 #edges
0 5
9 4
9 8
6 7
5 9
8 6
6 #edges
0 5
9 4
9 6
6 7
5 9
7 8
6 #edges
0 5
9 4
9 6
6 8
5 9
8 7
6 #edges
0 9
9 5
6 8
5 4
5 7
7 6
6 #edges
0 9
9 5
5 4
5 7
8 6
7 8
6 #edges
0 9
9 5
6 7
5 4
5 6
7 8
6 #edges
0 9
9 5
6 8
5 4
5 6
8 7
6 #edges
0 9
9 5
5 4
5 8
8 7
7 6
6 #edges
0 9
9 5
6 7
5 4
5 8
8 6
12 #trees for patient 47
6 #edges
0 5
0 7
4 9
5 4
8 6
7 8
6 #edges
0 5
0 7
9 4
5 9
8 6
7 8
6 #edges
0 6
0 5
0 7
9 4
5 9
7 8
6 #edges
0 6
0 5
0 7
4 9
5 4
7 8
6 #edges
0 5
0 8
0 7
9 4
5 9
7 6
6 #edges
0 5
0 7
9 4
6 8
5 9
7 6
6 #edges
0 5
0 8
0 7
9 4
5 9
8 6
6 #edges
0 6
0 5
0 7
9 4
6 8
5 9
6 #edges
0 5
0 8
0 7
4 9
5 4
8 6
6 #edges
0 5
0 8
0 7
4 9
5 4
7 6
6 #edges
0 5
0 7
4 9
6 8
5 4
7 6
6 #edges
0 6
0 5
0 7
4 9
6 8
5 4
4 #trees for patient 48
6 #edges
0 5
0 7
4 9
5 4
8 6
7 8
6 #edges
0 5
0 7
4 9
6 8
5 4
7 6
6 #edges
0 5
0 7
9 4
5 9
8 6
7 8
6 #edges
0 5
0 7
9 4
6 8
5 9
7 6
8 #trees for patient 49
6 #edges
0 5
0 7
9 4
9 6
5 9
7 8
6 #edges
0 5
0 7
9 4
5 9
8 6
7 8
6 #edges
0 9
0 7
9 5
5 4
8 6
7 8
6 #edges
0 9
0 7
9 5
5 4
5 6
7 8
6 #edges
0 9
0 8
9 5
5 4
8 7
7 6
6 #edges
0 5
0 8
9 4
5 9
8 7
7 6
6 #edges
0 9
0 8
9 5
5 4
5 6
8 7
6 #edges
0 5
0 8
9 4
9 6
5 9
8 7
