100 # patients
4 #trees for patient 0
6 #edges
7 9
7 1
9 3
1 5
0 7
3 4
6 #edges
7 9
7 1
9 4
9 3
1 5
0 7
6 #edges
5 1
7 5
7 9
9 4
9 3
0 7
6 #edges
5 1
7 5
7 9
9 3
0 7
3 4
6 #trees for patient 1
6 #edges
4 5
7 9
7 1
9 4
0 7
0 3
6 #edges
7 9
7 1
9 4
1 5
0 7
0 3
6 #edges
4 5
7 9
7 1
9 4
9 3
0 7
6 #edges
7 9
7 1
9 4
9 3
1 5
0 7
6 #edges
4 3
7 9
7 1
9 4
1 5
0 7
6 #edges
4 5
4 3
7 9
7 1
9 4
0 7
3 #trees for patient 2
6 #edges
7 9
7 1
9 5
9 4
9 3
0 7
6 #edges
7 9
7 1
9 4
9 3
1 5
0 7
6 #edges
4 5
7 9
7 1
9 4
9 3
0 7
8 #trees for patient 3
6 #edges
5 4
7 9
7 1
9 3
1 5
0 7
6 #edges
5 4
7 9
7 1
7 3
1 5
0 7
6 #edges
7 9
7 1
7 3
9 4
1 5
0 7
6 #edges
7 9
7 1
9 4
9 3
1 5
0 7
6 #edges
5 1
7 5
7 9
7 3
9 4
0 7
6 #edges
5 1
7 5
7 9
7 3
1 4
0 7
6 #edges
5 1
7 5
7 9
9 4
9 3
0 7
6 #edges
5 1
7 5
7 9
9 3
1 4
0 7
6 #trees for patient 4
6 #edges
5 1
4 5
7 9
9 4
9 3
0 7
6 #edges
4 5
7 9
7 1
9 4
9 3
0 7
6 #edges
7 9
7 1
9 4
9 3
1 5
0 7
6 #edges
5 1
7 5
7 9
9 4
9 3
0 7
6 #edges
4 1
7 5
7 9
9 4
9 3
0 7
6 #edges
4 1
7 9
9 4
9 3
1 5
0 7
1 #trees for patient 5
6 #edges
7 9
7 1
9 4
9 3
1 5
0 7
2 #trees for patient 6
6 #edges
7 9
7 1
9 4
9 3
1 5
0 7
6 #edges
5 4
7 9
7 1
9 3
1 5
0 7
22 #trees for patient 7
6 #edges
5 1
7 5
7 9
9 4
9 3
0 7
6 #edges
7 5
7 9
7 1
9 4
9 3
0 7
6 #edges
7 5
7 9
9 4
9 1
9 3
0 7
6 #edges
4 1
7 5
7 9
9 4
9 3
0 7
6 #edges
7 9
7 1
9 5
9 4
9 3
0 7
6 #edges
4 1
7 9
9 5
9 4
9 3
0 7
6 #edges
5 1
7 9
9 5
9 4
9 3
0 7
6 #edges
4 5
4 1
7 9
9 4
9 3
0 7
6 #edges
5 1
4 5
7 9
9 4
9 3
0 7
6 #edges
4 5
7 9
7 1
9 4
9 3
0 7
6 #edges
4 5
7 9
9 4
9 1
9 3
0 7
6 #edges
4 1
7 9
9 4
9 3
1 5
0 7
6 #edges
7 9
7 1
9 4
9 3
1 5
0 7
6 #edges
7 9
9 4
9 1
9 3
1 5
0 7
6 #edges
7 4
7 9
9 1
9 3
1 5
0 7
6 #edges
4 5
7 4
7 9
9 1
9 3
0 7
6 #edges
7 4
7 9
9 5
9 1
9 3
0 7
6 #edges
5 1
7 4
7 9
9 5
9 3
0 7
6 #edges
4 1
7 4
7 9
9 5
9 3
0 7
6 #edges
4 1
7 4
7 9
9 3
1 5
0 7
6 #edges
4 5
4 1
7 4
7 9
9 3
0 7
6 #edges
5 1
4 5
7 4
7 9
9 3
0 7
4 #trees for patient 8
6 #edges
5 1
7 5
7 9
9 4
9 3
0 7
6 #edges
5 1
4 3
7 5
7 9
9 4
0 7
6 #edges
7 9
7 1
9 4
9 3
1 5
0 7
6 #edges
4 3
7 9
7 1
9 4
1 5
0 7
4 #trees for patient 9
6 #edges
7 9
7 1
9 3
1 5
0 4
0 7
6 #edges
5 1
7 5
7 9
9 3
0 4
0 7
6 #edges
7 9
7 1
9 4
9 3
1 5
0 7
6 #edges
5 1
7 5
7 9
9 4
9 3
0 7
7 #trees for patient 10
6 #edges
7 9
7 1
9 4
9 3
1 5
0 7
6 #edges
7 9
7 1
9 4
9 3
0 7
3 5
6 #edges
7 5
7 9
9 4
9 3
0 7
3 1
6 #edges
7 9
9 4
9 3
1 5
0 7
3 1
6 #edges
7 9
9 4
9 3
0 7
3 5
3 1
6 #edges
5 1
7 5
7 9
9 4
9 3
0 7
6 #edges
5 1
7 9
9 4
9 3
0 7
3 5
14 #trees for patient 11
6 #edges
7 4
7 9
7 1
7 3
1 5
0 7
6 #edges
5 3
7 4
7 9
7 1
1 5
0 7
6 #edges
7 4
7 9
7 1
9 3
1 5
0 7
6 #edges
7 5
7 4
7 9
7 1
7 3
0 7
6 #edges
5 3
7 5
7 4
7 9
7 1
0 7
6 #edges
7 5
7 4
7 9
7 1
9 3
0 7
6 #edges
7 5
7 4
7 9
7 1
1 3
0 7
6 #edges
7 5
7 9
7 1
9 4
1 3
0 7
6 #edges
7 5
7 9
7 1
7 3
9 4
0 7
6 #edges
7 9
7 1
7 3
9 4
1 5
0 7
6 #edges
7 9
7 1
9 4
9 3
1 5
0 7
6 #edges
5 3
7 9
7 1
9 4
1 5
0 7
6 #edges
7 5
7 9
7 1
9 4
9 3
0 7
6 #edges
5 3
7 5
7 9
7 1
9 4
0 7
3 #trees for patient 12
6 #edges
7 9
7 1
9 3
1 5
1 4
0 7
6 #edges
7 9
7 1
9 4
9 3
1 5
0 7
6 #edges
7 9
7 1
9 3
1 5
0 7
3 4
1 #trees for patient 13
6 #edges
7 9
7 1
9 4
9 3
1 5
0 7
4 #trees for patient 14
6 #edges
5 1
7 5
7 9
9 4
9 3
0 7
6 #edges
5 1
4 3
7 5
7 9
9 4
0 7
6 #edges
7 9
7 1
9 4
9 3
1 5
0 7
6 #edges
4 3
7 9
7 1
9 4
1 5
0 7
6 #trees for patient 15
6 #edges
5 1
7 5
7 9
9 4
9 3
0 7
6 #edges
7 5
7 9
9 4
9 3
0 7
3 1
6 #edges
7 9
9 4
9 3
1 5
0 7
3 1
6 #edges
7 9
7 1
9 4
9 3
1 5
0 7
6 #edges
7 9
7 1
9 4
9 3
0 7
3 5
6 #edges
5 1
7 9
9 4
9 3
0 7
3 5
1 #trees for patient 16
6 #edges
7 9
7 1
9 4
9 3
1 5
0 7
6 #trees for patient 17
6 #edges
7 9
7 1
9 4
9 3
1 5
0 7
6 #edges
7 9
7 1
9 4
9 3
0 7
3 5
6 #edges
5 1
7 5
7 9
9 4
9 3
0 7
6 #edges
7 5
7 9
9 4
9 3
0 7
3 1
6 #edges
5 1
7 9
9 4
9 3
0 7
3 5
6 #edges
7 9
9 4
9 3
1 5
0 7
3 1
2 #trees for patient 18
6 #edges
4 3
7 9
7 1
9 4
1 5
0 7
6 #edges
7 9
7 1
9 4
9 3
1 5
0 7
2 #trees for patient 19
6 #edges
7 9
7 1
9 4
9 3
1 5
0 7
6 #edges
5 1
7 5
7 9
9 4
9 3
0 7
1 #trees for patient 20
6 #edges
7 9
7 1
9 4
9 3
1 5
0 7
1 #trees for patient 21
6 #edges
7 9
7 1
9 4
9 3
1 5
0 7
8 #trees for patient 22
6 #edges
7 9
7 1
9 5
9 4
9 3
0 7
6 #edges
5 1
7 9
9 5
9 4
9 3
0 7
6 #edges
7 9
9 5
9 4
9 1
9 3
0 7
6 #edges
7 9
9 4
9 1
9 3
1 5
0 7
6 #edges
7 5
7 9
9 4
9 1
9 3
0 7
6 #edges
7 5
7 9
7 1
9 4
9 3
0 7
6 #edges
5 1
7 5
7 9
9 4
9 3
0 7
6 #edges
7 9
7 1
9 4
9 3
1 5
0 7
32 #trees for patient 23
6 #edges
7 9
7 1
9 4
1 5
0 7
0 3
6 #edges
5 4
7 9
7 1
1 5
0 7
0 3
6 #edges
5 1
7 5
7 9
9 4
0 7
0 3
6 #edges
5 1
7 5
7 9
1 4
0 7
0 3
6 #edges
5 9
7 4
7 1
1 5
0 7
0 3
6 #edges
5 9
7 1
9 4
1 5
0 7
0 3
6 #edges
5 1
7 5
7 4
1 9
0 7
0 3
6 #edges
5 1
7 5
9 4
1 9
0 7
0 3
6 #edges
7 9
7 1
9 4
9 3
1 5
0 7
6 #edges
5 1
7 5
7 9
9 4
9 3
0 7
6 #edges
5 1
7 5
7 9
9 3
1 4
0 7
6 #edges
5 4
7 9
7 1
9 3
1 5
0 7
6 #edges
5 1
4 3
7 5
7 9
9 4
0 7
6 #edges
5 1
7 5
7 9
9 4
1 3
0 7
6 #edges
5 1
7 5
7 9
1 4
1 3
0 7
6 #edges
5 1
4 3
7 5
7 9
1 4
0 7
6 #edges
5 4
5 3
7 9
7 1
1 5
0 7
6 #edges
5 3
7 9
7 1
9 4
1 5
0 7
6 #edges
5 4
4 3
7 9
7 1
1 5
0 7
6 #edges
4 3
7 9
7 1
9 4
1 5
0 7
6 #edges
5 9
7 4
7 1
7 3
1 5
0 7
6 #edges
5 1
7 5
7 4
7 3
1 9
0 7
6 #edges
5 9
7 1
7 3
9 4
1 5
0 7
6 #edges
5 1
7 5
7 3
9 4
1 9
0 7
6 #edges
5 9
7 4
7 1
9 3
1 5
0 7
6 #edges
5 9
7 1
9 4
9 3
1 5
0 7
6 #edges
5 9
4 3
7 4
7 1
1 5
0 7
6 #edges
5 9
4 3
7 1
9 4
1 5
0 7
6 #edges
5 1
4 3
7 5
7 4
1 9
0 7
6 #edges
5 1
7 5
7 4
9 3
1 9
0 7
6 #edges
5 1
7 5
9 4
9 3
1 9
0 7
6 #edges
5 1
4 3
7 5
9 4
1 9
0 7
1 #trees for patient 24
6 #edges
7 9
7 1
9 4
9 3
1 5
0 7
2 #trees for patient 25
6 #edges
5 1
7 5
7 9
9 4
9 3
0 7
6 #edges
7 9
7 1
9 4
9 3
1 5
0 7
22 #trees for patient 26
6 #edges
9 3
10 6
1 4
1 9
1 10
0 1
6 #edges
4 6
9 3
1 4
1 9
1 10
0 1
6 #edges
9 6
9 3
1 4
1 9
1 10
0 1
6 #edges
4 6
4 10
9 3
1 4
1 9
0 1
6 #edges
4 10
9 3
1 6
1 4
1 9
0 1
6 #edges
4 10
9 6
9 3
1 4
1 9
0 1
6 #edges
4 10
9 3
10 6
1 4
1 9
0 1
6 #edges
6 10
4 6
9 3
1 4
1 9
0 1
6 #edges
4 6
9 10
9 3
1 4
1 9
0 1
6 #edges
6 10
9 3
1 6
1 4
1 9
0 1
6 #edges
9 10
9 3
1 6
1 4
1 9
0 1
6 #edges
9 10
9 3
10 6
1 4
1 9
0 1
6 #edges
9 6
9 10
9 3
1 4
1 9
0 1
6 #edges
6 10
9 6
9 3
1 4
1 9
0 1
6 #edges
9 4
9 3
1 6
1 9
1 10
0 1
6 #edges
9 4
9 3
10 6
1 9
1 10
0 1
6 #edges
4 6
9 4
9 3
1 9
1 10
0 1
6 #edges
4 10
9 4
9 3
1 6
1 9
0 1
6 #edges
6 10
9 4
9 3
1 6
1 9
0 1
6 #edges
4 10
9 4
9 3
10 6
1 9
0 1
6 #edges
4 6
4 10
9 4
9 3
1 9
0 1
6 #edges
6 10
4 6
9 4
9 3
1 9
0 1
4 #trees for patient 27
6 #edges
9 3
10 6
1 4
1 9
1 10
0 1
6 #edges
6 10
9 3
1 6
1 4
1 9
0 1
6 #edges
6 10
9 4
9 3
1 6
1 9
0 1
6 #edges
9 4
9 3
10 6
1 9
1 10
0 1
24 #trees for patient 28
6 #edges
6 10
4 3
1 6
1 4
1 9
0 1
6 #edges
6 10
9 3
1 6
1 4
1 9
0 1
6 #edges
9 3
1 6
1 4
1 9
0 1
3 10
6 #edges
4 10
9 3
1 6
1 4
1 9
0 1
6 #edges
4 3
9 10
1 6
1 4
1 9
0 1
6 #edges
4 3
1 6
1 4
1 9
0 1
3 10
6 #edges
4 3
10 6
1 4
1 9
0 1
3 10
6 #edges
4 3
9 6
1 4
1 9
0 1
3 10
6 #edges
4 3
9 6
1 4
1 9
1 10
0 1
6 #edges
4 3
10 6
1 4
1 9
1 10
0 1
6 #edges
4 3
1 4
1 9
1 10
0 1
3 6
6 #edges
6 10
4 3
1 4
1 9
0 1
3 6
6 #edges
4 3
9 10
1 4
1 9
0 1
3 6
6 #edges
4 3
9 10
10 6
1 4
1 9
0 1
6 #edges
6 10
4 3
9 6
1 4
1 9
0 1
6 #edges
9 3
10 6
1 4
1 9
1 10
0 1
6 #edges
4 6
9 3
1 4
1 9
1 10
0 1
6 #edges
9 3
1 4
1 9
1 10
0 1
3 6
6 #edges
4 10
9 3
1 4
1 9
0 1
3 6
6 #edges
4 10
9 3
10 6
1 4
1 9
0 1
6 #edges
6 10
9 3
1 4
1 9
0 1
3 6
6 #edges
4 6
9 3
1 4
1 9
0 1
3 10
6 #edges
6 10
4 6
9 3
1 4
1 9
0 1
6 #edges
9 3
10 6
1 4
1 9
0 1
3 10
14 #trees for patient 29
6 #edges
9 3
1 6
1 4
1 9
0 1
3 10
6 #edges
6 10
9 3
1 6
1 4
1 9
0 1
6 #edges
9 3
10 6
1 4
1 9
1 10
0 1
6 #edges
9 3
1 4
1 9
1 10
0 1
3 6
6 #edges
9 3
1 4
1 9
0 1
3 6
3 10
6 #edges
6 10
9 3
1 4
1 9
0 1
3 6
6 #edges
9 3
10 6
1 4
1 9
0 1
3 10
6 #edges
6 10
9 4
9 3
1 6
1 9
0 1
6 #edges
9 4
9 3
1 6
1 9
0 1
3 10
6 #edges
9 4
9 3
10 6
1 9
1 10
0 1
6 #edges
9 4
9 3
1 9
1 10
0 1
3 6
6 #edges
6 10
9 4
9 3
1 9
0 1
3 6
6 #edges
9 4
9 3
1 9
0 1
3 6
3 10
6 #edges
9 4
9 3
10 6
1 9
0 1
3 10
3 #trees for patient 30
6 #edges
9 3
1 4
1 9
1 10
0 1
3 6
6 #edges
4 6
9 3
1 4
1 9
1 10
0 1
6 #edges
9 3
10 6
1 4
1 9
1 10
0 1
4 #trees for patient 31
6 #edges
10 6
1 4
1 10
1 3
0 1
3 9
6 #edges
9 4
10 6
1 10
1 3
0 1
3 9
6 #edges
9 3
10 6
1 4
1 9
1 10
0 1
6 #edges
9 3
10 6
1 9
1 10
0 1
3 4
4 #trees for patient 32
6 #edges
9 3
1 4
1 9
1 10
0 6
0 1
6 #edges
1 4
1 10
1 3
0 6
0 1
3 9
6 #edges
10 6
1 4
1 10
1 3
0 1
3 9
6 #edges
9 3
10 6
1 4
1 9
1 10
0 1
1 #trees for patient 33
6 #edges
9 3
10 6
1 4
1 9
1 10
0 1
4 #trees for patient 34
6 #edges
6 10
9 3
1 6
1 4
1 9
0 1
6 #edges
6 10
1 6
1 4
1 3
0 1
3 9
6 #edges
10 6
1 4
1 10
1 3
0 1
3 9
6 #edges
9 3
10 6
1 4
1 9
1 10
0 1
4 #trees for patient 35
6 #edges
6 3
10 6
1 4
1 9
1 10
0 1
6 #edges
9 3
10 6
1 4
1 9
1 10
0 1
6 #edges
6 10
9 3
1 6
1 4
1 9
0 1
6 #edges
6 10
10 3
1 6
1 4
1 9
0 1
21 #trees for patient 36
6 #edges
10 6
1 10
1 3
0 4
0 1
3 9
6 #edges
6 9
10 6
1 10
1 3
0 4
0 1
6 #edges
9 3
10 6
1 9
1 10
0 4
0 1
6 #edges
6 3
10 6
1 9
1 10
0 4
0 1
6 #edges
6 9
6 3
10 6
1 10
0 4
0 1
6 #edges
6 9
9 3
10 6
1 10
0 4
0 1
6 #edges
6 3
10 6
1 10
0 4
0 1
3 9
6 #edges
6 9
10 6
1 4
1 10
1 3
0 1
6 #edges
10 6
1 4
1 10
1 3
0 1
3 9
6 #edges
6 3
10 6
1 4
1 9
1 10
0 1
6 #edges
9 3
10 6
1 4
1 9
1 10
0 1
6 #edges
6 9
6 3
10 6
1 4
1 10
0 1
6 #edges
6 3
10 6
1 4
1 10
0 1
3 9
6 #edges
6 9
9 3
10 6
1 4
1 10
0 1
6 #edges
6 9
10 6
10 4
1 10
1 3
0 1
6 #edges
10 6
10 4
1 10
1 3
0 1
3 9
6 #edges
6 9
9 3
10 6
10 4
1 10
0 1
6 #edges
6 9
6 3
10 6
10 4
1 10
0 1
6 #edges
9 3
10 6
10 4
1 9
1 10
0 1
6 #edges
6 3
10 6
10 4
1 9
1 10
0 1
6 #edges
6 3
10 6
10 4
1 10
0 1
3 9
6 #trees for patient 37
6 #edges
10 6
1 4
1 9
1 10
0 1
0 3
6 #edges
9 4
10 6
1 9
1 10
0 1
0 3
6 #edges
9 3
10 6
1 4
1 9
1 10
0 1
6 #edges
6 3
10 6
1 4
1 9
1 10
0 1
6 #edges
6 3
9 4
10 6
1 9
1 10
0 1
6 #edges
9 4
9 3
10 6
1 9
1 10
0 1
4 #trees for patient 38
6 #edges
10 6
1 4
1 10
1 3
0 1
3 9
6 #edges
9 3
10 6
1 4
1 9
1 10
0 1
6 #edges
6 4
10 6
1 10
1 3
0 1
3 9
6 #edges
6 4
9 3
10 6
1 9
1 10
0 1
3 #trees for patient 39
6 #edges
9 3
10 6
1 4
1 9
1 10
0 1
6 #edges
9 3
1 6
1 4
1 9
1 10
0 1
6 #edges
6 10
9 3
1 6
1 4
1 9
0 1
4 #trees for patient 40
6 #edges
9 3
10 6
1 4
1 9
1 10
0 1
6 #edges
6 3
10 6
1 4
1 9
1 10
0 1
6 #edges
6 10
9 3
1 6
1 4
1 9
0 1
6 #edges
6 10
10 3
1 6
1 4
1 9
0 1
6 #trees for patient 41
6 #edges
9 3
1 4
1 9
1 10
0 6
0 1
6 #edges
10 3
1 4
1 9
1 10
0 6
0 1
6 #edges
9 3
10 6
1 4
1 9
1 10
0 1
6 #edges
9 3
1 4
1 9
1 10
0 1
3 6
6 #edges
9 6
10 3
1 4
1 9
1 10
0 1
6 #edges
10 3
1 4
1 9
1 10
0 1
3 6
8 #trees for patient 42
6 #edges
10 6
1 4
1 10
1 3
0 1
3 9
6 #edges
9 4
10 6
1 10
1 3
0 1
3 9
6 #edges
9 3
10 6
1 4
1 9
1 10
0 1
6 #edges
9 3
10 6
1 9
1 10
0 1
3 4
6 #edges
6 10
1 6
1 4
1 3
0 1
3 9
6 #edges
6 10
9 4
1 6
1 3
0 1
3 9
6 #edges
6 10
9 3
1 6
1 4
1 9
0 1
6 #edges
6 10
9 3
1 6
1 9
0 1
3 4
6 #trees for patient 43
6 #edges
9 3
10 6
1 4
1 9
1 10
0 1
6 #edges
4 6
9 3
1 4
1 9
1 10
0 1
6 #edges
6 10
4 6
9 3
1 4
1 9
0 1
6 #edges
4 10
9 3
1 6
1 4
1 9
0 1
6 #edges
6 10
9 3
1 6
1 4
1 9
0 1
6 #edges
4 10
9 3
10 6
1 4
1 9
0 1
2 #trees for patient 44
6 #edges
9 3
10 6
1 4
1 9
1 10
0 1
6 #edges
10 6
1 4
1 10
1 3
0 1
3 9
4 #trees for patient 45
6 #edges
10 6
1 10
1 3
0 4
0 1
3 9
6 #edges
9 3
10 6
1 9
1 10
0 4
0 1
6 #edges
10 6
1 4
1 10
1 3
0 1
3 9
6 #edges
9 3
10 6
1 4
1 9
1 10
0 1
8 #trees for patient 46
6 #edges
10 6
1 4
1 10
1 3
0 1
3 9
6 #edges
9 4
10 6
1 10
1 3
0 1
3 9
6 #edges
9 3
10 6
1 4
1 9
1 10
0 1
6 #edges
9 3
10 6
1 9
1 10
0 1
3 4
6 #edges
6 10
1 6
1 4
1 3
0 1
3 9
6 #edges
6 10
9 4
1 6
1 3
0 1
3 9
6 #edges
6 10
9 3
1 6
1 4
1 9
0 1
6 #edges
6 10
9 3
1 6
1 9
0 1
3 4
12 #trees for patient 47
6 #edges
9 4
10 6
1 9
1 10
0 1
0 3
6 #edges
10 6
1 4
1 9
1 10
0 1
0 3
6 #edges
1 6
1 4
1 9
1 10
0 1
0 3
6 #edges
9 4
1 6
1 9
1 10
0 1
0 3
6 #edges
6 10
1 6
1 4
1 9
0 1
0 3
6 #edges
6 10
9 4
1 6
1 9
0 1
0 3
6 #edges
9 3
1 6
1 4
1 9
1 10
0 1
6 #edges
9 4
9 3
1 6
1 9
1 10
0 1
6 #edges
9 3
10 6
1 4
1 9
1 10
0 1
6 #edges
9 4
9 3
10 6
1 9
1 10
0 1
6 #edges
6 10
9 3
1 6
1 4
1 9
0 1
6 #edges
6 10
9 4
9 3
1 6
1 9
0 1
2 #trees for patient 48
6 #edges
9 3
1 6
1 4
1 9
1 10
0 1
6 #edges
9 3
10 6
1 4
1 9
1 10
0 1
6 #trees for patient 49
6 #edges
10 6
1 4
1 9
1 10
1 3
0 1
6 #edges
9 3
10 6
1 4
1 9
1 10
0 1
6 #edges
10 6
1 4
1 10
1 3
0 1
3 9
6 #edges
6 10
1 6
1 4
1 9
1 3
0 1
6 #edges
6 10
1 6
1 4
1 3
0 1
3 9
6 #edges
6 10
9 3
1 6
1 4
1 9
0 1
6 #trees for patient 50
6 #edges
10 6
10 3
1 4
1 9
1 10
0 1
6 #edges
9 3
10 6
1 4
1 9
1 10
0 1
6 #edges
10 6
10 3
1 4
1 10
0 1
3 9
6 #edges
9 3
10 6
10 9
1 4
1 10
0 1
6 #edges
10 6
10 9
1 4
1 10
1 3
0 1
6 #edges
10 6
1 4
1 10
1 3
0 1
3 9
12 #trees for patient 51
6 #edges
9 3
10 6
1 4
1 9
1 10
0 1
6 #edges
6 3
10 6
1 4
1 9
1 10
0 1
6 #edges
6 9
10 6
1 4
1 10
1 3
0 1
6 #edges
10 6
1 4
1 10
1 3
0 1
3 9
6 #edges
6 9
9 3
10 6
1 4
1 10
0 1
6 #edges
6 3
10 6
1 4
1 10
0 1
3 9
6 #edges
6 10
9 3
1 6
1 4
1 9
0 1
6 #edges
6 10
10 3
1 6
1 4
1 9
0 1
6 #edges
6 10
1 6
1 4
1 3
0 1
3 9
6 #edges
6 10
10 9
1 6
1 4
1 3
0 1
6 #edges
6 10
9 3
10 9
1 6
1 4
0 1
6 #edges
6 10
10 3
1 6
1 4
0 1
3 9
176 #trees for patient 52
6 #edges
10 6
1 4
0 9
0 10
0 1
0 3
6 #edges
1 4
0 6
0 9
0 10
0 1
0 3
6 #edges
4 6
1 4
0 9
0 10
0 1
0 3
6 #edges
1 6
1 4
0 9
0 10
0 1
0 3
6 #edges
6 10
1 4
0 6
0 9
0 1
0 3
6 #edges
1 4
1 10
0 6
0 9
0 1
0 3
6 #edges
4 10
1 4
0 6
0 9
0 1
0 3
6 #edges
4 6
4 10
0 4
0 9
0 1
0 3
6 #edges
4 10
1 6
0 4
0 9
0 1
0 3
6 #edges
4 10
10 6
0 4
0 9
0 1
0 3
6 #edges
4 6
1 10
0 4
0 9
0 1
0 3
6 #edges
6 10
4 6
0 4
0 9
0 1
0 3
6 #edges
1 6
1 10
0 4
0 9
0 1
0 3
6 #edges
10 6
1 10
0 4
0 9
0 1
0 3
6 #edges
6 10
1 6
0 4
0 9
0 1
0 3
6 #edges
4 10
1 6
1 4
0 9
0 1
0 3
6 #edges
6 10
1 6
1 4
0 9
0 1
0 3
6 #edges
6 10
4 6
1 4
0 9
0 1
0 3
6 #edges
4 6
1 4
1 10
0 9
0 1
0 3
6 #edges
4 6
4 10
1 4
0 9
0 1
0 3
6 #edges
10 6
1 4
1 10
0 9
0 1
0 3
6 #edges
4 10
10 6
1 4
0 9
0 1
0 3
6 #edges
10 6
1 4
0 10
0 1
0 3
3 9
6 #edges
1 4
0 6
0 10
0 1
0 3
3 9
6 #edges
1 6
1 4
0 10
0 1
0 3
3 9
6 #edges
4 6
1 4
0 10
0 1
0 3
3 9
6 #edges
1 4
1 9
0 6
0 10
0 1
0 3
6 #edges
1 6
1 4
1 9
0 10
0 1
0 3
6 #edges
10 6
1 4
1 9
0 10
0 1
0 3
6 #edges
4 6
1 4
1 9
0 10
0 1
0 3
6 #edges
1 4
1 10
0 6
0 1
0 3
3 9
6 #edges
1 6
1 10
0 4
0 1
0 3
3 9
6 #edges
10 6
1 10
0 4
0 1
0 3
3 9
6 #edges
4 6
1 10
0 4
0 1
0 3
3 9
6 #edges
10 6
1 4
1 10
0 1
0 3
3 9
6 #edges
4 6
1 4
1 10
0 1
0 3
3 9
6 #edges
6 10
1 6
0 4
0 1
0 3
3 9
6 #edges
4 10
1 6
0 4
0 1
0 3
3 9
6 #edges
4 10
10 6
0 4
0 1
0 3
3 9
6 #edges
4 6
4 10
0 4
0 1
0 3
3 9
6 #edges
6 10
4 6
0 4
0 1
0 3
3 9
6 #edges
4 10
1 6
1 4
0 1
0 3
3 9
6 #edges
6 10
1 6
1 4
0 1
0 3
3 9
6 #edges
6 10
1 4
0 6
0 1
0 3
3 9
6 #edges
4 10
1 4
0 6
0 1
0 3
3 9
6 #edges
4 6
4 10
1 4
0 1
0 3
3 9
6 #edges
6 10
4 6
1 4
0 1
0 3
3 9
6 #edges
4 10
10 6
1 4
0 1
0 3
3 9
6 #edges
10 6
1 9
1 10
0 4
0 1
0 3
6 #edges
1 6
1 9
1 10
0 4
0 1
0 3
6 #edges
4 6
1 9
1 10
0 4
0 1
0 3
6 #edges
1 4
1 9
1 10
0 6
0 1
0 3
6 #edges
10 6
1 4
1 9
1 10
0 1
0 3
6 #edges
4 6
1 4
1 9
1 10
0 1
0 3
6 #edges
4 10
1 4
1 9
0 6
0 1
0 3
6 #edges
6 10
1 4
1 9
0 6
0 1
0 3
6 #edges
4 10
1 6
1 9
0 4
0 1
0 3
6 #edges
4 6
4 10
1 9
0 4
0 1
0 3
6 #edges
4 10
10 6
1 9
0 4
0 1
0 3
6 #edges
6 10
1 6
1 9
0 4
0 1
0 3
6 #edges
6 10
4 6
1 9
0 4
0 1
0 3
6 #edges
6 10
1 6
1 4
1 9
0 1
0 3
6 #edges
4 10
1 6
1 4
1 9
0 1
0 3
6 #edges
6 10
4 6
1 4
1 9
0 1
0 3
6 #edges
4 6
4 10
1 4
1 9
0 1
0 3
6 #edges
4 10
10 6
1 4
1 9
0 1
0 3
6 #edges
6 10
1 4
1 3
0 6
0 9
0 1
6 #edges
6 10
9 3
1 4
0 6
0 9
0 1
6 #edges
4 10
9 3
1 4
0 6
0 9
0 1
6 #edges
9 3
1 4
1 10
0 6
0 9
0 1
6 #edges
9 3
1 4
0 6
0 9
0 10
0 1
6 #edges
1 4
1 10
1 3
0 6
0 9
0 1
6 #edges
1 4
1 3
0 6
0 9
0 10
0 1
6 #edges
4 10
1 4
1 3
0 6
0 9
0 1
6 #edges
4 6
4 10
9 3
0 4
0 9
0 1
6 #edges
4 10
9 3
10 6
0 4
0 9
0 1
6 #edges
4 10
9 3
1 6
0 4
0 9
0 1
6 #edges
4 10
10 6
1 3
0 4
0 9
0 1
6 #edges
4 6
4 10
1 3
0 4
0 9
0 1
6 #edges
4 10
1 6
1 3
0 4
0 9
0 1
6 #edges
6 10
4 6
9 3
0 4
0 9
0 1
6 #edges
4 6
9 3
1 10
0 4
0 9
0 1
6 #edges
9 3
1 6
1 10
0 4
0 9
0 1
6 #edges
9 3
10 6
1 10
0 4
0 9
0 1
6 #edges
6 10
9 3
1 6
0 4
0 9
0 1
6 #edges
4 6
1 10
1 3
0 4
0 9
0 1
6 #edges
10 6
1 10
1 3
0 4
0 9
0 1
6 #edges
1 6
1 10
1 3
0 4
0 9
0 1
6 #edges
6 10
4 6
1 3
0 4
0 9
0 1
6 #edges
6 10
1 6
1 3
0 4
0 9
0 1
6 #edges
9 3
10 6
1 4
0 9
0 10
0 1
6 #edges
9 3
1 6
1 4
0 9
0 10
0 1
6 #edges
4 6
9 3
1 4
0 9
0 10
0 1
6 #edges
6 10
9 3
1 6
1 4
0 9
0 1
6 #edges
4 10
9 3
1 6
1 4
0 9
0 1
6 #edges
4 6
9 3
1 4
1 10
0 9
0 1
6 #edges
9 3
10 6
1 4
1 10
0 9
0 1
6 #edges
4 6
4 10
9 3
1 4
0 9
0 1
6 #edges
4 10
9 3
10 6
1 4
0 9
0 1
6 #edges
6 10
4 6
9 3
1 4
0 9
0 1
6 #edges
10 6
1 4
1 3
0 9
0 10
0 1
6 #edges
1 6
1 4
1 3
0 9
0 10
0 1
6 #edges
4 6
1 4
1 3
0 9
0 10
0 1
6 #edges
6 10
1 6
1 4
1 3
0 9
0 1
6 #edges
4 10
1 6
1 4
1 3
0 9
0 1
6 #edges
4 6
4 10
1 4
1 3
0 9
0 1
6 #edges
4 6
1 4
1 10
1 3
0 9
0 1
6 #edges
6 10
4 6
1 4
1 3
0 9
0 1
6 #edges
4 10
10 6
1 4
1 3
0 9
0 1
6 #edges
10 6
1 4
1 10
1 3
0 9
0 1
6 #edges
1 4
1 9
1 3
0 6
0 10
0 1
6 #edges
9 3
1 4
1 9
0 6
0 10
0 1
6 #edges
1 4
1 3
0 6
0 10
0 1
3 9
6 #edges
9 3
10 6
1 4
1 9
0 10
0 1
6 #edges
10 6
1 4
1 9
1 3
0 10
0 1
6 #edges
10 6
1 4
1 3
0 10
0 1
3 9
6 #edges
4 6
1 4
1 9
1 3
0 10
0 1
6 #edges
4 6
9 3
1 4
1 9
0 10
0 1
6 #edges
4 6
1 4
1 3
0 10
0 1
3 9
6 #edges
1 6
1 4
1 9
1 3
0 10
0 1
6 #edges
1 6
1 4
1 3
0 10
0 1
3 9
6 #edges
9 3
1 6
1 4
1 9
0 10
0 1
6 #edges
6 10
1 4
1 9
1 3
0 6
0 1
6 #edges
6 10
9 3
1 4
1 9
0 6
0 1
6 #edges
4 10
1 4
1 9
1 3
0 6
0 1
6 #edges
1 4
1 9
1 10
1 3
0 6
0 1
6 #edges
4 10
9 3
1 4
1 9
0 6
0 1
6 #edges
9 3
1 4
1 9
1 10
0 6
0 1
6 #edges
6 10
1 4
1 3
0 6
0 1
3 9
6 #edges
4 10
1 4
1 3
0 6
0 1
3 9
6 #edges
1 4
1 10
1 3
0 6
0 1
3 9
6 #edges
6 10
4 6
9 3
1 9
0 4
0 1
6 #edges
6 10
4 6
1 9
1 3
0 4
0 1
6 #edges
6 10
4 6
1 3
0 4
0 1
3 9
6 #edges
4 6
4 10
9 3
1 9
0 4
0 1
6 #edges
4 6
4 10
1 9
1 3
0 4
0 1
6 #edges
4 6
4 10
1 3
0 4
0 1
3 9
6 #edges
4 6
1 10
1 3
0 4
0 1
3 9
6 #edges
4 6
1 9
1 10
1 3
0 4
0 1
6 #edges
4 6
9 3
1 9
1 10
0 4
0 1
6 #edges
4 10
10 6
1 9
1 3
0 4
0 1
6 #edges
4 10
10 6
1 3
0 4
0 1
3 9
6 #edges
4 10
1 6
1 9
1 3
0 4
0 1
6 #edges
4 10
1 6
1 3
0 4
0 1
3 9
6 #edges
4 10
9 3
10 6
1 9
0 4
0 1
6 #edges
4 10
9 3
1 6
1 9
0 4
0 1
6 #edges
6 10
1 6
1 9
1 3
0 4
0 1
6 #edges
1 6
1 9
1 10
1 3
0 4
0 1
6 #edges
10 6
1 9
1 10
1 3
0 4
0 1
6 #edges
9 3
1 6
1 9
1 10
0 4
0 1
6 #edges
6 10
9 3
1 6
1 9
0 4
0 1
6 #edges
9 3
10 6
1 9
1 10
0 4
0 1
6 #edges
6 10
1 6
1 3
0 4
0 1
3 9
6 #edges
1 6
1 10
1 3
0 4
0 1
3 9
6 #edges
10 6
1 10
1 3
0 4
0 1
3 9
6 #edges
10 6
1 4
1 9
1 10
1 3
0 1
6 #edges
4 6
1 4
1 9
1 10
1 3
0 1
6 #edges
4 10
1 6
1 4
1 9
1 3
0 1
6 #edges
6 10
1 6
1 4
1 9
1 3
0 1
6 #edges
4 6
4 10
1 4
1 9
1 3
0 1
6 #edges
4 10
10 6
1 4
1 9
1 3
0 1
6 #edges
6 10
4 6
1 4
1 9
1 3
0 1
6 #edges
4 10
9 3
1 6
1 4
1 9
0 1
6 #edges
6 10
9 3
1 6
1 4
1 9
0 1
6 #edges
4 10
9 3
10 6
1 4
1 9
0 1
6 #edges
4 6
4 10
9 3
1 4
1 9
0 1
6 #edges
6 10
4 6
9 3
1 4
1 9
0 1
6 #edges
4 6
9 3
1 4
1 9
1 10
0 1
6 #edges
9 3
10 6
1 4
1 9
1 10
0 1
6 #edges
6 10
1 6
1 4
1 3
0 1
3 9
6 #edges
4 10
1 6
1 4
1 3
0 1
3 9
6 #edges
4 6
1 4
1 10
1 3
0 1
3 9
6 #edges
10 6
1 4
1 10
1 3
0 1
3 9
6 #edges
4 6
4 10
1 4
1 3
0 1
3 9
6 #edges
4 10
10 6
1 4
1 3
0 1
3 9
6 #edges
6 10
4 6
1 4
1 3
0 1
3 9
4 #trees for patient 53
6 #edges
10 6
10 4
1 9
1 10
0 1
0 3
6 #edges
10 6
1 4
1 9
1 10
0 1
0 3
6 #edges
9 3
10 6
1 4
1 9
1 10
0 1
6 #edges
9 3
10 6
10 4
1 9
1 10
0 1
2 #trees for patient 54
6 #edges
10 6
1 4
1 10
1 3
0 1
3 9
6 #edges
9 3
10 6
1 4
1 9
1 10
0 1
2 #trees for patient 55
6 #edges
6 4
9 3
10 6
1 9
1 10
0 1
6 #edges
9 3
10 6
1 4
1 9
1 10
0 1
28 #trees for patient 56
6 #edges
6 9
10 6
1 4
1 10
1 3
0 1
6 #edges
10 6
1 4
1 10
1 3
0 1
3 9
6 #edges
6 4
6 9
10 6
1 10
1 3
0 1
6 #edges
6 4
10 6
1 10
1 3
0 1
3 9
6 #edges
9 3
10 6
1 4
1 9
1 10
0 1
6 #edges
6 3
10 6
1 4
1 9
1 10
0 1
6 #edges
6 4
9 3
10 6
1 9
1 10
0 1
6 #edges
6 4
6 3
10 6
1 9
1 10
0 1
6 #edges
6 9
6 3
10 6
1 4
1 10
0 1
6 #edges
6 9
9 3
10 6
1 4
1 10
0 1
6 #edges
6 3
10 6
1 4
1 10
0 1
3 9
6 #edges
6 4
6 9
6 3
10 6
1 10
0 1
6 #edges
6 4
6 3
10 6
1 10
0 1
3 9
6 #edges
6 4
6 9
9 3
10 6
1 10
0 1
6 #edges
6 10
9 3
1 6
1 4
1 9
0 1
6 #edges
6 10
10 3
1 6
1 4
1 9
0 1
6 #edges
6 10
1 6
1 4
1 3
0 1
3 9
6 #edges
6 10
10 9
1 6
1 4
1 3
0 1
6 #edges
6 10
10 9
10 3
1 6
1 4
0 1
6 #edges
6 10
9 3
10 9
1 6
1 4
0 1
6 #edges
6 10
10 3
1 6
1 4
0 1
3 9
6 #edges
6 10
10 4
1 6
1 3
0 1
3 9
6 #edges
6 10
10 4
10 9
1 6
1 3
0 1
6 #edges
6 10
9 3
10 4
10 9
1 6
0 1
6 #edges
6 10
10 4
10 9
10 3
1 6
0 1
6 #edges
6 10
9 3
10 4
1 6
1 9
0 1
6 #edges
6 10
10 4
10 3
1 6
1 9
0 1
6 #edges
6 10
10 4
10 3
1 6
0 1
3 9
4 #trees for patient 57
6 #edges
10 6
1 4
1 10
1 3
0 1
3 9
6 #edges
9 3
10 6
1 4
1 9
1 10
0 1
6 #edges
6 10
1 6
1 4
1 3
0 1
3 9
6 #edges
6 10
9 3
1 6
1 4
1 9
0 1
12 #trees for patient 58
6 #edges
1 6
1 4
1 10
1 3
0 1
3 9
6 #edges
9 6
1 4
1 10
1 3
0 1
3 9
6 #edges
10 6
1 4
1 10
1 3
0 1
3 9
6 #edges
9 3
1 6
1 4
1 9
1 10
0 1
6 #edges
9 3
1 4
1 9
1 10
0 1
3 6
6 #edges
9 3
10 6
1 4
1 9
1 10
0 1
6 #edges
9 3
1 6
1 9
1 10
0 1
3 4
6 #edges
9 3
1 9
1 10
0 1
3 6
3 4
6 #edges
9 3
10 6
1 9
1 10
0 1
3 4
6 #edges
9 6
9 4
1 10
1 3
0 1
3 9
6 #edges
9 4
10 6
1 10
1 3
0 1
3 9
6 #edges
9 4
1 6
1 10
1 3
0 1
3 9
24 #trees for patient 59
6 #edges
6 10
4 9
1 6
1 4
1 3
0 1
6 #edges
4 9
10 6
1 4
1 10
1 3
0 1
6 #edges
10 6
1 4
1 10
1 3
0 1
3 9
6 #edges
6 10
1 6
1 4
1 3
0 1
3 9
6 #edges
6 9
10 6
1 4
1 10
1 3
0 1
6 #edges
6 10
10 9
1 6
1 4
1 3
0 1
6 #edges
6 10
4 3
1 6
1 4
1 9
0 1
6 #edges
4 3
10 6
1 4
1 9
1 10
0 1
6 #edges
6 10
10 3
1 6
1 4
1 9
0 1
6 #edges
6 10
9 3
1 6
1 4
1 9
0 1
6 #edges
9 3
10 6
1 4
1 9
1 10
0 1
6 #edges
6 3
10 6
1 4
1 9
1 10
0 1
6 #edges
4 3
10 6
1 4
1 10
0 1
3 9
6 #edges
6 9
4 3
10 6
1 4
1 10
0 1
6 #edges
4 9
9 3
10 6
1 4
1 10
0 1
6 #edges
6 3
4 9
10 6
1 4
1 10
0 1
6 #edges
6 9
9 3
10 6
1 4
1 10
0 1
6 #edges
6 3
10 6
1 4
1 10
0 1
3 9
6 #edges
6 10
4 9
10 3
1 6
1 4
0 1
6 #edges
6 10
4 9
9 3
1 6
1 4
0 1
6 #edges
6 10
4 3
1 6
1 4
0 1
3 9
6 #edges
6 10
4 3
10 9
1 6
1 4
0 1
6 #edges
6 10
10 3
1 6
1 4
0 1
3 9
6 #edges
6 10
9 3
10 9
1 6
1 4
0 1
26 #trees for patient 60
6 #edges
6 10
4 9
4 3
1 6
1 4
0 1
6 #edges
4 9
4 3
10 6
1 4
1 10
0 1
6 #edges
6 10
4 9
9 3
1 6
1 4
0 1
6 #edges
6 10
4 9
1 6
1 4
1 3
0 1
6 #edges
6 10
4 9
10 3
1 6
1 4
0 1
6 #edges
4 9
9 3
10 6
1 4
1 10
0 1
6 #edges
4 9
10 6
1 4
1 10
1 3
0 1
6 #edges
6 3
4 9
10 6
1 4
1 10
0 1
6 #edges
6 10
1 6
1 4
1 3
0 1
3 9
6 #edges
10 6
1 4
1 10
1 3
0 1
3 9
6 #edges
6 10
10 9
1 6
1 4
1 3
0 1
6 #edges
6 9
10 6
1 4
1 10
1 3
0 1
6 #edges
6 10
4 3
1 6
1 4
0 1
3 9
6 #edges
6 10
4 3
1 6
1 4
1 9
0 1
6 #edges
6 10
4 3
10 9
1 6
1 4
0 1
6 #edges
6 10
9 3
10 9
1 6
1 4
0 1
6 #edges
6 10
10 3
1 6
1 4
0 1
3 9
6 #edges
6 10
10 3
1 6
1 4
1 9
0 1
6 #edges
6 10
9 3
1 6
1 4
1 9
0 1
6 #edges
4 3
10 6
1 4
1 9
1 10
0 1
6 #edges
4 3
10 6
1 4
1 10
0 1
3 9
6 #edges
6 9
4 3
10 6
1 4
1 10
0 1
6 #edges
9 3
10 6
1 4
1 9
1 10
0 1
6 #edges
6 3
10 6
1 4
1 9
1 10
0 1
6 #edges
6 3
10 6
1 4
1 10
0 1
3 9
6 #edges
6 9
9 3
10 6
1 4
1 10
0 1
14 #trees for patient 61
6 #edges
9 3
10 6
1 4
1 9
1 10
0 1
6 #edges
9 3
1 4
1 9
1 10
0 1
3 6
6 #edges
6 10
9 3
1 6
1 4
1 9
0 1
6 #edges
9 3
1 6
1 4
1 9
0 1
3 10
6 #edges
9 3
10 6
1 4
1 9
0 1
3 10
6 #edges
9 3
1 4
1 9
0 1
3 6
3 10
6 #edges
6 10
9 3
1 4
1 9
0 1
3 6
6 #edges
6 10
9 3
1 6
1 9
0 1
3 4
6 #edges
9 3
1 6
1 9
0 1
3 4
3 10
6 #edges
9 3
1 9
1 10
0 1
3 6
3 4
6 #edges
9 3
10 6
1 9
1 10
0 1
3 4
6 #edges
6 10
9 3
1 9
0 1
3 6
3 4
6 #edges
9 3
1 9
0 1
3 6
3 4
3 10
6 #edges
9 3
10 6
1 9
0 1
3 4
3 10
2 #trees for patient 62
6 #edges
9 3
10 6
1 4
1 9
1 10
0 1
6 #edges
6 10
9 3
1 6
1 4
1 9
0 1
28 #trees for patient 63
6 #edges
10 6
1 4
1 10
0 1
0 3
3 9
6 #edges
6 10
1 6
1 4
0 1
0 3
3 9
6 #edges
6 4
10 6
1 10
0 1
0 3
3 9
6 #edges
6 10
10 4
1 6
0 1
0 3
3 9
6 #edges
10 6
1 4
1 10
0 9
0 1
0 3
6 #edges
6 4
10 6
1 10
0 9
0 1
0 3
6 #edges
10 6
1 4
1 9
1 10
0 1
0 3
6 #edges
6 4
10 6
1 9
1 10
0 1
0 3
6 #edges
6 10
1 6
1 4
1 9
0 1
0 3
6 #edges
6 10
10 4
1 6
1 9
0 1
0 3
6 #edges
6 10
1 6
1 4
0 9
0 1
0 3
6 #edges
6 10
10 4
1 6
0 9
0 1
0 3
6 #edges
6 10
9 3
1 6
1 4
0 9
0 1
6 #edges
9 3
10 6
1 4
1 10
0 9
0 1
6 #edges
6 10
9 3
10 4
1 6
0 9
0 1
6 #edges
6 4
9 3
10 6
1 10
0 9
0 1
6 #edges
6 10
1 6
1 4
1 3
0 9
0 1
6 #edges
10 6
1 4
1 10
1 3
0 9
0 1
6 #edges
6 10
10 4
1 6
1 3
0 9
0 1
6 #edges
6 4
10 6
1 10
1 3
0 9
0 1
6 #edges
6 10
9 3
1 6
1 4
1 9
0 1
6 #edges
6 10
9 3
10 4
1 6
1 9
0 1
6 #edges
6 4
9 3
10 6
1 9
1 10
0 1
6 #edges
9 3
10 6
1 4
1 9
1 10
0 1
6 #edges
6 10
1 6
1 4
1 3
0 1
3 9
6 #edges
6 10
10 4
1 6
1 3
0 1
3 9
6 #edges
6 4
10 6
1 10
1 3
0 1
3 9
6 #edges
10 6
1 4
1 10
1 3
0 1
3 9
2 #trees for patient 64
6 #edges
9 3
10 6
1 4
1 9
1 10
0 1
6 #edges
6 10
9 3
1 6
1 4
1 9
0 1
6 #trees for patient 65
6 #edges
9 3
10 6
1 4
1 9
1 10
0 1
6 #edges
10 6
1 4
1 10
1 3
0 1
3 9
6 #edges
9 4
10 6
1 10
1 3
0 1
3 9
6 #edges
10 6
10 4
1 10
1 3
0 1
3 9
6 #edges
9 3
10 6
1 9
1 10
0 1
3 4
6 #edges
9 3
10 6
10 4
1 9
1 10
0 1
1 #trees for patient 66
6 #edges
9 3
10 6
1 4
1 9
1 10
0 1
14 #trees for patient 67
6 #edges
10 6
1 4
1 10
1 3
0 1
3 9
6 #edges
9 6
1 4
1 10
1 3
0 1
3 9
6 #edges
9 3
10 6
1 4
1 9
1 10
0 1
6 #edges
9 3
1 4
1 9
1 10
0 1
3 6
6 #edges
6 10
9 3
1 6
1 4
1 9
0 1
6 #edges
6 10
1 6
1 4
1 3
0 1
3 9
6 #edges
9 3
1 6
1 4
1 9
0 1
3 10
6 #edges
9 10
1 6
1 4
1 3
0 1
3 9
6 #edges
9 3
10 6
1 4
1 9
0 1
3 10
6 #edges
9 3
1 4
1 9
0 1
3 6
3 10
6 #edges
6 10
9 3
1 4
1 9
0 1
3 6
6 #edges
6 10
9 6
1 4
1 3
0 1
3 9
6 #edges
9 6
9 10
1 4
1 3
0 1
3 9
6 #edges
9 10
10 6
1 4
1 3
0 1
3 9
4 #trees for patient 68
6 #edges
11 6
2 10
10 4
0 8
0 11
0 2
6 #edges
2 10
10 6
10 4
0 8
0 11
0 2
6 #edges
11 6
2 8
2 10
10 4
0 11
0 2
6 #edges
2 8
2 10
10 6
10 4
0 11
0 2
3 #trees for patient 69
6 #edges
2 8
2 10
10 6
0 4
0 11
0 2
6 #edges
11 4
2 8
2 10
10 6
0 11
0 2
6 #edges
2 8
2 10
10 6
10 4
0 11
0 2
4 #trees for patient 70
6 #edges
6 4
2 8
2 10
10 6
0 11
0 2
6 #edges
2 8
2 10
10 6
10 4
0 11
0 2
6 #edges
6 4
11 8
2 10
10 6
0 11
0 2
6 #edges
11 8
2 10
10 6
10 4
0 11
0 2
2 #trees for patient 71
6 #edges
2 8
2 10
10 6
10 4
0 11
0 2
6 #edges
4 11
2 8
2 10
10 6
10 4
0 2
9 #trees for patient 72
6 #edges
4 6
2 4
2 10
10 8
0 11
0 2
6 #edges
8 6
2 4
2 10
10 8
0 11
0 2
6 #edges
8 4
2 6
2 10
10 8
0 11
0 2
6 #edges
8 6
2 8
2 10
10 4
0 11
0 2
6 #edges
8 4
2 8
2 10
10 6
0 11
0 2
6 #edges
8 4
4 6
2 8
2 10
0 11
0 2
6 #edges
2 8
2 10
10 6
10 4
0 11
0 2
6 #edges
4 6
2 8
2 10
10 4
0 11
0 2
6 #edges
8 4
4 6
2 10
10 8
0 11
0 2
2 #trees for patient 73
6 #edges
11 4
2 8
2 10
10 6
0 11
0 2
6 #edges
2 8
2 10
10 6
10 4
0 11
0 2
4 #trees for patient 74
6 #edges
2 8
2 10
10 6
10 4
0 11
0 2
6 #edges
6 8
2 10
10 6
10 4
0 11
0 2
6 #edges
4 11
2 8
2 10
10 6
10 4
0 2
6 #edges
6 8
4 11
2 10
10 6
10 4
0 2
2 #trees for patient 75
6 #edges
2 8
2 10
10 6
10 4
0 11
0 2
6 #edges
6 11
2 8
2 10
10 6
10 4
0 2
10 #trees for patient 76
6 #edges
8 6
2 8
2 10
10 4
0 11
0 2
6 #edges
2 8
2 10
10 6
10 4
0 11
0 2
6 #edges
2 8
2 11
2 10
10 6
10 4
0 2
6 #edges
8 6
2 8
2 11
2 10
10 4
0 2
6 #edges
8 6
2 8
2 10
10 4
10 11
0 2
6 #edges
8 11
2 8
2 10
10 6
10 4
0 2
6 #edges
8 6
6 11
2 8
2 10
10 4
0 2
6 #edges
8 6
4 11
2 8
2 10
10 4
0 2
6 #edges
6 11
2 8
2 10
10 6
10 4
0 2
6 #edges
4 11
2 8
2 10
10 6
10 4
0 2
5 #trees for patient 77
6 #edges
2 8
2 10
10 4
10 11
0 6
0 2
6 #edges
11 6
2 8
2 10
10 4
0 11
0 2
6 #edges
2 8
2 10
10 6
10 4
0 11
0 2
6 #edges
2 8
2 10
10 6
10 4
10 11
0 2
6 #edges
11 6
2 8
2 10
10 4
10 11
0 2
2 #trees for patient 78
6 #edges
8 6
2 8
2 10
10 4
0 11
0 2
6 #edges
2 8
2 10
10 6
10 4
0 11
0 2
8 #trees for patient 79
6 #edges
2 10
10 6
10 4
0 8
0 11
0 2
6 #edges
4 6
2 10
10 4
0 8
0 11
0 2
6 #edges
4 6
4 11
2 10
10 4
0 8
0 2
6 #edges
4 11
2 10
10 6
10 4
0 8
0 2
6 #edges
2 8
2 10
10 6
10 4
0 11
0 2
6 #edges
4 6
2 8
2 10
10 4
0 11
0 2
6 #edges
4 11
2 8
2 10
10 6
10 4
0 2
6 #edges
4 6
4 11
2 8
2 10
10 4
0 2
6 #trees for patient 80
6 #edges
2 8
2 11
2 10
10 6
0 4
0 2
6 #edges
8 6
2 8
2 11
2 10
0 4
0 2
6 #edges
2 8
2 10
10 6
10 4
0 11
0 2
6 #edges
8 6
2 8
2 10
10 4
0 11
0 2
6 #edges
8 6
2 8
2 11
2 10
10 4
0 2
6 #edges
2 8
2 11
2 10
10 6
10 4
0 2
7 #trees for patient 81
6 #edges
2 10
10 6
0 8
0 4
0 11
0 2
6 #edges
2 10
10 6
10 4
0 8
0 11
0 2
6 #edges
2 8
2 10
10 6
0 4
0 11
0 2
6 #edges
2 10
10 8
10 6
0 4
0 11
0 2
6 #edges
4 8
2 10
10 6
0 4
0 11
0 2
6 #edges
2 8
2 10
10 6
10 4
0 11
0 2
6 #edges
4 8
2 10
10 6
10 4
0 11
0 2
2 #trees for patient 82
6 #edges
8 4
2 8
2 10
10 6
0 11
0 2
6 #edges
2 8
2 10
10 6
10 4
0 11
0 2
4 #trees for patient 83
6 #edges
11 6
2 8
2 10
10 4
0 11
0 2
6 #edges
11 6
2 10
10 8
10 4
0 11
0 2
6 #edges
2 8
2 10
10 6
10 4
0 11
0 2
6 #edges
2 10
10 8
10 6
10 4
0 11
0 2
4 #trees for patient 84
6 #edges
2 8
2 10
10 6
10 4
0 11
0 2
6 #edges
8 6
2 8
2 10
10 4
0 11
0 2
6 #edges
4 11
2 8
2 10
10 6
10 4
0 2
6 #edges
8 6
4 11
2 8
2 10
10 4
0 2
7 #trees for patient 85
6 #edges
11 6
2 10
10 8
10 4
0 11
0 2
6 #edges
11 6
2 8
2 10
10 4
0 11
0 2
6 #edges
2 8
2 10
10 6
10 4
0 11
0 2
6 #edges
6 8
2 10
10 6
10 4
0 11
0 2
6 #edges
11 8
2 10
10 6
10 4
0 11
0 2
6 #edges
11 8
11 6
2 10
10 4
0 11
0 2
6 #edges
6 8
11 6
2 10
10 4
0 11
0 2
1 #trees for patient 86
6 #edges
2 8
2 10
10 6
10 4
0 11
0 2
5 #trees for patient 87
6 #edges
2 10
10 6
10 4
0 8
0 11
0 2
6 #edges
2 11
2 10
10 6
10 4
0 8
0 2
6 #edges
11 8
2 10
10 6
10 4
0 11
0 2
6 #edges
2 8
2 10
10 6
10 4
0 11
0 2
6 #edges
11 8
2 11
2 10
10 6
10 4
0 2
6 #trees for patient 88
6 #edges
11 8
2 4
2 10
10 6
0 11
0 2
6 #edges
11 8
2 10
10 6
10 4
0 11
0 2
6 #edges
2 8
2 10
10 6
10 4
0 11
0 2
6 #edges
2 4
2 10
10 8
10 6
0 11
0 2
6 #edges
4 8
2 4
2 10
10 6
0 11
0 2
6 #edges
4 8
2 10
10 6
10 4
0 11
0 2
1 #trees for patient 89
6 #edges
2 8
2 10
10 6
10 4
0 11
0 2
8 #trees for patient 90
6 #edges
4 8
11 6
2 4
2 10
0 11
0 2
6 #edges
11 6
2 4
2 10
10 8
0 11
0 2
6 #edges
11 6
2 8
2 10
10 4
0 11
0 2
6 #edges
4 8
11 6
2 10
10 4
0 11
0 2
6 #edges
2 8
2 10
10 6
10 4
0 11
0 2
6 #edges
4 8
2 4
2 10
10 6
0 11
0 2
6 #edges
2 4
2 10
10 8
10 6
0 11
0 2
6 #edges
4 8
2 10
10 6
10 4
0 11
0 2
4 #trees for patient 91
6 #edges
11 6
2 8
2 10
10 4
0 11
0 2
6 #edges
2 8
2 6
2 10
10 4
0 11
0 2
6 #edges
2 8
2 10
10 6
10 4
0 11
0 2
6 #edges
4 6
2 8
2 10
10 4
0 11
0 2
7 #trees for patient 92
6 #edges
6 11
2 8
2 10
10 6
0 4
0 2
6 #edges
11 4
2 8
2 10
10 6
0 11
0 2
6 #edges
6 4
2 8
2 10
10 6
0 11
0 2
6 #edges
2 8
2 10
10 6
10 4
0 11
0 2
6 #edges
6 4
6 11
2 8
2 10
10 6
0 2
6 #edges
6 11
2 8
2 10
10 6
10 4
0 2
6 #edges
6 11
11 4
2 8
2 10
10 6
0 2
7 #trees for patient 93
6 #edges
2 8
2 10
10 6
10 4
0 11
0 2
6 #edges
4 6
2 8
2 10
10 4
0 11
0 2
6 #edges
4 6
2 10
10 8
10 4
0 11
0 2
6 #edges
4 8
4 6
2 10
10 4
0 11
0 2
6 #edges
4 8
2 10
10 6
10 4
0 11
0 2
6 #edges
6 8
4 6
2 10
10 4
0 11
0 2
6 #edges
6 8
2 10
10 6
10 4
0 11
0 2
6 #trees for patient 94
6 #edges
2 8
2 10
10 6
10 4
0 11
0 2
6 #edges
4 6
2 8
2 10
10 4
0 11
0 2
6 #edges
2 8
2 10
10 6
10 4
10 11
0 2
6 #edges
4 6
2 8
2 10
10 4
10 11
0 2
6 #edges
8 11
2 8
2 10
10 6
10 4
0 2
6 #edges
8 11
4 6
2 8
2 10
10 4
0 2
6 #trees for patient 95
6 #edges
8 11
2 8
2 10
10 6
0 4
0 2
6 #edges
2 8
2 10
10 6
0 4
0 11
0 2
6 #edges
6 4
2 8
2 10
10 6
0 11
0 2
6 #edges
2 8
2 10
10 6
10 4
0 11
0 2
6 #edges
8 11
2 8
2 10
10 6
10 4
0 2
6 #edges
8 11
6 4
2 8
2 10
10 6
0 2
2 #trees for patient 96
6 #edges
2 8
2 10
10 6
10 4
0 11
0 2
6 #edges
6 11
2 8
2 10
10 6
10 4
0 2
17 #trees for patient 97
6 #edges
4 6
11 10
2 8
2 4
0 11
0 2
6 #edges
11 6
11 10
2 8
2 4
0 11
0 2
6 #edges
11 10
2 8
2 4
10 6
0 11
0 2
6 #edges
11 10
2 8
2 6
2 4
0 11
0 2
6 #edges
11 4
2 8
2 10
10 6
0 11
0 2
6 #edges
11 6
11 4
2 8
2 10
0 11
0 2
6 #edges
4 6
11 4
2 8
2 10
0 11
0 2
6 #edges
2 8
2 10
10 6
10 4
0 11
0 2
6 #edges
4 6
2 8
2 10
10 4
0 11
0 2
6 #edges
11 6
2 8
2 10
10 4
0 11
0 2
6 #edges
11 6
11 10
2 8
10 4
0 11
0 2
6 #edges
11 10
2 8
2 6
10 4
0 11
0 2
6 #edges
11 10
2 8
10 6
10 4
0 11
0 2
6 #edges
4 6
11 10
2 8
10 4
0 11
0 2
6 #edges
11 8
2 10
10 6
10 4
0 11
0 2
6 #edges
11 8
11 6
2 10
10 4
0 11
0 2
6 #edges
4 6
11 8
2 10
10 4
0 11
0 2
4 #trees for patient 98
6 #edges
2 8
2 6
2 10
10 4
0 11
0 2
6 #edges
8 4
2 8
2 6
2 10
0 11
0 2
6 #edges
8 4
2 8
2 10
10 6
0 11
0 2
6 #edges
2 8
2 10
10 6
10 4
0 11
0 2
12 #trees for patient 99
6 #edges
11 6
11 4
2 8
2 10
0 11
0 2
6 #edges
11 6
11 4
2 10
10 8
0 11
0 2
6 #edges
11 6
2 8
2 4
2 10
0 11
0 2
6 #edges
11 6
2 4
2 10
10 8
0 11
0 2
6 #edges
11 6
2 8
2 10
10 4
0 11
0 2
6 #edges
11 6
2 10
10 8
10 4
0 11
0 2
6 #edges
2 10
10 8
10 6
10 4
0 11
0 2
6 #edges
2 8
2 10
10 6
10 4
0 11
0 2
6 #edges
2 8
2 4
2 10
10 6
0 11
0 2
6 #edges
2 4
2 10
10 8
10 6
0 11
0 2
6 #edges
11 4
2 8
2 10
10 6
0 11
0 2
6 #edges
11 4
2 10
10 8
10 6
0 11
0 2
