50 # patients
6 #trees for patient 0
6 #edges
1 5
0 9
9 3
9 7
7 4
7 1
6 #edges
1 5
0 9
9 4
9 3
9 7
7 1
6 #edges
1 5
0 9
9 4
9 7
7 1
7 3
6 #edges
1 5
1 3
0 9
9 4
9 7
7 1
6 #edges
1 5
0 9
9 7
7 4
7 1
7 3
6 #edges
1 5
1 3
0 9
9 7
7 4
7 1
4 #trees for patient 1
6 #edges
1 5
1 3
0 7
9 4
9 1
7 9
6 #edges
4 5
1 3
0 7
9 4
9 1
7 9
6 #edges
4 5
1 3
0 9
9 7
7 4
7 1
6 #edges
1 5
1 3
0 9
9 7
7 4
7 1
2 #trees for patient 2
6 #edges
1 5
1 3
0 4
0 9
9 7
7 1
6 #edges
1 5
1 3
0 9
9 7
7 4
7 1
2 #trees for patient 3
6 #edges
1 3
0 9
3 5
9 7
7 4
7 1
6 #edges
1 5
1 3
0 9
9 7
7 4
7 1
3 #trees for patient 4
6 #edges
1 5
1 3
0 4
0 9
9 7
7 1
6 #edges
1 5
1 3
0 9
9 7
7 4
7 1
6 #edges
5 4
1 5
1 3
0 9
9 7
7 1
4 #trees for patient 5
6 #edges
1 5
1 3
0 7
9 4
9 1
7 9
6 #edges
4 5
1 3
0 7
9 4
9 1
7 9
6 #edges
1 5
1 3
0 9
9 7
7 4
7 1
6 #edges
4 5
1 3
0 9
9 7
7 4
7 1
4 #trees for patient 6
6 #edges
1 5
1 3
0 7
9 4
9 1
7 9
6 #edges
5 4
1 5
1 3
0 7
9 1
7 9
6 #edges
1 5
1 3
0 9
9 7
7 4
7 1
6 #edges
5 4
1 5
1 3
0 9
9 7
7 1
4 #trees for patient 7
6 #edges
1 4
1 5
1 3
0 7
9 1
7 9
6 #edges
1 5
1 3
0 7
9 4
9 1
7 9
6 #edges
1 5
1 3
0 9
9 7
7 4
7 1
6 #edges
1 4
1 5
1 3
0 9
9 7
7 1
2 #trees for patient 8
6 #edges
5 3
1 5
0 9
9 7
7 4
7 1
6 #edges
1 5
1 3
0 9
9 7
7 4
7 1
2 #trees for patient 9
6 #edges
1 4
1 9
0 1
10 3
9 10
9 6
6 #edges
1 9
0 1
10 3
6 4
9 10
9 6
4 #trees for patient 10
6 #edges
1 4
1 9
0 1
10 3
9 10
9 6
6 #edges
1 4
1 9
0 1
3 6
10 3
9 10
6 #edges
1 4
1 9
0 1
3 10
9 3
9 6
6 #edges
1 4
1 9
0 1
3 10
10 6
9 3
4 #trees for patient 11
6 #edges
1 4
1 9
0 1
0 6
10 3
9 10
6 #edges
1 9
0 1
0 6
10 3
9 4
9 10
6 #edges
1 4
1 9
0 1
10 3
9 10
9 6
6 #edges
1 9
0 1
10 3
9 4
9 10
9 6
2 #trees for patient 12
6 #edges
1 9
0 1
3 4
10 3
9 10
9 6
6 #edges
1 4
1 9
0 1
10 3
9 10
9 6
8 #trees for patient 13
6 #edges
1 4
1 9
0 1
0 6
10 3
9 10
6 #edges
1 4
1 9
0 1
0 6
3 10
9 3
6 #edges
1 9
0 1
0 6
3 10
10 4
9 3
6 #edges
1 9
0 1
0 6
3 4
10 3
9 10
6 #edges
1 4
1 9
0 1
3 10
9 3
9 6
6 #edges
1 4
1 9
0 1
10 3
9 10
9 6
6 #edges
1 9
0 1
3 4
10 3
9 10
9 6
6 #edges
1 9
0 1
3 10
10 4
9 3
9 6
40 #trees for patient 14
6 #edges
4 9
1 4
1 3
1 6
0 1
9 10
6 #edges
4 9
1 4
1 6
0 1
10 3
9 10
6 #edges
4 3
4 9
1 4
1 6
0 1
9 10
6 #edges
4 3
4 9
1 4
1 10
1 6
0 1
6 #edges
4 9
1 4
1 10
1 6
0 1
9 3
6 #edges
4 9
1 4
1 10
1 6
0 1
10 3
6 #edges
4 9
1 4
1 3
1 6
0 1
3 10
6 #edges
4 10
4 9
1 4
1 3
1 6
0 1
6 #edges
4 10
4 9
1 4
1 6
0 1
9 3
6 #edges
4 9
1 4
1 6
0 1
3 10
9 3
6 #edges
4 3
4 10
4 9
1 4
1 6
0 1
6 #edges
4 10
4 9
1 4
1 6
0 1
10 3
6 #edges
4 3
4 9
1 4
1 6
0 1
3 10
6 #edges
4 10
4 6
1 4
1 9
0 1
10 3
6 #edges
4 10
1 4
1 9
0 1
10 3
9 6
6 #edges
4 10
4 9
1 4
0 1
10 3
9 6
6 #edges
4 3
4 10
1 4
1 9
0 1
9 6
6 #edges
4 10
1 4
1 9
0 1
9 3
9 6
6 #edges
4 3
4 10
4 6
1 4
1 9
0 1
6 #edges
4 10
4 6
1 4
1 9
0 1
9 3
6 #edges
4 10
4 9
1 4
1 3
0 1
9 6
6 #edges
4 3
4 10
4 9
1 4
0 1
9 6
6 #edges
4 10
4 9
1 4
0 1
9 3
9 6
6 #edges
4 3
4 9
1 4
0 1
3 10
9 6
6 #edges
4 3
4 9
1 4
0 1
9 10
9 6
6 #edges
4 3
4 9
1 4
1 10
0 1
9 6
6 #edges
4 9
1 4
1 3
0 1
9 10
9 6
6 #edges
4 9
1 4
1 3
0 1
3 10
9 6
6 #edges
4 9
1 4
1 10
0 1
10 3
9 6
6 #edges
4 9
1 4
1 10
0 1
9 3
9 6
6 #edges
4 9
1 4
0 1
3 10
9 3
9 6
6 #edges
4 9
1 4
0 1
10 3
9 10
9 6
6 #edges
4 3
4 6
1 4
1 9
0 1
3 10
6 #edges
4 3
4 6
1 4
1 9
0 1
9 10
6 #edges
4 3
1 4
1 9
0 1
3 10
9 6
6 #edges
4 3
1 4
1 9
0 1
9 10
9 6
6 #edges
4 6
1 4
1 9
0 1
3 10
9 3
6 #edges
4 6
1 4
1 9
0 1
10 3
9 10
6 #edges
1 4
1 9
0 1
3 10
9 3
9 6
6 #edges
1 4
1 9
0 1
10 3
9 10
9 6
4 #trees for patient 15
6 #edges
4 3
1 4
1 9
0 1
9 10
9 6
6 #edges
4 3
1 4
1 9
0 1
10 6
9 10
6 #edges
1 4
1 9
0 1
10 3
9 10
9 6
6 #edges
1 4
1 9
0 1
10 3
10 6
9 10
4 #trees for patient 16
6 #edges
1 4
1 9
0 1
10 3
9 10
9 6
6 #edges
1 4
1 9
0 1
6 3
9 10
9 6
6 #edges
1 9
0 1
10 3
9 4
9 10
9 6
6 #edges
1 9
0 1
6 3
9 4
9 10
9 6
2 #trees for patient 17
6 #edges
1 4
1 6
1 9
0 1
10 3
9 10
6 #edges
1 4
1 9
0 1
10 3
9 10
9 6
2 #trees for patient 18
6 #edges
1 4
1 9
0 1
10 3
9 10
9 6
6 #edges
1 4
1 9
0 1
10 6
9 3
9 10
26 #trees for patient 19
6 #edges
4 3
1 4
1 10
1 6
1 9
0 1
6 #edges
4 3
1 4
1 10
1 9
0 1
9 6
6 #edges
4 3
1 4
1 9
0 1
9 10
9 6
6 #edges
4 3
1 4
1 6
1 9
0 1
9 10
6 #edges
4 3
1 4
1 6
1 9
0 1
3 10
6 #edges
4 3
1 4
1 9
0 1
3 10
9 6
6 #edges
4 3
4 10
1 4
1 9
0 1
9 6
6 #edges
4 3
4 10
1 4
1 6
1 9
0 1
6 #edges
1 4
1 6
1 9
0 1
10 3
9 10
6 #edges
1 4
1 9
0 1
10 3
9 10
9 6
6 #edges
1 4
1 3
1 6
1 9
0 1
9 10
6 #edges
1 4
1 3
1 9
0 1
9 10
9 6
6 #edges
1 4
1 10
1 9
0 1
9 3
9 6
6 #edges
1 4
1 10
1 6
1 9
0 1
9 3
6 #edges
1 4
1 10
1 9
0 1
10 3
9 6
6 #edges
1 4
1 10
1 6
1 9
0 1
10 3
6 #edges
4 10
1 4
1 3
1 6
1 9
0 1
6 #edges
4 10
1 4
1 3
1 9
0 1
9 6
6 #edges
4 10
1 4
1 9
0 1
9 3
9 6
6 #edges
4 10
1 4
1 6
1 9
0 1
9 3
6 #edges
4 10
1 4
1 6
1 9
0 1
10 3
6 #edges
4 10
1 4
1 9
0 1
10 3
9 6
6 #edges
1 4
1 6
1 9
0 1
3 10
9 3
6 #edges
1 4
1 9
0 1
3 10
9 3
9 6
6 #edges
1 4
1 3
1 9
0 1
3 10
9 6
6 #edges
1 4
1 3
1 6
1 9
0 1
3 10
2 #trees for patient 20
6 #edges
1 4
1 9
0 1
3 10
9 3
9 6
6 #edges
1 4
1 9
0 1
10 3
9 10
9 6
7 #trees for patient 21
6 #edges
1 4
1 9
0 1
10 3
9 10
9 6
6 #edges
1 4
1 9
0 1
6 3
9 10
9 6
6 #edges
1 4
1 9
0 1
3 10
9 3
9 6
6 #edges
1 4
1 9
0 1
6 10
9 3
9 6
6 #edges
1 4
1 9
0 1
6 3
6 10
9 6
6 #edges
1 4
1 9
0 1
3 10
6 3
9 6
6 #edges
1 4
1 9
0 1
10 3
6 10
9 6
2 #trees for patient 22
6 #edges
1 4
1 9
0 1
10 3
9 10
9 6
6 #edges
4 3
1 4
1 9
0 1
9 10
9 6
1 #trees for patient 23
6 #edges
1 4
1 9
0 1
10 3
9 10
9 6
6 #trees for patient 24
6 #edges
2 4
2 6
0 2
0 8
10 11
8 10
6 #edges
2 4
2 6
0 2
0 8
8 11
11 10
6 #edges
2 6
0 2
0 8
10 11
8 10
6 4
6 #edges
2 6
0 2
0 8
8 11
11 10
6 4
6 #edges
2 6
0 2
0 8
10 11
8 4
8 10
6 #edges
2 6
0 2
0 8
8 4
8 11
11 10
12 #trees for patient 25
6 #edges
2 4
0 2
0 8
0 6
8 11
11 10
6 #edges
2 4
0 2
0 8
0 6
10 11
8 10
6 #edges
0 4
0 2
0 8
0 6
10 11
8 10
6 #edges
0 4
0 2
0 8
0 6
8 11
11 10
6 #edges
4 6
0 4
0 2
0 8
8 11
11 10
6 #edges
2 6
0 4
0 2
0 8
8 11
11 10
6 #edges
4 6
0 4
0 2
0 8
10 11
8 10
6 #edges
2 6
0 4
0 2
0 8
10 11
8 10
6 #edges
2 4
2 6
0 2
0 8
8 11
11 10
6 #edges
2 4
2 6
0 2
0 8
10 11
8 10
6 #edges
4 6
2 4
0 2
0 8
8 11
11 10
6 #edges
4 6
2 4
0 2
0 8
10 11
8 10
4 #trees for patient 26
6 #edges
2 4
2 6
0 2
0 8
8 11
11 10
6 #edges
2 4
0 2
0 8
10 6
8 11
11 10
6 #edges
2 4
0 2
0 8
10 11
8 10
11 6
6 #edges
2 4
2 6
0 2
0 8
10 11
8 10
72 #trees for patient 27
6 #edges
4 8
2 4
2 6
0 2
0 11
11 10
6 #edges
2 4
2 6
0 2
0 11
10 8
11 10
6 #edges
2 4
2 6
0 2
0 11
11 10
6 8
6 #edges
2 4
2 6
0 2
0 11
8 10
11 8
6 #edges
4 10
2 4
2 6
0 2
0 11
11 8
6 #edges
2 4
2 6
0 2
0 11
11 8
6 10
6 #edges
2 4
2 6
0 2
0 11
10 8
6 10
6 #edges
4 8
2 4
2 6
0 2
0 11
6 10
6 #edges
4 10
4 8
2 4
2 6
0 2
0 11
6 #edges
4 10
2 4
2 6
0 2
0 11
6 8
6 #edges
4 10
2 4
2 6
0 2
0 11
10 8
6 #edges
2 4
2 6
0 2
0 11
8 10
6 8
6 #edges
4 8
2 4
2 6
0 2
0 11
8 10
6 #edges
2 4
2 6
0 2
0 8
8 11
11 10
6 #edges
2 4
2 6
0 2
0 8
8 11
6 10
6 #edges
4 10
2 4
2 6
0 2
0 8
8 11
6 #edges
2 4
2 6
0 2
0 8
10 11
8 10
6 #edges
4 11
2 4
2 6
0 2
0 8
8 10
6 #edges
2 4
2 6
0 2
0 8
8 10
6 11
6 #edges
4 10
4 11
2 4
2 6
0 2
0 8
6 #edges
4 10
2 4
2 6
0 2
0 8
10 11
6 #edges
4 10
2 4
2 6
0 2
0 8
6 11
6 #edges
4 11
2 4
2 6
0 2
0 8
11 10
6 #edges
4 11
2 4
2 6
0 2
0 8
6 10
6 #edges
2 4
2 6
0 2
0 8
10 11
6 10
6 #edges
2 4
2 6
0 2
0 8
11 10
6 11
6 #edges
2 4
2 6
0 2
0 10
10 11
11 8
6 #edges
4 8
2 4
2 6
0 2
0 10
10 11
6 #edges
2 4
2 6
0 2
0 10
10 11
6 8
6 #edges
2 4
2 6
0 2
0 10
10 8
8 11
6 #edges
4 11
2 4
2 6
0 2
0 10
10 8
6 #edges
2 4
2 6
0 2
0 10
10 8
6 11
6 #edges
4 8
2 4
2 6
0 2
0 10
6 11
6 #edges
2 4
2 6
0 2
0 10
11 8
6 11
6 #edges
4 8
4 11
2 4
2 6
0 2
0 10
6 #edges
4 8
2 4
2 6
0 2
0 10
8 11
6 #edges
2 4
2 6
0 2
0 10
8 11
6 8
6 #edges
4 11
2 4
2 6
0 2
0 10
6 8
6 #edges
4 11
2 4
2 6
0 2
0 10
11 8
6 #edges
4 8
4 11
2 4
2 6
0 2
11 10
6 #edges
4 11
2 4
2 6
0 2
11 10
6 8
6 #edges
4 11
2 4
2 6
0 2
10 8
11 10
6 #edges
4 11
2 4
2 6
0 2
8 10
6 8
6 #edges
4 10
4 11
2 4
2 6
0 2
6 8
6 #edges
4 8
4 11
2 4
2 6
0 2
6 10
6 #edges
4 8
4 11
2 4
2 6
0 2
8 10
6 #edges
4 10
4 11
2 4
2 6
0 2
11 8
6 #edges
4 11
2 4
2 6
0 2
11 8
6 10
6 #edges
4 11
2 4
2 6
0 2
8 10
11 8
6 #edges
4 11
2 4
2 6
0 2
10 8
6 10
6 #edges
4 10
4 11
2 4
2 6
0 2
10 8
6 #edges
4 10
2 4
2 6
0 2
8 11
6 8
6 #edges
4 10
2 4
2 6
0 2
10 11
6 8
6 #edges
2 4
2 6
0 2
8 11
11 10
6 8
6 #edges
2 4
2 6
0 2
10 11
8 10
6 8
6 #edges
4 10
4 8
2 4
2 6
0 2
8 11
6 #edges
4 8
2 4
2 6
0 2
8 11
6 10
6 #edges
4 8
2 4
2 6
0 2
8 11
11 10
6 #edges
4 8
2 4
2 6
0 2
8 10
6 11
6 #edges
4 8
2 4
2 6
0 2
11 10
6 11
6 #edges
4 10
4 8
2 4
2 6
0 2
6 11
6 #edges
4 8
2 4
2 6
0 2
10 11
6 10
6 #edges
4 10
4 8
2 4
2 6
0 2
10 11
6 #edges
4 8
2 4
2 6
0 2
10 11
8 10
6 #edges
2 4
2 6
0 2
10 11
11 8
6 10
6 #edges
2 4
2 6
0 2
10 8
8 11
6 10
6 #edges
4 10
2 4
2 6
0 2
10 11
11 8
6 #edges
4 10
2 4
2 6
0 2
10 8
6 11
6 #edges
4 10
2 4
2 6
0 2
10 8
8 11
6 #edges
4 10
2 4
2 6
0 2
11 8
6 11
6 #edges
2 4
2 6
0 2
10 8
11 10
6 11
6 #edges
2 4
2 6
0 2
8 10
11 8
6 11
4 #trees for patient 28
6 #edges
2 4
0 2
0 8
0 6
10 11
8 10
6 #edges
2 4
0 2
0 8
0 6
8 11
11 10
6 #edges
2 4
2 6
0 2
0 8
8 11
11 10
6 #edges
2 4
2 6
0 2
0 8
10 11
8 10
2 #trees for patient 29
6 #edges
2 4
2 6
0 2
0 8
8 11
6 10
6 #edges
2 4
2 6
0 2
0 8
8 11
11 10
4 #trees for patient 30
6 #edges
2 4
2 6
0 2
0 8
8 11
11 10
6 #edges
2 6
0 2
0 8
8 11
11 10
6 4
6 #edges
2 6
0 2
0 11
8 10
11 8
6 4
6 #edges
2 4
2 6
0 2
0 11
8 10
11 8
2 #trees for patient 31
6 #edges
2 4
2 6
0 2
0 8
10 11
8 10
6 #edges
2 4
2 6
0 2
0 8
8 11
11 10
24 #trees for patient 32
6 #edges
2 8
2 6
0 4
0 2
0 10
8 11
6 #edges
2 11
2 6
0 4
0 2
0 10
11 8
6 #edges
2 8
2 6
0 2
0 10
8 11
11 4
6 #edges
2 11
2 6
0 2
0 10
8 4
11 8
6 #edges
2 8
2 6
0 4
0 2
8 11
11 10
6 #edges
2 11
2 6
0 4
0 2
8 10
11 8
6 #edges
2 8
2 6
0 2
0 11
11 4
11 10
6 #edges
2 8
2 6
0 2
0 11
8 10
11 4
6 #edges
2 8
2 6
0 2
0 11
8 4
11 10
6 #edges
2 4
2 6
0 2
0 11
8 10
11 8
6 #edges
2 6
0 2
0 11
8 4
8 10
11 8
6 #edges
2 10
2 6
0 2
0 11
8 4
11 8
6 #edges
2 4
2 10
2 6
0 2
0 11
11 8
6 #edges
2 8
2 6
0 2
0 11
8 4
8 10
6 #edges
2 11
2 6
0 2
0 8
8 4
11 10
6 #edges
2 11
2 6
0 2
0 8
8 4
8 10
6 #edges
2 11
2 6
0 2
0 8
8 10
11 4
6 #edges
2 10
2 6
0 2
0 8
8 11
11 4
6 #edges
2 4
2 10
2 6
0 2
0 8
8 11
6 #edges
2 6
0 2
0 8
8 11
11 4
11 10
6 #edges
2 4
2 6
0 2
0 8
8 11
11 10
6 #edges
2 11
2 6
0 2
0 8
11 4
11 10
6 #edges
2 8
2 6
0 2
8 11
11 4
11 10
6 #edges
2 11
2 6
0 2
8 4
8 10
11 8
2 #trees for patient 33
6 #edges
2 4
2 6
0 2
0 11
8 10
11 8
6 #edges
2 4
2 6
0 2
0 8
8 11
11 10
20 #trees for patient 34
6 #edges
2 4
2 6
0 2
0 11
6 10
6 8
6 #edges
2 4
2 6
0 2
0 11
11 10
6 8
6 #edges
2 4
2 6
0 2
0 11
8 10
6 8
6 #edges
2 4
2 6
0 2
0 10
10 11
6 8
6 #edges
2 4
2 6
0 2
0 10
6 8
6 11
6 #edges
2 4
2 6
0 2
0 10
8 11
6 8
6 #edges
2 4
2 6
0 2
0 8
8 11
6 10
6 #edges
2 4
2 6
0 2
0 8
10 11
6 10
6 #edges
2 4
2 6
0 2
0 8
6 10
6 11
6 #edges
2 4
2 6
0 2
0 8
8 10
6 11
6 #edges
2 4
2 6
0 2
0 8
11 10
6 11
6 #edges
2 4
2 6
0 2
0 8
8 11
11 10
6 #edges
2 4
2 6
0 2
0 8
10 11
8 10
6 #edges
2 4
2 6
0 2
8 10
6 8
6 11
6 #edges
2 4
2 6
0 2
10 11
8 10
6 8
6 #edges
2 4
2 6
0 2
6 10
6 8
6 11
6 #edges
2 4
2 6
0 2
10 11
6 10
6 8
6 #edges
2 4
2 6
0 2
8 11
6 10
6 8
6 #edges
2 4
2 6
0 2
8 11
11 10
6 8
6 #edges
2 4
2 6
0 2
11 10
6 8
6 11
20 #trees for patient 35
6 #edges
4 8
2 4
2 6
0 2
0 11
11 10
6 #edges
4 10
4 8
2 4
2 6
0 2
0 11
6 #edges
4 8
2 4
2 6
0 2
0 11
8 10
6 #edges
2 4
2 6
0 2
0 8
8 11
11 10
6 #edges
4 10
2 4
2 6
0 2
0 8
8 11
6 #edges
2 4
2 6
0 2
0 8
10 11
8 10
6 #edges
4 11
2 4
2 6
0 2
0 8
8 10
6 #edges
4 10
4 11
2 4
2 6
0 2
0 8
6 #edges
4 10
2 4
2 6
0 2
0 8
10 11
6 #edges
4 11
2 4
2 6
0 2
0 8
11 10
6 #edges
4 8
2 4
2 6
0 2
0 10
10 11
6 #edges
4 8
4 11
2 4
2 6
0 2
0 10
6 #edges
4 8
2 4
2 6
0 2
0 10
8 11
6 #edges
4 8
4 11
2 4
2 6
0 2
11 10
6 #edges
4 8
4 11
2 4
2 6
0 2
8 10
6 #edges
4 10
4 8
4 11
2 4
2 6
0 2
6 #edges
4 8
2 4
2 6
0 2
10 11
8 10
6 #edges
4 8
2 4
2 6
0 2
8 11
11 10
6 #edges
4 10
4 8
2 4
2 6
0 2
8 11
6 #edges
4 10
4 8
2 4
2 6
0 2
10 11
2 #trees for patient 36
6 #edges
4 3
0 10
0 7
3 8
10 4
7 11
6 #edges
4 10
0 4
0 7
3 8
10 3
7 11
12 #trees for patient 37
6 #edges
4 3
0 10
0 7
3 8
10 4
7 11
6 #edges
4 3
0 10
0 7
10 4
11 8
7 11
6 #edges
0 10
0 7
3 4
10 3
11 8
7 11
6 #edges
4 8
0 10
0 7
3 4
10 3
7 11
6 #edges
4 8
0 3
0 7
3 10
10 4
7 11
6 #edges
0 3
0 7
3 10
10 4
11 8
7 11
6 #edges
4 10
0 3
0 7
3 4
10 8
7 11
6 #edges
4 10
0 3
0 7
3 4
11 8
7 11
6 #edges
4 10
0 4
0 7
3 8
10 3
7 11
6 #edges
4 10
0 4
0 7
10 3
11 8
7 11
6 #edges
4 3
0 4
0 7
3 10
11 8
7 11
6 #edges
4 3
0 4
0 7
3 10
10 8
7 11
42 #trees for patient 38
6 #edges
4 10
0 4
0 7
10 8
8 3
7 11
6 #edges
4 10
0 4
0 7
3 8
10 3
7 11
6 #edges
4 3
0 4
0 7
3 10
10 8
7 11
6 #edges
4 3
0 4
0 7
3 8
8 10
7 11
6 #edges
4 8
0 4
0 7
10 3
8 10
7 11
6 #edges
4 8
0 4
0 7
3 10
8 3
7 11
6 #edges
4 8
4 11
0 4
0 7
10 3
8 10
6 #edges
4 8
4 11
0 4
0 7
3 10
8 3
6 #edges
4 10
4 11
0 4
0 7
3 8
10 3
6 #edges
4 10
4 11
0 4
0 7
10 8
8 3
6 #edges
4 3
4 11
0 4
0 7
3 10
10 8
6 #edges
4 3
4 11
0 4
0 7
3 8
8 10
6 #edges
4 10
0 4
0 11
3 8
10 3
11 7
6 #edges
4 10
0 4
0 11
10 8
8 3
11 7
6 #edges
4 3
0 4
0 11
3 8
8 10
11 7
6 #edges
4 3
0 4
0 11
3 10
10 8
11 7
6 #edges
4 8
0 4
0 11
10 3
8 10
11 7
6 #edges
4 8
0 4
0 11
3 10
8 3
11 7
6 #edges
4 8
4 7
0 4
0 11
10 3
8 10
6 #edges
4 8
4 7
0 4
0 11
3 10
8 3
6 #edges
4 10
4 7
0 4
0 11
10 8
8 3
6 #edges
4 10
4 7
0 4
0 11
3 8
10 3
6 #edges
4 3
4 7
0 4
0 11
3 8
8 10
6 #edges
4 3
4 7
0 4
0 11
3 10
10 8
6 #edges
4 3
4 11
4 7
0 4
3 8
8 10
6 #edges
4 3
4 11
4 7
0 4
3 10
10 8
6 #edges
4 3
4 7
0 4
3 10
10 8
7 11
6 #edges
4 3
4 7
0 4
3 8
8 10
7 11
6 #edges
4 3
4 11
0 4
3 8
8 10
11 7
6 #edges
4 3
4 11
0 4
3 10
10 8
11 7
6 #edges
4 10
4 11
0 4
3 8
10 3
11 7
6 #edges
4 10
4 11
0 4
10 8
8 3
11 7
6 #edges
4 8
4 11
0 4
10 3
8 10
11 7
6 #edges
4 8
4 11
0 4
3 10
8 3
11 7
6 #edges
4 10
4 11
4 7
0 4
10 8
8 3
6 #edges
4 10
4 11
4 7
0 4
3 8
10 3
6 #edges
4 8
4 11
4 7
0 4
10 3
8 10
6 #edges
4 8
4 11
4 7
0 4
3 10
8 3
6 #edges
4 8
4 7
0 4
3 10
8 3
7 11
6 #edges
4 8
4 7
0 4
10 3
8 10
7 11
6 #edges
4 10
4 7
0 4
3 8
10 3
7 11
6 #edges
4 10
4 7
0 4
10 8
8 3
7 11
42 #trees for patient 39
6 #edges
4 10
0 3
0 7
3 4
10 8
7 11
6 #edges
4 10
0 3
0 7
3 4
10 8
8 11
6 #edges
4 8
0 3
0 7
3 10
10 4
7 11
6 #edges
4 8
0 3
0 7
3 10
10 4
8 11
6 #edges
4 8
0 10
0 7
3 4
10 3
7 11
6 #edges
4 3
0 10
0 7
3 8
10 4
7 11
6 #edges
4 3
0 4
0 7
3 10
10 8
7 11
6 #edges
4 10
0 4
0 7
3 8
10 3
7 11
6 #edges
4 8
0 10
0 7
3 4
10 3
8 11
6 #edges
4 3
0 10
0 7
3 8
10 4
8 11
6 #edges
4 3
0 4
0 7
3 10
10 8
8 11
6 #edges
4 10
0 4
0 7
3 8
10 3
8 11
6 #edges
4 8
0 3
0 11
3 10
10 4
11 7
6 #edges
4 8
0 3
0 11
3 10
10 4
8 7
6 #edges
4 10
0 3
0 11
3 4
10 8
11 7
6 #edges
4 10
0 3
0 11
3 4
10 8
8 7
6 #edges
4 8
0 10
0 11
3 4
10 3
8 7
6 #edges
4 8
0 10
0 11
3 4
10 3
11 7
6 #edges
4 3
0 10
0 11
3 8
10 4
11 7
6 #edges
4 3
0 10
0 11
3 8
10 4
8 7
6 #edges
4 10
0 4
0 11
3 8
10 3
11 7
6 #edges
4 3
0 4
0 11
3 10
10 8
11 7
6 #edges
4 10
0 4
0 11
3 8
10 3
8 7
6 #edges
4 3
0 4
0 11
3 10
10 8
8 7
6 #edges
4 8
0 10
3 4
10 3
8 7
7 11
6 #edges
4 8
0 10
3 4
10 3
8 11
8 7
6 #edges
4 8
0 10
3 4
10 3
8 11
11 7
6 #edges
4 3
0 10
3 8
10 4
8 11
8 7
6 #edges
4 3
0 10
3 8
10 4
8 7
7 11
6 #edges
4 3
0 10
3 8
10 4
8 11
11 7
6 #edges
4 8
0 3
3 10
10 4
8 11
8 7
6 #edges
4 8
0 3
3 10
10 4
8 7
7 11
6 #edges
4 8
0 3
3 10
10 4
8 11
11 7
6 #edges
4 10
0 3
3 4
10 8
8 7
7 11
6 #edges
4 10
0 3
3 4
10 8
8 11
8 7
6 #edges
4 10
0 3
3 4
10 8
8 11
11 7
6 #edges
4 10
0 4
3 8
10 3
8 11
8 7
6 #edges
4 10
0 4
3 8
10 3
8 11
11 7
6 #edges
4 10
0 4
3 8
10 3
8 7
7 11
6 #edges
4 3
0 4
3 10
10 8
8 11
8 7
6 #edges
4 3
0 4
3 10
10 8
8 7
7 11
6 #edges
4 3
0 4
3 10
10 8
8 11
11 7
8 #trees for patient 40
6 #edges
4 3
4 11
0 10
0 7
3 8
10 4
6 #edges
4 3
0 10
0 7
3 8
10 4
7 11
6 #edges
4 3
0 10
0 7
3 8
3 11
10 4
6 #edges
4 3
0 10
0 7
3 8
10 4
8 11
6 #edges
4 10
0 4
0 7
3 8
10 3
10 11
6 #edges
4 10
0 4
0 7
3 8
10 3
7 11
6 #edges
4 10
0 4
0 7
3 8
3 11
10 3
6 #edges
4 10
0 4
0 7
3 8
10 3
8 11
3 #trees for patient 41
6 #edges
4 10
0 4
0 7
10 3
10 8
7 11
6 #edges
4 10
0 4
0 7
10 8
8 3
7 11
6 #edges
4 10
0 4
0 7
3 8
10 3
7 11
72 #trees for patient 42
6 #edges
4 8
0 3
0 11
0 7
3 10
10 4
6 #edges
0 3
0 11
0 7
3 10
10 8
8 4
6 #edges
4 8
0 3
0 7
3 10
10 4
7 11
6 #edges
0 3
0 7
3 10
10 8
8 4
7 11
6 #edges
4 8
0 3
0 7
3 4
8 10
7 11
6 #edges
4 8
0 3
0 11
0 7
3 4
8 10
6 #edges
4 10
0 3
0 7
3 4
10 8
7 11
6 #edges
4 10
0 3
0 11
0 7
3 4
10 8
6 #edges
0 3
0 7
3 8
10 4
8 10
7 11
6 #edges
4 10
0 3
0 7
3 8
8 4
7 11
6 #edges
0 3
0 11
0 7
3 8
10 4
8 10
6 #edges
4 10
0 3
0 11
0 7
3 8
8 4
6 #edges
4 8
0 10
0 11
0 7
3 4
10 3
6 #edges
0 10
0 11
0 7
3 8
10 3
8 4
6 #edges
4 3
0 10
0 11
0 7
10 8
8 4
6 #edges
0 10
0 11
0 7
3 4
10 8
8 3
6 #edges
4 3
0 10
0 11
0 7
3 8
10 4
6 #edges
4 8
0 10
0 11
0 7
10 4
8 3
6 #edges
4 10
0 4
0 11
0 7
10 8
8 3
6 #edges
4 10
0 4
0 11
0 7
3 8
10 3
6 #edges
4 3
0 4
0 11
0 7
3 10
10 8
6 #edges
4 3
0 4
0 11
0 7
3 8
8 10
6 #edges
4 8
0 4
0 11
0 7
3 10
8 3
6 #edges
4 8
0 4
0 11
0 7
10 3
8 10
6 #edges
4 10
0 8
0 11
0 7
10 3
8 4
6 #edges
4 3
0 8
0 11
0 7
3 10
8 4
6 #edges
4 3
0 8
0 11
0 7
10 4
8 10
6 #edges
0 8
0 11
0 7
3 4
10 3
8 10
6 #edges
0 8
0 11
0 7
3 10
10 4
8 3
6 #edges
4 10
0 8
0 11
0 7
3 4
8 3
6 #edges
4 10
0 4
0 7
10 8
8 3
7 11
6 #edges
4 10
0 4
0 7
3 8
10 3
7 11
6 #edges
4 3
0 4
0 7
3 10
10 8
7 11
6 #edges
4 3
0 4
0 7
3 8
8 10
7 11
6 #edges
4 8
0 4
0 7
10 3
8 10
7 11
6 #edges
4 8
0 4
0 7
3 10
8 3
7 11
6 #edges
4 8
0 10
0 7
10 4
8 3
7 11
6 #edges
4 3
0 10
0 7
3 8
10 4
7 11
6 #edges
0 10
0 7
3 8
10 3
8 4
7 11
6 #edges
4 8
0 10
0 7
3 4
10 3
7 11
6 #edges
4 3
0 10
0 7
10 8
8 4
7 11
6 #edges
0 10
0 7
3 4
10 8
8 3
7 11
6 #edges
0 8
0 7
3 4
10 3
8 10
7 11
6 #edges
4 3
0 8
0 7
10 4
8 10
7 11
6 #edges
4 10
0 8
0 7
10 3
8 4
7 11
6 #edges
4 3
0 8
0 7
3 10
8 4
7 11
6 #edges
4 10
0 8
0 7
3 4
8 3
7 11
6 #edges
0 8
0 7
3 10
10 4
8 3
7 11
6 #edges
0 10
0 11
3 8
10 3
8 4
11 7
6 #edges
4 8
0 10
0 11
3 4
10 3
11 7
6 #edges
4 8
0 10
0 11
10 4
8 3
11 7
6 #edges
4 3
0 10
0 11
3 8
10 4
11 7
6 #edges
0 10
0 11
3 4
10 8
8 3
11 7
6 #edges
4 3
0 10
0 11
10 8
8 4
11 7
6 #edges
4 8
0 4
0 11
10 3
8 10
11 7
6 #edges
4 8
0 4
0 11
3 10
8 3
11 7
6 #edges
4 3
0 4
0 11
3 10
10 8
11 7
6 #edges
4 3
0 4
0 11
3 8
8 10
11 7
6 #edges
4 10
0 4
0 11
3 8
10 3
11 7
6 #edges
4 10
0 4
0 11
10 8
8 3
11 7
6 #edges
4 3
0 8
0 11
10 4
8 10
11 7
6 #edges
0 8
0 11
3 4
10 3
8 10
11 7
6 #edges
4 10
0 8
0 11
3 4
8 3
11 7
6 #edges
0 8
0 11
3 10
10 4
8 3
11 7
6 #edges
4 3
0 8
0 11
3 10
8 4
11 7
6 #edges
4 10
0 8
0 11
10 3
8 4
11 7
6 #edges
4 8
0 3
0 11
3 10
10 4
11 7
6 #edges
0 3
0 11
3 10
10 8
8 4
11 7
6 #edges
4 10
0 3
0 11
3 8
8 4
11 7
6 #edges
0 3
0 11
3 8
10 4
8 10
11 7
6 #edges
4 10
0 3
0 11
3 4
10 8
11 7
6 #edges
4 8
0 3
0 11
3 4
8 10
11 7
14 #trees for patient 43
6 #edges
4 3
0 4
0 7
3 10
10 8
7 11
6 #edges
4 10
0 4
0 7
3 8
10 3
7 11
6 #edges
4 3
4 11
0 4
0 7
3 10
10 8
6 #edges
4 10
4 11
0 4
0 7
3 8
10 3
6 #edges
4 10
4 7
0 4
0 11
3 8
10 3
6 #edges
4 10
0 4
0 11
3 8
10 3
11 7
6 #edges
4 3
0 4
0 11
3 10
10 8
11 7
6 #edges
4 3
4 7
0 4
0 11
3 10
10 8
6 #edges
4 10
4 11
4 7
0 4
3 8
10 3
6 #edges
4 3
4 11
4 7
0 4
3 10
10 8
6 #edges
4 3
4 11
0 4
3 10
10 8
11 7
6 #edges
4 10
4 11
0 4
3 8
10 3
11 7
6 #edges
4 3
4 7
0 4
3 10
10 8
7 11
6 #edges
4 10
4 7
0 4
3 8
10 3
7 11
2 #trees for patient 44
6 #edges
4 3
0 4
0 7
3 10
10 8
7 11
6 #edges
4 10
0 4
0 7
3 8
10 3
7 11
6 #trees for patient 45
6 #edges
4 10
0 3
0 7
3 4
10 8
7 11
6 #edges
4 8
0 3
0 7
3 10
10 4
7 11
6 #edges
4 3
0 10
0 7
3 8
10 4
7 11
6 #edges
4 8
0 10
0 7
3 4
10 3
7 11
6 #edges
4 3
0 4
0 7
3 10
10 8
7 11
6 #edges
4 10
0 4
0 7
3 8
10 3
7 11
12 #trees for patient 46
6 #edges
4 10
0 4
0 7
3 8
10 3
7 11
6 #edges
4 3
0 4
0 7
3 10
10 8
7 11
6 #edges
4 3
0 4
0 7
3 10
10 8
10 11
6 #edges
4 10
0 4
0 7
3 8
3 11
10 3
6 #edges
4 10
0 4
0 11
3 8
10 3
11 7
6 #edges
4 3
0 4
0 11
3 10
10 8
11 7
6 #edges
4 10
0 4
0 11
3 8
3 7
10 3
6 #edges
4 3
0 4
0 11
3 10
10 8
10 7
6 #edges
4 3
0 4
3 10
10 8
10 7
7 11
6 #edges
4 3
0 4
3 10
10 8
10 11
11 7
6 #edges
4 10
0 4
3 8
3 7
10 3
7 11
6 #edges
4 10
0 4
3 8
3 11
10 3
11 7
4 #trees for patient 47
6 #edges
4 10
0 4
0 7
3 8
10 3
7 11
6 #edges
4 3
0 4
0 7
3 10
10 8
7 11
6 #edges
4 10
0 4
0 11
3 8
10 3
11 7
6 #edges
4 3
0 4
0 11
3 10
10 8
11 7
2 #trees for patient 48
6 #edges
4 10
0 4
0 7
3 8
10 3
7 11
6 #edges
4 10
0 4
0 11
3 8
10 3
11 7
18 #trees for patient 49
6 #edges
4 3
4 11
0 4
0 7
3 10
10 8
6 #edges
4 3
0 4
0 7
3 10
10 8
7 11
6 #edges
4 3
0 4
0 7
3 10
10 8
8 11
6 #edges
4 3
4 11
0 4
0 7
3 8
8 10
6 #edges
4 3
0 4
0 7
3 8
10 11
8 10
6 #edges
4 3
0 4
0 7
3 8
8 10
7 11
6 #edges
4 8
4 11
0 4
0 7
3 10
8 3
6 #edges
4 8
4 11
0 4
0 7
10 3
8 10
6 #edges
4 10
4 11
0 4
0 7
3 8
10 3
6 #edges
4 10
4 11
0 4
0 7
10 8
8 3
6 #edges
4 8
0 4
0 7
10 3
8 10
7 11
6 #edges
4 8
0 4
0 7
3 10
8 3
7 11
6 #edges
4 8
0 4
0 7
3 10
10 11
8 3
6 #edges
4 8
0 4
0 7
3 11
10 3
8 10
6 #edges
4 10
0 4
0 7
3 8
10 3
7 11
6 #edges
4 10
0 4
0 7
10 8
8 3
7 11
6 #edges
4 10
0 4
0 7
3 11
10 8
8 3
6 #edges
4 10
0 4
0 7
3 8
10 3
8 11
