50 # patients
4 #trees for patient 0
6 #edges
5 1
0 7
9 3
9 4
7 5
7 9
6 #edges
5 1
3 4
0 7
9 3
7 5
7 9
6 #edges
0 7
1 5
9 3
9 4
7 1
7 9
6 #edges
3 4
0 7
1 5
9 3
7 1
7 9
6 #trees for patient 1
6 #edges
4 5
0 3
0 7
9 4
7 1
7 9
6 #edges
0 3
0 7
1 5
9 4
7 1
7 9
6 #edges
4 5
0 7
9 3
9 4
7 1
7 9
6 #edges
0 7
1 5
9 3
9 4
7 1
7 9
6 #edges
4 5
4 3
0 7
9 4
7 1
7 9
6 #edges
4 3
0 7
1 5
9 4
7 1
7 9
3 #trees for patient 2
6 #edges
0 7
9 5
9 3
9 4
7 1
7 9
6 #edges
0 7
1 5
9 3
9 4
7 1
7 9
6 #edges
4 5
0 7
9 3
9 4
7 1
7 9
8 #trees for patient 3
6 #edges
5 1
0 7
9 4
7 5
7 3
7 9
6 #edges
5 1
0 7
1 4
7 5
7 3
7 9
6 #edges
0 7
1 5
9 4
7 3
7 1
7 9
6 #edges
5 4
0 7
1 5
7 3
7 1
7 9
6 #edges
0 7
1 5
9 3
9 4
7 1
7 9
6 #edges
5 1
0 7
9 3
9 4
7 5
7 9
6 #edges
5 1
0 7
1 4
9 3
7 5
7 9
6 #edges
5 4
0 7
1 5
9 3
7 1
7 9
6 #trees for patient 4
6 #edges
0 7
1 5
9 3
9 4
7 1
7 9
6 #edges
4 5
0 7
9 3
9 4
7 1
7 9
6 #edges
5 1
0 7
9 3
9 4
7 5
7 9
6 #edges
4 1
0 7
9 3
9 4
7 5
7 9
6 #edges
4 1
0 7
1 5
9 3
9 4
7 9
6 #edges
5 1
4 5
0 7
9 3
9 4
7 9
1 #trees for patient 5
6 #edges
0 7
1 5
9 3
9 4
7 1
7 9
2 #trees for patient 6
6 #edges
5 4
0 7
1 5
9 3
7 1
7 9
6 #edges
0 7
1 5
9 3
9 4
7 1
7 9
22 #trees for patient 7
6 #edges
4 1
0 7
9 5
9 3
7 4
7 9
6 #edges
4 5
4 1
0 7
9 3
7 4
7 9
6 #edges
4 1
0 7
1 5
9 3
7 4
7 9
6 #edges
4 5
0 7
9 3
9 1
7 4
7 9
6 #edges
5 1
4 5
0 7
9 3
7 4
7 9
6 #edges
0 7
9 5
9 3
9 1
7 4
7 9
6 #edges
0 7
1 5
9 3
9 1
7 4
7 9
6 #edges
5 1
0 7
9 5
9 3
7 4
7 9
6 #edges
0 7
1 5
9 3
9 4
7 1
7 9
6 #edges
0 7
9 3
9 4
7 5
7 1
7 9
6 #edges
0 7
9 5
9 3
9 4
7 1
7 9
6 #edges
4 5
0 7
9 3
9 4
7 1
7 9
6 #edges
5 1
0 7
9 5
9 3
9 4
7 9
6 #edges
4 1
0 7
9 5
9 3
9 4
7 9
6 #edges
5 1
0 7
9 3
9 4
7 5
7 9
6 #edges
4 1
0 7
9 3
9 4
7 5
7 9
6 #edges
0 7
9 3
9 4
9 1
7 5
7 9
6 #edges
4 5
4 1
0 7
9 3
9 4
7 9
6 #edges
4 1
0 7
1 5
9 3
9 4
7 9
6 #edges
4 5
0 7
9 3
9 4
9 1
7 9
6 #edges
0 7
1 5
9 3
9 4
9 1
7 9
6 #edges
5 1
4 5
0 7
9 3
9 4
7 9
4 #trees for patient 8
6 #edges
0 7
1 5
9 3
9 4
7 1
7 9
6 #edges
4 3
0 7
1 5
9 4
7 1
7 9
6 #edges
5 1
0 7
9 3
9 4
7 5
7 9
6 #edges
5 1
4 3
0 7
9 4
7 5
7 9
4 #trees for patient 9
6 #edges
5 1
0 4
0 7
9 3
7 5
7 9
6 #edges
0 4
0 7
1 5
9 3
7 1
7 9
6 #edges
5 1
0 7
9 3
9 4
7 5
7 9
6 #edges
0 7
1 5
9 3
9 4
7 1
7 9
7 #trees for patient 10
6 #edges
0 7
1 5
9 3
9 4
7 1
7 9
6 #edges
3 5
0 7
9 3
9 4
7 1
7 9
6 #edges
5 1
0 7
9 3
9 4
7 5
7 9
6 #edges
3 1
0 7
9 3
9 4
7 5
7 9
6 #edges
3 1
0 7
1 5
9 3
9 4
7 9
6 #edges
3 5
3 1
0 7
9 3
9 4
7 9
6 #edges
5 1
3 5
0 7
9 3
9 4
7 9
14 #trees for patient 11
6 #edges
0 7
7 5
7 3
7 4
7 1
7 9
6 #edges
0 7
1 3
7 5
7 4
7 1
7 9
6 #edges
5 3
0 7
7 5
7 4
7 1
7 9
6 #edges
0 7
9 3
7 5
7 4
7 1
7 9
6 #edges
5 3
0 7
9 4
7 5
7 1
7 9
6 #edges
0 7
9 4
7 5
7 3
7 1
7 9
6 #edges
0 7
9 3
9 4
7 5
7 1
7 9
6 #edges
0 7
1 3
9 4
7 5
7 1
7 9
6 #edges
0 7
1 5
7 3
7 4
7 1
7 9
6 #edges
0 7
1 5
9 4
7 3
7 1
7 9
6 #edges
0 7
1 5
9 3
9 4
7 1
7 9
6 #edges
5 3
0 7
1 5
9 4
7 1
7 9
6 #edges
0 7
1 5
9 3
7 4
7 1
7 9
6 #edges
5 3
0 7
1 5
7 4
7 1
7 9
3 #trees for patient 12
6 #edges
0 7
1 5
9 3
9 4
7 1
7 9
6 #edges
3 4
0 7
1 5
9 3
7 1
7 9
6 #edges
0 7
1 5
1 4
9 3
7 1
7 9
3 #trees for patient 13
6 #edges
0 1
1 4
1 9
1 10
10 6
10 3
6 #edges
0 1
1 4
1 9
1 10
9 3
10 6
6 #edges
6 3
0 1
1 4
1 9
1 10
10 6
10 #trees for patient 14
6 #edges
4 10
0 1
1 6
1 4
1 9
9 3
6 #edges
3 9
4 10
0 1
1 6
1 3
1 4
6 #edges
3 9
4 6
0 1
1 3
1 4
1 10
6 #edges
3 9
0 1
1 3
1 4
1 10
10 6
6 #edges
3 9
4 6
4 10
0 1
1 3
1 4
6 #edges
3 9
4 10
0 1
1 3
1 4
10 6
6 #edges
4 6
0 1
1 4
1 9
1 10
9 3
6 #edges
4 6
4 10
0 1
1 4
1 9
9 3
6 #edges
0 1
1 4
1 9
1 10
9 3
10 6
6 #edges
4 10
0 1
1 4
1 9
9 3
10 6
14 #trees for patient 15
6 #edges
6 10
0 1
1 6
1 4
1 9
9 3
6 #edges
3 10
0 1
1 6
1 4
1 9
9 3
6 #edges
3 6
3 10
0 1
1 4
1 9
9 3
6 #edges
3 10
0 1
1 4
1 9
9 3
10 6
6 #edges
3 6
0 1
1 4
1 9
1 10
9 3
6 #edges
0 1
1 4
1 9
1 10
9 3
10 6
6 #edges
6 10
3 6
0 1
1 4
1 9
9 3
6 #edges
6 10
3 9
0 1
1 6
1 3
1 4
6 #edges
3 9
0 1
1 6
1 3
1 4
9 10
6 #edges
3 9
0 1
1 3
1 4
1 10
10 6
6 #edges
3 9
0 1
1 3
1 4
1 10
9 6
6 #edges
6 10
3 9
0 1
1 3
1 4
9 6
6 #edges
3 9
0 1
1 3
1 4
9 6
9 10
6 #edges
3 9
0 1
1 3
1 4
9 10
10 6
14 #trees for patient 16
6 #edges
6 10
3 9
0 1
1 6
1 3
1 4
6 #edges
3 9
0 1
1 3
1 4
1 10
10 6
6 #edges
6 10
0 1
1 6
1 3
1 4
10 9
6 #edges
6 9
0 1
1 3
1 4
1 10
10 6
6 #edges
6 3
0 1
1 4
1 9
1 10
10 6
6 #edges
0 1
1 4
1 9
1 10
9 3
10 6
6 #edges
6 3
6 9
0 1
1 4
1 10
10 6
6 #edges
6 3
3 9
0 1
1 4
1 10
10 6
6 #edges
6 9
0 1
1 4
1 10
9 3
10 6
6 #edges
6 10
0 1
1 6
1 4
1 9
9 3
6 #edges
6 10
0 1
1 6
1 4
1 9
10 3
6 #edges
6 10
3 9
0 1
1 6
1 4
10 3
6 #edges
6 10
0 1
1 6
1 4
10 3
10 9
6 #edges
6 10
0 1
1 6
1 4
9 3
10 9
7 #trees for patient 17
6 #edges
0 1
1 4
1 9
1 10
10 6
10 3
6 #edges
0 1
1 4
1 9
1 10
9 3
10 6
6 #edges
3 9
0 1
1 4
1 10
10 6
10 3
6 #edges
0 1
1 4
1 10
10 6
10 3
10 9
6 #edges
3 9
0 1
1 3
1 4
1 10
10 6
6 #edges
0 1
1 3
1 4
1 10
10 6
10 9
6 #edges
0 1
1 4
1 10
9 3
10 6
10 9
24 #trees for patient 18
6 #edges
0 1
0 9
1 4
1 10
9 3
10 6
6 #edges
0 1
0 9
1 10
9 3
10 6
10 4
6 #edges
0 1
0 9
1 3
1 4
1 10
10 6
6 #edges
6 3
0 1
0 9
1 4
1 10
10 6
6 #edges
0 1
0 9
1 3
1 10
10 6
10 4
6 #edges
6 3
0 1
0 9
1 10
10 6
10 4
6 #edges
3 9
0 3
0 1
1 10
10 6
10 4
6 #edges
3 9
0 3
0 1
1 4
1 10
10 6
6 #edges
0 3
0 1
1 9
1 10
10 6
10 4
6 #edges
0 3
0 1
1 4
1 9
1 10
10 6
6 #edges
6 9
0 3
0 1
1 10
10 6
10 4
6 #edges
6 9
0 3
0 1
1 4
1 10
10 6
6 #edges
3 9
0 1
1 3
1 4
1 10
10 6
6 #edges
3 9
0 1
1 3
1 10
10 6
10 4
6 #edges
6 9
0 1
1 3
1 4
1 10
10 6
6 #edges
6 9
0 1
1 3
1 10
10 6
10 4
6 #edges
0 1
1 4
1 9
1 10
9 3
10 6
6 #edges
6 3
0 1
1 4
1 9
1 10
10 6
6 #edges
6 3
3 9
0 1
1 4
1 10
10 6
6 #edges
6 9
0 1
1 4
1 10
9 3
10 6
6 #edges
0 1
1 9
1 10
9 3
10 6
10 4
6 #edges
6 3
0 1
1 9
1 10
10 6
10 4
6 #edges
6 9
0 1
1 10
9 3
10 6
10 4
6 #edges
6 3
3 9
0 1
1 10
10 6
10 4
2 #trees for patient 19
6 #edges
0 1
1 4
1 9
1 10
9 3
10 6
6 #edges
3 4
0 1
1 9
1 10
9 3
10 6
12 #trees for patient 20
6 #edges
6 10
0 1
1 6
1 4
1 9
10 3
6 #edges
6 10
0 1
1 6
1 4
1 9
9 3
6 #edges
0 1
1 4
1 9
1 10
9 3
10 6
6 #edges
6 3
0 1
1 4
1 9
1 10
10 6
6 #edges
3 9
0 1
1 3
1 4
1 10
10 6
6 #edges
6 9
0 1
1 3
1 4
1 10
10 6
6 #edges
6 3
3 9
0 1
1 4
1 10
10 6
6 #edges
6 9
0 1
1 4
1 10
9 3
10 6
6 #edges
6 10
3 9
0 1
1 6
1 3
1 4
6 #edges
6 10
0 1
1 6
1 3
1 4
10 9
6 #edges
6 10
0 1
1 6
1 4
9 3
10 9
6 #edges
6 10
3 9
0 1
1 6
1 4
10 3
3 #trees for patient 21
6 #edges
0 1
1 6
1 4
1 9
1 10
9 3
6 #edges
0 1
1 4
1 9
1 10
9 3
10 6
6 #edges
6 10
0 1
1 6
1 4
1 9
9 3
138 #trees for patient 22
6 #edges
6 10
3 9
0 6
0 3
0 4
0 1
6 #edges
6 10
0 6
0 3
0 4
0 1
1 9
6 #edges
3 9
0 6
0 3
0 4
0 1
1 10
6 #edges
0 6
0 3
0 4
0 1
1 9
1 10
6 #edges
3 9
0 3
0 4
0 1
0 10
1 6
6 #edges
3 9
0 3
0 4
0 1
0 10
10 6
6 #edges
6 10
3 9
0 3
0 4
0 1
1 6
6 #edges
3 9
0 3
0 4
0 1
1 10
10 6
6 #edges
0 3
0 4
0 1
0 10
1 6
1 9
6 #edges
0 3
0 4
0 1
0 10
1 9
10 6
6 #edges
0 3
0 4
0 1
1 9
1 10
10 6
6 #edges
6 10
0 3
0 4
0 1
1 6
1 9
6 #edges
0 4
0 1
0 9
0 10
1 6
9 3
6 #edges
0 4
0 1
0 9
0 10
9 3
10 6
6 #edges
0 4
0 1
0 9
0 10
1 3
10 6
6 #edges
0 4
0 1
0 9
0 10
1 6
1 3
6 #edges
0 6
0 4
0 1
0 9
1 10
9 3
6 #edges
6 10
0 6
0 4
0 1
0 9
9 3
6 #edges
6 10
0 4
0 1
0 9
1 6
9 3
6 #edges
0 4
0 1
0 9
1 10
9 3
10 6
6 #edges
6 10
0 6
0 4
0 1
0 9
1 3
6 #edges
0 6
0 4
0 1
0 9
1 3
1 10
6 #edges
0 4
0 1
0 9
1 3
1 10
10 6
6 #edges
6 10
0 4
0 1
0 9
1 6
1 3
6 #edges
0 4
0 1
0 10
1 9
9 3
10 6
6 #edges
3 9
0 4
0 1
0 10
1 3
10 6
6 #edges
3 9
0 4
0 1
0 10
1 6
1 3
6 #edges
0 4
0 1
0 10
1 6
1 9
9 3
6 #edges
6 10
3 9
0 6
0 4
0 1
1 3
6 #edges
6 10
0 6
0 4
0 1
1 9
9 3
6 #edges
3 9
0 6
0 4
0 1
1 3
1 10
6 #edges
0 6
0 4
0 1
1 9
1 10
9 3
6 #edges
6 10
3 9
0 4
0 1
1 6
1 3
6 #edges
6 10
0 4
0 1
1 6
1 9
9 3
6 #edges
3 9
0 4
0 1
1 3
1 10
10 6
6 #edges
0 4
0 1
1 9
1 10
9 3
10 6
6 #edges
6 10
3 4
0 6
0 3
0 1
0 9
6 #edges
3 4
0 6
0 3
0 1
0 9
1 10
6 #edges
6 10
0 6
0 3
0 1
0 9
1 4
6 #edges
6 10
0 6
0 3
0 1
0 9
9 4
6 #edges
0 6
0 3
0 1
0 9
1 4
1 10
6 #edges
0 6
0 3
0 1
0 9
1 10
9 4
6 #edges
0 3
0 1
0 9
1 4
1 10
10 6
6 #edges
0 3
0 1
0 9
0 10
1 6
1 4
6 #edges
0 3
0 1
0 9
0 10
1 4
10 6
6 #edges
6 10
0 3
0 1
0 9
1 6
1 4
6 #edges
3 4
0 3
0 1
0 9
1 10
10 6
6 #edges
0 3
0 1
0 9
1 10
9 4
10 6
6 #edges
3 4
0 3
0 1
0 9
0 10
1 6
6 #edges
6 10
3 4
0 3
0 1
0 9
1 6
6 #edges
6 10
0 3
0 1
0 9
1 6
9 4
6 #edges
0 3
0 1
0 9
0 10
1 6
9 4
6 #edges
0 3
0 1
0 9
0 10
9 4
10 6
6 #edges
3 4
0 3
0 1
0 9
0 10
10 6
6 #edges
6 10
0 6
0 1
0 9
1 3
9 4
6 #edges
0 6
0 1
0 9
1 3
1 10
9 4
6 #edges
0 1
0 9
0 10
1 3
9 4
10 6
6 #edges
0 1
0 9
0 10
1 6
1 3
9 4
6 #edges
0 1
0 9
1 3
1 10
9 4
10 6
6 #edges
6 10
0 1
0 9
1 6
1 3
9 4
6 #edges
3 4
0 1
0 9
0 10
1 6
9 3
6 #edges
0 1
0 9
0 10
1 6
1 4
9 3
6 #edges
3 4
0 1
0 9
0 10
9 3
10 6
6 #edges
0 1
0 9
0 10
1 4
9 3
10 6
6 #edges
3 4
0 1
0 9
0 10
1 6
1 3
6 #edges
0 1
0 9
0 10
1 6
1 3
1 4
6 #edges
0 1
0 9
0 10
1 3
1 4
10 6
6 #edges
3 4
0 1
0 9
0 10
1 3
10 6
6 #edges
0 6
0 1
0 9
1 3
1 4
1 10
6 #edges
6 10
0 6
0 1
0 9
1 3
1 4
6 #edges
6 10
3 4
0 6
0 1
0 9
1 3
6 #edges
3 4
0 6
0 1
0 9
1 3
1 10
6 #edges
0 6
0 1
0 9
1 4
1 10
9 3
6 #edges
3 4
0 6
0 1
0 9
1 10
9 3
6 #edges
6 10
0 6
0 1
0 9
1 4
9 3
6 #edges
6 10
3 4
0 6
0 1
0 9
9 3
6 #edges
6 10
3 4
0 1
0 9
1 6
1 3
6 #edges
3 4
0 1
0 9
1 3
1 10
10 6
6 #edges
6 10
0 1
0 9
1 6
1 3
1 4
6 #edges
0 1
0 9
1 3
1 4
1 10
10 6
6 #edges
0 1
0 9
1 4
1 10
9 3
10 6
6 #edges
6 10
0 1
0 9
1 6
1 4
9 3
6 #edges
6 10
3 4
0 1
0 9
1 6
9 3
6 #edges
3 4
0 1
0 9
1 10
9 3
10 6
6 #edges
3 9
0 3
0 1
0 10
1 6
9 4
6 #edges
3 9
0 3
0 1
0 10
9 4
10 6
6 #edges
3 9
0 3
0 1
0 10
1 4
10 6
6 #edges
3 9
0 3
0 1
0 10
1 6
1 4
6 #edges
3 9
0 6
0 3
0 1
1 10
9 4
6 #edges
6 10
3 9
0 6
0 3
0 1
9 4
6 #edges
6 10
3 9
0 3
0 1
1 6
9 4
6 #edges
3 9
0 3
0 1
1 10
9 4
10 6
6 #edges
3 9
0 6
0 3
0 1
1 4
1 10
6 #edges
6 10
3 9
0 6
0 3
0 1
1 4
6 #edges
3 9
0 3
0 1
1 4
1 10
10 6
6 #edges
6 10
3 9
0 3
0 1
1 6
1 4
6 #edges
6 10
3 4
0 6
0 3
0 1
1 9
6 #edges
3 4
0 6
0 3
0 1
1 9
1 10
6 #edges
6 10
0 6
0 3
0 1
1 4
1 9
6 #edges
6 10
0 6
0 3
0 1
1 9
9 4
6 #edges
0 6
0 3
0 1
1 9
1 10
9 4
6 #edges
0 6
0 3
0 1
1 4
1 9
1 10
6 #edges
0 3
0 1
1 4
1 9
1 10
10 6
6 #edges
6 10
0 3
0 1
1 6
1 4
1 9
6 #edges
0 3
0 1
0 10
1 6
1 4
1 9
6 #edges
0 3
0 1
0 10
1 4
1 9
10 6
6 #edges
3 4
0 3
0 1
1 9
1 10
10 6
6 #edges
0 3
0 1
1 9
1 10
9 4
10 6
6 #edges
6 10
3 4
0 3
0 1
1 6
1 9
6 #edges
6 10
0 3
0 1
1 6
1 9
9 4
6 #edges
0 3
0 1
0 10
1 6
1 9
9 4
6 #edges
3 4
0 3
0 1
0 10
1 6
1 9
6 #edges
0 3
0 1
0 10
1 9
9 4
10 6
6 #edges
3 4
0 3
0 1
0 10
1 9
10 6
6 #edges
0 1
0 10
1 4
1 9
9 3
10 6
6 #edges
3 9
0 1
0 10
1 3
1 4
10 6
6 #edges
3 4
0 1
0 10
1 9
9 3
10 6
6 #edges
3 9
0 1
0 10
1 3
9 4
10 6
6 #edges
3 9
0 1
0 10
1 6
1 3
1 4
6 #edges
3 9
0 1
0 10
1 6
1 3
9 4
6 #edges
0 1
0 10
1 6
1 4
1 9
9 3
6 #edges
3 4
0 1
0 10
1 6
1 9
9 3
6 #edges
3 9
0 1
1 3
1 4
1 10
10 6
6 #edges
3 9
0 6
0 1
1 3
1 4
1 10
6 #edges
6 10
3 9
0 6
0 1
1 3
1 4
6 #edges
6 10
3 9
0 1
1 6
1 3
1 4
6 #edges
6 10
3 9
0 1
1 6
1 3
9 4
6 #edges
3 9
0 1
1 3
1 10
9 4
10 6
6 #edges
3 9
0 6
0 1
1 3
1 10
9 4
6 #edges
6 10
3 9
0 6
0 1
1 3
9 4
6 #edges
0 1
1 4
1 9
1 10
9 3
10 6
6 #edges
3 4
0 1
1 9
1 10
9 3
10 6
6 #edges
0 6
0 1
1 4
1 9
1 10
9 3
6 #edges
3 4
0 6
0 1
1 9
1 10
9 3
6 #edges
6 10
0 1
1 6
1 4
1 9
9 3
6 #edges
6 10
3 4
0 1
1 6
1 9
9 3
6 #edges
6 10
0 6
0 1
1 4
1 9
9 3
6 #edges
6 10
3 4
0 6
0 1
1 9
9 3
6 #trees for patient 23
6 #edges
0 4
0 1
1 9
1 10
9 3
10 6
6 #edges
6 10
0 4
0 1
1 6
1 9
9 3
6 #edges
0 1
1 4
1 9
1 10
9 3
10 6
6 #edges
0 1
1 9
1 10
9 3
9 4
10 6
6 #edges
6 10
0 1
1 6
1 4
1 9
9 3
6 #edges
6 10
0 1
1 6
1 9
9 3
9 4
7 #trees for patient 24
6 #edges
0 1
1 4
1 9
1 10
9 3
10 6
6 #edges
3 6
0 1
1 4
1 9
1 10
9 3
6 #edges
3 6
3 10
0 1
1 4
1 9
9 3
6 #edges
6 10
3 6
0 1
1 4
1 9
9 3
6 #edges
3 10
0 1
1 4
1 9
9 3
10 6
6 #edges
3 10
0 1
1 6
1 4
1 9
9 3
6 #edges
6 10
0 1
1 6
1 4
1 9
9 3
1 #trees for patient 25
6 #edges
0 1
1 4
1 9
1 10
9 3
10 6
2 #trees for patient 26
6 #edges
6 10
0 1
1 6
1 4
1 9
9 3
6 #edges
0 1
1 4
1 9
1 10
9 3
10 6
4 #trees for patient 27
6 #edges
6 10
0 1
1 6
1 4
1 9
9 3
6 #edges
0 1
1 4
1 9
1 10
9 3
10 6
6 #edges
6 10
0 1
1 6
1 9
9 3
10 4
6 #edges
6 4
0 1
1 9
1 10
9 3
10 6
3 #trees for patient 28
6 #edges
0 1
1 4
1 9
1 10
9 3
10 6
6 #edges
3 4
0 1
1 9
1 10
9 3
10 6
6 #edges
0 1
1 9
1 10
9 3
9 4
10 6
20 #trees for patient 29
6 #edges
3 10
0 1
1 6
1 4
1 9
9 3
6 #edges
3 4
3 10
0 1
1 6
1 9
9 3
6 #edges
3 6
3 4
0 1
1 9
1 10
9 3
6 #edges
3 6
0 1
1 4
1 9
1 10
9 3
6 #edges
0 1
1 4
1 9
1 10
9 3
10 6
6 #edges
3 4
0 1
1 9
1 10
9 3
10 6
6 #edges
3 10
0 1
1 4
1 9
9 3
10 6
6 #edges
3 6
3 10
0 1
1 4
1 9
9 3
6 #edges
3 6
3 4
3 10
0 1
1 9
9 3
6 #edges
3 4
3 10
0 1
1 9
9 3
10 6
6 #edges
3 9
0 1
1 3
1 4
1 10
10 6
6 #edges
3 9
0 1
1 3
1 4
1 10
9 6
6 #edges
3 9
0 1
1 3
1 10
9 4
10 6
6 #edges
3 9
0 1
1 3
1 10
9 6
9 4
6 #edges
3 9
0 1
1 6
1 3
1 4
9 10
6 #edges
3 9
0 1
1 3
1 4
9 6
9 10
6 #edges
3 9
0 1
1 3
1 4
9 10
10 6
6 #edges
3 9
0 1
1 6
1 3
9 4
9 10
6 #edges
3 9
0 1
1 3
9 4
9 10
10 6
6 #edges
3 9
0 1
1 3
9 6
9 4
9 10
3 #trees for patient 30
6 #edges
0 1
1 9
1 10
9 3
9 4
10 6
6 #edges
3 4
0 1
1 9
1 10
9 3
10 6
6 #edges
0 1
1 4
1 9
1 10
9 3
10 6
22 #trees for patient 31
6 #edges
0 1
1 4
1 9
9 6
9 3
9 10
6 #edges
0 1
1 6
1 4
1 9
9 3
9 10
6 #edges
0 1
1 4
1 9
9 3
9 10
10 6
6 #edges
4 6
0 1
1 4
1 9
9 3
9 10
6 #edges
0 1
1 4
1 9
1 10
9 3
10 6
6 #edges
0 1
1 4
1 9
1 10
9 6
9 3
6 #edges
4 6
0 1
1 4
1 9
1 10
9 3
6 #edges
6 10
0 1
1 6
1 4
1 9
9 3
6 #edges
4 10
0 1
1 6
1 4
1 9
9 3
6 #edges
4 10
0 1
1 4
1 9
9 6
9 3
6 #edges
6 10
0 1
1 4
1 9
9 6
9 3
6 #edges
4 6
4 10
0 1
1 4
1 9
9 3
6 #edges
6 10
4 6
0 1
1 4
1 9
9 3
6 #edges
4 10
0 1
1 4
1 9
9 3
10 6
6 #edges
0 1
1 6
1 9
1 10
9 3
9 4
6 #edges
6 10
0 1
1 6
1 9
9 3
9 4
6 #edges
4 10
0 1
1 6
1 9
9 3
9 4
6 #edges
4 6
0 1
1 9
1 10
9 3
9 4
6 #edges
0 1
1 9
1 10
9 3
9 4
10 6
6 #edges
4 6
4 10
0 1
1 9
9 3
9 4
6 #edges
6 10
4 6
0 1
1 9
9 3
9 4
6 #edges
4 10
0 1
1 9
9 3
9 4
10 6
4 #trees for patient 32
6 #edges
0 1
1 4
1 9
1 10
9 3
10 6
6 #edges
6 10
0 1
1 6
1 4
1 9
9 3
6 #edges
6 10
0 1
1 6
1 9
9 3
9 4
6 #edges
0 1
1 9
1 10
9 3
9 4
10 6
24 #trees for patient 33
6 #edges
4 3
0 1
1 4
1 9
1 10
9 6
6 #edges
3 6
4 3
0 1
1 4
1 9
1 10
6 #edges
4 3
0 1
1 4
1 9
1 10
10 6
6 #edges
3 6
0 1
1 4
1 9
1 10
9 3
6 #edges
0 1
1 4
1 9
1 10
9 3
10 6
6 #edges
4 6
0 1
1 4
1 9
1 10
9 3
6 #edges
6 10
0 1
1 6
1 4
1 9
9 3
6 #edges
6 10
4 3
0 1
1 6
1 4
1 9
6 #edges
4 3
0 1
1 6
1 4
1 9
9 10
6 #edges
3 10
4 3
0 1
1 6
1 4
1 9
6 #edges
4 10
0 1
1 6
1 4
1 9
9 3
6 #edges
3 10
0 1
1 6
1 4
1 9
9 3
6 #edges
4 3
0 1
1 4
1 9
9 10
10 6
6 #edges
3 6
4 3
0 1
1 4
1 9
9 10
6 #edges
6 10
4 6
0 1
1 4
1 9
9 3
6 #edges
3 10
4 6
0 1
1 4
1 9
9 3
6 #edges
4 10
0 1
1 4
1 9
9 3
10 6
6 #edges
3 6
4 10
0 1
1 4
1 9
9 3
6 #edges
6 10
4 3
0 1
1 4
1 9
9 6
6 #edges
3 10
4 3
0 1
1 4
1 9
9 6
6 #edges
6 10
3 6
4 3
0 1
1 4
1 9
6 #edges
3 10
4 3
0 1
1 4
1 9
10 6
6 #edges
3 10
0 1
1 4
1 9
9 3
10 6
6 #edges
6 10
3 6
0 1
1 4
1 9
9 3
6 #trees for patient 34
6 #edges
2 8
2 10
0 6
0 2
0 11
10 4
6 #edges
2 8
2 10
0 2
0 11
10 6
10 4
6 #edges
4 11
2 8
2 10
0 6
0 2
10 4
6 #edges
8 11
2 8
2 10
0 6
0 2
10 4
6 #edges
4 11
2 8
2 10
0 2
10 6
10 4
6 #edges
8 11
2 8
2 10
0 2
10 6
10 4
2 #trees for patient 35
6 #edges
2 8
2 10
0 2
0 11
10 6
10 4
6 #edges
4 8
2 10
0 2
0 11
10 6
10 4
2 #trees for patient 36
6 #edges
2 8
2 10
0 2
0 11
10 6
10 4
6 #edges
4 6
2 8
2 10
0 2
0 11
10 4
2 #trees for patient 37
6 #edges
2 8
2 10
11 6
0 2
0 11
10 4
6 #edges
2 8
2 10
0 2
0 11
10 6
10 4
6 #trees for patient 38
6 #edges
2 10
11 4
0 8
0 2
0 11
10 6
6 #edges
2 10
0 8
0 2
0 11
10 6
10 4
6 #edges
2 8
2 10
11 4
0 2
0 11
10 6
6 #edges
2 8
2 10
0 2
0 11
10 6
10 4
6 #edges
6 8
2 10
0 2
0 11
10 6
10 4
6 #edges
6 8
2 10
11 4
0 2
0 11
10 6
6 #trees for patient 39
6 #edges
2 8
2 10
0 4
0 2
0 11
10 6
6 #edges
2 10
0 4
0 2
0 11
10 6
10 8
6 #edges
2 8
2 10
11 4
0 2
0 11
10 6
6 #edges
2 10
11 4
0 2
0 11
10 6
10 8
6 #edges
2 8
2 10
0 2
0 11
10 6
10 4
6 #edges
2 10
0 2
0 11
10 6
10 8
10 4
9 #trees for patient 40
6 #edges
2 10
11 6
11 8
0 2
0 11
10 4
6 #edges
8 6
2 10
11 8
0 2
0 11
10 4
6 #edges
2 6
2 10
11 8
0 2
0 11
10 4
6 #edges
4 6
2 10
11 8
0 2
0 11
10 4
6 #edges
2 10
11 8
0 2
0 11
10 6
10 4
6 #edges
2 8
2 10
11 6
0 2
0 11
10 4
6 #edges
2 8
2 10
0 2
0 11
10 6
10 4
6 #edges
8 6
2 8
2 10
0 2
0 11
10 4
6 #edges
4 6
2 8
2 10
0 2
0 11
10 4
6 #trees for patient 41
6 #edges
2 8
2 10
0 2
0 11
10 6
10 4
6 #edges
4 11
2 8
2 10
0 4
0 2
10 6
6 #edges
6 11
2 8
2 10
0 4
0 2
10 6
6 #edges
2 8
2 10
0 4
0 2
10 6
10 11
6 #edges
6 11
2 8
2 10
0 2
10 6
10 4
6 #edges
4 11
2 8
2 10
0 2
10 6
10 4
2 #trees for patient 42
6 #edges
2 8
2 10
0 2
0 11
10 6
10 4
6 #edges
6 11
2 8
2 10
0 2
10 6
10 4
4 #trees for patient 43
6 #edges
4 6
2 10
0 8
0 2
0 11
10 4
6 #edges
2 10
0 8
0 2
0 11
10 6
10 4
6 #edges
2 8
2 10
0 2
0 11
10 6
10 4
6 #edges
4 6
2 8
2 10
0 2
0 11
10 4
4 #trees for patient 44
6 #edges
8 6
2 8
2 10
0 2
0 11
10 4
6 #edges
2 8
2 10
0 2
0 11
10 6
10 4
6 #edges
2 8
2 11
2 10
0 2
10 6
10 4
6 #edges
8 6
2 8
2 11
2 10
0 2
10 4
2 #trees for patient 45
6 #edges
2 8
2 10
0 2
0 11
10 6
10 4
6 #edges
6 4
2 8
2 10
0 2
0 11
10 6
4 #trees for patient 46
6 #edges
2 8
2 10
0 4
0 2
0 11
10 6
6 #edges
6 8
2 10
0 4
0 2
0 11
10 6
6 #edges
2 8
2 10
0 2
0 11
10 6
10 4
6 #edges
6 8
2 10
0 2
0 11
10 6
10 4
2 #trees for patient 47
6 #edges
2 8
2 10
11 6
0 2
0 11
10 4
6 #edges
2 8
2 10
0 2
0 11
10 6
10 4
2 #trees for patient 48
6 #edges
2 10
11 8
0 2
0 11
10 6
10 4
6 #edges
2 8
2 10
0 2
0 11
10 6
10 4
6 #trees for patient 49
6 #edges
2 8
2 10
0 2
0 11
10 6
10 4
6 #edges
4 8
2 10
0 2
0 11
10 6
10 4
6 #edges
2 8
2 11
2 10
0 2
10 6
10 4
6 #edges
4 8
2 11
2 10
0 2
10 6
10 4
6 #edges
4 11
2 8
2 10
0 2
10 6
10 4
6 #edges
4 8
4 11
2 10
0 2
10 6
10 4
