100 # patients
6 #trees for patient 0
6 #edges
7 5
7 3
1 7
1 4
4 9
0 1
6 #edges
7 5
7 3
1 7
1 4
1 9
0 1
6 #edges
7 3
1 7
1 4
1 9
4 5
0 1
6 #edges
7 3
1 7
1 4
1 9
3 5
0 1
6 #edges
7 3
1 7
1 4
4 5
4 9
0 1
6 #edges
7 3
1 7
1 4
4 9
3 5
0 1
2 #trees for patient 1
6 #edges
7 5
7 3
1 7
1 4
1 9
0 1
6 #edges
7 5
7 3
1 7
1 9
5 4
0 1
4 #trees for patient 2
6 #edges
7 5
1 7
1 3
1 9
3 4
0 1
6 #edges
7 4
7 5
1 7
1 3
1 9
0 1
6 #edges
7 5
7 3
1 7
1 4
1 9
0 1
6 #edges
7 5
7 3
1 7
1 9
3 4
0 1
1 #trees for patient 3
6 #edges
7 5
7 3
1 7
1 4
1 9
0 1
2 #trees for patient 4
6 #edges
7 5
7 3
1 7
1 4
1 9
0 1
6 #edges
7 3
1 7
1 4
1 9
9 5
0 1
11 #trees for patient 5
6 #edges
7 5
7 3
1 7
1 4
1 9
0 1
6 #edges
7 5
7 3
1 7
1 4
4 9
0 1
6 #edges
7 5
7 3
7 9
1 7
1 4
0 1
6 #edges
7 5
7 3
1 7
1 4
5 9
0 1
6 #edges
7 4
7 5
7 3
1 7
1 9
0 1
6 #edges
7 4
7 5
7 3
1 7
5 9
0 1
6 #edges
7 4
7 5
7 3
1 7
4 9
0 1
6 #edges
7 5
7 3
7 9
1 7
5 4
0 1
6 #edges
7 5
7 3
1 7
4 9
5 4
0 1
6 #edges
7 5
7 3
1 7
5 4
5 9
0 1
6 #edges
7 5
7 3
1 7
1 9
5 4
0 1
3 #trees for patient 6
6 #edges
7 5
1 7
1 4
1 3
1 9
0 1
6 #edges
7 5
1 7
1 4
1 9
5 3
0 1
6 #edges
7 5
7 3
1 7
1 4
1 9
0 1
6 #trees for patient 7
6 #edges
7 5
1 7
1 3
1 9
5 4
0 1
6 #edges
7 5
7 3
1 7
1 4
1 9
0 1
6 #edges
7 5
1 7
1 4
1 9
4 3
0 1
6 #edges
7 5
1 7
1 4
1 9
5 3
0 1
6 #edges
7 5
7 3
1 7
1 9
5 4
0 1
6 #edges
7 5
1 7
1 9
4 3
5 4
0 1
1 #trees for patient 8
6 #edges
7 5
7 3
1 7
1 4
1 9
0 1
28 #trees for patient 9
6 #edges
7 3
1 7
1 4
1 5
1 9
0 1
6 #edges
1 7
1 4
1 5
1 9
4 3
0 1
6 #edges
1 7
1 4
1 5
1 3
5 9
0 1
6 #edges
1 7
1 4
1 5
1 3
3 9
0 1
6 #edges
1 7
1 4
1 5
1 3
4 9
0 1
6 #edges
7 9
1 7
1 4
1 5
1 3
0 1
6 #edges
7 3
1 7
1 4
1 5
5 9
0 1
6 #edges
1 7
1 4
1 5
4 3
5 9
0 1
6 #edges
7 9
1 7
1 4
1 5
4 3
0 1
6 #edges
1 7
1 4
1 5
4 3
4 9
0 1
6 #edges
1 7
1 4
1 5
4 3
3 9
0 1
6 #edges
7 3
1 7
1 4
1 5
4 9
0 1
6 #edges
7 3
1 7
1 4
1 5
3 9
0 1
6 #edges
7 3
7 9
1 7
1 4
1 5
0 1
6 #edges
7 5
1 7
1 4
1 3
4 9
0 1
6 #edges
7 5
7 3
1 7
1 4
4 9
0 1
6 #edges
7 5
1 7
1 4
4 3
4 9
0 1
6 #edges
7 5
1 7
1 4
1 9
4 3
0 1
6 #edges
7 5
7 3
1 7
1 4
1 9
0 1
6 #edges
7 5
1 7
1 4
1 3
1 9
0 1
6 #edges
7 5
1 7
1 4
1 3
5 9
0 1
6 #edges
7 5
1 7
1 4
4 3
5 9
0 1
6 #edges
7 5
7 3
1 7
1 4
5 9
0 1
6 #edges
7 5
7 9
1 7
1 4
4 3
0 1
6 #edges
7 5
1 7
1 4
4 3
3 9
0 1
6 #edges
7 5
7 9
1 7
1 4
1 3
0 1
6 #edges
7 5
1 7
1 4
1 3
3 9
0 1
6 #edges
7 5
7 3
1 7
1 4
3 9
0 1
2 #trees for patient 10
6 #edges
7 5
1 7
1 4
1 9
9 3
0 1
6 #edges
7 5
7 3
1 7
1 4
1 9
0 1
7 #trees for patient 11
6 #edges
7 5
7 9
1 7
1 4
4 3
0 1
6 #edges
7 5
1 7
1 4
1 9
4 3
0 1
6 #edges
7 5
1 7
1 4
4 3
4 9
0 1
6 #edges
7 5
1 7
1 4
4 3
3 9
0 1
6 #edges
7 5
7 3
1 7
1 4
3 9
0 1
6 #edges
7 5
7 3
1 7
1 4
1 9
0 1
6 #edges
7 5
7 3
1 7
1 4
4 9
0 1
3 #trees for patient 12
6 #edges
7 5
1 7
1 4
1 9
0 1
0 3
6 #edges
7 5
7 3
1 7
1 4
1 9
0 1
6 #edges
7 5
1 7
1 4
1 9
4 3
0 1
28 #trees for patient 13
6 #edges
1 4
1 5
1 3
1 9
9 7
0 1
6 #edges
1 5
1 3
1 9
5 4
9 7
0 1
6 #edges
1 5
1 3
1 9
9 7
9 4
0 1
6 #edges
7 4
1 5
1 3
1 9
9 7
0 1
6 #edges
7 5
1 3
1 9
9 7
9 4
0 1
6 #edges
7 5
1 4
1 3
1 9
9 7
0 1
6 #edges
7 5
1 3
1 9
5 4
9 7
0 1
6 #edges
7 5
7 3
1 7
1 9
9 4
0 1
6 #edges
7 5
7 3
1 7
1 4
1 9
0 1
6 #edges
7 5
7 3
1 7
1 9
5 4
0 1
6 #edges
7 3
1 7
1 9
9 4
9 5
0 1
6 #edges
7 4
7 3
1 7
1 9
9 5
0 1
6 #edges
7 3
1 7
1 4
1 9
9 5
0 1
6 #edges
7 3
1 7
1 9
5 4
9 5
0 1
6 #edges
7 5
1 7
1 4
1 9
9 3
0 1
6 #edges
7 5
1 7
1 9
5 4
9 3
0 1
6 #edges
7 5
1 7
1 9
9 4
9 3
0 1
6 #edges
1 7
1 4
1 9
9 5
9 3
0 1
6 #edges
1 7
1 9
9 4
9 5
9 3
0 1
6 #edges
7 4
1 7
1 9
9 5
9 3
0 1
6 #edges
1 7
1 9
5 4
9 5
9 3
0 1
6 #edges
7 3
1 4
1 5
1 9
9 7
0 1
6 #edges
7 5
7 3
1 4
1 9
9 7
0 1
6 #edges
7 3
1 5
1 9
5 4
9 7
0 1
6 #edges
7 3
1 5
1 9
9 7
9 4
0 1
6 #edges
7 4
7 3
1 5
1 9
9 7
0 1
6 #edges
7 5
7 3
1 9
9 7
9 4
0 1
6 #edges
7 5
7 3
1 9
5 4
9 7
0 1
4 #trees for patient 14
6 #edges
1 7
1 4
1 9
9 5
0 1
0 3
6 #edges
7 5
1 7
1 4
1 9
0 1
0 3
6 #edges
7 5
7 3
1 7
1 4
1 9
0 1
6 #edges
7 3
1 7
1 4
1 9
9 5
0 1
4 #trees for patient 15
6 #edges
7 5
7 3
1 7
1 4
1 9
0 1
6 #edges
7 5
7 3
1 7
1 4
5 9
0 1
6 #edges
7 5
7 3
1 7
5 4
5 9
0 1
6 #edges
7 5
7 3
1 7
1 9
5 4
0 1
4 #trees for patient 16
6 #edges
7 5
7 3
1 7
1 4
4 9
0 1
6 #edges
7 5
7 3
1 7
1 4
1 9
0 1
6 #edges
7 3
1 7
1 4
1 9
3 5
0 1
6 #edges
7 3
1 7
1 4
4 9
3 5
0 1
4 #trees for patient 17
6 #edges
7 5
7 3
1 7
1 4
1 9
0 1
6 #edges
7 5
7 3
1 7
1 4
5 9
0 1
6 #edges
7 5
7 3
1 7
5 4
5 9
0 1
6 #edges
7 5
7 3
1 7
1 9
5 4
0 1
7 #trees for patient 18
6 #edges
7 5
7 3
1 7
1 4
3 9
0 1
6 #edges
7 5
7 3
1 7
1 4
5 9
0 1
6 #edges
7 5
7 3
1 7
1 4
1 9
0 1
6 #edges
7 3
1 7
1 4
1 9
3 5
0 1
6 #edges
7 3
7 9
1 7
1 4
3 5
0 1
6 #edges
7 3
1 7
1 4
5 9
3 5
0 1
6 #edges
7 3
1 7
1 4
3 5
3 9
0 1
12 #trees for patient 19
6 #edges
1 7
1 4
1 9
0 1
0 5
0 3
6 #edges
7 5
1 7
1 4
1 9
0 1
0 3
6 #edges
7 3
1 7
1 4
1 9
0 1
0 5
6 #edges
1 7
1 4
1 9
5 3
0 1
0 5
6 #edges
7 5
1 4
1 3
1 9
0 7
0 1
6 #edges
7 5
1 4
1 9
5 3
0 7
0 1
6 #edges
7 5
7 3
1 4
1 9
0 7
0 1
6 #edges
7 3
1 4
1 5
1 9
0 7
0 1
6 #edges
1 4
1 5
1 3
1 9
0 7
0 1
6 #edges
1 4
1 5
1 9
5 3
0 7
0 1
6 #edges
7 5
1 7
1 4
1 9
5 3
0 1
6 #edges
7 5
7 3
1 7
1 4
1 9
0 1
3 #trees for patient 20
6 #edges
7 5
7 3
1 7
1 4
1 9
0 1
6 #edges
7 5
7 3
1 7
1 9
9 4
0 1
6 #edges
7 4
7 5
7 3
1 7
1 9
0 1
4 #trees for patient 21
6 #edges
7 5
7 3
1 7
1 4
1 9
0 1
6 #edges
7 5
7 3
1 7
1 4
5 9
0 1
6 #edges
7 5
7 3
1 7
1 9
3 4
0 1
6 #edges
7 5
7 3
1 7
5 9
3 4
0 1
4 #trees for patient 22
6 #edges
1 9
1 3
9 4
9 6
0 10
10 1
6 #edges
1 9
1 3
9 6
0 10
10 1
6 4
6 #edges
1 10
9 4
9 6
0 1
10 9
10 3
6 #edges
1 10
9 6
0 1
10 9
10 3
6 4
2 #trees for patient 23
6 #edges
1 9
1 3
9 4
9 6
0 10
10 1
6 #edges
1 10
9 4
9 6
0 1
10 9
10 3
10 #trees for patient 24
6 #edges
1 9
1 3
9 4
9 6
0 10
10 1
6 #edges
1 9
9 4
9 6
0 10
10 1
6 3
6 #edges
1 9
1 3
1 6
9 4
0 10
10 1
6 #edges
1 9
1 6
9 4
0 10
10 1
6 3
6 #edges
1 9
1 6
9 4
9 3
0 10
10 1
6 #edges
1 10
9 4
0 1
10 9
10 3
10 6
6 #edges
1 10
9 4
9 6
0 1
10 9
10 3
6 #edges
1 10
9 4
9 6
0 1
10 9
6 3
6 #edges
1 10
9 4
9 3
0 1
10 9
10 6
6 #edges
1 10
9 4
0 1
10 9
10 6
6 3
4 #trees for patient 25
6 #edges
1 9
1 3
9 4
9 6
0 10
10 1
6 #edges
1 9
9 4
9 6
0 10
10 1
6 3
6 #edges
1 10
9 4
9 6
0 1
10 9
10 3
6 #edges
1 10
9 4
9 6
0 1
10 9
6 3
8 #trees for patient 26
6 #edges
1 9
1 3
1 6
9 4
0 10
10 1
6 #edges
1 9
1 6
4 3
9 4
0 10
10 1
6 #edges
1 9
1 3
9 4
9 6
0 10
10 1
6 #edges
1 9
4 3
9 4
9 6
0 10
10 1
6 #edges
1 10
9 4
9 6
0 1
10 9
10 3
6 #edges
1 10
4 3
9 4
9 6
0 1
10 9
6 #edges
1 10
9 4
0 1
10 9
10 3
10 6
6 #edges
1 10
4 3
9 4
0 1
10 9
10 6
4 #trees for patient 27
6 #edges
1 9
9 4
9 6
0 3
0 10
10 1
6 #edges
1 4
1 9
9 6
0 3
0 10
10 1
6 #edges
1 4
1 9
1 3
9 6
0 10
10 1
6 #edges
1 9
1 3
9 4
9 6
0 10
10 1
8 #trees for patient 28
6 #edges
1 9
1 3
9 4
9 6
0 10
10 1
6 #edges
1 9
1 3
9 6
0 10
10 1
6 4
6 #edges
1 9
9 4
9 6
0 10
10 1
6 3
6 #edges
1 9
9 6
0 10
10 1
6 4
6 3
6 #edges
1 10
9 4
9 6
0 1
10 9
6 3
6 #edges
1 10
9 6
0 1
10 9
6 4
6 3
6 #edges
1 10
9 6
0 1
10 9
10 3
6 4
6 #edges
1 10
9 4
9 6
0 1
10 9
10 3
4 #trees for patient 29
6 #edges
1 4
1 9
1 3
9 6
0 10
10 1
6 #edges
1 9
1 3
9 4
9 6
0 10
10 1
6 #edges
1 10
9 6
0 1
10 4
10 9
10 3
6 #edges
1 10
9 4
9 6
0 1
10 9
10 3
2 #trees for patient 30
6 #edges
1 9
1 3
9 4
9 6
0 10
10 1
6 #edges
1 9
1 3
4 6
9 4
0 10
10 1
4 #trees for patient 31
6 #edges
1 9
1 3
9 4
0 10
0 6
10 1
6 #edges
1 9
1 3
3 4
0 10
0 6
10 1
6 #edges
1 9
1 3
9 6
3 4
0 10
10 1
6 #edges
1 9
1 3
9 4
9 6
0 10
10 1
6 #trees for patient 32
6 #edges
1 9
1 3
1 6
9 4
0 10
10 1
6 #edges
1 9
1 3
9 4
3 6
0 10
10 1
6 #edges
1 9
1 3
9 4
9 6
0 10
10 1
6 #edges
1 10
9 4
0 1
10 9
10 3
10 6
6 #edges
1 10
9 4
3 6
0 1
10 9
10 3
6 #edges
1 10
9 4
9 6
0 1
10 9
10 3
2 #trees for patient 33
6 #edges
1 9
1 3
9 4
9 6
0 10
10 1
6 #edges
1 10
9 4
9 6
0 1
10 9
10 3
8 #trees for patient 34
6 #edges
1 10
9 4
9 6
0 1
0 3
10 9
6 #edges
1 10
9 6
0 1
0 3
10 9
6 4
6 #edges
1 9
9 4
9 6
0 3
0 10
10 1
6 #edges
1 9
9 6
0 3
0 10
10 1
6 4
6 #edges
1 9
1 3
9 4
9 6
0 10
10 1
6 #edges
1 9
1 3
9 6
0 10
10 1
6 4
6 #edges
1 10
9 4
9 6
0 1
10 9
10 3
6 #edges
1 10
9 6
0 1
10 9
10 3
6 4
2 #trees for patient 35
6 #edges
1 9
1 3
9 4
9 6
0 10
10 1
6 #edges
1 9
9 4
9 3
9 6
0 10
10 1
1 #trees for patient 36
6 #edges
1 9
1 3
9 4
9 6
0 10
10 1
3 #trees for patient 37
6 #edges
1 9
1 3
9 4
3 6
0 10
10 1
6 #edges
1 9
1 3
4 6
9 4
0 10
10 1
6 #edges
1 9
1 3
9 4
9 6
0 10
10 1
4 #trees for patient 38
6 #edges
1 9
1 3
9 4
9 6
0 10
10 1
6 #edges
1 9
4 3
9 4
9 6
0 10
10 1
6 #edges
1 10
9 4
9 6
0 1
10 9
10 3
6 #edges
1 10
4 3
9 4
9 6
0 1
10 9
6 #trees for patient 39
6 #edges
1 9
4 6
9 4
0 3
0 10
10 1
6 #edges
1 9
9 4
9 6
0 3
0 10
10 1
6 #edges
1 9
1 3
9 4
9 6
0 10
10 1
6 #edges
1 9
1 3
4 6
9 4
0 10
10 1
6 #edges
1 9
9 4
9 6
0 10
10 1
10 3
6 #edges
1 9
4 6
9 4
0 10
10 1
10 3
4 #trees for patient 40
6 #edges
2 4
0 8
0 6
8 11
11 2
6 10
6 #edges
2 11
0 8
0 6
8 2
11 4
6 10
6 #edges
2 4
2 10
0 8
0 6
8 11
11 2
6 #edges
2 11
0 8
0 6
8 2
11 4
11 10
7 #trees for patient 41
6 #edges
2 10
0 8
0 6
8 4
8 11
11 2
6 #edges
2 4
2 10
0 8
0 6
8 11
11 2
6 #edges
2 10
4 6
0 8
8 4
8 11
11 2
6 #edges
2 10
0 8
8 4
8 11
8 6
11 2
6 #edges
2 10
2 6
0 8
8 4
8 11
11 2
6 #edges
2 4
2 10
0 8
8 11
8 6
11 2
6 #edges
2 4
2 10
4 6
0 8
8 11
11 2
6 #trees for patient 42
6 #edges
2 10
0 4
0 8
8 11
11 2
10 6
6 #edges
2 10
0 8
0 6
8 11
11 2
6 4
6 #edges
2 4
2 10
0 8
0 6
8 11
11 2
6 #edges
2 10
0 8
0 6
8 11
11 2
10 4
6 #edges
2 4
2 10
0 8
8 11
11 2
10 6
6 #edges
2 10
0 8
8 11
11 2
10 6
6 4
12 #trees for patient 43
6 #edges
2 11
0 2
0 4
0 6
8 10
11 8
6 #edges
2 8
0 2
0 4
0 6
8 11
11 10
6 #edges
2 10
0 4
0 11
0 6
8 2
11 8
6 #edges
2 8
0 4
0 11
0 6
8 10
11 2
6 #edges
2 10
0 4
0 8
0 6
8 11
11 2
6 #edges
2 11
0 4
0 8
0 6
8 2
11 10
6 #edges
2 4
2 10
0 11
0 6
8 2
11 8
6 #edges
2 8
0 11
0 6
8 4
8 10
11 2
6 #edges
2 11
0 8
0 6
8 2
11 4
11 10
6 #edges
2 4
2 10
0 8
0 6
8 11
11 2
6 #edges
2 11
0 2
0 6
8 4
8 10
11 8
6 #edges
2 8
0 2
0 6
8 11
11 4
11 10
3 #trees for patient 44
6 #edges
2 4
0 8
0 10
0 6
8 11
11 2
6 #edges
2 4
0 8
0 6
8 11
11 2
11 10
6 #edges
2 4
2 10
0 8
0 6
8 11
11 2
8 #trees for patient 45
6 #edges
2 10
0 4
0 8
0 6
8 11
11 2
6 #edges
2 10
0 4
0 8
8 11
11 2
10 6
6 #edges
2 10
0 8
0 6
8 11
11 2
6 4
6 #edges
2 4
2 10
0 8
0 6
8 11
11 2
6 #edges
2 10
0 8
0 6
8 11
11 2
10 4
6 #edges
2 10
0 8
8 11
11 2
10 4
10 6
6 #edges
2 10
0 8
8 11
11 2
10 6
6 4
6 #edges
2 4
2 10
0 8
8 11
11 2
10 6
4 #trees for patient 46
6 #edges
2 4
2 10
0 8
0 6
8 11
11 2
6 #edges
2 11
0 8
0 6
8 2
11 4
11 10
6 #edges
2 4
2 10
0 8
8 11
11 2
10 6
6 #edges
2 11
0 8
8 2
11 4
11 10
10 6
6 #trees for patient 47
6 #edges
2 4
2 10
0 8
0 6
8 11
11 2
6 #edges
2 11
0 8
0 6
8 2
11 4
11 10
6 #edges
2 4
2 10
0 11
0 6
8 2
11 8
6 #edges
2 8
0 11
0 6
8 4
8 10
11 2
6 #edges
2 8
0 2
0 6
8 11
11 4
11 10
6 #edges
2 11
0 2
0 6
8 4
8 10
11 8
6 #trees for patient 48
6 #edges
2 11
0 8
0 6
8 2
11 4
11 10
6 #edges
2 4
2 10
0 8
0 6
8 11
11 2
6 #edges
2 8
0 2
0 6
8 11
11 4
11 10
6 #edges
2 11
0 2
0 6
8 4
8 10
11 8
6 #edges
2 4
2 10
0 11
0 6
8 2
11 8
6 #edges
2 8
0 11
0 6
8 4
8 10
11 2
6 #trees for patient 49
6 #edges
2 4
2 10
0 8
0 6
8 11
11 2
6 #edges
2 11
0 8
0 6
8 2
11 4
11 10
6 #edges
2 8
0 11
0 6
8 4
8 10
11 2
6 #edges
2 4
2 10
0 11
0 6
8 2
11 8
6 #edges
2 8
0 2
0 6
8 11
11 4
11 10
6 #edges
2 11
0 2
0 6
8 4
8 10
11 8
8 #trees for patient 50
6 #edges
2 10
0 8
0 6
8 4
8 11
11 2
6 #edges
2 4
2 10
0 8
0 6
8 11
11 2
6 #edges
2 10
4 6
0 8
8 4
8 11
11 2
6 #edges
2 10
0 8
8 4
8 11
11 2
11 6
6 #edges
2 10
2 6
0 8
8 4
8 11
11 2
6 #edges
2 4
2 10
0 8
8 11
8 6
11 2
6 #edges
2 4
2 10
0 8
8 11
11 2
11 6
6 #edges
2 4
2 10
4 6
0 8
8 11
11 2
6 #trees for patient 51
6 #edges
2 11
0 8
0 6
8 2
11 4
11 10
6 #edges
2 4
2 10
0 8
0 6
8 11
11 2
6 #edges
2 11
0 8
8 2
8 6
11 4
11 10
6 #edges
2 11
0 8
8 2
11 4
11 10
10 6
6 #edges
2 4
2 10
0 8
8 11
8 6
11 2
6 #edges
2 4
2 10
0 8
8 11
11 2
10 6
1 #trees for patient 52
6 #edges
2 4
2 10
0 8
0 6
8 11
11 2
1 #trees for patient 53
6 #edges
2 4
2 10
0 8
0 6
8 11
11 2
4 #trees for patient 54
6 #edges
2 4
2 10
0 8
0 6
8 11
11 2
6 #edges
2 4
2 10
0 11
0 6
8 2
11 8
6 #edges
2 4
2 10
0 11
8 2
11 8
10 6
6 #edges
2 4
2 10
0 8
8 11
11 2
10 6
6 #trees for patient 55
6 #edges
2 4
0 8
0 6
8 11
11 2
6 10
6 #edges
2 4
0 11
0 6
8 2
11 8
6 10
6 #edges
2 4
2 10
0 11
0 6
8 2
11 8
6 #edges
2 4
4 10
0 11
0 6
8 2
11 8
6 #edges
2 4
4 10
0 8
0 6
8 11
11 2
6 #edges
2 4
2 10
0 8
0 6
8 11
11 2
1 #trees for patient 56
6 #edges
2 4
2 10
0 8
0 6
8 11
11 2
6 #trees for patient 57
6 #edges
7 3
7 11
4 8
0 7
0 4
8 10
6 #edges
7 3
7 11
4 10
0 7
0 4
10 8
6 #edges
7 3
4 10
0 7
0 4
8 11
10 8
6 #edges
7 3
4 10
3 11
0 7
0 4
10 8
6 #edges
7 3
4 8
0 7
0 4
8 10
10 11
6 #edges
7 3
4 8
3 11
0 7
0 4
8 10
44 #trees for patient 58
6 #edges
7 3
3 4
3 11
0 7
0 8
0 10
6 #edges
7 4
7 11
3 7
0 3
0 8
0 10
6 #edges
7 4
7 11
3 7
0 3
0 10
10 8
6 #edges
7 4
7 11
4 8
3 7
0 3
0 10
6 #edges
7 4
7 8
7 11
3 7
0 3
0 10
6 #edges
7 3
3 4
3 11
0 7
0 10
10 8
6 #edges
7 3
3 4
3 8
3 11
0 7
0 10
6 #edges
7 3
4 8
3 4
3 11
0 7
0 10
6 #edges
7 3
4 10
3 4
3 11
0 7
0 8
6 #edges
7 3
3 4
3 11
0 7
0 8
8 10
6 #edges
7 3
3 4
3 11
3 10
0 7
0 8
6 #edges
7 4
7 11
3 7
0 3
0 8
8 10
6 #edges
7 4
7 11
7 10
3 7
0 3
0 8
6 #edges
7 4
7 11
4 10
3 7
0 3
0 8
6 #edges
7 11
4 8
4 10
3 7
0 4
0 3
6 #edges
7 11
4 8
3 7
0 4
0 3
8 10
6 #edges
7 11
7 10
4 8
3 7
0 4
0 3
6 #edges
7 8
7 11
4 10
3 7
0 4
0 3
6 #edges
7 11
4 10
3 7
0 4
0 3
10 8
6 #edges
7 8
7 11
3 7
0 4
0 3
8 10
6 #edges
7 8
7 11
7 10
3 7
0 4
0 3
6 #edges
7 11
7 10
3 7
0 4
0 3
10 8
6 #edges
7 3
4 8
4 10
3 11
0 7
0 4
6 #edges
7 3
4 10
3 11
0 7
0 4
10 8
6 #edges
7 3
4 10
3 8
3 11
0 7
0 4
6 #edges
7 3
4 8
3 11
0 7
0 4
8 10
6 #edges
7 3
4 8
3 11
3 10
0 7
0 4
6 #edges
7 3
3 8
3 11
3 10
0 7
0 4
6 #edges
7 3
3 11
3 10
0 7
0 4
10 8
6 #edges
7 3
3 8
3 11
0 7
0 4
8 10
6 #edges
7 4
7 8
7 11
3 7
0 3
8 10
6 #edges
7 4
7 8
7 11
4 10
3 7
0 3
6 #edges
7 4
7 11
7 10
4 8
3 7
0 3
6 #edges
7 4
7 11
4 8
3 7
0 3
8 10
6 #edges
7 4
7 11
4 8
4 10
3 7
0 3
6 #edges
7 4
7 11
7 10
3 7
0 3
10 8
6 #edges
7 4
7 11
4 10
3 7
0 3
10 8
6 #edges
7 3
4 8
4 10
3 4
3 11
0 7
6 #edges
7 3
4 10
3 4
3 8
3 11
0 7
6 #edges
7 3
4 10
3 4
3 11
0 7
10 8
6 #edges
7 3
4 8
3 4
3 11
0 7
8 10
6 #edges
7 3
4 8
3 4
3 11
3 10
0 7
6 #edges
7 3
3 4
3 11
3 10
0 7
10 8
6 #edges
7 3
3 4
3 8
3 11
0 7
8 10
12 #trees for patient 59
6 #edges
4 8
4 11
4 10
3 7
0 4
0 3
6 #edges
4 11
4 10
3 7
0 4
0 3
10 8
6 #edges
4 8
4 11
3 7
0 4
0 3
8 10
6 #edges
7 11
4 8
4 10
3 7
0 4
0 3
6 #edges
7 11
4 8
3 7
0 4
0 3
8 10
6 #edges
7 11
4 10
3 7
0 4
0 3
10 8
6 #edges
7 3
4 8
4 11
4 10
0 7
0 4
6 #edges
7 3
4 8
4 10
3 11
0 7
0 4
6 #edges
7 3
4 11
4 10
0 7
0 4
10 8
6 #edges
7 3
4 10
3 11
0 7
0 4
10 8
6 #edges
7 3
4 8
4 11
0 7
0 4
8 10
6 #edges
7 3
4 8
3 11
0 7
0 4
8 10
2 #trees for patient 60
6 #edges
7 11
4 10
3 7
0 4
0 3
10 8
6 #edges
7 3
4 10
3 11
0 7
0 4
10 8
18 #trees for patient 61
6 #edges
7 3
7 11
4 8
0 7
0 10
10 4
6 #edges
7 3
4 8
3 11
0 7
0 10
10 4
6 #edges
7 11
4 8
0 7
0 10
11 3
10 4
6 #edges
7 3
7 11
0 7
0 10
8 4
10 8
6 #edges
7 3
3 11
0 7
0 10
8 4
10 8
6 #edges
7 11
0 7
0 10
8 4
11 3
10 8
6 #edges
7 3
3 11
0 7
0 8
8 10
10 4
6 #edges
7 3
4 10
3 11
0 7
0 8
8 4
6 #edges
7 3
7 11
0 7
0 8
8 10
10 4
6 #edges
7 3
7 11
4 10
0 7
0 8
8 4
6 #edges
7 11
4 10
0 7
0 8
8 4
11 3
6 #edges
7 11
0 7
0 8
8 10
11 3
10 4
6 #edges
7 3
7 11
4 8
0 7
0 4
8 10
6 #edges
7 11
4 8
0 7
0 4
8 10
11 3
6 #edges
7 3
4 8
3 11
0 7
0 4
8 10
6 #edges
7 3
7 11
4 10
0 7
0 4
10 8
6 #edges
7 11
4 10
0 7
0 4
11 3
10 8
6 #edges
7 3
4 10
3 11
0 7
0 4
10 8
6 #trees for patient 62
6 #edges
7 3
4 8
3 11
0 7
0 10
10 4
6 #edges
7 3
7 11
4 8
0 7
0 10
10 4
6 #edges
7 3
7 11
4 10
0 7
0 4
10 8
6 #edges
7 3
4 10
3 11
0 7
0 4
10 8
6 #edges
7 11
4 8
0 7
0 10
11 3
10 4
6 #edges
7 11
4 10
0 7
0 4
11 3
10 8
91 #trees for patient 63
6 #edges
0 7
0 8
0 11
0 10
8 4
11 3
6 #edges
7 3
0 7
0 8
0 11
0 10
8 4
6 #edges
0 7
0 3
0 8
0 11
0 10
8 4
6 #edges
7 3
0 7
0 4
0 8
0 11
0 10
6 #edges
7 3
0 7
0 8
0 11
0 10
10 4
6 #edges
0 7
0 4
0 3
0 8
0 11
0 10
6 #edges
0 7
0 4
0 8
0 11
0 10
11 3
6 #edges
0 7
0 8
0 11
0 10
11 3
10 4
6 #edges
0 7
0 3
0 8
0 11
0 10
10 4
6 #edges
0 7
0 4
0 3
0 11
0 10
10 8
6 #edges
4 8
0 7
0 4
0 3
0 11
0 10
6 #edges
4 8
0 7
0 3
0 11
0 10
10 4
6 #edges
0 7
0 3
0 11
0 10
8 4
10 8
6 #edges
4 8
0 7
0 4
0 11
0 10
11 3
6 #edges
0 7
0 4
0 11
0 10
11 3
10 8
6 #edges
7 3
0 7
0 4
0 11
0 10
10 8
6 #edges
7 3
4 8
0 7
0 4
0 11
0 10
6 #edges
0 7
0 11
0 10
8 4
11 3
10 8
6 #edges
4 8
0 7
0 11
0 10
11 3
10 4
6 #edges
7 3
0 7
0 11
0 10
8 4
10 8
6 #edges
7 3
4 8
0 7
0 11
0 10
10 4
6 #edges
4 10
0 7
0 8
0 11
8 4
11 3
6 #edges
4 10
0 7
0 4
0 8
0 11
11 3
6 #edges
0 7
0 4
0 8
0 11
8 10
11 3
6 #edges
0 7
0 8
0 11
8 10
11 3
10 4
6 #edges
4 10
0 7
0 3
0 8
0 11
8 4
6 #edges
7 3
4 10
0 7
0 8
0 11
8 4
6 #edges
4 10
0 7
0 4
0 3
0 8
0 11
6 #edges
7 3
4 10
0 7
0 4
0 8
0 11
6 #edges
0 7
0 4
0 3
0 8
0 11
8 10
6 #edges
7 3
0 7
0 4
0 8
0 11
8 10
6 #edges
0 7
0 3
0 8
0 11
8 10
10 4
6 #edges
7 3
0 7
0 8
0 11
8 10
10 4
6 #edges
4 8
0 7
0 4
0 3
0 11
8 10
6 #edges
4 10
0 7
0 4
0 3
0 11
10 8
6 #edges
4 10
0 7
0 4
0 11
11 3
10 8
6 #edges
4 8
0 7
0 4
0 11
8 10
11 3
6 #edges
7 3
4 10
0 7
0 4
0 11
10 8
6 #edges
7 3
4 8
0 7
0 4
0 11
8 10
6 #edges
3 11
0 7
0 4
0 3
0 10
10 8
6 #edges
3 11
0 7
0 3
0 10
8 4
10 8
6 #edges
7 11
0 7
0 4
0 3
0 10
10 8
6 #edges
7 11
0 7
0 3
0 10
8 4
10 8
6 #edges
3 11
0 7
0 4
0 3
0 8
0 10
6 #edges
3 11
0 7
0 3
0 8
0 10
8 4
6 #edges
3 11
0 7
0 3
0 8
0 10
10 4
6 #edges
4 8
3 11
0 7
0 3
0 10
10 4
6 #edges
4 8
3 11
0 7
0 4
0 3
0 10
6 #edges
7 11
4 8
0 7
0 4
0 3
0 10
6 #edges
7 11
0 7
0 4
0 3
0 8
0 10
6 #edges
7 11
0 7
0 3
0 8
0 10
10 4
6 #edges
7 11
0 7
0 3
0 8
0 10
8 4
6 #edges
7 11
4 8
0 7
0 3
0 10
10 4
6 #edges
4 8
3 11
0 7
0 4
0 3
8 10
6 #edges
7 11
4 8
0 7
0 4
0 3
8 10
6 #edges
7 11
4 10
0 7
0 4
0 3
10 8
6 #edges
7 11
4 10
0 7
0 4
0 3
0 8
6 #edges
7 11
0 7
0 4
0 3
0 8
8 10
6 #edges
3 11
0 7
0 4
0 3
0 8
8 10
6 #edges
4 10
3 11
0 7
0 4
0 3
0 8
6 #edges
4 10
3 11
0 7
0 4
0 3
10 8
6 #edges
7 11
0 7
0 3
0 8
8 10
10 4
6 #edges
7 11
4 10
0 7
0 3
0 8
8 4
6 #edges
4 10
3 11
0 7
0 3
0 8
8 4
6 #edges
3 11
0 7
0 3
0 8
8 10
10 4
6 #edges
7 11
0 7
0 4
0 10
11 3
10 8
6 #edges
7 3
3 11
0 7
0 4
0 10
10 8
6 #edges
7 11
0 7
0 10
8 4
11 3
10 8
6 #edges
7 3
3 11
0 7
0 10
8 4
10 8
6 #edges
7 3
3 11
0 7
0 8
0 10
8 4
6 #edges
7 11
0 7
0 8
0 10
8 4
11 3
6 #edges
7 11
0 7
0 8
0 10
11 3
10 4
6 #edges
7 11
0 7
0 4
0 8
0 10
11 3
6 #edges
7 3
3 11
0 7
0 4
0 8
0 10
6 #edges
7 3
3 11
0 7
0 8
0 10
10 4
6 #edges
7 3
4 8
3 11
0 7
0 4
0 10
6 #edges
7 11
4 8
0 7
0 4
0 10
11 3
6 #edges
7 3
4 8
3 11
0 7
0 10
10 4
6 #edges
7 11
4 8
0 7
0 10
11 3
10 4
6 #edges
7 3
3 11
0 7
0 4
0 8
8 10
6 #edges
7 11
0 7
0 4
0 8
8 10
11 3
6 #edges
7 11
0 7
0 8
8 10
11 3
10 4
6 #edges
7 3
3 11
0 7
0 8
8 10
10 4
6 #edges
7 11
4 10
0 7
0 8
8 4
11 3
6 #edges
7 3
4 10
3 11
0 7
0 8
8 4
6 #edges
7 11
4 10
0 7
0 4
0 8
11 3
6 #edges
7 3
4 10
3 11
0 7
0 4
0 8
6 #edges
7 11
4 10
0 7
0 4
11 3
10 8
6 #edges
7 3
4 10
3 11
0 7
0 4
10 8
6 #edges
7 3
4 8
3 11
0 7
0 4
8 10
6 #edges
7 11
4 8
0 7
0 4
8 10
11 3
4 #trees for patient 64
6 #edges
7 3
4 8
3 11
0 7
0 10
10 4
6 #edges
7 11
4 8
0 7
0 10
11 3
10 4
6 #edges
7 11
4 10
0 7
0 4
11 3
10 8
6 #edges
7 3
4 10
3 11
0 7
0 4
10 8
4 #trees for patient 65
6 #edges
7 11
4 10
3 8
0 7
0 4
11 3
6 #edges
7 11
4 10
0 7
0 4
11 3
10 8
6 #edges
7 3
4 10
3 11
0 7
0 4
11 8
6 #edges
7 3
4 10
3 11
0 7
0 4
10 8
6 #trees for patient 66
6 #edges
7 3
3 11
0 7
0 10
8 4
10 8
6 #edges
7 3
4 8
3 11
0 7
0 10
10 4
6 #edges
7 3
4 10
3 11
0 7
0 8
8 4
6 #edges
7 3
3 11
0 7
0 8
8 10
10 4
6 #edges
7 3
4 8
3 11
0 7
0 4
8 10
6 #edges
7 3
4 10
3 11
0 7
0 4
10 8
12 #trees for patient 67
6 #edges
7 3
4 10
0 4
0 11
11 7
10 8
6 #edges
7 3
4 8
0 4
0 11
8 10
11 7
6 #edges
4 8
3 7
0 4
0 11
8 10
11 3
6 #edges
4 10
3 7
0 4
0 11
11 3
10 8
6 #edges
4 10
3 11
0 4
0 3
11 7
10 8
6 #edges
4 8
3 11
0 4
0 3
8 10
11 7
6 #edges
7 11
4 8
3 7
0 4
0 3
8 10
6 #edges
7 11
4 10
3 7
0 4
0 3
10 8
6 #edges
7 11
4 8
0 7
0 4
8 10
11 3
6 #edges
7 11
4 10
0 7
0 4
11 3
10 8
6 #edges
7 3
4 8
3 11
0 7
0 4
8 10
6 #edges
7 3
4 10
3 11
0 7
0 4
10 8
14 #trees for patient 68
6 #edges
7 11
4 8
0 7
0 10
11 3
10 4
6 #edges
7 11
4 3
4 8
0 7
0 10
10 4
6 #edges
7 3
4 8
3 11
0 7
0 10
10 4
6 #edges
7 3
4 8
4 11
0 7
0 10
10 4
6 #edges
4 8
4 11
0 7
0 10
11 3
10 4
6 #edges
4 3
4 8
4 11
0 7
0 10
10 4
6 #edges
4 3
4 8
3 11
0 7
0 10
10 4
6 #edges
4 10
0 7
0 4
10 3
10 8
10 11
6 #edges
4 10
3 11
0 7
0 4
10 3
10 8
6 #edges
7 11
4 10
0 7
0 4
10 3
10 8
6 #edges
7 3
4 10
0 7
0 4
10 8
10 11
6 #edges
4 10
0 7
0 4
11 3
10 8
10 11
6 #edges
7 11
4 10
0 7
0 4
11 3
10 8
6 #edges
7 3
4 10
3 11
0 7
0 4
10 8
4 #trees for patient 69
6 #edges
7 11
4 8
0 7
0 4
8 10
11 3
6 #edges
7 11
4 10
0 7
0 4
11 3
10 8
6 #edges
7 3
4 10
3 11
0 7
0 4
10 8
6 #edges
7 3
4 8
3 11
0 7
0 4
8 10
8 #trees for patient 70
6 #edges
7 3
3 11
0 7
0 10
11 8
10 4
6 #edges
7 3
4 8
3 11
0 7
0 10
10 4
6 #edges
7 11
3 8
0 7
0 10
11 3
10 4
6 #edges
7 11
4 8
0 7
0 10
11 3
10 4
6 #edges
7 11
4 10
3 8
0 7
0 4
11 3
6 #edges
7 11
4 10
0 7
0 4
11 3
10 8
6 #edges
7 3
4 10
3 11
0 7
0 4
11 8
6 #edges
7 3
4 10
3 11
0 7
0 4
10 8
4 #trees for patient 71
6 #edges
7 11
4 10
3 7
0 4
0 3
10 8
6 #edges
7 11
4 8
3 7
0 4
0 3
8 10
6 #edges
7 3
4 8
3 11
0 7
0 4
8 10
6 #edges
7 3
4 10
3 11
0 7
0 4
10 8
4 #trees for patient 72
6 #edges
7 11
4 8
3 7
0 4
0 3
8 10
6 #edges
7 11
4 10
3 7
0 4
0 3
10 8
6 #edges
7 3
4 8
3 11
0 7
0 4
8 10
6 #edges
7 3
4 10
3 11
0 7
0 4
10 8
4 #trees for patient 73
6 #edges
7 11
4 8
3 7
0 3
0 10
10 4
6 #edges
7 11
4 10
3 7
0 4
0 3
10 8
6 #edges
7 3
4 8
3 11
0 7
0 10
10 4
6 #edges
7 3
4 10
3 11
0 7
0 4
10 8
8 #trees for patient 74
6 #edges
7 3
7 11
0 7
0 8
0 10
10 4
6 #edges
7 3
3 11
0 7
0 8
0 10
10 4
6 #edges
7 3
7 11
4 8
0 7
0 10
10 4
6 #edges
7 3
4 8
3 11
0 7
0 10
10 4
6 #edges
7 3
7 11
4 10
0 7
0 4
0 8
6 #edges
7 3
4 10
3 11
0 7
0 4
0 8
6 #edges
7 3
7 11
4 10
0 7
0 4
10 8
6 #edges
7 3
4 10
3 11
0 7
0 4
10 8
12 #trees for patient 75
6 #edges
7 11
4 8
0 7
0 4
8 10
11 3
6 #edges
7 3
4 8
3 11
0 7
0 4
8 10
6 #edges
4 8
3 11
0 4
0 3
8 10
11 7
6 #edges
7 11
4 8
3 7
0 4
0 3
8 10
6 #edges
4 8
3 7
0 4
0 11
8 10
11 3
6 #edges
7 3
4 8
0 4
0 11
8 10
11 7
6 #edges
7 11
4 10
3 7
0 4
0 3
10 8
6 #edges
4 10
3 11
0 4
0 3
11 7
10 8
6 #edges
7 3
4 10
0 4
0 11
11 7
10 8
6 #edges
4 10
3 7
0 4
0 11
11 3
10 8
6 #edges
7 3
4 10
3 11
0 7
0 4
10 8
6 #edges
7 11
4 10
0 7
0 4
11 3
10 8
3 #trees for patient 76
6 #edges
7 3
4 10
0 7
0 4
0 11
10 8
6 #edges
7 3
4 10
0 7
0 4
8 11
10 8
6 #edges
7 3
4 10
3 11
0 7
0 4
10 8
12 #trees for patient 77
6 #edges
7 11
3 7
0 3
0 10
8 4
10 8
6 #edges
7 11
4 8
3 7
0 3
0 10
10 4
6 #edges
7 11
4 10
3 7
0 3
0 8
8 4
6 #edges
7 11
3 7
0 3
0 8
8 10
10 4
6 #edges
7 11
4 10
3 7
0 4
0 3
10 8
6 #edges
7 11
4 8
3 7
0 4
0 3
8 10
6 #edges
7 3
4 10
3 11
0 7
0 8
8 4
6 #edges
7 3
3 11
0 7
0 8
8 10
10 4
6 #edges
7 3
3 11
0 7
0 10
8 4
10 8
6 #edges
7 3
4 8
3 11
0 7
0 10
10 4
6 #edges
7 3
4 8
3 11
0 7
0 4
8 10
6 #edges
7 3
4 10
3 11
0 7
0 4
10 8
4 #trees for patient 78
6 #edges
7 11
4 8
0 7
0 10
11 3
10 4
6 #edges
7 3
4 8
3 11
0 7
0 10
10 4
6 #edges
7 3
4 10
3 11
0 7
0 4
10 8
6 #edges
7 11
4 10
0 7
0 4
11 3
10 8
4 #trees for patient 79
6 #edges
7 11
4 8
3 7
0 3
0 10
10 4
6 #edges
7 3
4 8
3 11
0 7
0 10
10 4
6 #edges
7 3
4 10
3 11
0 7
0 4
10 8
6 #edges
7 11
4 10
3 7
0 4
0 3
10 8
12 #trees for patient 80
6 #edges
7 3
4 10
3 11
0 7
0 4
10 8
6 #edges
7 3
4 8
3 11
0 7
0 4
8 10
6 #edges
7 3
3 11
0 7
0 8
8 10
10 4
6 #edges
7 3
4 10
3 11
0 7
0 8
8 4
6 #edges
7 3
3 11
0 7
0 10
8 4
10 8
6 #edges
7 3
4 8
3 11
0 7
0 10
10 4
6 #edges
7 11
4 10
0 7
0 8
8 4
11 3
6 #edges
7 11
0 7
0 8
8 10
11 3
10 4
6 #edges
7 11
4 8
0 7
0 10
11 3
10 4
6 #edges
7 11
0 7
0 10
8 4
11 3
10 8
6 #edges
7 11
4 8
0 7
0 4
8 10
11 3
6 #edges
7 11
4 10
0 7
0 4
11 3
10 8
13 #trees for patient 81
6 #edges
7 3
3 8
3 11
0 7
0 4
0 10
6 #edges
7 3
4 8
3 11
0 7
0 4
0 10
6 #edges
7 3
3 11
0 7
0 4
0 10
10 8
6 #edges
7 3
3 11
0 7
0 4
0 8
8 10
6 #edges
7 3
4 10
3 11
0 7
0 4
0 8
6 #edges
7 3
3 11
3 10
0 7
0 4
0 8
6 #edges
7 3
4 8
3 11
0 7
0 4
8 10
6 #edges
7 3
4 8
4 10
3 11
0 7
0 4
6 #edges
7 3
4 8
3 11
3 10
0 7
0 4
6 #edges
7 3
4 10
3 11
0 7
0 4
10 8
6 #edges
7 3
4 10
3 8
3 11
0 7
0 4
6 #edges
7 3
3 8
3 11
0 7
0 4
8 10
6 #edges
7 3
3 11
3 10
0 7
0 4
10 8
4 #trees for patient 82
6 #edges
7 11
4 10
3 7
0 4
0 3
10 8
6 #edges
7 11
4 8
3 7
0 4
0 3
8 10
6 #edges
7 3
4 8
3 11
0 7
0 4
8 10
6 #edges
7 3
4 10
3 11
0 7
0 4
10 8
12 #trees for patient 83
6 #edges
7 8
7 11
4 10
3 7
0 4
0 3
6 #edges
7 11
4 10
3 7
0 4
0 3
11 8
6 #edges
7 11
4 10
3 7
0 4
0 3
10 8
6 #edges
7 8
4 10
3 7
0 4
0 3
10 11
6 #edges
4 10
3 7
0 4
0 3
10 8
10 11
6 #edges
4 10
3 7
0 4
0 3
11 8
10 11
6 #edges
7 3
4 10
0 7
0 4
10 8
10 11
6 #edges
7 3
4 10
3 8
0 7
0 4
10 11
6 #edges
7 3
4 10
0 7
0 4
11 8
10 11
6 #edges
7 3
4 10
3 11
0 7
0 4
10 8
6 #edges
7 3
4 10
3 8
3 11
0 7
0 4
6 #edges
7 3
4 10
3 11
0 7
0 4
11 8
8 #trees for patient 84
6 #edges
4 10
3 7
0 4
0 3
8 11
10 8
6 #edges
7 11
4 10
3 7
0 4
0 3
10 8
6 #edges
7 8
4 10
3 7
0 4
0 3
10 11
6 #edges
7 8
4 10
3 7
0 4
0 3
8 11
6 #edges
7 3
4 10
3 8
0 7
0 4
8 11
6 #edges
7 3
4 10
3 8
0 7
0 4
10 11
6 #edges
7 3
4 10
3 11
0 7
0 4
10 8
6 #edges
7 3
4 10
0 7
0 4
8 11
10 8
24 #trees for patient 85
6 #edges
7 11
3 8
0 7
0 10
11 3
10 4
6 #edges
7 11
4 8
0 7
0 10
11 3
10 4
6 #edges
7 3
3 11
0 7
0 10
11 8
10 4
6 #edges
7 3
4 8
3 11
0 7
0 10
10 4
6 #edges
7 11
4 8
3 7
0 3
0 10
10 4
6 #edges
7 11
3 7
0 3
0 10
11 8
10 4
6 #edges
4 8
3 11
0 3
0 10
11 7
10 4
6 #edges
7 8
3 11
0 3
0 10
11 7
10 4
6 #edges
7 3
4 8
0 11
0 10
11 7
10 4
6 #edges
4 8
3 7
0 11
0 10
11 3
10 4
6 #edges
7 3
3 8
0 11
0 10
11 7
10 4
6 #edges
7 8
3 7
0 11
0 10
11 3
10 4
6 #edges
7 3
4 10
0 4
0 11
11 7
10 8
6 #edges
4 10
3 7
0 4
0 11
11 3
10 8
6 #edges
7 3
4 10
3 11
0 7
0 4
10 8
6 #edges
7 11
4 10
0 7
0 4
11 3
10 8
6 #edges
4 10
3 11
0 4
0 3
11 7
10 8
6 #edges
7 11
4 10
3 7
0 4
0 3
10 8
6 #edges
7 3
4 10
3 8
0 4
0 11
11 7
6 #edges
7 8
4 10
3 7
0 4
0 11
11 3
6 #edges
7 11
4 10
3 8
0 7
0 4
11 3
6 #edges
7 3
4 10
3 11
0 7
0 4
11 8
6 #edges
7 11
4 10
3 7
0 4
0 3
11 8
6 #edges
7 8
4 10
3 11
0 4
0 3
11 7
6 #trees for patient 86
6 #edges
7 3
7 11
4 8
4 10
0 7
0 4
6 #edges
7 3
4 8
4 10
3 11
0 7
0 4
6 #edges
7 3
4 10
3 11
0 7
0 4
10 8
6 #edges
7 3
7 11
4 10
0 7
0 4
10 8
6 #edges
7 11
4 8
4 10
0 7
0 4
11 3
6 #edges
7 11
4 10
0 7
0 4
11 3
10 8
48 #trees for patient 87
6 #edges
4 10
0 7
0 3
0 8
0 11
8 4
6 #edges
7 3
4 10
0 7
0 8
0 11
8 4
6 #edges
4 10
0 7
0 8
0 11
8 4
11 3
6 #edges
0 7
0 8
0 11
8 10
11 3
10 4
6 #edges
7 3
0 7
0 8
0 11
8 10
10 4
6 #edges
0 7
0 3
0 8
0 11
8 10
10 4
6 #edges
7 3
4 8
0 7
0 11
0 10
10 4
6 #edges
4 8
0 7
0 3
0 11
0 10
10 4
6 #edges
4 8
0 7
0 11
0 10
11 3
10 4
6 #edges
0 7
0 11
0 10
8 4
11 3
10 8
6 #edges
0 7
0 3
0 11
0 10
8 4
10 8
6 #edges
7 3
0 7
0 11
0 10
8 4
10 8
6 #edges
4 8
0 7
0 4
0 11
8 10
11 3
6 #edges
4 10
0 7
0 4
0 11
11 3
10 8
6 #edges
7 3
4 8
0 7
0 4
0 11
8 10
6 #edges
4 8
0 7
0 4
0 3
0 11
8 10
6 #edges
7 3
4 10
0 7
0 4
0 11
10 8
6 #edges
4 10
0 7
0 4
0 3
0 11
10 8
6 #edges
3 11
0 7
0 3
0 8
8 10
10 4
6 #edges
7 11
0 7
0 3
0 8
8 10
10 4
6 #edges
4 10
3 11
0 7
0 3
0 8
8 4
6 #edges
7 11
4 10
0 7
0 3
0 8
8 4
6 #edges
7 11
4 8
0 7
0 3
0 10
10 4
6 #edges
4 8
3 11
0 7
0 3
0 10
10 4
6 #edges
3 11
0 7
0 3
0 10
8 4
10 8
6 #edges
7 11
0 7
0 3
0 10
8 4
10 8
6 #edges
4 10
3 11
0 7
0 4
0 3
10 8
6 #edges
4 8
3 11
0 7
0 4
0 3
8 10
6 #edges
7 11
4 10
0 7
0 4
0 3
10 8
6 #edges
7 11
4 8
0 7
0 4
0 3
8 10
6 #edges
7 11
4 10
0 7
0 4
11 3
10 8
6 #edges
7 11
4 8
0 7
0 4
8 10
11 3
6 #edges
7 3
7 11
4 8
0 7
0 4
8 10
6 #edges
7 3
7 11
4 10
0 7
0 4
10 8
6 #edges
7 11
0 7
0 10
8 4
11 3
10 8
6 #edges
7 11
4 8
0 7
0 10
11 3
10 4
6 #edges
7 11
0 7
0 8
8 10
11 3
10 4
6 #edges
7 11
4 10
0 7
0 8
8 4
11 3
6 #edges
7 3
7 11
0 7
0 8
8 10
10 4
6 #edges
7 3
7 11
4 10
0 7
0 8
8 4
6 #edges
7 3
7 11
4 8
0 7
0 10
10 4
6 #edges
7 3
7 11
0 7
0 10
8 4
10 8
6 #edges
7 3
3 11
0 7
0 10
8 4
10 8
6 #edges
7 3
4 8
3 11
0 7
0 10
10 4
6 #edges
7 3
3 11
0 7
0 8
8 10
10 4
6 #edges
7 3
4 10
3 11
0 7
0 8
8 4
6 #edges
7 3
4 10
3 11
0 7
0 4
10 8
6 #edges
7 3
4 8
3 11
0 7
0 4
8 10
12 #trees for patient 88
6 #edges
7 8
4 9
9 5
0 7
0 4
8 6
6 #edges
7 8
4 5
5 9
0 7
0 4
8 6
6 #edges
7 8
5 9
9 4
0 7
0 5
8 6
6 #edges
7 8
4 9
5 4
0 7
0 5
8 6
6 #edges
7 8
5 4
9 5
0 7
0 9
8 6
6 #edges
7 8
4 5
9 4
0 7
0 9
8 6
6 #edges
7 6
4 9
5 4
0 7
0 5
6 8
6 #edges
7 6
5 9
9 4
0 7
0 5
6 8
6 #edges
7 6
4 5
9 4
0 7
0 9
6 8
6 #edges
7 6
5 4
9 5
0 7
0 9
6 8
6 #edges
7 6
4 5
5 9
0 7
0 4
6 8
6 #edges
7 6
4 9
9 5
0 7
0 4
6 8
16 #trees for patient 89
6 #edges
7 4
9 5
0 9
0 8
0 6
8 7
6 #edges
5 4
9 5
0 9
0 8
0 6
8 7
6 #edges
7 4
5 9
0 5
0 8
0 6
8 7
6 #edges
5 9
9 4
0 5
0 8
0 6
8 7
6 #edges
7 8
5 9
9 4
0 7
0 5
0 6
6 #edges
7 8
5 9
0 7
0 5
0 6
8 4
6 #edges
7 8
9 5
0 7
0 9
0 6
8 4
6 #edges
7 8
5 4
9 5
0 7
0 9
0 6
6 #edges
7 4
7 6
5 9
0 5
0 8
8 7
6 #edges
7 6
5 9
9 4
0 5
0 8
8 7
6 #edges
7 4
7 6
9 5
0 9
0 8
8 7
6 #edges
7 6
5 4
9 5
0 9
0 8
8 7
6 #edges
7 8
5 9
0 7
0 5
8 4
8 6
6 #edges
7 8
5 9
9 4
0 7
0 5
8 6
6 #edges
7 8
9 5
0 7
0 9
8 4
8 6
6 #edges
7 8
5 4
9 5
0 7
0 9
8 6
8 #trees for patient 90
6 #edges
4 6
5 9
9 4
0 5
0 8
8 7
6 #edges
7 6
5 9
9 4
0 5
0 8
8 7
6 #edges
7 6
4 9
5 4
0 5
0 8
8 7
6 #edges
4 9
5 4
9 6
0 5
0 8
8 7
6 #edges
7 8
4 9
5 4
0 7
0 5
8 6
6 #edges
7 8
4 9
5 4
9 6
0 7
0 5
6 #edges
7 8
4 6
5 9
9 4
0 7
0 5
6 #edges
7 8
5 9
9 4
0 7
0 5
8 6
12 #trees for patient 91
6 #edges
7 8
5 9
0 5
0 6
8 4
6 7
6 #edges
7 8
5 9
9 4
0 5
0 6
6 7
6 #edges
5 9
9 4
0 5
0 6
8 7
6 8
6 #edges
7 4
5 9
0 5
0 6
8 7
6 8
6 #edges
7 4
5 9
0 5
0 8
8 6
6 7
6 #edges
5 9
9 4
0 5
0 8
8 6
6 7
6 #edges
7 6
5 9
0 5
0 8
8 7
6 4
6 #edges
7 6
5 9
9 4
0 5
0 8
8 7
6 #edges
7 8
5 9
9 4
0 7
0 5
8 6
6 #edges
7 8
5 9
0 7
0 5
8 6
6 4
6 #edges
7 6
5 9
0 7
0 5
8 4
6 8
6 #edges
7 6
5 9
9 4
0 7
0 5
6 8
4 #trees for patient 92
6 #edges
7 8
4 9
5 4
0 7
0 5
8 6
6 #edges
7 6
4 9
5 4
0 7
0 5
6 8
6 #edges
7 6
5 9
9 4
0 7
0 5
6 8
6 #edges
7 8
5 9
9 4
0 7
0 5
8 6
14 #trees for patient 93
6 #edges
7 8
5 4
0 7
0 5
8 6
6 9
6 #edges
7 8
4 9
5 4
0 7
0 5
8 6
6 #edges
7 8
4 9
0 7
0 5
8 6
6 4
6 #edges
7 8
0 7
0 5
8 6
6 4
6 9
6 #edges
7 8
5 9
0 7
0 5
8 6
6 4
6 #edges
7 8
5 9
9 4
0 7
0 5
8 6
6 #edges
7 8
9 4
0 7
0 5
8 6
6 9
6 #edges
7 6
4 9
5 4
0 7
0 5
6 8
6 #edges
7 6
5 4
0 7
0 5
8 9
6 8
6 #edges
7 6
0 7
0 5
8 4
8 9
6 8
6 #edges
7 6
4 9
0 7
0 5
8 4
6 8
6 #edges
7 6
5 9
0 7
0 5
8 4
6 8
6 #edges
7 6
5 9
9 4
0 7
0 5
6 8
6 #edges
7 6
9 4
0 7
0 5
8 9
6 8
2 #trees for patient 94
6 #edges
7 8
7 6
5 9
9 4
0 7
0 5
6 #edges
7 8
5 9
9 4
0 7
0 5
8 6
8 #trees for patient 95
6 #edges
7 4
7 8
9 5
0 7
0 9
8 6
6 #edges
7 4
7 6
9 5
0 7
0 9
6 8
6 #edges
7 6
5 4
9 5
0 7
0 9
6 8
6 #edges
7 8
5 4
9 5
0 7
0 9
8 6
6 #edges
7 4
7 8
5 9
0 7
0 5
8 6
6 #edges
7 8
5 9
9 4
0 7
0 5
8 6
6 #edges
7 6
5 9
9 4
0 7
0 5
6 8
6 #edges
7 4
7 6
5 9
0 7
0 5
6 8
12 #trees for patient 96
6 #edges
7 4
5 9
0 5
0 6
8 7
6 8
6 #edges
5 9
9 4
0 5
0 6
8 7
6 8
6 #edges
7 8
5 9
0 5
0 6
8 4
6 7
6 #edges
7 8
5 9
9 4
0 5
0 6
6 7
6 #edges
7 6
5 9
9 4
0 5
0 8
8 7
6 #edges
7 6
5 9
0 5
0 8
8 7
6 4
6 #edges
7 4
5 9
0 5
0 8
8 6
6 7
6 #edges
5 9
9 4
0 5
0 8
8 6
6 7
6 #edges
7 6
5 9
0 7
0 5
8 4
6 8
6 #edges
7 6
5 9
9 4
0 7
0 5
6 8
6 #edges
7 8
5 9
0 7
0 5
8 6
6 4
6 #edges
7 8
5 9
9 4
0 7
0 5
8 6
4 #trees for patient 97
6 #edges
7 8
4 9
5 4
0 7
0 5
8 6
6 #edges
7 6
4 9
5 4
0 7
0 5
6 8
6 #edges
7 8
5 9
9 4
0 7
0 5
8 6
6 #edges
7 6
5 9
9 4
0 7
0 5
6 8
8 #trees for patient 98
6 #edges
7 4
7 6
5 9
0 5
0 8
8 7
6 #edges
7 9
7 6
5 4
0 5
0 8
8 7
6 #edges
7 6
5 9
9 4
0 5
0 8
8 7
6 #edges
7 9
7 6
9 4
0 5
0 8
8 7
6 #edges
7 8
5 9
0 7
0 5
8 4
8 6
6 #edges
7 8
9 4
0 7
0 5
8 9
8 6
6 #edges
7 8
5 4
0 7
0 5
8 9
8 6
6 #edges
7 8
5 9
9 4
0 7
0 5
8 6
6 #trees for patient 99
6 #edges
7 8
5 9
9 4
0 7
0 5
8 6
6 #edges
7 8
4 6
5 9
9 4
0 7
0 5
6 #edges
7 6
5 9
9 4
0 7
0 5
6 8
6 #edges
7 6
4 8
5 9
9 4
0 7
0 5
6 #edges
4 8
5 9
9 4
0 7
0 5
8 6
6 #edges
4 6
5 9
9 4
0 7
0 5
6 8
