100 # patients
1 #trees for patient 0
6 #edges
8 10
8 11
0 8
10 1
10 3
11 2
3 #trees for patient 1
6 #edges
8 10
8 11
8 2
0 8
10 1
10 3
6 #edges
8 10
8 11
0 8
10 1
10 3
11 2
6 #edges
8 10
8 11
0 8
1 2
10 1
10 3
4 #trees for patient 2
6 #edges
8 10
8 11
0 8
0 1
10 3
11 2
6 #edges
8 10
8 2
0 8
0 1
10 3
2 11
6 #edges
8 10
8 2
0 8
10 1
10 3
2 11
6 #edges
8 10
8 11
0 8
10 1
10 3
11 2
2 #trees for patient 3
6 #edges
8 10
8 11
0 8
10 1
11 3
11 2
6 #edges
8 10
8 11
0 8
10 1
10 3
11 2
3 #trees for patient 4
6 #edges
8 10
8 11
0 8
10 1
10 3
11 2
6 #edges
8 10
8 11
8 2
0 8
10 1
10 3
6 #edges
8 10
8 2
0 8
10 1
10 3
2 11
2 #trees for patient 5
6 #edges
8 10
8 11
0 8
10 3
11 2
2 1
6 #edges
8 10
8 11
0 8
10 1
10 3
11 2
8 #trees for patient 6
6 #edges
8 10
8 3
8 11
0 8
10 1
11 2
6 #edges
8 10
8 3
8 11
0 8
11 2
2 1
6 #edges
8 10
8 3
8 2
0 8
10 1
2 11
6 #edges
8 10
8 3
8 2
0 8
11 1
2 11
6 #edges
8 10
8 11
0 8
10 1
10 3
11 2
6 #edges
8 10
8 11
0 8
10 3
11 2
2 1
6 #edges
8 10
8 2
0 8
10 1
10 3
2 11
6 #edges
8 10
8 2
0 8
10 3
11 1
2 11
4 #trees for patient 7
6 #edges
8 10
8 11
0 8
0 3
10 1
11 2
6 #edges
8 10
8 2
0 8
0 3
10 1
2 11
6 #edges
8 10
8 2
0 8
10 1
10 3
2 11
6 #edges
8 10
8 11
0 8
10 1
10 3
11 2
4 #trees for patient 8
6 #edges
8 10
8 11
0 8
10 1
10 3
11 2
6 #edges
8 10
8 11
0 8
10 3
3 1
11 2
6 #edges
8 10
8 2
0 8
10 1
10 3
2 11
6 #edges
8 10
8 2
0 8
10 3
3 1
2 11
2 #trees for patient 9
6 #edges
8 10
8 11
0 8
10 1
10 3
11 2
6 #edges
8 10
8 2
0 8
10 1
10 3
2 11
2 #trees for patient 10
6 #edges
8 10
8 11
0 8
0 3
10 1
11 2
6 #edges
8 10
8 11
0 8
10 1
10 3
11 2
12 #trees for patient 11
6 #edges
8 10
8 3
8 11
0 8
10 1
11 2
6 #edges
8 10
8 3
8 11
0 8
1 2
10 1
6 #edges
8 10
8 11
0 8
10 1
10 3
11 2
6 #edges
8 10
8 11
0 8
1 2
10 1
10 3
6 #edges
8 10
8 3
8 2
0 8
10 1
2 11
6 #edges
8 10
8 3
8 2
0 8
1 11
10 1
6 #edges
8 10
8 3
0 8
1 11
10 1
11 2
6 #edges
8 10
8 3
0 8
1 2
10 1
2 11
6 #edges
8 10
8 2
0 8
1 11
10 1
10 3
6 #edges
8 10
8 2
0 8
10 1
10 3
2 11
6 #edges
8 10
0 8
1 11
10 1
10 3
11 2
6 #edges
8 10
0 8
1 2
10 1
10 3
2 11
12 #trees for patient 12
6 #edges
8 10
8 2
0 8
10 1
10 3
10 11
6 #edges
8 10
8 2
0 8
10 3
10 11
3 1
6 #edges
8 10
8 2
0 8
10 1
10 3
2 11
6 #edges
8 10
8 2
0 8
10 3
3 1
2 11
6 #edges
8 10
8 11
0 8
10 1
10 3
10 2
6 #edges
8 10
8 11
0 8
10 1
10 3
11 2
6 #edges
8 10
8 11
0 8
10 3
3 1
11 2
6 #edges
8 10
8 11
0 8
10 3
10 2
3 1
6 #edges
8 10
0 8
10 1
10 3
10 2
2 11
6 #edges
8 10
0 8
10 3
10 2
3 1
2 11
6 #edges
8 10
0 8
10 1
10 3
10 11
11 2
6 #edges
8 10
0 8
10 3
10 11
3 1
11 2
7 #trees for patient 13
6 #edges
8 10
8 11
0 8
0 2
10 3
11 1
6 #edges
8 10
8 11
0 8
0 2
10 1
10 3
6 #edges
8 10
8 11
0 8
10 3
10 2
11 1
6 #edges
8 10
8 11
0 8
10 1
10 3
11 2
6 #edges
8 10
8 11
0 8
1 2
10 1
10 3
6 #edges
8 10
8 11
0 8
1 2
10 3
11 1
6 #edges
8 10
8 11
0 8
10 3
11 1
11 2
2 #trees for patient 14
6 #edges
8 10
8 11
0 8
10 1
10 3
11 2
6 #edges
8 10
8 11
0 8
10 3
11 1
11 2
7 #trees for patient 15
6 #edges
8 10
8 2
0 8
10 1
10 3
2 11
6 #edges
8 10
8 2
0 8
1 11
10 1
10 3
6 #edges
8 10
8 11
0 8
1 2
10 1
10 3
6 #edges
8 10
8 11
0 8
10 1
10 3
11 2
6 #edges
8 10
0 8
1 11
10 1
10 3
11 2
6 #edges
8 10
0 8
1 11
1 2
10 1
10 3
6 #edges
8 10
0 8
1 2
10 1
10 3
2 11
3 #trees for patient 16
6 #edges
8 10
8 11
0 8
10 1
10 3
11 2
6 #edges
8 10
8 11
0 8
10 1
10 3
10 2
6 #edges
8 10
8 11
0 8
1 2
10 1
10 3
2 #trees for patient 17
6 #edges
8 10
8 11
0 8
10 1
10 3
11 2
6 #edges
8 10
8 11
0 8
1 3
10 1
11 2
5 #trees for patient 18
6 #edges
8 10
8 3
8 11
0 8
10 1
11 2
6 #edges
8 10
8 11
0 8
10 1
10 3
11 2
6 #edges
8 1
8 10
8 11
0 8
10 3
11 2
6 #edges
8 10
8 11
0 8
10 3
3 1
11 2
6 #edges
8 10
8 3
8 11
0 8
3 1
11 2
4 #trees for patient 19
6 #edges
8 10
8 11
0 8
10 1
10 3
11 2
6 #edges
8 10
8 2
0 8
10 1
10 3
2 11
6 #edges
8 10
8 11
0 8
10 3
3 1
11 2
6 #edges
8 10
8 2
0 8
10 3
3 1
2 11
3 #trees for patient 20
6 #edges
8 10
8 11
0 8
10 1
10 3
11 2
6 #edges
8 10
8 11
8 2
0 8
10 1
10 3
6 #edges
8 10
8 2
0 8
10 1
10 3
2 11
1 #trees for patient 21
6 #edges
8 10
8 11
0 8
10 1
10 3
11 2
7 #trees for patient 22
6 #edges
8 10
8 2
0 8
10 1
10 3
2 11
6 #edges
8 10
8 2
0 8
1 11
10 1
10 3
6 #edges
8 10
8 11
0 8
1 2
10 1
10 3
6 #edges
8 10
8 11
0 8
10 1
10 3
11 2
6 #edges
8 10
0 8
1 11
10 1
10 3
11 2
6 #edges
8 10
0 8
1 11
1 2
10 1
10 3
6 #edges
8 10
0 8
1 2
10 1
10 3
2 11
4 #trees for patient 23
6 #edges
8 10
8 11
0 8
10 1
10 3
11 2
6 #edges
8 10
8 11
0 8
10 3
11 2
2 1
6 #edges
8 10
8 11
0 8
10 1
11 3
11 2
6 #edges
8 10
8 11
0 8
11 3
11 2
2 1
4 #trees for patient 24
6 #edges
8 10
8 11
0 8
1 2
10 1
10 3
6 #edges
8 10
8 11
0 8
10 1
10 3
11 2
6 #edges
8 10
8 11
0 8
10 1
11 3
11 2
6 #edges
8 10
8 11
0 8
1 2
10 1
11 3
3 #trees for patient 25
6 #edges
8 10
8 11
0 8
0 3
10 1
11 2
6 #edges
8 10
8 11
0 8
0 1
10 3
11 2
6 #edges
8 10
8 11
0 8
10 1
10 3
11 2
7 #trees for patient 26
6 #edges
8 10
8 11
0 8
10 1
10 3
11 2
6 #edges
8 10
8 11
0 8
10 1
10 3
10 2
6 #edges
8 10
0 8
10 1
10 3
10 2
2 11
6 #edges
8 10
0 8
10 1
10 3
10 11
10 2
6 #edges
8 10
8 2
0 8
10 1
10 3
10 11
6 #edges
8 10
0 8
10 1
10 3
10 11
11 2
6 #edges
8 10
8 2
0 8
10 1
10 3
2 11
2 #trees for patient 27
6 #edges
8 10
8 11
0 8
10 1
10 3
11 2
6 #edges
8 10
8 11
0 8
10 3
11 2
2 1
4 #trees for patient 28
6 #edges
8 10
8 11
0 8
10 1
10 3
11 2
6 #edges
8 10
8 11
0 8
10 3
11 2
2 1
6 #edges
8 10
8 2
0 8
10 1
10 3
2 11
6 #edges
8 10
8 2
0 8
10 3
11 1
2 11
2 #trees for patient 29
6 #edges
8 10
8 11
0 8
1 2
10 1
10 3
6 #edges
8 10
8 11
0 8
10 1
10 3
11 2
2 #trees for patient 30
6 #edges
8 10
8 11
0 8
10 1
10 3
11 2
6 #edges
8 10
8 11
0 8
1 3
10 1
11 2
2 #trees for patient 31
6 #edges
8 10
8 11
0 8
10 1
10 3
11 2
6 #edges
8 10
8 11
0 8
10 1
11 3
11 2
20 #trees for patient 32
6 #edges
8 1
8 2
0 8
11 10
11 3
2 11
6 #edges
8 1
8 2
0 8
10 3
11 10
2 11
6 #edges
8 1
8 3
8 2
0 8
11 10
2 11
6 #edges
8 1
8 3
8 11
0 8
11 2
2 10
6 #edges
8 1
8 11
0 8
11 2
2 10
2 3
6 #edges
8 1
8 11
0 8
10 3
11 2
2 10
6 #edges
8 3
8 2
0 8
10 1
11 10
2 11
6 #edges
8 2
0 8
10 1
11 10
11 3
2 11
6 #edges
8 2
0 8
10 1
10 3
11 10
2 11
6 #edges
8 10
8 2
0 8
11 1
11 3
2 11
6 #edges
8 10
8 2
0 8
10 3
11 1
2 11
6 #edges
8 10
8 2
0 8
10 1
10 3
2 11
6 #edges
8 10
8 2
0 8
10 1
11 3
2 11
6 #edges
8 10
8 11
0 8
11 2
2 1
2 3
6 #edges
8 10
8 11
0 8
10 1
11 2
2 3
6 #edges
8 11
0 8
10 1
11 2
2 10
2 3
6 #edges
8 10
8 11
0 8
10 3
11 2
2 1
6 #edges
8 10
8 11
0 8
10 1
10 3
11 2
6 #edges
8 3
8 11
0 8
10 1
11 2
2 10
6 #edges
8 11
0 8
10 1
10 3
11 2
2 10
2 #trees for patient 33
6 #edges
8 10
8 2
0 8
10 1
10 3
2 11
6 #edges
8 10
8 11
0 8
10 1
10 3
11 2
2 #trees for patient 34
6 #edges
8 10
8 11
0 8
10 1
10 3
11 2
6 #edges
8 10
8 11
0 8
1 3
10 1
11 2
2 #trees for patient 35
6 #edges
8 10
8 11
0 8
10 1
10 3
11 2
6 #edges
8 10
8 11
0 8
10 3
3 1
11 2
2 #trees for patient 36
6 #edges
8 10
8 2
0 8
10 1
10 3
2 11
6 #edges
8 10
8 11
0 8
10 1
10 3
11 2
4 #trees for patient 37
6 #edges
8 10
8 11
0 8
10 1
11 3
11 2
6 #edges
8 10
8 11
0 8
10 1
10 3
11 2
6 #edges
8 10
8 11
0 8
1 2
10 1
10 3
6 #edges
8 10
8 11
0 8
1 2
10 1
11 3
7 #trees for patient 38
6 #edges
8 10
8 3
8 11
0 8
10 1
3 2
6 #edges
8 10
8 3
8 11
0 8
10 1
11 2
6 #edges
8 10
8 3
8 11
0 8
10 1
10 2
6 #edges
8 10
8 3
8 11
8 2
0 8
10 1
6 #edges
8 10
8 11
8 2
0 8
10 1
10 3
6 #edges
8 10
8 11
0 8
10 1
10 3
11 2
6 #edges
8 10
8 11
0 8
10 1
10 3
3 2
4 #trees for patient 39
6 #edges
8 10
8 11
0 8
10 1
10 3
11 2
6 #edges
8 10
8 11
0 8
1 2
10 1
10 3
6 #edges
8 10
8 3
8 11
0 8
1 2
10 1
6 #edges
8 10
8 3
8 11
0 8
10 1
11 2
14 #trees for patient 40
6 #edges
8 10
8 11
8 2
0 8
10 3
3 1
6 #edges
8 10
8 11
8 2
0 8
10 1
10 3
6 #edges
8 10
8 11
0 8
10 1
10 3
11 2
6 #edges
8 10
8 11
0 8
10 3
3 1
11 2
6 #edges
8 10
8 11
0 8
10 3
3 1
3 2
6 #edges
8 10
8 11
0 8
10 1
10 3
3 2
6 #edges
8 10
8 2
0 8
10 1
10 3
2 11
6 #edges
8 10
8 2
0 8
10 1
10 3
3 11
6 #edges
8 10
8 2
0 8
10 3
3 1
2 11
6 #edges
8 10
8 2
0 8
10 3
3 1
3 11
6 #edges
8 10
0 8
10 1
10 3
3 11
11 2
6 #edges
8 10
0 8
10 1
10 3
3 2
2 11
6 #edges
8 10
0 8
10 3
3 1
3 11
11 2
6 #edges
8 10
0 8
10 3
3 1
3 2
2 11
2 #trees for patient 41
6 #edges
8 10
8 11
0 8
10 1
10 3
11 2
6 #edges
8 10
8 11
8 2
0 8
10 1
10 3
6 #trees for patient 42
6 #edges
8 10
8 11
0 8
0 1
10 3
11 2
6 #edges
8 10
8 2
0 8
0 1
10 3
2 11
6 #edges
8 10
8 2
0 8
10 1
10 3
2 11
6 #edges
8 10
8 2
0 8
10 3
11 1
2 11
6 #edges
8 10
8 11
0 8
10 1
10 3
11 2
6 #edges
8 10
8 11
0 8
10 3
11 2
2 1
2 #trees for patient 43
6 #edges
8 10
8 11
0 8
0 2
10 1
10 3
6 #edges
8 10
8 11
0 8
10 1
10 3
11 2
2 #trees for patient 44
6 #edges
8 10
8 11
0 8
10 3
11 2
2 1
6 #edges
8 10
8 11
0 8
10 1
10 3
11 2
4 #trees for patient 45
6 #edges
8 10
8 11
0 8
10 1
10 3
11 2
6 #edges
8 10
8 2
0 8
10 1
10 3
2 11
6 #edges
8 10
8 2
0 8
1 3
10 1
2 11
6 #edges
8 10
8 11
0 8
1 3
10 1
11 2
6 #trees for patient 46
6 #edges
8 10
8 11
0 8
10 1
10 3
11 2
6 #edges
8 10
8 11
0 8
1 2
10 1
10 3
6 #edges
8 10
8 2
0 8
10 1
10 3
2 11
6 #edges
8 10
8 2
0 8
1 11
10 1
10 3
6 #edges
8 10
0 8
1 2
10 1
10 3
2 11
6 #edges
8 10
0 8
1 11
10 1
10 3
11 2
2 #trees for patient 47
6 #edges
8 10
8 2
0 8
10 1
10 3
2 11
6 #edges
8 10
8 11
0 8
10 1
10 3
11 2
12 #trees for patient 48
6 #edges
8 1
8 10
8 11
0 8
10 2
11 3
6 #edges
8 1
8 10
8 11
0 8
11 3
11 2
6 #edges
8 1
8 10
8 11
0 8
10 3
11 2
6 #edges
8 1
8 10
8 11
0 8
10 3
10 2
6 #edges
8 10
8 11
0 8
10 2
11 1
11 3
6 #edges
8 10
8 11
0 8
11 1
11 3
11 2
6 #edges
8 10
8 11
0 8
10 3
11 1
11 2
6 #edges
8 10
8 11
0 8
10 3
10 2
11 1
6 #edges
8 10
8 11
0 8
10 1
10 2
11 3
6 #edges
8 10
8 11
0 8
10 1
11 3
11 2
6 #edges
8 10
8 11
0 8
10 1
10 3
10 2
6 #edges
8 10
8 11
0 8
10 1
10 3
11 2
6 #trees for patient 49
6 #edges
8 10
8 11
8 2
0 8
10 1
10 3
6 #edges
8 10
8 11
8 2
0 8
10 3
3 1
6 #edges
8 10
8 2
0 8
10 1
10 3
2 11
6 #edges
8 10
8 2
0 8
10 3
3 1
2 11
6 #edges
8 10
8 11
0 8
10 1
10 3
11 2
6 #edges
8 10
8 11
0 8
10 3
3 1
11 2
2 #trees for patient 50
6 #edges
8 10
8 11
0 8
10 1
10 3
11 2
6 #edges
8 10
8 11
0 8
1 2
10 1
10 3
6 #trees for patient 51
6 #edges
8 10
8 11
0 8
0 1
11 3
11 2
6 #edges
8 10
8 11
0 8
0 1
10 3
11 2
6 #edges
8 10
8 11
0 8
10 1
10 3
11 2
6 #edges
8 10
8 11
0 8
10 3
11 1
11 2
6 #edges
8 10
8 11
0 8
10 1
11 3
11 2
6 #edges
8 10
8 11
0 8
11 1
11 3
11 2
4 #trees for patient 52
6 #edges
8 1
8 10
8 11
0 8
10 3
11 2
6 #edges
8 10
8 11
0 8
10 1
10 3
11 2
6 #edges
8 1
8 10
8 2
0 8
10 3
2 11
6 #edges
8 10
8 2
0 8
10 1
10 3
2 11
3 #trees for patient 53
6 #edges
8 10
8 11
0 8
10 1
10 3
11 2
6 #edges
8 10
8 11
0 8
10 1
10 3
3 2
6 #edges
8 10
8 11
0 8
1 2
10 1
10 3
12 #trees for patient 54
6 #edges
8 10
8 11
0 8
10 3
3 1
11 2
6 #edges
8 10
8 11
0 8
10 3
11 1
11 2
6 #edges
8 10
8 11
0 8
10 1
10 3
11 2
6 #edges
8 10
8 11
0 8
10 3
10 2
11 1
6 #edges
8 10
8 11
0 8
10 3
10 2
3 1
6 #edges
8 10
8 11
0 8
10 1
10 3
10 2
6 #edges
8 10
8 11
0 8
10 1
10 2
11 3
6 #edges
8 10
8 11
0 8
10 1
11 3
11 2
6 #edges
8 10
8 11
0 8
11 1
11 3
11 2
6 #edges
8 10
8 11
0 8
10 2
11 1
11 3
6 #edges
8 10
8 11
0 8
3 1
11 3
11 2
6 #edges
8 10
8 11
0 8
10 2
3 1
11 3
2 #trees for patient 55
6 #edges
8 10
8 2
0 8
10 1
10 3
2 11
6 #edges
8 10
8 11
0 8
10 1
10 3
11 2
14 #trees for patient 56
6 #edges
8 10
8 11
0 8
0 3
10 1
11 2
6 #edges
8 10
8 11
0 8
0 3
11 1
11 2
6 #edges
8 1
8 11
0 8
0 3
11 10
11 2
6 #edges
8 11
0 8
0 3
10 1
11 10
11 2
6 #edges
8 10
8 11
0 8
10 1
10 3
11 2
6 #edges
8 10
8 11
0 8
10 1
11 3
11 2
6 #edges
8 10
8 11
0 8
10 3
11 1
11 2
6 #edges
8 10
8 11
0 8
11 1
11 3
11 2
6 #edges
8 1
8 11
0 8
11 10
11 3
11 2
6 #edges
8 1
8 3
8 11
0 8
11 10
11 2
6 #edges
8 1
8 11
0 8
10 3
11 10
11 2
6 #edges
8 11
0 8
10 1
11 10
11 3
11 2
6 #edges
8 11
0 8
10 1
10 3
11 10
11 2
6 #edges
8 3
8 11
0 8
10 1
11 10
11 2
2 #trees for patient 57
6 #edges
8 10
8 11
0 8
10 1
10 3
11 2
6 #edges
8 10
8 11
0 8
1 3
10 1
11 2
4 #trees for patient 58
6 #edges
8 10
8 11
0 8
10 1
10 3
11 2
6 #edges
8 10
8 11
0 8
10 1
11 2
2 3
6 #edges
8 10
8 11
0 8
10 3
11 1
11 2
6 #edges
8 10
8 11
0 8
11 1
11 2
2 3
14 #trees for patient 59
6 #edges
8 10
8 11
0 8
10 1
10 3
11 2
6 #edges
8 10
8 11
0 8
1 3
10 1
11 2
6 #edges
8 10
8 11
0 8
1 3
1 2
10 1
6 #edges
8 10
8 11
0 8
1 2
10 1
10 3
6 #edges
8 10
8 2
0 8
1 11
10 1
10 3
6 #edges
8 10
8 2
0 8
10 1
10 3
2 11
6 #edges
8 10
0 8
1 11
10 1
10 3
11 2
6 #edges
8 10
0 8
1 11
1 2
10 1
10 3
6 #edges
8 10
0 8
1 2
10 1
10 3
2 11
6 #edges
8 10
8 2
0 8
1 3
10 1
2 11
6 #edges
8 10
8 2
0 8
1 3
1 11
10 1
6 #edges
8 10
0 8
1 3
1 11
1 2
10 1
6 #edges
8 10
0 8
1 3
1 2
10 1
2 11
6 #edges
8 10
0 8
1 3
1 11
10 1
11 2
6 #trees for patient 60
6 #edges
8 10
8 11
0 8
10 1
10 3
11 2
6 #edges
8 10
8 11
0 8
10 1
10 3
3 2
6 #edges
8 10
8 2
0 8
10 1
10 3
2 11
6 #edges
8 10
8 2
0 8
10 1
10 3
3 11
6 #edges
8 10
0 8
10 1
10 3
3 11
11 2
6 #edges
8 10
0 8
10 1
10 3
3 2
2 11
2 #trees for patient 61
6 #edges
8 10
8 2
0 8
10 1
10 3
2 11
6 #edges
8 10
8 11
0 8
10 1
10 3
11 2
1 #trees for patient 62
6 #edges
8 10
8 11
0 8
10 1
10 3
11 2
30 #trees for patient 63
6 #edges
8 10
8 11
8 2
0 8
0 1
0 3
6 #edges
8 10
8 2
0 8
0 1
0 3
2 11
6 #edges
8 10
8 11
0 8
0 1
0 3
11 2
6 #edges
8 2
0 8
0 10
0 3
10 1
2 11
6 #edges
8 11
8 2
0 8
0 10
0 3
10 1
6 #edges
8 1
8 2
0 8
0 10
0 3
2 11
6 #edges
8 1
8 11
8 2
0 8
0 10
0 3
6 #edges
8 11
0 8
0 10
0 3
10 1
11 2
6 #edges
8 1
8 11
0 8
0 10
0 3
11 2
6 #edges
8 10
8 11
8 2
0 8
0 3
10 1
6 #edges
8 10
8 2
0 8
0 3
10 1
2 11
6 #edges
8 10
8 11
0 8
0 3
10 1
11 2
6 #edges
8 11
8 2
0 8
0 10
10 1
10 3
6 #edges
8 11
0 8
0 10
10 1
10 3
11 2
6 #edges
8 2
0 8
0 10
10 1
10 3
2 11
6 #edges
8 1
8 11
8 2
0 8
0 10
10 3
6 #edges
8 1
8 11
0 8
0 10
10 3
11 2
6 #edges
8 1
8 2
0 8
0 10
10 3
2 11
6 #edges
8 3
8 11
0 8
0 10
10 1
11 2
6 #edges
8 3
8 11
8 2
0 8
0 10
10 1
6 #edges
8 1
8 3
8 11
8 2
0 8
0 10
6 #edges
8 1
8 3
8 11
0 8
0 10
11 2
6 #edges
8 1
8 3
8 2
0 8
0 10
2 11
6 #edges
8 3
8 2
0 8
0 10
10 1
2 11
6 #edges
8 10
8 2
0 8
0 1
10 3
2 11
6 #edges
8 10
8 11
8 2
0 8
0 1
10 3
6 #edges
8 10
8 11
0 8
0 1
10 3
11 2
6 #edges
8 10
8 11
0 8
10 1
10 3
11 2
6 #edges
8 10
8 11
8 2
0 8
10 1
10 3
6 #edges
8 10
8 2
0 8
10 1
10 3
2 11
2 #trees for patient 64
6 #edges
8 10
8 11
0 8
10 1
10 3
11 2
6 #edges
8 10
8 11
0 8
1 3
10 1
11 2
42 #trees for patient 65
6 #edges
8 10
0 8
0 3
0 2
10 1
2 11
6 #edges
8 10
0 8
0 3
0 2
10 1
10 11
6 #edges
8 10
8 11
0 8
0 3
0 2
10 1
6 #edges
8 10
8 2
0 8
0 3
0 11
10 1
6 #edges
8 10
0 8
0 3
0 11
10 1
11 2
6 #edges
8 10
0 8
0 3
0 11
10 1
10 2
6 #edges
8 10
8 11
0 8
0 3
10 1
11 2
6 #edges
8 10
8 11
0 8
0 3
10 1
10 2
6 #edges
8 10
8 2
0 8
0 3
10 1
10 11
6 #edges
8 10
0 8
0 3
10 1
10 11
11 2
6 #edges
8 10
8 2
0 8
0 3
10 1
2 11
6 #edges
8 10
0 8
0 3
10 1
10 2
2 11
6 #edges
8 10
0 8
0 2
10 1
10 3
2 11
6 #edges
8 10
0 8
0 2
10 1
11 3
2 11
6 #edges
8 10
8 3
0 8
0 2
10 1
2 11
6 #edges
8 10
8 11
0 8
0 2
10 1
2 3
6 #edges
8 10
0 8
0 2
10 1
10 11
2 3
6 #edges
8 10
8 3
0 8
0 2
10 1
10 11
6 #edges
8 10
8 11
0 8
0 2
10 1
10 3
6 #edges
8 10
8 11
0 8
0 2
10 1
11 3
6 #edges
8 10
0 8
0 2
10 1
10 11
11 3
6 #edges
8 10
0 8
0 11
10 1
11 2
2 3
6 #edges
8 10
8 3
0 8
0 11
10 1
11 2
6 #edges
8 10
0 8
0 11
10 1
10 3
11 2
6 #edges
8 10
8 2
0 8
0 11
10 1
10 3
6 #edges
8 10
8 2
0 8
0 11
10 1
2 3
6 #edges
8 10
8 2
0 8
0 11
10 1
11 3
6 #edges
8 10
0 8
0 11
10 1
10 2
11 3
6 #edges
8 10
8 3
0 8
0 11
10 1
10 2
6 #edges
8 10
0 8
0 11
10 1
10 2
2 3
6 #edges
8 10
8 3
0 8
10 1
10 2
2 11
6 #edges
8 10
8 3
0 8
10 1
10 11
11 2
6 #edges
8 10
8 2
0 8
10 1
10 3
2 11
6 #edges
8 10
8 2
0 8
10 1
11 3
2 11
6 #edges
8 10
8 2
0 8
10 1
10 11
2 3
6 #edges
8 10
8 2
0 8
10 1
10 11
11 3
6 #edges
8 10
0 8
10 1
10 11
11 2
2 3
6 #edges
8 10
8 11
0 8
10 1
10 3
11 2
6 #edges
8 10
8 11
0 8
10 1
10 2
11 3
6 #edges
8 10
8 11
0 8
10 1
11 2
2 3
6 #edges
8 10
8 11
0 8
10 1
10 2
2 3
6 #edges
8 10
0 8
10 1
10 2
11 3
2 11
4 #trees for patient 66
6 #edges
8 10
8 11
0 8
0 1
10 3
11 2
6 #edges
8 10
8 2
0 8
0 1
10 3
2 11
6 #edges
8 10
8 2
0 8
10 1
10 3
2 11
6 #edges
8 10
8 11
0 8
10 1
10 3
11 2
2 #trees for patient 67
6 #edges
8 10
8 11
0 8
10 1
10 3
11 2
6 #edges
8 10
8 11
0 8
10 1
10 3
3 2
2 #trees for patient 68
6 #edges
8 10
8 11
0 8
10 1
10 3
11 2
6 #edges
8 10
8 2
0 8
10 1
10 3
2 11
1 #trees for patient 69
6 #edges
8 10
8 11
0 8
10 1
10 3
11 2
2 #trees for patient 70
6 #edges
8 10
8 2
0 8
10 1
10 3
2 11
6 #edges
8 10
8 11
0 8
10 1
10 3
11 2
3 #trees for patient 71
6 #edges
8 10
8 11
0 8
10 1
10 3
11 2
6 #edges
8 10
8 11
0 8
10 1
11 2
2 3
6 #edges
8 10
8 11
0 8
10 1
11 3
11 2
2 #trees for patient 72
6 #edges
8 10
8 2
0 8
10 1
10 3
2 11
6 #edges
8 10
8 11
0 8
10 1
10 3
11 2
5 #trees for patient 73
6 #edges
8 10
8 11
0 8
10 1
10 2
11 3
6 #edges
8 10
8 11
0 8
10 1
10 3
11 2
6 #edges
8 10
8 11
0 8
10 1
10 3
10 2
6 #edges
8 10
8 11
0 8
10 1
11 2
2 3
6 #edges
8 10
8 11
0 8
10 1
10 2
2 3
4 #trees for patient 74
6 #edges
8 10
8 2
0 8
10 1
10 3
2 11
6 #edges
8 10
8 2
0 8
1 3
10 1
2 11
6 #edges
8 10
8 11
0 8
10 1
10 3
11 2
6 #edges
8 10
8 11
0 8
1 3
10 1
11 2
26 #trees for patient 75
6 #edges
8 10
0 8
0 1
0 2
10 3
2 11
6 #edges
8 10
0 8
0 2
10 1
10 3
2 11
6 #edges
8 10
8 11
0 8
0 1
0 2
10 3
6 #edges
8 10
0 8
0 1
0 2
10 3
10 11
6 #edges
8 10
8 11
0 8
0 2
10 1
10 3
6 #edges
8 10
0 8
0 2
10 1
10 3
10 11
6 #edges
8 10
8 2
0 8
0 1
0 11
10 3
6 #edges
8 10
0 8
0 1
0 11
10 3
10 2
6 #edges
8 10
0 8
0 1
0 11
10 3
11 2
6 #edges
8 10
0 8
0 11
10 1
10 3
11 2
6 #edges
8 10
0 8
0 11
10 1
10 3
10 2
6 #edges
8 10
8 2
0 8
0 11
10 1
10 3
6 #edges
8 10
8 11
0 8
0 1
10 3
11 2
6 #edges
8 10
8 11
0 8
0 1
10 3
10 2
6 #edges
8 10
8 2
0 8
0 1
10 3
2 11
6 #edges
8 10
8 2
0 8
0 1
10 3
10 11
6 #edges
8 10
0 8
0 1
10 3
10 11
11 2
6 #edges
8 10
0 8
0 1
10 3
10 11
10 2
6 #edges
8 10
0 8
0 1
10 3
10 2
2 11
6 #edges
8 10
8 2
0 8
10 1
10 3
2 11
6 #edges
8 10
8 2
0 8
10 1
10 3
10 11
6 #edges
8 10
0 8
10 1
10 3
10 11
11 2
6 #edges
8 10
0 8
10 1
10 3
10 11
10 2
6 #edges
8 10
8 11
0 8
10 1
10 3
10 2
6 #edges
8 10
8 11
0 8
10 1
10 3
11 2
6 #edges
8 10
0 8
10 1
10 3
10 2
2 11
8 #trees for patient 76
6 #edges
8 10
8 11
0 8
10 1
10 3
10 2
6 #edges
8 10
8 11
0 8
10 1
10 2
11 3
6 #edges
8 10
8 11
0 8
10 3
10 2
11 1
6 #edges
8 10
8 11
0 8
10 1
10 3
3 2
6 #edges
8 10
8 11
0 8
10 1
10 3
11 2
6 #edges
8 10
8 11
0 8
10 1
3 2
11 3
6 #edges
8 10
8 11
0 8
10 3
11 1
11 2
6 #edges
8 10
8 11
0 8
10 3
3 2
11 1
6 #trees for patient 77
6 #edges
8 10
8 2
0 8
10 3
3 1
2 11
6 #edges
8 10
8 2
0 8
10 1
10 3
2 11
6 #edges
8 10
8 2
0 8
10 3
11 1
2 11
6 #edges
8 10
8 11
0 8
10 3
3 1
11 2
6 #edges
8 10
8 11
0 8
10 1
10 3
11 2
6 #edges
8 10
8 11
0 8
10 3
11 2
2 1
8 #trees for patient 78
6 #edges
8 10
8 3
8 11
0 8
11 1
11 2
6 #edges
8 10
8 3
8 11
0 8
10 2
11 1
6 #edges
8 10
8 3
8 11
0 8
10 1
11 2
6 #edges
8 10
8 3
8 11
0 8
10 1
10 2
6 #edges
8 10
8 11
0 8
10 3
11 1
11 2
6 #edges
8 10
8 11
0 8
10 3
10 2
11 1
6 #edges
8 10
8 11
0 8
10 1
10 3
11 2
6 #edges
8 10
8 11
0 8
10 1
10 3
10 2
2 #trees for patient 79
6 #edges
8 10
8 11
0 8
10 1
11 3
11 2
6 #edges
8 10
8 11
0 8
10 1
10 3
11 2
2 #trees for patient 80
6 #edges
8 10
8 2
0 8
10 1
10 3
2 11
6 #edges
8 10
8 11
0 8
10 1
10 3
11 2
7 #trees for patient 81
6 #edges
8 10
0 8
0 2
10 1
10 3
2 11
6 #edges
8 10
0 8
0 11
0 2
10 1
10 3
6 #edges
8 10
8 11
0 8
0 2
10 1
10 3
6 #edges
8 10
0 8
0 11
10 1
10 3
11 2
6 #edges
8 10
8 2
0 8
0 11
10 1
10 3
6 #edges
8 10
8 11
0 8
10 1
10 3
11 2
6 #edges
8 10
8 2
0 8
10 1
10 3
2 11
4 #trees for patient 82
6 #edges
8 10
8 2
0 8
10 1
10 3
2 11
6 #edges
8 10
8 2
0 8
1 3
10 1
2 11
6 #edges
8 10
8 11
0 8
10 1
10 3
11 2
6 #edges
8 10
8 11
0 8
1 3
10 1
11 2
2 #trees for patient 83
6 #edges
8 10
8 11
0 8
10 1
10 3
11 2
6 #edges
8 10
8 2
0 8
10 1
10 3
2 11
2 #trees for patient 84
6 #edges
8 10
8 2
0 8
10 1
10 3
2 11
6 #edges
8 10
8 11
0 8
10 1
10 3
11 2
4 #trees for patient 85
6 #edges
8 10
8 11
0 8
0 1
10 3
11 2
6 #edges
8 10
8 2
0 8
0 1
10 3
2 11
6 #edges
8 10
8 11
0 8
10 1
10 3
11 2
6 #edges
8 10
8 2
0 8
10 1
10 3
2 11
2 #trees for patient 86
6 #edges
8 10
8 11
0 8
10 1
10 3
11 2
6 #edges
8 10
8 11
0 8
10 3
11 2
2 1
4 #trees for patient 87
6 #edges
8 10
8 3
8 11
0 8
10 1
11 2
6 #edges
8 10
8 11
0 8
10 1
10 3
11 2
6 #edges
8 10
8 11
0 8
1 2
10 1
10 3
6 #edges
8 10
8 3
8 11
0 8
1 2
10 1
2 #trees for patient 88
6 #edges
8 10
8 11
0 8
10 1
10 3
3 2
6 #edges
8 10
8 11
0 8
10 1
10 3
11 2
3 #trees for patient 89
6 #edges
8 10
8 11
0 8
10 1
10 3
11 2
6 #edges
8 10
8 11
0 8
10 3
3 1
11 2
6 #edges
8 10
8 11
0 8
10 3
11 2
2 1
6 #trees for patient 90
6 #edges
8 10
8 2
0 8
0 1
10 3
2 11
6 #edges
8 10
8 11
0 8
0 1
10 3
11 2
6 #edges
8 10
8 11
0 8
10 1
10 3
11 2
6 #edges
8 10
8 2
0 8
10 1
10 3
2 11
6 #edges
8 10
8 11
0 8
10 3
3 1
11 2
6 #edges
8 10
8 2
0 8
10 3
3 1
2 11
6 #trees for patient 91
6 #edges
8 10
8 11
0 8
10 1
10 3
11 2
6 #edges
8 10
8 11
0 8
1 2
10 1
10 3
6 #edges
8 10
8 2
0 8
10 1
10 3
2 11
6 #edges
8 10
8 2
0 8
1 11
10 1
10 3
6 #edges
8 10
0 8
1 2
10 1
10 3
2 11
6 #edges
8 10
0 8
1 11
10 1
10 3
11 2
3 #trees for patient 92
6 #edges
8 1
8 10
8 11
0 8
10 3
11 2
6 #edges
8 10
8 11
0 8
10 3
11 2
2 1
6 #edges
8 10
8 11
0 8
10 1
10 3
11 2
3 #trees for patient 93
6 #edges
8 10
8 11
8 2
0 8
10 1
10 3
6 #edges
8 10
8 11
0 8
10 1
10 3
11 2
6 #edges
8 10
8 11
0 8
1 2
10 1
10 3
2 #trees for patient 94
6 #edges
8 10
8 11
0 8
10 3
11 2
2 1
6 #edges
8 10
8 11
0 8
10 1
10 3
11 2
2 #trees for patient 95
6 #edges
8 10
8 2
0 8
10 1
10 3
2 11
6 #edges
8 10
8 11
0 8
10 1
10 3
11 2
2 #trees for patient 96
6 #edges
8 10
8 11
0 8
10 1
11 2
2 3
6 #edges
8 10
8 11
0 8
10 1
10 3
11 2
2 #trees for patient 97
6 #edges
8 10
8 2
0 8
10 1
10 3
2 11
6 #edges
8 10
8 11
0 8
10 1
10 3
11 2
1 #trees for patient 98
6 #edges
8 10
8 11
0 8
10 1
10 3
11 2
4 #trees for patient 99
6 #edges
8 10
8 11
0 8
10 1
10 3
11 2
6 #edges
8 10
8 11
0 8
10 1
11 2
2 3
6 #edges
8 10
8 2
0 8
10 1
11 3
2 11
6 #edges
8 10
8 2
0 8
10 1
10 3
2 11
