50 # patients
12 #trees for patient 0
6 #edges
1 11
11 10
0 2
2 1
8 3
10 8
6 #edges
1 11
11 8
0 2
2 1
8 10
10 3
6 #edges
1 10
11 1
0 2
2 11
8 3
10 8
6 #edges
1 8
11 1
0 2
2 11
8 10
10 3
6 #edges
1 2
11 1
0 11
2 10
8 3
10 8
6 #edges
1 2
11 1
0 11
2 8
8 10
10 3
6 #edges
1 8
11 2
0 11
2 1
8 10
10 3
6 #edges
1 10
11 2
0 11
2 1
8 3
10 8
6 #edges
1 2
11 8
0 1
2 11
8 10
10 3
6 #edges
1 2
11 10
0 1
2 11
8 3
10 8
6 #edges
1 11
11 2
0 1
2 10
8 3
10 8
6 #edges
1 11
11 2
0 1
2 8
8 10
10 3
12 #trees for patient 1
6 #edges
1 8
11 1
0 2
2 11
8 10
10 3
6 #edges
1 8
11 1
0 2
2 11
8 3
3 10
6 #edges
1 11
11 8
0 2
2 1
8 10
10 3
6 #edges
1 11
11 8
0 2
2 1
8 3
3 10
6 #edges
1 8
11 2
0 11
2 1
8 3
3 10
6 #edges
1 8
11 2
0 11
2 1
8 10
10 3
6 #edges
1 2
11 1
0 11
2 8
8 3
3 10
6 #edges
1 2
11 1
0 11
2 8
8 10
10 3
6 #edges
1 11
11 2
0 1
2 8
8 10
10 3
6 #edges
1 11
11 2
0 1
2 8
8 3
3 10
6 #edges
1 2
11 8
0 1
2 11
8 10
10 3
6 #edges
1 2
11 8
0 1
2 11
8 3
3 10
2 #trees for patient 2
6 #edges
1 8
11 2
0 11
2 1
8 10
10 3
6 #edges
1 2
11 1
0 11
2 8
8 10
10 3
4 #trees for patient 3
6 #edges
1 8
11 1
0 2
2 11
8 10
10 3
6 #edges
1 8
11 1
0 2
2 11
8 3
3 10
6 #edges
1 8
11 2
0 11
2 1
8 10
10 3
6 #edges
1 8
11 2
0 11
2 1
8 3
3 10
12 #trees for patient 4
6 #edges
1 3
11 10
0 2
2 11
8 1
10 8
6 #edges
1 8
11 10
0 2
2 11
8 3
10 1
6 #edges
1 8
11 1
0 2
2 11
8 10
10 3
6 #edges
1 10
11 1
0 2
2 11
8 3
10 8
6 #edges
1 3
11 8
0 2
2 11
8 10
10 1
6 #edges
1 10
11 8
0 2
2 11
8 1
10 3
6 #edges
1 8
11 2
0 11
2 10
8 3
10 1
6 #edges
1 3
11 2
0 11
2 10
8 1
10 8
6 #edges
1 10
11 2
0 11
2 1
8 3
10 8
6 #edges
1 8
11 2
0 11
2 1
8 10
10 3
6 #edges
1 3
11 2
0 11
2 8
8 10
10 1
6 #edges
1 10
11 2
0 11
2 8
8 1
10 3
48 #trees for patient 5
6 #edges
1 10
11 8
0 2
2 11
8 3
3 1
6 #edges
11 8
0 2
2 11
8 3
10 1
3 10
6 #edges
1 3
11 8
0 2
2 11
8 10
10 1
6 #edges
11 8
0 2
2 11
8 10
10 3
3 1
6 #edges
1 3
11 8
0 2
2 11
8 1
3 10
6 #edges
1 10
11 8
0 2
2 11
8 1
10 3
6 #edges
1 8
11 10
0 2
2 11
10 3
3 1
6 #edges
11 10
0 2
2 11
8 1
10 3
3 8
6 #edges
1 3
11 10
0 2
2 11
8 1
10 8
6 #edges
11 10
0 2
2 11
8 3
10 8
3 1
6 #edges
1 3
11 10
0 2
2 11
10 1
3 8
6 #edges
1 8
11 10
0 2
2 11
8 3
10 1
6 #edges
11 3
0 2
2 11
8 1
10 8
3 10
6 #edges
1 8
11 3
0 2
2 11
10 1
3 10
6 #edges
1 8
11 3
0 2
2 11
8 10
3 1
6 #edges
1 10
11 3
0 2
2 11
10 8
3 1
6 #edges
11 3
0 2
2 11
8 10
10 1
3 8
6 #edges
1 10
11 3
0 2
2 11
8 1
3 8
6 #edges
1 8
11 1
0 2
2 11
8 10
10 3
6 #edges
1 8
11 1
0 2
2 11
8 3
3 10
6 #edges
1 3
11 1
0 2
2 11
8 10
3 8
6 #edges
1 3
11 1
0 2
2 11
10 8
3 10
6 #edges
1 10
11 1
0 2
2 11
8 3
10 8
6 #edges
1 10
11 1
0 2
2 11
10 3
3 8
6 #edges
11 2
0 11
2 3
8 10
10 1
3 8
6 #edges
1 10
11 2
0 11
2 3
8 1
3 8
6 #edges
1 8
11 2
0 11
2 3
10 1
3 10
6 #edges
11 2
0 11
2 3
8 1
10 8
3 10
6 #edges
1 8
11 2
0 11
2 3
8 10
3 1
6 #edges
1 10
11 2
0 11
2 3
10 8
3 1
6 #edges
1 8
11 2
0 11
2 10
8 3
10 1
6 #edges
1 3
11 2
0 11
2 10
10 1
3 8
6 #edges
11 2
0 11
2 10
8 1
10 3
3 8
6 #edges
1 8
11 2
0 11
2 10
10 3
3 1
6 #edges
1 3
11 2
0 11
2 10
8 1
10 8
6 #edges
11 2
0 11
2 10
8 3
10 8
3 1
6 #edges
1 10
11 2
0 11
2 8
8 1
10 3
6 #edges
1 3
11 2
0 11
2 8
8 1
3 10
6 #edges
11 2
0 11
2 8
8 3
10 1
3 10
6 #edges
1 10
11 2
0 11
2 8
8 3
3 1
6 #edges
1 3
11 2
0 11
2 8
8 10
10 1
6 #edges
11 2
0 11
2 8
8 10
10 3
3 1
6 #edges
1 3
11 2
0 11
2 1
10 8
3 10
6 #edges
1 3
11 2
0 11
2 1
8 10
3 8
6 #edges
1 8
11 2
0 11
2 1
8 10
10 3
6 #edges
1 8
11 2
0 11
2 1
8 3
3 10
6 #edges
1 10
11 2
0 11
2 1
10 3
3 8
6 #edges
1 10
11 2
0 11
2 1
8 3
10 8
22 #trees for patient 6
6 #edges
1 10
11 2
11 8
0 11
2 1
8 3
6 #edges
1 10
1 3
11 2
11 8
0 11
2 1
6 #edges
1 10
11 2
11 8
11 3
0 11
2 1
6 #edges
1 10
11 2
11 8
0 11
2 1
10 3
6 #edges
11 2
11 8
11 3
0 11
2 1
8 10
6 #edges
11 2
11 8
11 3
0 11
2 1
3 10
6 #edges
11 2
11 8
0 11
2 1
8 10
8 3
6 #edges
11 2
11 8
0 11
2 1
8 3
3 10
6 #edges
11 2
11 8
11 10
0 11
2 1
8 3
6 #edges
1 3
11 2
11 8
0 11
2 1
8 10
6 #edges
11 2
11 8
0 11
2 1
8 10
10 3
6 #edges
1 3
11 2
11 8
11 10
0 11
2 1
6 #edges
1 3
11 2
11 8
0 11
2 1
3 10
6 #edges
11 2
11 8
11 10
0 11
2 1
10 3
6 #edges
1 8
11 2
11 10
11 3
0 11
2 1
6 #edges
1 8
11 2
11 10
0 11
2 1
10 3
6 #edges
1 8
11 2
11 10
0 11
2 1
8 3
6 #edges
1 8
11 2
11 3
0 11
2 1
8 10
6 #edges
1 8
11 2
11 3
0 11
2 1
3 10
6 #edges
1 8
11 2
0 11
2 1
8 10
10 3
6 #edges
1 8
11 2
0 11
2 1
8 10
8 3
6 #edges
1 8
11 2
0 11
2 1
8 3
3 10
120 #trees for patient 7
6 #edges
1 10
11 1
0 11
2 3
10 2
3 8
6 #edges
1 10
11 1
0 11
2 8
8 3
10 2
6 #edges
1 10
11 1
0 11
2 3
8 2
10 8
6 #edges
1 10
11 1
0 11
8 3
10 8
3 2
6 #edges
1 10
11 1
0 11
8 2
10 3
3 8
6 #edges
1 10
11 1
0 11
2 8
10 3
3 2
6 #edges
1 8
11 1
0 11
2 3
8 10
10 2
6 #edges
1 8
11 1
0 11
8 10
10 3
3 2
6 #edges
1 8
11 1
0 11
2 10
8 2
10 3
6 #edges
1 8
11 1
0 11
2 3
8 2
3 10
6 #edges
1 8
11 1
0 11
2 10
8 3
3 2
6 #edges
1 8
11 1
0 11
8 3
10 2
3 10
6 #edges
1 2
11 1
0 11
2 10
10 3
3 8
6 #edges
1 2
11 1
0 11
2 10
8 3
10 8
6 #edges
1 2
11 1
0 11
2 3
10 8
3 10
6 #edges
1 2
11 1
0 11
2 3
8 10
3 8
6 #edges
1 2
11 1
0 11
2 8
8 3
3 10
6 #edges
1 2
11 1
0 11
2 8
8 10
10 3
6 #edges
1 3
11 1
0 11
2 10
8 2
3 8
6 #edges
1 3
11 1
0 11
8 10
10 2
3 8
6 #edges
1 3
11 1
0 11
2 8
8 10
3 2
6 #edges
1 3
11 1
0 11
2 10
10 8
3 2
6 #edges
1 3
11 1
0 11
8 2
10 8
3 10
6 #edges
1 3
11 1
0 11
2 8
10 2
3 10
6 #edges
1 2
11 8
0 11
2 10
8 1
10 3
6 #edges
1 2
11 8
0 11
2 3
8 1
3 10
6 #edges
1 3
11 8
0 11
2 10
8 1
3 2
6 #edges
1 3
11 8
0 11
8 1
10 2
3 10
6 #edges
1 10
11 8
0 11
8 1
10 3
3 2
6 #edges
1 10
11 8
0 11
2 3
8 1
10 2
6 #edges
1 3
11 8
0 11
2 1
8 10
10 2
6 #edges
11 8
0 11
2 3
8 10
10 2
3 1
6 #edges
1 2
11 8
0 11
8 10
10 3
3 1
6 #edges
11 8
0 11
2 1
8 10
10 3
3 2
6 #edges
1 2
11 8
0 11
2 3
8 10
10 1
6 #edges
1 3
11 8
0 11
8 10
10 1
3 2
6 #edges
1 10
11 8
0 11
2 1
8 2
10 3
6 #edges
1 3
11 8
0 11
2 1
8 2
3 10
6 #edges
1 10
11 8
0 11
2 3
8 2
3 1
6 #edges
11 8
0 11
2 3
8 2
10 1
3 10
6 #edges
1 3
11 8
0 11
2 10
8 2
10 1
6 #edges
11 8
0 11
2 10
8 2
10 3
3 1
6 #edges
1 10
11 8
0 11
8 3
10 2
3 1
6 #edges
1 2
11 8
0 11
2 10
8 3
3 1
6 #edges
11 8
0 11
2 10
8 3
10 1
3 2
6 #edges
1 10
11 8
0 11
2 1
8 3
3 2
6 #edges
1 2
11 8
0 11
8 3
10 1
3 10
6 #edges
11 8
0 11
2 1
8 3
10 2
3 10
6 #edges
1 2
11 10
0 11
2 8
8 3
10 1
6 #edges
1 2
11 10
0 11
2 3
10 1
3 8
6 #edges
1 3
11 10
0 11
2 8
10 1
3 2
6 #edges
1 3
11 10
0 11
8 2
10 1
3 8
6 #edges
1 8
11 10
0 11
2 3
8 2
10 1
6 #edges
1 8
11 10
0 11
8 3
10 1
3 2
6 #edges
11 10
0 11
2 3
8 1
10 2
3 8
6 #edges
1 8
11 10
0 11
2 3
10 2
3 1
6 #edges
1 3
11 10
0 11
2 1
10 2
3 8
6 #edges
1 8
11 10
0 11
2 1
8 3
10 2
6 #edges
11 10
0 11
2 8
8 3
10 2
3 1
6 #edges
1 3
11 10
0 11
2 8
8 1
10 2
6 #edges
1 3
11 10
0 11
8 1
10 8
3 2
6 #edges
1 2
11 10
0 11
2 3
8 1
10 8
6 #edges
1 2
11 10
0 11
8 3
10 8
3 1
6 #edges
11 10
0 11
2 1
8 3
10 8
3 2
6 #edges
11 10
0 11
2 3
8 2
10 8
3 1
6 #edges
1 3
11 10
0 11
2 1
8 2
10 8
6 #edges
11 10
0 11
2 8
8 1
10 3
3 2
6 #edges
1 8
11 10
0 11
2 1
10 3
3 2
6 #edges
1 2
11 10
0 11
8 1
10 3
3 8
6 #edges
11 10
0 11
2 1
8 2
10 3
3 8
6 #edges
1 8
11 10
0 11
8 2
10 3
3 1
6 #edges
1 2
11 10
0 11
2 8
10 3
3 1
6 #edges
1 8
11 2
0 11
2 1
8 10
10 3
6 #edges
1 8
11 2
0 11
2 1
8 3
3 10
6 #edges
1 10
11 2
0 11
2 1
8 3
10 8
6 #edges
1 10
11 2
0 11
2 1
10 3
3 8
6 #edges
1 3
11 2
0 11
2 1
8 10
3 8
6 #edges
1 3
11 2
0 11
2 1
10 8
3 10
6 #edges
11 2
0 11
2 10
8 3
10 8
3 1
6 #edges
1 3
11 2
0 11
2 10
8 1
10 8
6 #edges
1 8
11 2
0 11
2 10
10 3
3 1
6 #edges
11 2
0 11
2 10
8 1
10 3
3 8
6 #edges
1 3
11 2
0 11
2 10
10 1
3 8
6 #edges
1 8
11 2
0 11
2 10
8 3
10 1
6 #edges
11 2
0 11
2 3
8 1
10 8
3 10
6 #edges
1 8
11 2
0 11
2 3
10 1
3 10
6 #edges
1 10
11 2
0 11
2 3
8 1
3 8
6 #edges
11 2
0 11
2 3
8 10
10 1
3 8
6 #edges
1 8
11 2
0 11
2 3
8 10
3 1
6 #edges
1 10
11 2
0 11
2 3
10 8
3 1
6 #edges
11 2
0 11
2 8
8 10
10 3
3 1
6 #edges
1 3
11 2
0 11
2 8
8 10
10 1
6 #edges
11 2
0 11
2 8
8 3
10 1
3 10
6 #edges
1 10
11 2
0 11
2 8
8 3
3 1
6 #edges
1 10
11 2
0 11
2 8
8 1
10 3
6 #edges
1 3
11 2
0 11
2 8
8 1
3 10
6 #edges
1 8
11 3
0 11
8 2
10 1
3 10
6 #edges
1 2
11 3
0 11
2 8
10 1
3 10
6 #edges
1 2
11 3
0 11
8 1
10 8
3 10
6 #edges
11 3
0 11
2 1
8 2
10 8
3 10
6 #edges
11 3
0 11
2 8
8 1
10 2
3 10
6 #edges
1 8
11 3
0 11
2 1
10 2
3 10
6 #edges
1 2
11 3
0 11
2 10
10 8
3 1
6 #edges
1 2
11 3
0 11
2 8
8 10
3 1
6 #edges
1 10
11 3
0 11
8 2
10 8
3 1
6 #edges
1 10
11 3
0 11
2 8
10 2
3 1
6 #edges
1 8
11 3
0 11
2 10
8 2
3 1
6 #edges
1 8
11 3
0 11
8 10
10 2
3 1
6 #edges
1 2
11 3
0 11
8 10
10 1
3 8
6 #edges
11 3
0 11
2 1
8 10
10 2
3 8
6 #edges
1 2
11 3
0 11
2 10
8 1
3 8
6 #edges
1 10
11 3
0 11
8 1
10 2
3 8
6 #edges
1 10
11 3
0 11
2 1
8 2
3 8
6 #edges
11 3
0 11
2 10
8 2
10 1
3 8
6 #edges
1 8
11 3
0 11
2 1
8 10
3 2
6 #edges
1 10
11 3
0 11
2 1
10 8
3 2
6 #edges
11 3
0 11
2 8
8 10
10 1
3 2
6 #edges
1 10
11 3
0 11
2 8
8 1
3 2
6 #edges
1 8
11 3
0 11
2 10
10 1
3 2
6 #edges
11 3
0 11
2 10
8 1
10 8
3 2
6 #trees for patient 8
6 #edges
1 8
11 1
0 11
2 10
8 2
10 3
6 #edges
1 2
11 1
0 11
2 8
8 10
10 3
6 #edges
1 10
11 8
0 11
2 1
8 2
10 3
6 #edges
1 2
11 8
0 11
2 10
8 1
10 3
6 #edges
1 8
11 2
0 11
2 1
8 10
10 3
6 #edges
1 10
11 2
0 11
2 8
8 1
10 3
2 #trees for patient 9
6 #edges
1 8
11 1
0 2
2 11
8 10
10 3
6 #edges
1 8
11 2
0 11
2 1
8 10
10 3
12 #trees for patient 10
6 #edges
1 8
11 2
11 10
0 11
2 1
10 3
6 #edges
1 8
11 2
11 10
0 11
2 1
8 3
6 #edges
1 8
11 2
11 3
0 11
2 1
3 10
6 #edges
1 8
11 2
11 3
0 11
2 1
8 10
6 #edges
1 8
11 2
0 11
2 1
8 10
10 3
6 #edges
1 8
11 2
0 11
2 1
8 3
3 10
6 #edges
1 2
11 1
11 3
0 11
2 8
3 10
6 #edges
1 2
11 1
11 3
0 11
2 8
8 10
6 #edges
1 2
11 1
11 10
0 11
2 8
10 3
6 #edges
1 2
11 1
11 10
0 11
2 8
8 3
6 #edges
1 2
11 1
0 11
2 8
8 3
3 10
6 #edges
1 2
11 1
0 11
2 8
8 10
10 3
2 #trees for patient 11
6 #edges
1 8
11 2
0 11
2 1
8 3
3 10
6 #edges
1 8
11 2
0 11
2 1
8 10
10 3
42 #trees for patient 12
6 #edges
11 2
11 10
11 3
0 11
2 8
8 1
6 #edges
1 8
11 2
11 10
11 3
0 11
2 1
6 #edges
1 8
11 1
11 10
11 3
0 11
8 2
6 #edges
1 2
11 1
11 10
11 3
0 11
2 8
6 #edges
11 8
11 10
11 3
0 11
2 1
8 2
6 #edges
1 2
11 8
11 10
11 3
0 11
8 1
6 #edges
11 2
11 3
0 11
2 8
8 1
3 10
6 #edges
1 10
11 2
11 3
0 11
2 8
8 1
6 #edges
1 8
11 2
11 3
0 11
2 1
3 10
6 #edges
1 8
11 2
11 3
0 11
2 1
8 10
6 #edges
1 2
11 1
11 3
0 11
2 8
3 10
6 #edges
1 8
11 1
11 3
0 11
8 2
3 10
6 #edges
1 8
11 1
11 3
0 11
2 10
8 2
6 #edges
1 2
11 1
11 3
0 11
2 8
8 10
6 #edges
11 8
11 3
0 11
2 1
8 2
3 10
6 #edges
1 10
11 8
11 3
0 11
2 1
8 2
6 #edges
1 2
11 8
11 3
0 11
8 1
3 10
6 #edges
1 2
11 8
11 3
0 11
2 10
8 1
6 #edges
11 8
11 10
0 11
2 1
8 2
10 3
6 #edges
1 2
11 8
11 10
0 11
8 1
10 3
6 #edges
1 2
11 8
11 10
0 11
2 3
8 1
6 #edges
1 3
11 8
11 10
0 11
2 1
8 2
6 #edges
1 8
11 1
11 10
0 11
8 2
10 3
6 #edges
1 8
11 1
11 10
0 11
2 3
8 2
6 #edges
1 2
11 1
11 10
0 11
2 8
10 3
6 #edges
1 2
11 1
11 10
0 11
2 8
8 3
6 #edges
11 2
11 10
0 11
2 8
8 1
10 3
6 #edges
1 8
11 2
11 10
0 11
2 1
10 3
6 #edges
1 8
11 2
11 10
0 11
2 1
8 3
6 #edges
1 3
11 2
11 10
0 11
2 8
8 1
6 #edges
1 8
11 1
0 11
2 10
8 2
10 3
6 #edges
1 8
11 1
0 11
2 3
8 2
3 10
6 #edges
1 2
11 1
0 11
2 8
8 10
10 3
6 #edges
1 2
11 1
0 11
2 8
8 3
3 10
6 #edges
1 8
11 2
0 11
2 1
8 3
3 10
6 #edges
1 8
11 2
0 11
2 1
8 10
10 3
6 #edges
1 3
11 2
0 11
2 8
8 1
3 10
6 #edges
1 10
11 2
0 11
2 8
8 1
10 3
6 #edges
1 2
11 8
0 11
2 3
8 1
3 10
6 #edges
1 2
11 8
0 11
2 10
8 1
10 3
6 #edges
1 3
11 8
0 11
2 1
8 2
3 10
6 #edges
1 10
11 8
0 11
2 1
8 2
10 3
4 #trees for patient 13
6 #edges
1 8
11 2
0 11
2 1
8 10
10 3
6 #edges
1 8
11 2
0 11
2 1
8 3
3 10
6 #edges
1 2
11 1
0 11
2 8
8 10
10 3
6 #edges
1 2
11 1
0 11
2 8
8 3
3 10
1 #trees for patient 14
6 #edges
1 8
11 2
0 11
2 1
8 10
10 3
12 #trees for patient 15
6 #edges
1 8
1 3
11 1
0 2
2 11
8 10
6 #edges
1 8
11 1
0 2
2 11
8 10
10 3
6 #edges
1 11
11 8
11 3
0 2
2 1
8 10
6 #edges
1 11
11 8
0 2
2 1
8 10
10 3
6 #edges
1 8
1 3
11 2
0 11
2 1
8 10
6 #edges
1 8
11 2
0 11
2 1
8 10
10 3
6 #edges
1 2
11 1
0 11
2 8
2 3
8 10
6 #edges
1 2
11 1
0 11
2 8
8 10
10 3
6 #edges
1 11
11 2
0 1
2 8
2 3
8 10
6 #edges
1 11
11 2
0 1
2 8
8 10
10 3
6 #edges
1 2
11 8
0 1
2 11
8 10
10 3
6 #edges
1 2
11 8
11 3
0 1
2 11
8 10
14 #trees for patient 16
6 #edges
1 2
11 1
11 10
11 3
0 11
2 8
6 #edges
1 8
11 2
11 10
11 3
0 11
2 1
6 #edges
1 2
11 1
11 3
0 11
2 8
3 10
6 #edges
1 8
11 2
11 3
0 11
2 1
3 10
6 #edges
1 2
11 1
11 3
0 11
2 8
8 10
6 #edges
1 8
11 2
11 3
0 11
2 1
8 10
6 #edges
1 2
11 1
11 10
0 11
2 8
10 3
6 #edges
1 2
11 1
11 10
0 11
2 8
8 3
6 #edges
1 8
11 2
11 10
0 11
2 1
8 3
6 #edges
1 8
11 2
11 10
0 11
2 1
10 3
6 #edges
1 8
11 2
0 11
2 1
8 3
3 10
6 #edges
1 8
11 2
0 11
2 1
8 10
10 3
6 #edges
1 2
11 1
0 11
2 8
8 10
10 3
6 #edges
1 2
11 1
0 11
2 8
8 3
3 10
12 #trees for patient 17
6 #edges
1 10
11 1
0 2
2 11
8 3
10 8
6 #edges
1 10
11 1
0 2
2 11
10 3
3 8
6 #edges
1 3
11 1
0 2
2 11
10 8
3 10
6 #edges
1 3
11 1
0 2
2 11
8 10
3 8
6 #edges
1 8
11 1
0 2
2 11
8 10
10 3
6 #edges
1 8
11 1
0 2
2 11
8 3
3 10
6 #edges
1 10
11 2
0 11
2 1
10 3
3 8
6 #edges
1 10
11 2
0 11
2 1
8 3
10 8
6 #edges
1 3
11 2
0 11
2 1
10 8
3 10
6 #edges
1 3
11 2
0 11
2 1
8 10
3 8
6 #edges
1 8
11 2
0 11
2 1
8 10
10 3
6 #edges
1 8
11 2
0 11
2 1
8 3
3 10
4 #trees for patient 18
6 #edges
1 2
11 1
11 3
0 11
2 8
8 10
6 #edges
1 8
11 2
11 3
0 11
2 1
8 10
6 #edges
1 2
11 1
0 11
2 8
8 10
10 3
6 #edges
1 8
11 2
0 11
2 1
8 10
10 3
6 #trees for patient 19
6 #edges
1 8
11 1
0 2
2 11
8 10
10 3
6 #edges
1 11
11 8
0 2
2 1
8 10
10 3
6 #edges
1 8
11 2
0 11
2 1
8 10
10 3
6 #edges
1 2
11 1
0 11
2 8
8 10
10 3
6 #edges
1 2
11 8
0 1
2 11
8 10
10 3
6 #edges
1 11
11 2
0 1
2 8
8 10
10 3
6 #trees for patient 20
6 #edges
1 8
11 1
0 2
2 11
8 10
10 3
6 #edges
1 11
11 8
0 2
2 1
8 10
10 3
6 #edges
1 2
11 1
0 11
2 8
8 10
10 3
6 #edges
1 8
11 2
0 11
2 1
8 10
10 3
6 #edges
1 2
11 8
0 1
2 11
8 10
10 3
6 #edges
1 11
11 2
0 1
2 8
8 10
10 3
12 #trees for patient 21
6 #edges
1 10
11 1
0 2
2 11
10 3
3 8
6 #edges
1 10
11 1
0 2
2 11
8 3
10 8
6 #edges
1 8
11 1
0 2
2 11
8 10
10 3
6 #edges
1 8
11 1
0 2
2 11
8 3
3 10
6 #edges
1 3
11 1
0 2
2 11
8 10
3 8
6 #edges
1 3
11 1
0 2
2 11
10 8
3 10
6 #edges
1 3
11 2
0 11
2 1
10 8
3 10
6 #edges
1 3
11 2
0 11
2 1
8 10
3 8
6 #edges
1 8
11 2
0 11
2 1
8 3
3 10
6 #edges
1 8
11 2
0 11
2 1
8 10
10 3
6 #edges
1 10
11 2
0 11
2 1
8 3
10 8
6 #edges
1 10
11 2
0 11
2 1
10 3
3 8
4 #trees for patient 22
6 #edges
0 11
0 10
8 2
10 3
3 6
3 8
6 #edges
0 11
0 10
8 2
10 6
10 3
3 8
6 #edges
0 11
0 10
10 6
10 2
10 3
3 8
6 #edges
0 11
0 10
10 2
10 3
3 6
3 8
12 #trees for patient 23
6 #edges
0 11
0 6
0 8
0 10
10 2
10 3
6 #edges
0 11
0 8
0 10
10 2
10 3
3 6
6 #edges
0 11
0 10
0 3
10 2
3 6
3 8
6 #edges
0 11
0 10
0 3
10 2
10 8
3 6
6 #edges
0 11
0 10
0 3
11 8
10 2
3 6
6 #edges
0 11
0 10
0 3
10 6
10 2
3 8
6 #edges
0 11
0 10
0 3
11 8
10 6
10 2
6 #edges
0 11
0 10
0 3
10 6
10 2
10 8
6 #edges
0 11
0 6
0 10
11 8
10 2
10 3
6 #edges
0 11
0 6
0 10
10 2
10 3
3 8
6 #edges
0 11
0 10
11 8
10 2
10 3
3 6
6 #edges
0 11
0 10
10 2
10 3
3 6
3 8
2 #trees for patient 24
6 #edges
0 11
0 10
10 2
10 3
3 6
3 8
6 #edges
0 11
0 10
8 2
10 3
3 6
3 8
8 #trees for patient 25
6 #edges
0 11
0 10
10 2
10 3
3 6
3 8
6 #edges
0 11
0 10
8 6
10 2
10 3
3 8
6 #edges
0 2
0 10
2 11
8 6
10 3
3 8
6 #edges
0 2
0 10
2 11
10 3
3 6
3 8
6 #edges
0 2
0 10
10 11
10 3
3 6
3 8
6 #edges
0 2
0 10
8 6
10 11
10 3
3 8
6 #edges
0 10
2 11
10 2
10 3
3 6
3 8
6 #edges
0 10
2 11
8 6
10 2
10 3
3 8
14 #trees for patient 26
6 #edges
0 8
0 10
2 11
10 2
10 3
3 6
6 #edges
0 8
0 10
2 11
10 6
10 2
10 3
6 #edges
0 11
0 10
11 8
10 6
10 2
10 3
6 #edges
0 11
0 10
11 8
10 2
10 3
3 6
6 #edges
0 11
0 10
10 6
10 2
10 3
3 8
6 #edges
0 11
0 10
2 8
10 6
10 2
10 3
6 #edges
0 11
0 10
2 8
10 2
10 3
3 6
6 #edges
0 11
0 10
10 2
10 3
3 6
3 8
6 #edges
0 10
2 11
10 6
10 2
10 3
3 8
6 #edges
0 10
11 8
2 11
10 6
10 2
10 3
6 #edges
0 10
2 11
2 8
10 6
10 2
10 3
6 #edges
0 10
2 11
10 2
10 3
3 6
3 8
6 #edges
0 10
2 11
2 8
10 2
10 3
3 6
6 #edges
0 10
11 8
2 11
10 2
10 3
3 6
2 #trees for patient 27
6 #edges
0 11
0 10
11 6
10 2
10 3
3 8
6 #edges
0 11
0 10
10 2
10 3
3 6
3 8
3 #trees for patient 28
6 #edges
0 11
0 8
0 10
10 2
10 3
3 6
6 #edges
0 11
0 10
10 2
10 3
3 6
3 8
6 #edges
0 11
0 10
2 8
10 2
10 3
3 6
2 #trees for patient 29
6 #edges
0 11
0 10
11 8
10 2
10 3
3 6
6 #edges
0 11
0 10
10 2
10 3
3 6
3 8
13 #trees for patient 30
6 #edges
0 11
0 10
10 2
10 3
3 6
3 8
6 #edges
0 11
0 10
10 2
10 8
10 3
3 6
6 #edges
0 11
0 10
2 8
10 2
10 3
3 6
6 #edges
0 10
2 11
10 2
10 8
10 3
3 6
6 #edges
0 10
2 11
10 2
10 3
3 6
3 8
6 #edges
0 10
8 11
10 2
10 3
3 6
3 8
6 #edges
0 10
10 11
10 2
10 3
3 6
3 8
6 #edges
0 10
8 11
10 2
10 8
10 3
3 6
6 #edges
0 10
10 11
10 2
10 8
10 3
3 6
6 #edges
0 10
10 2
10 8
10 3
3 11
3 6
6 #edges
0 10
2 8
10 11
10 2
10 3
3 6
6 #edges
0 10
2 8
8 11
10 2
10 3
3 6
6 #edges
0 10
2 8
10 2
10 3
3 11
3 6
6 #trees for patient 31
6 #edges
0 11
0 6
0 10
10 2
10 3
3 8
6 #edges
0 11
0 6
0 10
8 2
10 3
3 8
6 #edges
0 11
0 10
10 2
10 3
3 6
3 8
6 #edges
0 11
0 10
8 6
10 2
10 3
3 8
6 #edges
0 11
0 10
8 2
10 3
3 6
3 8
6 #edges
0 11
0 10
8 6
8 2
10 3
3 8
7 #trees for patient 32
6 #edges
0 6
0 10
10 11
10 2
10 3
3 8
6 #edges
0 11
0 10
11 6
10 2
10 3
3 8
6 #edges
0 11
0 10
10 6
10 2
10 3
3 8
6 #edges
0 11
0 10
10 2
10 3
3 6
3 8
6 #edges
0 10
10 11
10 6
10 2
10 3
3 8
6 #edges
0 10
10 11
10 2
10 3
3 6
3 8
6 #edges
0 10
11 6
10 11
10 2
10 3
3 8
3 #trees for patient 33
6 #edges
0 11
0 10
10 2
10 3
3 6
3 8
6 #edges
0 10
8 11
10 2
10 3
3 6
3 8
6 #edges
0 10
2 11
10 2
10 3
3 6
3 8
6 #trees for patient 34
6 #edges
0 11
0 10
10 2
10 3
3 6
3 8
6 #edges
0 11
0 10
8 6
10 2
10 3
3 8
6 #edges
0 11
0 10
2 6
10 2
10 3
3 8
6 #edges
0 10
2 6
10 2
10 3
3 11
3 8
6 #edges
0 10
8 6
10 2
10 3
3 11
3 8
6 #edges
0 10
10 2
10 3
3 11
3 6
3 8
2 #trees for patient 35
6 #edges
0 11
0 10
10 2
10 3
3 6
3 8
6 #edges
0 11
0 10
8 2
10 3
3 6
3 8
4 #trees for patient 36
6 #edges
0 8
6 2
6 7
8 11
8 6
7 5
6 #edges
0 8
5 2
6 7
8 11
8 6
7 5
6 #edges
0 8
5 7
6 5
6 2
8 11
8 6
6 #edges
0 8
5 7
6 5
8 11
8 6
7 2
4 #trees for patient 37
6 #edges
0 11
0 2
0 8
5 7
6 5
8 6
6 #edges
0 2
0 8
5 7
6 5
8 11
8 6
6 #edges
0 11
0 8
5 7
6 5
6 2
8 6
6 #edges
0 8
5 7
6 5
6 2
8 11
8 6
2 #trees for patient 38
6 #edges
0 8
6 2
6 7
8 11
8 6
7 5
6 #edges
0 8
5 7
6 5
6 2
8 11
8 6
7 #trees for patient 39
6 #edges
0 8
5 7
11 5
6 2
8 11
8 6
6 #edges
0 8
11 5
11 7
6 2
8 11
8 6
6 #edges
0 8
11 5
6 2
6 7
8 11
8 6
6 #edges
0 8
5 7
6 5
6 2
8 11
8 6
6 #edges
0 8
11 7
6 5
6 2
8 11
8 6
6 #edges
0 8
11 7
6 2
8 11
8 6
7 5
6 #edges
0 8
6 2
6 7
8 11
8 6
7 5
4 #trees for patient 40
6 #edges
0 8
5 7
6 5
6 2
8 11
8 6
6 #edges
0 8
6 2
6 7
8 11
8 6
7 5
6 #edges
0 8
11 2
6 7
8 11
8 6
7 5
6 #edges
0 8
5 7
11 2
6 5
8 11
8 6
4 #trees for patient 41
6 #edges
0 8
5 7
6 5
6 2
8 11
8 6
6 #edges
0 8
6 2
6 7
8 11
8 6
7 5
6 #edges
0 8
5 7
6 5
6 2
2 11
8 6
6 #edges
0 8
6 2
6 7
2 11
8 6
7 5
3 #trees for patient 42
6 #edges
0 8
5 7
6 5
6 2
8 11
8 6
6 #edges
0 8
5 11
5 7
6 5
6 2
8 6
6 #edges
0 8
5 7
6 5
6 2
8 6
7 11
2 #trees for patient 43
6 #edges
0 8
5 7
6 5
6 2
8 11
8 6
6 #edges
0 8
5 7
6 5
6 2
8 6
7 11
12 #trees for patient 44
6 #edges
0 8
5 7
11 5
6 2
8 11
8 6
6 #edges
0 8
11 5
6 2
6 7
8 11
8 6
6 #edges
0 8
5 7
11 5
8 11
8 6
8 2
6 #edges
0 8
11 5
6 7
8 11
8 6
8 2
6 #edges
0 8
11 7
8 11
8 6
8 2
7 5
6 #edges
0 8
11 7
6 5
8 11
8 6
8 2
6 #edges
0 8
6 7
8 11
8 6
8 2
7 5
6 #edges
0 8
5 7
6 5
8 11
8 6
8 2
6 #edges
0 8
11 7
6 2
8 11
8 6
7 5
6 #edges
0 8
11 7
6 5
6 2
8 11
8 6
6 #edges
0 8
6 2
6 7
8 11
8 6
7 5
6 #edges
0 8
5 7
6 5
6 2
8 11
8 6
4 #trees for patient 45
6 #edges
0 8
5 7
6 5
6 2
8 11
8 6
6 #edges
0 8
6 5
6 2
6 7
8 11
8 6
6 #edges
0 8
5 2
6 5
6 7
8 11
8 6
6 #edges
0 8
5 2
5 7
6 5
8 11
8 6
2 #trees for patient 46
6 #edges
0 8
5 7
6 5
8 11
8 6
7 2
6 #edges
0 8
5 7
6 5
6 2
8 11
8 6
34 #trees for patient 47
6 #edges
0 8
11 7
6 5
6 2
8 11
8 6
6 #edges
0 8
11 7
6 2
2 5
8 11
8 6
6 #edges
0 8
11 7
6 2
8 11
8 6
7 5
6 #edges
0 8
6 2
2 5
2 7
8 11
8 6
6 #edges
0 8
5 7
6 2
2 5
8 11
8 6
6 #edges
0 8
6 2
6 7
2 5
8 11
8 6
6 #edges
0 8
6 5
6 2
2 7
8 11
8 6
6 #edges
0 8
5 7
6 5
6 2
8 11
8 6
6 #edges
0 8
6 2
6 7
8 11
8 6
7 5
6 #edges
0 8
11 5
6 2
6 7
8 11
8 6
6 #edges
0 8
11 5
6 2
2 7
8 11
8 6
6 #edges
0 8
5 7
11 5
6 2
8 11
8 6
6 #edges
0 8
6 2
2 7
8 11
8 6
7 5
6 #edges
0 8
5 7
6 5
6 2
2 11
8 6
6 #edges
0 8
6 5
6 2
2 11
8 6
8 7
6 #edges
0 8
11 7
6 5
6 2
2 11
8 6
6 #edges
0 8
6 5
6 2
2 11
2 7
8 6
6 #edges
0 8
6 2
2 5
2 11
8 6
8 7
6 #edges
0 8
6 2
2 11
8 6
8 7
7 5
6 #edges
0 8
11 5
6 2
2 11
8 6
8 7
6 #edges
0 8
11 5
6 2
6 7
2 11
8 6
6 #edges
0 8
6 2
6 7
2 11
8 5
8 6
6 #edges
0 8
6 2
6 7
2 5
2 11
8 6
6 #edges
0 8
6 2
6 7
2 11
8 6
7 5
6 #edges
0 8
11 5
6 2
2 11
2 7
8 6
6 #edges
0 8
5 7
11 5
6 2
2 11
8 6
6 #edges
0 8
11 7
6 2
2 5
2 11
8 6
6 #edges
0 8
11 7
6 2
2 11
8 5
8 6
6 #edges
0 8
11 7
6 2
2 11
8 6
7 5
6 #edges
0 8
6 2
2 11
2 7
8 5
8 6
6 #edges
0 8
5 7
6 2
2 11
8 5
8 6
6 #edges
0 8
6 2
2 11
2 7
8 6
7 5
6 #edges
0 8
6 2
2 5
2 11
2 7
8 6
6 #edges
0 8
5 7
6 2
2 5
2 11
8 6
6 #trees for patient 48
6 #edges
0 8
0 7
6 5
6 2
8 11
8 6
6 #edges
0 8
0 7
6 2
8 11
8 6
7 5
6 #edges
0 5
0 8
5 7
6 2
8 11
8 6
6 #edges
0 5
0 8
6 2
6 7
8 11
8 6
6 #edges
0 8
5 7
6 5
6 2
8 11
8 6
6 #edges
0 8
6 2
6 7
8 11
8 6
7 5
4 #trees for patient 49
6 #edges
0 8
5 7
6 5
6 2
8 11
8 6
6 #edges
0 8
6 2
6 7
8 11
8 6
7 5
6 #edges
0 8
5 7
6 5
6 11
6 2
8 6
6 #edges
0 8
6 11
6 2
6 7
8 6
7 5
