50 # patients
2 #trees for patient 0
6 #edges
8 10
10 2
2 11
2 3
0 8
3 1
6 #edges
8 10
10 2
1 3
2 11
2 1
0 8
2 #trees for patient 1
6 #edges
8 10
10 2
1 3
2 11
2 1
0 8
6 #edges
8 10
10 2
2 11
2 3
0 8
3 1
2 #trees for patient 2
6 #edges
8 10
10 2
1 3
2 11
2 1
0 8
6 #edges
8 2
10 11
10 1
1 3
2 10
0 8
4 #trees for patient 3
6 #edges
8 2
8 3
10 8
2 11
2 1
0 10
6 #edges
8 2
10 8
1 3
2 11
2 1
0 10
6 #edges
8 10
10 2
10 3
2 11
2 1
0 8
6 #edges
8 10
10 2
1 3
2 11
2 1
0 8
56 #trees for patient 4
6 #edges
8 11
8 2
8 3
10 8
0 10
3 1
6 #edges
8 11
8 2
8 3
11 1
10 8
0 10
6 #edges
8 11
8 2
8 3
10 8
2 1
0 10
6 #edges
8 11
8 1
8 2
8 3
10 8
0 10
6 #edges
8 2
8 3
10 8
2 11
2 1
0 10
6 #edges
8 1
8 2
8 3
10 8
2 11
0 10
6 #edges
8 2
8 3
11 1
10 8
2 11
0 10
6 #edges
8 2
8 3
10 8
2 11
0 10
3 1
6 #edges
8 2
11 1
10 8
1 3
2 11
0 10
6 #edges
8 2
11 1
10 8
2 11
2 3
0 10
6 #edges
8 2
10 8
2 11
2 3
0 10
3 1
6 #edges
8 1
8 2
10 8
2 11
2 3
0 10
6 #edges
8 2
10 8
2 11
2 1
2 3
0 10
6 #edges
8 1
8 2
11 3
10 8
2 11
0 10
6 #edges
8 1
8 2
10 8
1 3
2 11
0 10
6 #edges
8 2
11 3
10 8
2 11
2 1
0 10
6 #edges
8 2
10 8
1 3
2 11
2 1
0 10
6 #edges
8 2
11 3
10 8
2 11
0 10
3 1
6 #edges
8 11
8 1
8 2
10 8
1 3
0 10
6 #edges
8 11
8 1
8 2
10 8
2 3
0 10
6 #edges
8 11
8 1
8 2
11 3
10 8
0 10
6 #edges
8 11
8 2
10 8
2 1
2 3
0 10
6 #edges
8 11
8 2
11 1
10 8
2 3
0 10
6 #edges
8 11
8 2
10 8
2 3
0 10
3 1
6 #edges
8 11
8 2
10 8
1 3
2 1
0 10
6 #edges
8 11
8 2
11 3
10 8
2 1
0 10
6 #edges
8 11
8 2
11 3
10 8
0 10
3 1
6 #edges
8 11
8 2
11 1
10 8
1 3
0 10
6 #edges
8 10
10 11
10 1
10 2
1 3
0 8
6 #edges
8 10
10 1
10 2
1 3
2 11
0 8
6 #edges
8 10
10 11
10 1
10 2
10 3
0 8
6 #edges
8 10
10 1
10 2
10 3
2 11
0 8
6 #edges
8 10
11 3
10 11
10 1
10 2
0 8
6 #edges
8 10
10 11
10 1
10 2
2 3
0 8
6 #edges
8 10
10 1
10 2
2 11
2 3
0 8
6 #edges
8 10
11 3
10 1
10 2
2 11
0 8
6 #edges
8 10
10 11
10 2
10 3
0 8
3 1
6 #edges
8 10
11 1
10 11
10 2
10 3
0 8
6 #edges
8 10
10 11
10 2
10 3
2 1
0 8
6 #edges
8 10
10 2
10 3
2 11
0 8
3 1
6 #edges
8 10
10 2
10 3
2 11
2 1
0 8
6 #edges
8 10
11 1
10 2
10 3
2 11
0 8
6 #edges
8 10
11 1
10 11
10 2
2 3
0 8
6 #edges
8 10
10 11
10 2
2 1
2 3
0 8
6 #edges
8 10
10 11
10 2
2 3
0 8
3 1
6 #edges
8 10
11 1
10 11
10 2
1 3
0 8
6 #edges
8 10
11 3
10 11
10 2
2 1
0 8
6 #edges
8 10
10 11
10 2
1 3
2 1
0 8
6 #edges
8 10
11 3
10 11
10 2
0 8
3 1
6 #edges
8 10
11 3
10 2
2 11
2 1
0 8
6 #edges
8 10
10 2
1 3
2 11
2 1
0 8
6 #edges
8 10
10 2
2 11
2 1
2 3
0 8
6 #edges
8 10
11 1
10 2
2 11
2 3
0 8
6 #edges
8 10
10 2
2 11
2 3
0 8
3 1
6 #edges
8 10
11 3
10 2
2 11
0 8
3 1
6 #edges
8 10
11 1
10 2
1 3
2 11
0 8
4 #trees for patient 5
6 #edges
8 10
10 2
1 3
2 11
2 1
0 8
6 #edges
8 11
8 10
10 2
1 3
2 1
0 8
6 #edges
8 10
10 11
10 2
1 3
2 1
0 8
6 #edges
8 10
10 2
1 11
1 3
2 1
0 8
2 #trees for patient 6
6 #edges
8 2
10 8
1 3
2 11
2 1
0 10
6 #edges
8 10
10 2
1 3
2 11
2 1
0 8
2 #trees for patient 7
6 #edges
8 10
10 2
2 11
2 3
0 8
3 1
6 #edges
8 10
10 2
1 3
2 11
2 1
0 8
4 #trees for patient 8
6 #edges
8 2
10 8
2 11
2 3
0 10
3 1
6 #edges
8 2
10 8
1 3
2 11
2 1
0 10
6 #edges
8 10
10 2
1 3
2 11
2 1
0 8
6 #edges
8 10
10 2
2 11
2 3
0 8
3 1
2 #trees for patient 9
6 #edges
8 10
10 2
1 3
2 11
2 1
0 8
6 #edges
8 10
10 2
2 11
2 3
0 8
3 1
12 #trees for patient 10
6 #edges
8 10
10 2
1 3
2 1
0 8
0 11
6 #edges
8 10
10 2
2 3
0 8
0 11
3 1
6 #edges
8 2
10 8
1 3
2 1
0 11
0 10
6 #edges
8 2
10 8
2 3
0 11
0 10
3 1
6 #edges
8 2
10 8
1 3
2 11
2 1
0 10
6 #edges
8 2
10 8
2 11
2 3
0 10
3 1
6 #edges
8 11
8 2
10 8
2 3
0 10
3 1
6 #edges
8 11
8 2
10 8
1 3
2 1
0 10
6 #edges
8 10
10 2
2 11
2 3
0 8
3 1
6 #edges
8 10
10 2
1 3
2 11
2 1
0 8
6 #edges
8 10
10 11
10 2
2 3
0 8
3 1
6 #edges
8 10
10 11
10 2
1 3
2 1
0 8
8 #trees for patient 11
6 #edges
8 2
10 8
2 11
2 3
0 10
3 1
6 #edges
8 2
10 8
1 3
2 11
2 1
0 10
6 #edges
8 2
10 8
1 3
2 1
0 10
3 11
6 #edges
8 2
10 8
1 11
2 3
0 10
3 1
6 #edges
8 10
10 2
1 3
2 11
2 1
0 8
6 #edges
8 10
10 2
1 3
2 1
0 8
3 11
6 #edges
8 10
10 2
2 11
2 3
0 8
3 1
6 #edges
8 10
10 2
1 11
2 3
0 8
3 1
28 #trees for patient 12
6 #edges
8 1
8 2
1 3
2 10
0 8
0 11
6 #edges
8 1
8 2
8 3
2 10
0 8
0 11
6 #edges
8 1
8 2
10 3
2 10
0 8
0 11
6 #edges
8 10
8 1
8 3
10 2
0 8
0 11
6 #edges
8 10
8 1
10 2
2 3
0 8
0 11
6 #edges
8 10
8 1
10 2
1 3
0 8
0 11
6 #edges
8 2
8 3
2 10
0 8
0 11
3 1
6 #edges
8 2
8 3
10 1
2 10
0 8
0 11
6 #edges
8 2
10 1
1 3
2 10
0 8
0 11
6 #edges
8 2
10 3
2 10
0 8
0 11
3 1
6 #edges
8 10
8 3
10 2
2 1
0 8
0 11
6 #edges
8 10
8 3
10 2
0 8
0 11
3 1
6 #edges
8 10
10 2
2 3
0 8
0 11
3 1
6 #edges
8 10
10 2
1 3
2 1
0 8
0 11
6 #edges
8 10
8 3
10 2
2 11
2 1
0 8
6 #edges
8 10
8 3
10 2
2 11
0 8
3 1
6 #edges
8 10
8 1
8 3
10 2
2 11
0 8
6 #edges
8 10
8 1
10 2
1 3
2 11
0 8
6 #edges
8 10
8 1
10 2
2 11
2 3
0 8
6 #edges
8 10
10 2
1 3
2 11
2 1
0 8
6 #edges
8 10
10 2
2 11
2 3
0 8
3 1
6 #edges
8 1
8 2
8 3
10 11
2 10
0 8
6 #edges
8 1
8 2
10 11
10 3
2 10
0 8
6 #edges
8 1
8 2
10 11
1 3
2 10
0 8
6 #edges
8 2
8 3
10 11
10 1
2 10
0 8
6 #edges
8 2
8 3
10 11
2 10
0 8
3 1
6 #edges
8 2
10 11
10 1
1 3
2 10
0 8
6 #edges
8 2
10 11
10 3
2 10
0 8
3 1
5 #trees for patient 13
6 #edges
8 10
10 2
10 3
2 11
2 1
0 8
6 #edges
8 10
10 1
10 2
10 3
2 11
0 8
6 #edges
8 10
10 1
10 2
1 3
2 11
0 8
6 #edges
8 10
10 1
10 2
2 11
2 3
0 8
6 #edges
8 10
10 2
1 3
2 11
2 1
0 8
2 #trees for patient 14
6 #edges
8 10
10 2
1 3
2 11
2 1
0 8
6 #edges
8 10
10 2
1 11
1 3
2 1
0 8
14 #trees for patient 15
6 #edges
6 11
10 6
10 3
0 8
0 10
3 2
6 #edges
6 11
11 2
10 6
10 3
0 8
0 10
6 #edges
11 6
10 11
10 3
0 8
0 10
3 2
6 #edges
6 2
11 6
10 11
10 3
0 8
0 10
6 #edges
11 6
10 11
10 2
2 3
0 8
0 10
6 #edges
6 3
11 6
10 11
10 2
0 8
0 10
6 #edges
6 3
11 6
10 11
0 8
0 10
3 2
6 #edges
6 2
6 3
11 6
10 11
0 8
0 10
6 #edges
6 2
11 6
10 11
2 3
0 8
0 10
6 #edges
6 11
10 6
10 2
2 3
0 8
0 10
6 #edges
6 11
11 3
10 6
10 2
0 8
0 10
6 #edges
6 11
11 2
10 6
2 3
0 8
0 10
6 #edges
6 11
11 2
11 3
10 6
0 8
0 10
6 #edges
6 11
11 3
10 6
0 8
0 10
3 2
57 #trees for patient 16
6 #edges
8 2
6 11
10 6
10 3
0 8
0 10
6 #edges
8 2
10 6
10 11
10 3
0 8
0 10
6 #edges
8 11
8 2
10 6
10 3
0 8
0 10
6 #edges
8 2
8 3
10 6
10 11
0 8
0 10
6 #edges
8 2
8 3
6 11
10 6
0 8
0 10
6 #edges
8 2
10 6
10 11
2 3
0 8
0 10
6 #edges
8 11
8 2
10 6
2 3
0 8
0 10
6 #edges
8 2
6 11
10 6
2 3
0 8
0 10
6 #edges
8 2
11 3
10 6
10 11
0 8
0 10
6 #edges
8 2
6 3
10 6
10 11
0 8
0 10
6 #edges
8 11
8 2
6 3
10 6
0 8
0 10
6 #edges
8 2
6 11
11 3
10 6
0 8
0 10
6 #edges
8 11
8 2
11 3
10 6
0 8
0 10
6 #edges
8 11
6 3
10 6
10 2
0 8
0 10
6 #edges
6 3
10 6
10 11
10 2
0 8
0 10
6 #edges
6 11
10 6
10 2
10 3
0 8
0 10
6 #edges
10 6
10 11
10 2
10 3
0 8
0 10
6 #edges
8 11
10 6
10 2
10 3
0 8
0 10
6 #edges
10 6
10 11
10 2
2 3
0 8
0 10
6 #edges
8 11
10 6
10 2
2 3
0 8
0 10
6 #edges
6 11
10 6
10 2
2 3
0 8
0 10
6 #edges
8 11
8 3
10 6
10 2
0 8
0 10
6 #edges
8 3
10 6
10 11
10 2
0 8
0 10
6 #edges
8 3
6 11
10 6
10 2
0 8
0 10
6 #edges
11 3
10 6
10 11
10 2
0 8
0 10
6 #edges
8 11
11 3
10 6
10 2
0 8
0 10
6 #edges
6 11
11 3
10 6
10 2
0 8
0 10
6 #edges
6 3
11 2
10 6
10 11
0 8
0 10
6 #edges
11 2
10 6
10 11
2 3
0 8
0 10
6 #edges
8 3
11 2
10 6
10 11
0 8
0 10
6 #edges
11 2
10 6
10 11
10 3
0 8
0 10
6 #edges
6 2
10 6
10 11
10 3
0 8
0 10
6 #edges
10 6
10 11
10 3
0 8
0 10
3 2
6 #edges
6 2
10 6
10 11
2 3
0 8
0 10
6 #edges
6 2
11 3
10 6
10 11
0 8
0 10
6 #edges
8 3
6 2
10 6
10 11
0 8
0 10
6 #edges
6 3
10 6
10 11
0 8
0 10
3 2
6 #edges
8 3
10 6
10 11
0 8
0 10
3 2
6 #edges
11 3
10 6
10 11
0 8
0 10
3 2
6 #edges
6 11
11 2
10 6
2 3
0 8
0 10
6 #edges
6 11
11 2
10 6
10 3
0 8
0 10
6 #edges
8 3
6 11
11 2
10 6
0 8
0 10
6 #edges
6 11
11 3
10 6
0 8
0 10
3 2
6 #edges
8 3
6 11
10 6
0 8
0 10
3 2
6 #edges
6 11
10 6
10 3
0 8
0 10
3 2
6 #edges
8 11
6 2
10 6
2 3
0 8
0 10
6 #edges
8 11
6 2
11 3
10 6
0 8
0 10
6 #edges
8 11
8 3
6 2
10 6
0 8
0 10
6 #edges
8 11
6 2
10 6
10 3
0 8
0 10
6 #edges
8 11
8 3
11 2
10 6
0 8
0 10
6 #edges
8 11
8 3
10 6
0 8
0 10
3 2
6 #edges
8 11
6 3
10 6
0 8
0 10
3 2
6 #edges
8 11
6 3
11 2
10 6
0 8
0 10
6 #edges
8 11
10 6
10 3
0 8
0 10
3 2
6 #edges
8 11
11 2
10 6
10 3
0 8
0 10
6 #edges
8 11
11 2
10 6
2 3
0 8
0 10
6 #edges
8 11
11 3
10 6
0 8
0 10
3 2
6 #trees for patient 17
6 #edges
11 6
10 3
0 8
0 11
0 10
3 2
6 #edges
10 6
10 3
0 8
0 11
0 10
3 2
6 #edges
6 11
10 3
0 8
0 6
0 10
3 2
6 #edges
10 11
10 3
0 8
0 6
0 10
3 2
6 #edges
11 6
10 11
10 3
0 8
0 10
3 2
6 #edges
6 11
10 6
10 3
0 8
0 10
3 2
2 #trees for patient 18
6 #edges
6 11
10 6
10 3
0 8
0 10
3 2
6 #edges
6 11
11 8
10 6
10 3
0 10
3 2
2 #trees for patient 19
6 #edges
8 11
10 6
10 3
0 8
0 10
3 2
6 #edges
6 11
10 6
10 3
0 8
0 10
3 2
8 #trees for patient 20
6 #edges
6 11
10 6
10 3
0 8
0 10
3 2
6 #edges
6 11
10 6
10 2
2 3
0 8
0 10
6 #edges
11 6
10 11
10 2
2 3
0 8
0 10
6 #edges
11 6
10 11
10 3
0 8
0 10
3 2
6 #edges
6 11
11 8
10 6
10 2
2 3
0 10
6 #edges
6 8
11 6
10 11
10 2
2 3
0 10
6 #edges
6 8
11 6
10 11
10 3
0 10
3 2
6 #edges
6 11
11 8
10 6
10 3
0 10
3 2
4 #trees for patient 21
6 #edges
11 6
10 11
10 3
0 8
0 10
3 2
6 #edges
6 11
10 6
10 3
0 8
0 10
3 2
6 #edges
6 11
10 6
10 3
2 8
0 10
3 2
6 #edges
11 6
10 11
10 3
2 8
0 10
3 2
30 #trees for patient 22
6 #edges
10 11
10 3
0 8
0 10
3 6
3 2
6 #edges
6 11
10 6
10 3
0 8
0 10
3 2
6 #edges
10 6
10 3
0 8
0 10
3 11
3 2
6 #edges
10 6
10 3
2 11
0 8
0 10
3 2
6 #edges
10 3
2 11
0 8
0 10
3 6
3 2
6 #edges
6 11
10 3
0 8
0 10
3 6
3 2
6 #edges
6 8
10 6
10 3
2 11
0 10
3 2
6 #edges
6 8
10 6
10 3
0 10
3 11
3 2
6 #edges
6 11
11 8
10 6
10 3
0 10
3 2
6 #edges
6 11
10 6
10 3
0 10
3 8
3 2
6 #edges
6 11
10 6
10 3
2 8
0 10
3 2
6 #edges
10 6
10 3
2 11
0 10
3 8
3 2
6 #edges
10 6
10 3
0 10
3 8
3 11
3 2
6 #edges
11 8
10 6
10 3
0 10
3 11
3 2
6 #edges
10 6
10 3
2 8
0 10
3 11
3 2
6 #edges
10 6
10 3
2 8
2 11
0 10
3 2
6 #edges
11 8
10 6
10 3
2 11
0 10
3 2
6 #edges
11 8
10 11
10 3
0 10
3 6
3 2
6 #edges
6 8
10 11
10 3
0 10
3 6
3 2
6 #edges
10 11
10 3
2 8
0 10
3 6
3 2
6 #edges
10 11
10 3
0 10
3 8
3 6
3 2
6 #edges
6 11
10 8
10 3
0 10
3 6
3 2
6 #edges
6 11
10 3
2 8
0 10
3 6
3 2
6 #edges
6 11
11 8
10 3
0 10
3 6
3 2
6 #edges
6 11
10 3
0 10
3 8
3 6
3 2
6 #edges
6 8
10 3
2 11
0 10
3 6
3 2
6 #edges
10 8
10 3
2 11
0 10
3 6
3 2
6 #edges
10 3
2 8
2 11
0 10
3 6
3 2
6 #edges
11 8
10 3
2 11
0 10
3 6
3 2
6 #edges
10 3
2 11
0 10
3 8
3 6
3 2
9 #trees for patient 23
6 #edges
6 11
10 6
10 2
10 3
0 8
0 10
6 #edges
6 11
10 6
10 3
0 8
0 10
3 2
6 #edges
6 11
10 6
10 2
2 3
0 8
0 10
6 #edges
6 8
6 11
10 6
10 3
0 10
3 2
6 #edges
6 8
6 11
10 6
10 2
10 3
0 10
6 #edges
6 11
11 8
10 6
10 3
0 10
3 2
6 #edges
6 11
11 8
10 6
10 2
10 3
0 10
6 #edges
6 8
6 11
10 6
10 2
2 3
0 10
6 #edges
6 11
11 8
10 6
10 2
2 3
0 10
6 #trees for patient 24
6 #edges
6 11
10 6
10 3
0 8
0 10
0 2
6 #edges
10 6
10 11
10 2
0 8
0 10
0 3
6 #edges
6 11
10 6
10 2
0 8
0 10
0 3
6 #edges
6 11
10 6
10 3
0 8
0 10
3 2
6 #edges
6 11
10 6
0 8
0 10
0 3
3 2
6 #edges
10 6
10 11
0 8
0 10
0 3
3 2
2 #trees for patient 25
6 #edges
8 6
6 11
6 2
11 7
5 8
0 5
6 #edges
8 5
6 11
6 2
11 7
5 6
0 8
4 #trees for patient 26
6 #edges
8 6
8 2
6 11
11 7
5 8
0 5
6 #edges
8 6
8 2
6 7
5 8
7 11
0 5
6 #edges
8 6
6 7
6 2
5 8
7 11
0 5
6 #edges
8 6
6 11
6 2
11 7
5 8
0 5
22 #trees for patient 27
6 #edges
8 6
6 2
5 8
5 11
5 7
0 5
6 #edges
8 6
6 2
5 8
5 7
7 11
0 5
6 #edges
8 6
8 11
6 2
5 8
5 7
0 5
6 #edges
8 6
6 11
6 2
5 8
5 7
0 5
6 #edges
8 6
6 2
5 8
5 7
2 11
0 5
6 #edges
8 6
6 11
6 2
5 8
2 7
0 5
6 #edges
8 6
6 11
6 2
11 7
5 8
0 5
6 #edges
8 6
8 7
6 11
6 2
5 8
0 5
6 #edges
8 6
8 7
6 2
5 8
2 11
0 5
6 #edges
8 6
6 2
11 7
5 8
2 11
0 5
6 #edges
8 6
6 7
6 2
5 8
2 11
0 5
6 #edges
8 6
6 2
5 8
2 11
2 7
0 5
6 #edges
8 6
8 11
6 2
5 8
2 7
0 5
6 #edges
8 6
8 11
6 7
6 2
5 8
0 5
6 #edges
8 6
8 11
6 2
11 7
5 8
0 5
6 #edges
8 6
6 2
5 8
7 11
2 7
0 5
6 #edges
8 6
6 2
5 8
5 11
2 7
0 5
6 #edges
8 6
6 7
6 2
5 8
7 11
0 5
6 #edges
8 6
6 7
6 2
5 8
5 11
0 5
6 #edges
8 6
8 7
6 2
5 8
5 11
0 5
6 #edges
8 6
8 7
6 2
5 8
7 11
0 5
6 #edges
8 6
6 2
11 7
5 8
5 11
0 5
4 #trees for patient 28
6 #edges
8 6
6 11
6 2
11 7
5 8
0 5
6 #edges
8 6
6 11
11 7
5 8
7 2
0 5
6 #edges
8 5
6 11
6 2
11 7
5 6
0 8
6 #edges
8 5
6 11
11 7
5 6
7 2
0 8
4 #trees for patient 29
6 #edges
8 6
6 11
6 7
6 2
5 8
0 5
6 #edges
8 6
6 11
6 2
11 7
5 8
0 5
6 #edges
8 5
6 11
6 7
6 2
5 6
0 8
6 #edges
8 5
6 11
6 2
11 7
5 6
0 8
2 #trees for patient 30
6 #edges
8 11
8 2
6 8
11 7
5 6
0 5
6 #edges
8 6
6 11
6 2
11 7
5 8
0 5
4 #trees for patient 31
6 #edges
8 11
8 2
6 8
11 7
5 6
0 5
6 #edges
8 7
8 2
6 8
5 6
7 11
0 5
6 #edges
8 6
6 7
6 2
5 8
7 11
0 5
6 #edges
8 6
6 11
6 2
11 7
5 8
0 5
2 #trees for patient 32
6 #edges
8 6
6 11
6 2
11 7
5 8
0 5
6 #edges
8 5
6 11
6 2
11 7
5 6
0 8
8 #trees for patient 33
6 #edges
8 11
8 2
6 8
11 7
5 6
0 5
6 #edges
8 11
6 8
11 7
5 6
7 2
0 5
6 #edges
8 7
8 2
6 8
5 6
7 11
0 5
6 #edges
8 7
6 8
11 2
5 6
7 11
0 5
6 #edges
8 6
6 7
6 2
5 8
7 11
0 5
6 #edges
8 6
6 7
11 2
5 8
7 11
0 5
6 #edges
8 6
6 11
6 2
11 7
5 8
0 5
6 #edges
8 6
6 11
11 7
5 8
7 2
0 5
96 #trees for patient 34
6 #edges
8 11
6 7
5 6
0 8
0 5
0 2
6 #edges
8 11
11 7
5 6
0 8
0 5
0 2
6 #edges
8 7
5 6
7 11
0 8
0 5
0 2
6 #edges
8 7
6 11
5 6
0 8
0 5
0 2
6 #edges
6 11
11 7
5 6
0 8
0 5
0 2
6 #edges
6 7
5 6
7 11
0 8
0 5
0 2
6 #edges
8 6
6 7
5 11
0 8
0 5
0 2
6 #edges
8 6
11 7
5 11
0 8
0 5
0 2
6 #edges
8 6
6 11
11 7
0 8
0 5
0 2
6 #edges
8 6
6 11
5 7
0 8
0 5
0 2
6 #edges
8 6
5 7
7 11
0 8
0 5
0 2
6 #edges
8 6
6 7
7 11
0 8
0 5
0 2
6 #edges
8 7
6 8
5 6
0 11
0 5
0 2
6 #edges
6 8
11 7
5 6
0 11
0 5
0 2
6 #edges
8 6
11 7
5 8
0 11
0 5
0 2
6 #edges
8 6
6 7
5 8
0 11
0 5
0 2
6 #edges
6 8
5 7
7 11
0 6
0 5
0 2
6 #edges
8 11
6 8
5 7
0 6
0 5
0 2
6 #edges
6 8
11 7
5 11
0 6
0 5
0 2
6 #edges
8 7
6 8
5 11
0 6
0 5
0 2
6 #edges
8 6
6 11
5 8
0 5
0 7
0 2
6 #edges
8 6
5 8
7 11
0 5
0 7
0 2
6 #edges
6 8
5 6
7 11
0 5
0 7
0 2
6 #edges
8 11
6 8
5 6
0 5
0 7
0 2
6 #edges
8 6
6 7
5 8
7 11
0 5
0 2
6 #edges
8 6
6 11
11 7
5 8
0 5
0 2
6 #edges
8 11
11 7
5 8
0 6
0 5
0 2
6 #edges
8 11
6 7
5 8
0 6
0 5
0 2
6 #edges
8 7
5 8
7 11
0 6
0 5
0 2
6 #edges
8 7
6 11
5 8
0 6
0 5
0 2
6 #edges
6 7
5 8
7 11
0 6
0 5
0 2
6 #edges
6 11
11 7
5 8
0 6
0 5
0 2
6 #edges
8 11
6 8
11 7
5 6
0 5
0 2
6 #edges
8 7
6 8
5 6
7 11
0 5
0 2
6 #edges
8 7
6 8
7 11
0 6
0 5
0 2
6 #edges
8 11
6 8
11 7
0 6
0 5
0 2
6 #edges
8 6
6 2
5 8
7 11
0 5
0 7
6 #edges
8 2
6 8
5 6
7 11
0 5
0 7
6 #edges
8 6
6 11
6 2
5 8
0 5
0 7
6 #edges
8 11
8 2
6 8
5 6
0 5
0 7
6 #edges
8 6
6 2
11 7
5 8
0 11
0 5
6 #edges
8 2
6 8
11 7
5 6
0 11
0 5
6 #edges
8 6
6 7
6 2
5 8
0 11
0 5
6 #edges
8 7
8 2
6 8
5 6
0 11
0 5
6 #edges
8 11
8 2
6 8
11 7
0 6
0 5
6 #edges
8 11
6 8
11 7
5 2
0 6
0 5
6 #edges
8 11
8 2
6 8
5 7
0 6
0 5
6 #edges
8 11
6 8
5 7
5 2
0 6
0 5
6 #edges
8 7
8 2
6 8
7 11
0 6
0 5
6 #edges
8 7
8 2
6 8
5 11
0 6
0 5
6 #edges
8 2
6 8
11 7
5 11
0 6
0 5
6 #edges
8 2
6 8
5 7
7 11
0 6
0 5
6 #edges
8 7
6 8
5 2
7 11
0 6
0 5
6 #edges
8 7
6 8
5 11
5 2
0 6
0 5
6 #edges
6 8
11 7
5 11
5 2
0 6
0 5
6 #edges
6 8
5 7
5 2
7 11
0 6
0 5
6 #edges
6 11
6 2
11 7
5 8
0 6
0 5
6 #edges
8 2
6 11
11 7
5 8
0 6
0 5
6 #edges
8 7
6 11
6 2
5 8
0 6
0 5
6 #edges
8 7
8 2
6 11
5 8
0 6
0 5
6 #edges
8 11
6 7
6 2
5 8
0 6
0 5
6 #edges
6 7
6 2
5 8
7 11
0 6
0 5
6 #edges
8 7
6 2
5 8
7 11
0 6
0 5
6 #edges
8 11
6 2
11 7
5 8
0 6
0 5
6 #edges
8 11
8 2
6 7
5 8
0 6
0 5
6 #edges
8 2
6 7
5 8
7 11
0 6
0 5
6 #edges
8 7
8 2
5 8
7 11
0 6
0 5
6 #edges
8 11
8 2
11 7
5 8
0 6
0 5
6 #edges
8 7
8 2
5 6
7 11
0 8
0 5
6 #edges
8 7
6 2
5 6
7 11
0 8
0 5
6 #edges
8 7
8 2
6 11
5 6
0 8
0 5
6 #edges
8 7
6 11
6 2
5 6
0 8
0 5
6 #edges
8 11
8 2
11 7
5 6
0 8
0 5
6 #edges
8 11
8 2
6 7
5 6
0 8
0 5
6 #edges
8 2
6 7
5 6
7 11
0 8
0 5
6 #edges
8 2
6 11
11 7
5 6
0 8
0 5
6 #edges
8 11
6 2
11 7
5 6
0 8
0 5
6 #edges
8 11
6 7
6 2
5 6
0 8
0 5
6 #edges
8 6
6 2
5 7
7 11
0 8
0 5
6 #edges
8 6
6 11
6 2
5 7
0 8
0 5
6 #edges
8 6
6 7
6 2
5 11
0 8
0 5
6 #edges
8 6
6 7
6 2
7 11
0 8
0 5
6 #edges
8 6
6 11
6 2
11 7
0 8
0 5
6 #edges
8 6
6 2
11 7
5 11
0 8
0 5
6 #edges
8 6
6 7
5 2
7 11
0 8
0 5
6 #edges
8 6
6 7
5 11
5 2
0 8
0 5
6 #edges
8 6
6 11
11 7
5 2
0 8
0 5
6 #edges
8 6
6 11
5 7
5 2
0 8
0 5
6 #edges
8 6
5 7
5 2
7 11
0 8
0 5
6 #edges
8 6
11 7
5 11
5 2
0 8
0 5
6 #edges
6 11
6 2
11 7
5 6
0 8
0 5
6 #edges
6 7
6 2
5 6
7 11
0 8
0 5
6 #edges
8 11
8 2
6 8
11 7
5 6
0 5
6 #edges
8 7
8 2
6 8
5 6
7 11
0 5
6 #edges
8 6
6 7
6 2
5 8
7 11
0 5
6 #edges
8 6
6 11
6 2
11 7
5 8
0 5
12 #trees for patient 35
6 #edges
4 11
5 6
11 3
0 4
0 9
3 5
6 #edges
4 11
6 5
11 3
0 4
0 9
3 6
6 #edges
4 3
6 5
11 6
0 4
0 9
3 11
6 #edges
4 3
5 6
11 5
0 4
0 9
3 11
6 #edges
4 11
6 5
11 6
0 9
0 3
3 4
6 #edges
4 11
5 6
11 5
0 9
0 3
3 4
6 #edges
4 6
6 5
11 4
0 9
0 3
3 11
6 #edges
4 5
5 6
11 4
0 9
0 3
3 11
6 #edges
4 6
6 5
11 3
0 9
0 11
3 4
6 #edges
4 5
5 6
11 3
0 9
0 11
3 4
6 #edges
4 3
6 5
11 4
0 9
0 11
3 6
6 #edges
4 3
5 6
11 4
0 9
0 11
3 5
12 #trees for patient 36
6 #edges
4 3
9 6
5 11
0 4
0 9
3 5
6 #edges
4 3
5 11
11 6
0 4
0 9
3 5
6 #edges
4 3
5 6
11 5
0 4
0 9
3 11
6 #edges
4 3
9 6
11 5
0 4
0 9
3 11
6 #edges
4 5
5 11
11 3
0 4
0 9
3 6
6 #edges
4 5
9 6
5 11
11 3
0 4
0 9
6 #edges
4 5
9 6
5 3
0 4
0 9
3 11
6 #edges
4 5
5 3
11 6
0 4
0 9
3 11
6 #edges
4 11
5 6
11 3
0 4
0 9
3 5
6 #edges
4 11
9 6
11 3
0 4
0 9
3 5
6 #edges
4 11
5 3
11 5
0 4
0 9
3 6
6 #edges
4 11
9 6
5 3
11 5
0 4
0 9
14 #trees for patient 37
6 #edges
4 11
5 6
11 3
0 4
0 9
0 5
6 #edges
4 3
5 6
0 4
0 9
0 5
3 11
6 #edges
4 11
11 3
0 4
0 9
0 6
0 5
6 #edges
4 3
0 4
0 9
0 6
0 5
3 11
6 #edges
4 11
11 3
0 4
0 9
0 5
3 6
6 #edges
4 3
11 6
0 4
0 9
0 5
3 11
6 #edges
4 11
6 5
11 3
0 4
0 9
0 6
6 #edges
4 11
11 3
0 4
0 9
0 6
3 5
6 #edges
4 3
6 5
0 4
0 9
0 6
3 11
6 #edges
4 3
11 5
0 4
0 9
0 6
3 11
6 #edges
4 3
5 6
11 5
0 4
0 9
3 11
6 #edges
4 3
6 5
11 6
0 4
0 9
3 11
6 #edges
4 11
5 6
11 3
0 4
0 9
3 5
6 #edges
4 11
6 5
11 3
0 4
0 9
3 6
2 #trees for patient 38
6 #edges
4 3
5 11
11 6
0 4
0 9
3 5
6 #edges
4 3
5 6
11 5
0 4
0 9
3 11
6 #trees for patient 39
6 #edges
4 11
5 6
11 5
0 9
0 3
3 4
6 #edges
4 5
5 6
11 4
0 9
0 3
3 11
6 #edges
4 3
5 6
11 4
0 9
0 11
3 5
6 #edges
4 5
5 6
11 3
0 9
0 11
3 4
6 #edges
4 11
5 6
11 3
0 4
0 9
3 5
6 #edges
4 3
5 6
11 5
0 4
0 9
3 11
7 #trees for patient 40
6 #edges
4 3
9 6
9 5
0 4
0 9
3 11
6 #edges
4 3
9 6
6 5
0 4
0 9
3 11
6 #edges
4 3
9 6
11 5
0 4
0 9
3 11
6 #edges
4 3
9 5
11 6
0 4
0 9
3 11
6 #edges
4 3
9 5
5 6
0 4
0 9
3 11
6 #edges
4 3
6 5
11 6
0 4
0 9
3 11
6 #edges
4 3
5 6
11 5
0 4
0 9
3 11
12 #trees for patient 41
6 #edges
4 3
11 5
0 4
0 9
3 6
3 11
6 #edges
4 3
5 6
11 5
0 4
0 9
3 11
6 #edges
4 3
5 11
0 4
0 9
3 6
3 5
6 #edges
4 3
5 11
11 6
0 4
0 9
3 5
6 #edges
4 3
5 6
11 5
0 4
3 9
3 11
6 #edges
4 3
11 5
0 4
3 9
3 6
3 11
6 #edges
4 3
5 9
5 6
11 5
0 4
3 11
6 #edges
4 3
5 9
11 5
0 4
3 6
3 11
6 #edges
4 3
5 11
0 4
3 9
3 6
3 5
6 #edges
4 3
5 11
11 9
0 4
3 6
3 5
6 #edges
4 3
5 11
11 6
0 4
3 9
3 5
6 #edges
4 3
5 11
11 9
11 6
0 4
3 5
6 #trees for patient 42
6 #edges
4 3
6 11
11 5
0 4
0 9
3 6
6 #edges
4 3
6 5
5 11
0 4
0 9
3 6
6 #edges
4 3
6 5
11 6
0 4
0 9
3 11
6 #edges
4 3
5 6
11 5
0 4
0 9
3 11
6 #edges
4 3
5 11
11 6
0 4
0 9
3 5
6 #edges
4 3
6 11
5 6
0 4
0 9
3 5
8 #trees for patient 43
6 #edges
4 3
6 5
11 6
0 4
0 9
3 11
6 #edges
4 3
5 6
11 5
0 4
0 9
3 11
6 #edges
4 11
5 6
11 3
0 4
0 9
3 5
6 #edges
4 11
6 5
11 3
0 4
0 9
3 6
6 #edges
4 3
6 5
11 9
11 6
0 4
3 11
6 #edges
4 3
5 6
11 9
11 5
0 4
3 11
6 #edges
4 11
5 6
11 3
0 4
3 9
3 5
6 #edges
4 11
6 5
11 3
0 4
3 9
3 6
4 #trees for patient 44
6 #edges
4 8
4 5
5 2
10 4
10 7
0 10
6 #edges
4 8
4 5
4 2
10 4
10 7
0 10
6 #edges
4 8
4 5
4 2
5 7
10 4
0 10
6 #edges
4 8
4 5
5 7
5 2
10 4
0 10
4 #trees for patient 45
6 #edges
4 8
4 5
4 2
10 4
10 7
0 10
6 #edges
4 5
4 2
5 8
10 4
10 7
0 10
6 #edges
4 5
4 2
5 8
10 4
2 7
0 10
6 #edges
4 8
4 5
4 2
10 4
2 7
0 10
2 #trees for patient 46
6 #edges
4 8
4 5
4 2
10 4
10 7
0 10
6 #edges
4 8
4 5
4 2
10 4
2 7
0 10
10 #trees for patient 47
6 #edges
4 8
4 5
4 7
10 4
10 2
0 10
6 #edges
4 5
4 7
5 8
10 4
10 2
0 10
6 #edges
4 8
4 5
10 4
10 7
7 2
0 10
6 #edges
4 5
5 8
10 4
10 7
7 2
0 10
6 #edges
4 5
4 2
5 8
10 4
10 7
0 10
6 #edges
4 8
4 5
4 2
10 4
10 7
0 10
6 #edges
4 5
4 7
4 2
5 8
10 4
0 10
6 #edges
4 8
4 5
4 7
4 2
10 4
0 10
6 #edges
4 5
4 7
5 8
10 4
7 2
0 10
6 #edges
4 8
4 5
4 7
10 4
7 2
0 10
2 #trees for patient 48
6 #edges
4 8
4 5
4 2
10 4
10 7
0 10
6 #edges
4 5
4 2
10 4
10 7
2 8
0 10
7 #trees for patient 49
6 #edges
4 8
4 7
4 2
10 4
2 5
0 10
6 #edges
4 8
4 5
4 2
10 4
10 7
0 10
6 #edges
4 8
4 2
10 4
10 7
2 5
0 10
6 #edges
4 8
4 5
4 2
5 7
10 4
0 10
6 #edges
4 8
4 5
4 2
10 4
2 7
0 10
6 #edges
4 8
4 2
10 4
2 5
2 7
0 10
6 #edges
4 8
4 2
5 7
10 4
2 5
0 10
