100 # patients
2 #trees for patient 0
6 #edges
1 3
10 2
8 10
0 8
2 1
2 11
6 #edges
10 2
3 1
8 10
0 8
2 11
2 3
2 #trees for patient 1
6 #edges
1 3
10 2
8 10
0 8
2 1
2 11
6 #edges
10 2
3 1
8 10
0 8
2 11
2 3
2 #trees for patient 2
6 #edges
1 3
10 2
8 10
0 8
2 1
2 11
6 #edges
1 3
10 1
10 11
8 2
0 8
2 10
4 #trees for patient 3
6 #edges
10 3
10 2
8 10
0 8
2 1
2 11
6 #edges
1 3
10 2
8 10
0 8
2 1
2 11
6 #edges
10 8
8 3
8 2
0 10
2 1
2 11
6 #edges
1 3
10 8
8 2
0 10
2 1
2 11
56 #trees for patient 4
6 #edges
1 3
10 1
10 11
10 2
8 10
0 8
6 #edges
10 1
10 11
10 3
10 2
8 10
0 8
6 #edges
10 1
10 11
10 2
11 3
8 10
0 8
6 #edges
10 1
10 11
10 2
8 10
0 8
2 3
6 #edges
10 11
10 3
10 2
3 1
8 10
0 8
6 #edges
10 11
10 3
10 2
11 1
8 10
0 8
6 #edges
10 11
10 3
10 2
8 10
0 8
2 1
6 #edges
10 11
10 2
11 3
3 1
8 10
0 8
6 #edges
10 11
10 2
11 3
8 10
0 8
2 1
6 #edges
1 3
10 11
10 2
8 10
0 8
2 1
6 #edges
10 11
10 2
8 10
0 8
2 1
2 3
6 #edges
1 3
10 11
10 2
11 1
8 10
0 8
6 #edges
10 11
10 2
11 1
8 10
0 8
2 3
6 #edges
10 11
10 2
3 1
8 10
0 8
2 3
6 #edges
10 1
10 3
10 2
8 10
0 8
2 11
6 #edges
10 3
10 2
3 1
8 10
0 8
2 11
6 #edges
10 3
10 2
8 10
0 8
2 1
2 11
6 #edges
10 3
10 2
11 1
8 10
0 8
2 11
6 #edges
1 3
10 1
10 2
8 10
0 8
2 11
6 #edges
10 1
10 2
11 3
8 10
0 8
2 11
6 #edges
10 1
10 2
8 10
0 8
2 11
2 3
6 #edges
10 2
8 10
0 8
2 1
2 11
2 3
6 #edges
1 3
10 2
8 10
0 8
2 1
2 11
6 #edges
10 2
11 3
8 10
0 8
2 1
2 11
6 #edges
10 2
11 1
8 10
0 8
2 11
2 3
6 #edges
10 2
3 1
8 10
0 8
2 11
2 3
6 #edges
10 2
11 3
3 1
8 10
0 8
2 11
6 #edges
1 3
10 2
11 1
8 10
0 8
2 11
6 #edges
10 8
8 1
8 11
8 3
8 2
0 10
6 #edges
10 8
8 1
8 3
8 2
0 10
2 11
6 #edges
10 8
3 1
8 11
8 3
8 2
0 10
6 #edges
10 8
3 1
8 3
8 2
0 10
2 11
6 #edges
10 8
11 1
8 11
8 3
8 2
0 10
6 #edges
10 8
8 11
8 3
8 2
0 10
2 1
6 #edges
10 8
8 3
8 2
0 10
2 1
2 11
6 #edges
10 8
11 1
8 3
8 2
0 10
2 11
6 #edges
1 3
10 8
11 1
8 11
8 2
0 10
6 #edges
10 8
11 1
8 11
8 2
0 10
2 3
6 #edges
10 8
11 3
8 1
8 11
8 2
0 10
6 #edges
1 3
10 8
8 1
8 11
8 2
0 10
6 #edges
10 8
8 1
8 11
8 2
0 10
2 3
6 #edges
10 8
11 3
3 1
8 11
8 2
0 10
6 #edges
10 8
11 3
8 11
8 2
0 10
2 1
6 #edges
10 8
8 11
8 2
0 10
2 1
2 3
6 #edges
1 3
10 8
8 11
8 2
0 10
2 1
6 #edges
10 8
3 1
8 11
8 2
0 10
2 3
6 #edges
1 3
10 8
8 1
8 2
0 10
2 11
6 #edges
10 8
8 1
8 2
0 10
2 11
2 3
6 #edges
10 8
11 3
8 1
8 2
0 10
2 11
6 #edges
1 3
10 8
8 2
0 10
2 1
2 11
6 #edges
10 8
8 2
0 10
2 1
2 11
2 3
6 #edges
10 8
11 3
8 2
0 10
2 1
2 11
6 #edges
10 8
11 1
8 2
0 10
2 11
2 3
6 #edges
10 8
3 1
8 2
0 10
2 11
2 3
6 #edges
10 8
11 3
3 1
8 2
0 10
2 11
6 #edges
1 3
10 8
11 1
8 2
0 10
2 11
4 #trees for patient 5
6 #edges
1 3
10 2
8 10
8 11
0 8
2 1
6 #edges
1 3
10 11
10 2
8 10
0 8
2 1
6 #edges
1 3
10 2
8 10
0 8
2 1
2 11
6 #edges
1 11
1 3
10 2
8 10
0 8
2 1
2 #trees for patient 6
6 #edges
1 3
10 2
8 10
0 8
2 1
2 11
6 #edges
1 3
10 8
8 2
0 10
2 1
2 11
2 #trees for patient 7
6 #edges
1 3
10 2
8 10
0 8
2 1
2 11
6 #edges
10 2
3 1
8 10
0 8
2 11
2 3
4 #trees for patient 8
6 #edges
1 3
10 2
8 10
0 8
2 1
2 11
6 #edges
10 2
3 1
8 10
0 8
2 11
2 3
6 #edges
1 3
10 8
8 2
0 10
2 1
2 11
6 #edges
10 8
3 1
8 2
0 10
2 11
2 3
2 #trees for patient 9
6 #edges
1 3
10 2
8 10
0 8
2 1
2 11
6 #edges
10 2
3 1
8 10
0 8
2 11
2 3
12 #trees for patient 10
6 #edges
1 3
10 2
8 10
0 11
0 8
2 1
6 #edges
10 2
3 1
8 10
0 11
0 8
2 3
6 #edges
1 3
10 8
8 2
0 10
0 11
2 1
6 #edges
10 8
3 1
8 2
0 10
0 11
2 3
6 #edges
1 3
10 11
10 2
8 10
0 8
2 1
6 #edges
10 11
10 2
3 1
8 10
0 8
2 3
6 #edges
1 3
10 2
8 10
0 8
2 1
2 11
6 #edges
10 2
3 1
8 10
0 8
2 11
2 3
6 #edges
1 3
10 8
8 11
8 2
0 10
2 1
6 #edges
10 8
3 1
8 11
8 2
0 10
2 3
6 #edges
1 3
10 8
8 2
0 10
2 1
2 11
6 #edges
10 8
3 1
8 2
0 10
2 11
2 3
8 #trees for patient 11
6 #edges
10 2
3 1
8 10
0 8
2 11
2 3
6 #edges
1 11
10 2
3 1
8 10
0 8
2 3
6 #edges
1 3
10 2
8 10
0 8
2 1
2 11
6 #edges
1 3
10 2
3 11
8 10
0 8
2 1
6 #edges
10 8
3 1
8 2
0 10
2 11
2 3
6 #edges
1 3
10 8
8 2
0 10
2 1
2 11
6 #edges
1 11
10 8
3 1
8 2
0 10
2 3
6 #edges
1 3
10 8
3 11
8 2
0 10
2 1
28 #trees for patient 12
6 #edges
1 3
10 2
8 1
8 10
0 11
0 8
6 #edges
10 2
8 1
8 10
0 11
0 8
2 3
6 #edges
10 2
8 1
8 10
8 3
0 11
0 8
6 #edges
10 2
8 10
8 3
0 11
0 8
2 1
6 #edges
10 2
3 1
8 10
8 3
0 11
0 8
6 #edges
1 3
10 2
8 10
0 11
0 8
2 1
6 #edges
10 2
3 1
8 10
0 11
0 8
2 3
6 #edges
8 1
8 3
8 2
0 11
0 8
2 10
6 #edges
10 3
8 1
8 2
0 11
0 8
2 10
6 #edges
1 3
8 1
8 2
0 11
0 8
2 10
6 #edges
3 1
8 3
8 2
0 11
0 8
2 10
6 #edges
10 1
8 3
8 2
0 11
0 8
2 10
6 #edges
1 3
10 1
8 2
0 11
0 8
2 10
6 #edges
10 3
3 1
8 2
0 11
0 8
2 10
6 #edges
10 11
8 1
8 3
8 2
0 8
2 10
6 #edges
10 11
3 1
8 3
8 2
0 8
2 10
6 #edges
10 1
10 11
8 3
8 2
0 8
2 10
6 #edges
10 2
3 1
8 10
8 3
0 8
2 11
6 #edges
10 2
8 1
8 10
8 3
0 8
2 11
6 #edges
10 2
8 10
8 3
0 8
2 1
2 11
6 #edges
10 2
8 1
8 10
0 8
2 11
2 3
6 #edges
1 3
10 2
8 1
8 10
0 8
2 11
6 #edges
10 11
10 3
8 1
8 2
0 8
2 10
6 #edges
1 3
10 11
8 1
8 2
0 8
2 10
6 #edges
10 11
10 3
3 1
8 2
0 8
2 10
6 #edges
1 3
10 1
10 11
8 2
0 8
2 10
6 #edges
1 3
10 2
8 10
0 8
2 1
2 11
6 #edges
10 2
3 1
8 10
0 8
2 11
2 3
5 #trees for patient 13
6 #edges
10 1
10 3
10 2
8 10
0 8
2 11
6 #edges
1 3
10 1
10 2
8 10
0 8
2 11
6 #edges
10 1
10 2
8 10
0 8
2 11
2 3
6 #edges
10 3
10 2
8 10
0 8
2 1
2 11
6 #edges
1 3
10 2
8 10
0 8
2 1
2 11
2 #trees for patient 14
6 #edges
1 11
1 3
10 2
8 10
0 8
2 1
6 #edges
1 3
10 2
8 10
0 8
2 1
2 11
2 #trees for patient 15
6 #edges
1 3
10 2
8 10
0 8
2 1
2 11
6 #edges
1 3
10 8
8 2
0 10
2 1
2 11
36 #trees for patient 16
6 #edges
10 2
3 1
8 10
8 11
8 3
0 8
6 #edges
10 2
8 10
8 11
8 3
0 8
2 1
6 #edges
10 11
10 2
8 10
8 3
0 8
2 1
6 #edges
10 11
10 2
3 1
8 10
8 3
0 8
6 #edges
10 2
3 1
8 10
8 3
0 8
2 11
6 #edges
10 2
8 10
8 3
0 8
2 1
2 11
6 #edges
1 3
10 1
10 11
8 10
8 2
0 8
6 #edges
1 3
10 1
8 10
8 11
8 2
0 8
6 #edges
1 3
10 1
8 10
8 2
0 8
2 11
6 #edges
10 1
8 10
8 2
0 8
2 11
2 3
6 #edges
10 1
10 11
8 10
8 2
0 8
2 3
6 #edges
10 1
8 10
8 11
8 2
0 8
2 3
6 #edges
1 3
10 11
10 2
8 1
8 10
0 8
6 #edges
10 11
10 2
8 1
8 10
0 8
2 3
6 #edges
10 2
8 1
8 10
0 8
2 11
2 3
6 #edges
10 2
8 1
8 10
8 11
0 8
2 3
6 #edges
1 3
10 2
8 1
8 10
0 8
2 11
6 #edges
1 3
10 2
8 1
8 10
8 11
0 8
6 #edges
10 3
3 1
8 10
8 11
8 2
0 8
6 #edges
10 3
8 10
8 11
8 2
0 8
2 1
6 #edges
10 3
3 1
8 10
8 2
0 8
2 11
6 #edges
10 11
10 3
3 1
8 10
8 2
0 8
6 #edges
10 3
8 10
8 2
0 8
2 1
2 11
6 #edges
10 11
10 3
8 10
8 2
0 8
2 1
6 #edges
3 1
8 10
8 2
0 8
2 11
2 3
6 #edges
1 3
8 10
8 2
0 8
2 1
2 11
6 #edges
1 3
10 11
8 10
8 2
0 8
2 1
6 #edges
10 11
3 1
8 10
8 2
0 8
2 3
6 #edges
1 3
8 10
8 11
8 2
0 8
2 1
6 #edges
3 1
8 10
8 11
8 2
0 8
2 3
6 #edges
1 3
10 2
8 10
8 11
0 8
2 1
6 #edges
10 2
3 1
8 10
8 11
0 8
2 3
6 #edges
1 3
10 2
8 10
0 8
2 1
2 11
6 #edges
1 3
10 11
10 2
8 10
0 8
2 1
6 #edges
10 11
10 2
3 1
8 10
0 8
2 3
6 #edges
10 2
3 1
8 10
0 8
2 11
2 3
4 #trees for patient 17
6 #edges
1 3
10 11
10 2
8 10
0 8
2 1
6 #edges
1 3
10 2
8 10
0 8
2 1
2 11
6 #edges
1 3
10 8
8 2
0 10
2 1
2 11
6 #edges
1 3
10 8
8 11
8 2
0 10
2 1
2 #trees for patient 18
6 #edges
1 3
10 2
8 10
0 8
2 1
2 11
6 #edges
1 3
10 8
8 2
0 10
2 1
2 11
3 #trees for patient 19
6 #edges
1 3
10 2
8 10
8 11
0 8
2 1
6 #edges
1 3
10 11
10 2
8 10
0 8
2 1
6 #edges
1 3
10 2
8 10
0 8
2 1
2 11
2 #trees for patient 20
6 #edges
1 3
10 2
8 10
0 8
2 1
2 11
6 #edges
1 3
10 1
10 11
8 2
0 8
2 10
6 #trees for patient 21
6 #edges
1 3
10 8
8 1
8 11
0 2
2 10
6 #edges
1 3
10 1
10 11
8 10
0 2
2 8
6 #edges
1 3
10 2
8 10
0 8
2 1
2 11
6 #edges
1 3
10 1
10 11
8 2
0 8
2 10
6 #edges
1 3
10 2
8 1
8 11
0 10
2 8
6 #edges
1 3
10 8
8 2
0 10
2 1
2 11
4 #trees for patient 22
6 #edges
1 3
10 11
10 2
8 10
0 8
2 1
6 #edges
1 3
10 2
8 10
0 8
2 1
2 11
6 #edges
10 2
3 1
8 10
0 8
2 11
2 3
6 #edges
10 11
10 2
3 1
8 10
0 8
2 3
2 #trees for patient 23
6 #edges
1 3
10 2
8 10
8 11
0 8
2 1
6 #edges
1 3
10 2
8 10
0 8
2 1
2 11
12 #trees for patient 24
6 #edges
10 8
3 1
8 11
8 3
0 2
2 10
6 #edges
1 3
10 8
8 1
8 11
0 2
2 10
6 #edges
10 11
10 3
3 1
8 10
0 2
2 8
6 #edges
1 3
10 1
10 11
8 10
0 2
2 8
6 #edges
1 3
10 2
8 10
0 8
2 1
2 11
6 #edges
10 2
3 1
8 10
0 8
2 11
2 3
6 #edges
1 3
10 1
10 11
8 2
0 8
2 10
6 #edges
10 11
10 3
3 1
8 2
0 8
2 10
6 #edges
1 3
10 8
8 2
0 10
2 1
2 11
6 #edges
10 8
3 1
8 2
0 10
2 11
2 3
6 #edges
10 2
3 1
8 11
8 3
0 10
2 8
6 #edges
1 3
10 2
8 1
8 11
0 10
2 8
12 #trees for patient 25
6 #edges
1 3
10 8
8 1
8 11
0 2
2 10
6 #edges
10 8
3 1
8 11
8 3
0 2
2 10
6 #edges
1 3
10 1
10 11
8 10
0 2
2 8
6 #edges
10 11
10 3
3 1
8 10
0 2
2 8
6 #edges
10 2
3 1
8 10
0 8
2 11
2 3
6 #edges
1 3
10 2
8 10
0 8
2 1
2 11
6 #edges
10 11
10 3
3 1
8 2
0 8
2 10
6 #edges
1 3
10 1
10 11
8 2
0 8
2 10
6 #edges
10 2
3 1
8 11
8 3
0 10
2 8
6 #edges
1 3
10 2
8 1
8 11
0 10
2 8
6 #edges
1 3
10 8
8 2
0 10
2 1
2 11
6 #edges
10 8
3 1
8 2
0 10
2 11
2 3
4 #trees for patient 26
6 #edges
1 3
10 2
8 10
0 8
2 1
2 11
6 #edges
10 2
3 1
8 10
0 8
2 11
2 3
6 #edges
10 11
10 3
3 1
8 2
0 8
2 10
6 #edges
1 3
10 1
10 11
8 2
0 8
2 10
6 #trees for patient 27
6 #edges
10 3
10 2
8 10
0 8
2 1
2 11
6 #edges
10 2
8 10
0 8
2 1
2 11
2 3
6 #edges
1 3
10 2
8 10
0 8
2 1
2 11
6 #edges
1 11
10 3
10 2
8 10
0 8
2 1
6 #edges
1 11
1 3
10 2
8 10
0 8
2 1
6 #edges
1 11
10 2
8 10
0 8
2 1
2 3
14 #trees for patient 28
6 #edges
10 2
11 3
8 10
0 8
2 1
2 11
6 #edges
1 3
10 2
8 10
0 8
2 1
2 11
6 #edges
10 2
11 3
3 1
8 10
0 8
2 11
6 #edges
10 2
11 1
11 3
8 10
0 8
2 11
6 #edges
1 3
10 2
11 1
8 10
0 8
2 11
6 #edges
10 2
11 1
8 10
0 8
2 11
2 3
6 #edges
10 2
3 1
8 10
0 8
2 11
2 3
6 #edges
1 3
10 8
8 2
0 10
2 1
2 11
6 #edges
10 8
11 3
8 2
0 10
2 1
2 11
6 #edges
10 8
3 1
8 2
0 10
2 11
2 3
6 #edges
10 8
11 1
8 2
0 10
2 11
2 3
6 #edges
10 8
11 1
11 3
8 2
0 10
2 11
6 #edges
10 8
11 3
3 1
8 2
0 10
2 11
6 #edges
1 3
10 8
11 1
8 2
0 10
2 11
1 #trees for patient 29
6 #edges
1 3
10 2
8 10
0 8
2 1
2 11
6 #trees for patient 30
6 #edges
10 6
10 3
6 11
0 10
0 8
0 2
6 #edges
10 6
10 3
6 11
3 2
0 10
0 8
6 #edges
10 6
10 11
10 2
0 10
0 3
0 8
6 #edges
10 6
10 2
6 11
0 10
0 3
0 8
6 #edges
10 6
10 11
3 2
0 10
0 3
0 8
6 #edges
10 6
6 11
3 2
0 10
0 3
0 8
12 #trees for patient 31
6 #edges
10 11
10 3
10 2
11 6
0 10
0 8
6 #edges
10 11
10 3
11 6
3 2
0 10
0 8
6 #edges
10 6
10 3
10 2
6 11
0 10
0 8
6 #edges
10 6
10 3
6 11
3 2
0 10
0 8
6 #edges
10 11
10 3
10 2
11 6
3 8
0 10
6 #edges
10 11
10 3
10 2
11 6
0 10
2 8
6 #edges
10 11
10 3
11 6
3 2
0 10
2 8
6 #edges
10 11
10 3
10 8
11 6
3 2
0 10
6 #edges
10 6
10 3
10 2
6 11
3 8
0 10
6 #edges
10 6
10 3
10 8
6 11
3 2
0 10
6 #edges
10 6
10 3
6 11
3 2
0 10
2 8
6 #edges
10 6
10 3
10 2
6 11
0 10
2 8
15 #trees for patient 32
6 #edges
10 3
3 2
8 6
8 11
0 10
0 8
6 #edges
10 3
6 11
3 2
8 6
0 10
0 8
6 #edges
10 3
3 2
8 6
0 10
0 8
2 11
6 #edges
10 11
10 3
3 2
8 6
0 10
0 8
6 #edges
10 6
10 11
10 3
3 2
0 10
0 8
6 #edges
10 6
10 3
3 2
8 11
0 10
0 8
6 #edges
10 6
10 3
6 11
3 2
0 10
0 8
6 #edges
10 6
10 3
3 2
0 10
0 8
2 11
6 #edges
10 11
10 3
11 6
3 2
0 10
0 8
6 #edges
10 11
10 3
3 2
0 10
0 8
2 6
6 #edges
10 3
3 2
8 11
0 10
0 8
2 6
6 #edges
10 3
11 6
3 2
8 11
0 10
0 8
6 #edges
10 3
6 11
3 2
0 10
0 8
2 6
6 #edges
10 3
3 2
0 10
0 8
2 6
2 11
6 #edges
10 3
11 6
3 2
0 10
0 8
2 11
4 #trees for patient 33
6 #edges
10 6
10 3
6 11
3 2
0 10
0 8
6 #edges
10 6
10 2
6 11
0 10
0 8
2 3
6 #edges
10 6
10 3
6 11
11 8
3 2
0 10
6 #edges
10 6
10 2
6 11
11 8
0 10
2 3
8 #trees for patient 34
6 #edges
10 6
10 2
6 11
0 10
0 8
2 3
6 #edges
10 6
10 3
6 11
3 2
0 10
0 8
6 #edges
10 11
10 3
11 6
3 2
0 10
0 8
6 #edges
10 11
10 2
11 6
0 10
0 8
2 3
6 #edges
10 6
10 3
6 11
11 8
3 2
0 10
6 #edges
10 6
10 2
6 11
11 8
0 10
2 3
6 #edges
10 11
10 3
6 8
11 6
3 2
0 10
6 #edges
10 11
10 2
6 8
11 6
0 10
2 3
36 #trees for patient 35
6 #edges
10 11
10 3
6 2
11 6
0 10
0 8
6 #edges
10 11
10 3
11 6
3 2
0 10
0 8
6 #edges
10 6
10 3
6 11
3 2
0 10
0 8
6 #edges
10 6
10 3
6 11
11 2
0 10
0 8
6 #edges
10 6
10 2
6 11
11 3
0 10
0 8
6 #edges
10 6
10 2
6 11
0 10
0 8
2 3
6 #edges
10 11
10 2
11 6
0 10
0 8
2 3
6 #edges
10 11
10 2
6 3
11 6
0 10
0 8
6 #edges
10 6
6 11
11 2
0 10
0 8
2 3
6 #edges
10 6
6 11
11 3
3 2
0 10
0 8
6 #edges
10 11
6 3
11 6
3 2
0 10
0 8
6 #edges
10 11
6 2
11 6
0 10
0 8
2 3
6 #edges
10 6
10 8
6 11
11 3
3 2
0 10
6 #edges
10 6
10 8
6 11
11 2
0 10
2 3
6 #edges
10 6
10 3
6 11
11 8
3 2
0 10
6 #edges
10 6
10 3
6 11
11 2
3 8
0 10
6 #edges
10 6
10 3
6 11
3 2
0 10
2 8
6 #edges
10 6
10 3
6 11
11 2
0 10
2 8
6 #edges
10 6
10 2
6 11
11 3
3 8
0 10
6 #edges
10 6
6 11
11 3
3 2
0 10
2 8
6 #edges
10 6
10 2
6 11
11 3
0 10
2 8
6 #edges
10 6
10 2
6 11
11 8
0 10
2 3
6 #edges
10 6
10 2
6 11
3 8
0 10
2 3
6 #edges
10 6
6 11
11 2
3 8
0 10
2 3
6 #edges
10 11
10 2
6 3
11 6
0 10
2 8
6 #edges
10 11
10 2
6 8
11 6
0 10
2 3
6 #edges
10 11
10 2
11 6
3 8
0 10
2 3
6 #edges
10 11
10 2
6 3
11 6
3 8
0 10
6 #edges
10 11
10 8
6 2
11 6
0 10
2 3
6 #edges
10 11
10 8
6 3
11 6
3 2
0 10
6 #edges
10 11
6 2
11 6
3 8
0 10
2 3
6 #edges
10 11
10 3
6 2
11 6
0 10
2 8
6 #edges
10 11
10 3
6 2
11 6
3 8
0 10
6 #edges
10 11
6 3
11 6
3 2
0 10
2 8
6 #edges
10 11
10 3
6 8
11 6
3 2
0 10
6 #edges
10 11
10 3
11 6
3 2
0 10
2 8
112 #trees for patient 36
6 #edges
10 3
11 6
0 10
0 11
0 8
0 2
6 #edges
11 6
0 10
0 11
0 3
0 8
0 2
6 #edges
11 6
0 10
0 11
0 8
0 2
2 3
6 #edges
10 2
11 6
0 10
0 11
0 3
0 8
6 #edges
10 2
11 6
0 10
0 11
0 8
2 3
6 #edges
10 3
11 6
3 2
0 10
0 11
0 8
6 #edges
11 6
3 2
0 10
0 11
0 3
0 8
6 #edges
10 6
10 3
0 10
0 11
0 8
0 2
6 #edges
10 6
0 10
0 11
0 3
0 8
0 2
6 #edges
10 6
0 10
0 11
0 8
0 2
2 3
6 #edges
10 6
10 2
0 10
0 11
0 3
0 8
6 #edges
10 6
10 2
0 10
0 11
0 8
2 3
6 #edges
10 6
10 3
3 2
0 10
0 11
0 8
6 #edges
10 6
3 2
0 10
0 11
0 3
0 8
6 #edges
10 6
10 3
6 11
3 2
0 10
0 8
6 #edges
10 6
10 3
6 11
0 10
0 8
0 2
6 #edges
10 11
10 3
11 6
0 10
0 8
0 2
6 #edges
10 11
10 3
11 6
3 2
0 10
0 8
6 #edges
10 11
10 3
0 10
0 6
0 8
0 2
6 #edges
10 11
10 3
3 2
0 10
0 6
0 8
6 #edges
10 3
6 11
3 2
0 10
0 6
0 8
6 #edges
10 3
6 11
0 10
0 6
0 8
0 2
6 #edges
10 11
10 2
0 10
0 6
0 3
0 8
6 #edges
10 11
10 2
11 6
0 10
0 3
0 8
6 #edges
10 11
10 2
11 6
0 10
0 8
2 3
6 #edges
10 11
10 2
0 10
0 6
0 8
2 3
6 #edges
10 11
0 10
0 6
0 3
0 8
0 2
6 #edges
10 11
11 6
0 10
0 3
0 8
0 2
6 #edges
10 11
11 6
3 2
0 10
0 3
0 8
6 #edges
10 11
3 2
0 10
0 6
0 3
0 8
6 #edges
10 11
0 10
0 6
0 8
0 2
2 3
6 #edges
10 11
11 6
0 10
0 8
0 2
2 3
6 #edges
10 6
10 2
6 11
0 10
0 3
0 8
6 #edges
10 6
6 11
3 2
0 10
0 3
0 8
6 #edges
10 6
6 11
0 10
0 3
0 8
0 2
6 #edges
10 2
6 11
0 10
0 6
0 3
0 8
6 #edges
6 11
3 2
0 10
0 6
0 3
0 8
6 #edges
6 11
0 10
0 6
0 3
0 8
0 2
6 #edges
10 6
6 11
0 10
0 8
0 2
2 3
6 #edges
6 11
0 10
0 6
0 8
0 2
2 3
6 #edges
10 6
10 2
6 11
0 10
0 8
2 3
6 #edges
10 2
6 11
0 10
0 6
0 8
2 3
6 #edges
10 11
6 8
0 10
0 6
0 3
0 2
6 #edges
10 11
6 8
0 10
0 6
0 2
2 3
6 #edges
10 11
10 3
6 8
0 10
0 6
0 2
6 #edges
10 8
6 11
0 10
0 6
0 3
0 2
6 #edges
6 11
11 8
0 10
0 6
0 3
0 2
6 #edges
10 11
11 8
0 10
0 6
0 3
0 2
6 #edges
6 11
11 8
0 10
0 6
0 2
2 3
6 #edges
10 8
6 11
0 10
0 6
0 2
2 3
6 #edges
10 11
11 8
0 10
0 6
0 2
2 3
6 #edges
10 3
10 8
6 11
0 10
0 6
0 2
6 #edges
10 3
6 11
11 8
0 10
0 6
0 2
6 #edges
10 11
10 3
11 8
0 10
0 6
0 2
6 #edges
10 6
11 8
0 10
0 11
0 3
0 2
6 #edges
10 6
6 8
0 10
0 11
0 3
0 2
6 #edges
6 8
11 6
0 10
0 11
0 3
0 2
6 #edges
10 8
11 6
0 10
0 11
0 3
0 2
6 #edges
10 6
6 11
11 8
0 10
0 3
0 2
6 #edges
10 11
6 8
11 6
0 10
0 3
0 2
6 #edges
10 8
11 6
0 10
0 11
0 2
2 3
6 #edges
6 8
11 6
0 10
0 11
0 2
2 3
6 #edges
10 6
11 8
0 10
0 11
0 2
2 3
6 #edges
10 6
6 8
0 10
0 11
0 2
2 3
6 #edges
10 6
10 3
11 8
0 10
0 11
0 2
6 #edges
10 6
10 3
6 8
0 10
0 11
0 2
6 #edges
10 3
10 8
11 6
0 10
0 11
0 2
6 #edges
10 3
6 8
11 6
0 10
0 11
0 2
6 #edges
10 11
10 3
6 8
11 6
0 10
0 2
6 #edges
10 11
6 8
11 6
0 10
0 2
2 3
6 #edges
10 6
6 11
11 8
0 10
0 2
2 3
6 #edges
10 6
10 3
6 11
11 8
0 10
0 2
6 #edges
10 8
11 6
3 2
0 10
0 11
0 3
6 #edges
6 8
11 6
3 2
0 10
0 11
0 3
6 #edges
10 6
6 8
3 2
0 10
0 11
0 3
6 #edges
10 6
11 8
3 2
0 10
0 11
0 3
6 #edges
6 11
11 8
3 2
0 10
0 6
0 3
6 #edges
10 8
6 11
3 2
0 10
0 6
0 3
6 #edges
10 11
6 8
3 2
0 10
0 6
0 3
6 #edges
10 11
11 8
3 2
0 10
0 6
0 3
6 #edges
10 11
6 8
11 6
3 2
0 10
0 3
6 #edges
10 6
6 11
11 8
3 2
0 10
0 3
6 #edges
10 6
10 2
6 8
0 10
0 11
0 3
6 #edges
10 6
10 2
6 11
11 8
0 10
0 3
6 #edges
10 6
10 2
11 8
0 10
0 11
0 3
6 #edges
10 8
10 2
6 11
0 10
0 6
0 3
6 #edges
10 8
10 2
11 6
0 10
0 11
0 3
6 #edges
10 2
6 8
11 6
0 10
0 11
0 3
6 #edges
10 11
10 2
11 8
0 10
0 6
0 3
6 #edges
10 11
10 2
6 8
11 6
0 10
0 3
6 #edges
10 11
10 2
6 8
0 10
0 6
0 3
6 #edges
10 2
6 11
11 8
0 10
0 6
0 3
6 #edges
10 3
6 8
11 6
3 2
0 10
0 11
6 #edges
10 2
6 8
11 6
0 10
0 11
2 3
6 #edges
10 3
10 8
11 6
3 2
0 10
0 11
6 #edges
10 8
10 2
11 6
0 10
0 11
2 3
6 #edges
10 6
10 3
11 8
3 2
0 10
0 11
6 #edges
10 6
10 2
11 8
0 10
0 11
2 3
6 #edges
10 6
10 3
6 8
3 2
0 10
0 11
6 #edges
10 6
10 2
6 8
0 10
0 11
2 3
6 #edges
10 11
10 2
6 8
0 10
0 6
2 3
6 #edges
10 11
10 3
6 8
3 2
0 10
0 6
6 #edges
10 3
6 11
11 8
3 2
0 10
0 6
6 #edges
10 2
6 11
11 8
0 10
0 6
2 3
6 #edges
10 8
10 2
6 11
0 10
0 6
2 3
6 #edges
10 3
10 8
6 11
3 2
0 10
0 6
6 #edges
10 11
10 2
11 8
0 10
0 6
2 3
6 #edges
10 11
10 3
11 8
3 2
0 10
0 6
6 #edges
10 11
10 2
6 8
11 6
0 10
2 3
6 #edges
10 11
10 3
6 8
11 6
3 2
0 10
6 #edges
10 6
10 3
6 11
11 8
3 2
0 10
6 #edges
10 6
10 2
6 11
11 8
0 10
2 3
4 #trees for patient 37
6 #edges
10 6
10 3
6 11
3 2
0 10
0 8
6 #edges
10 11
10 3
11 6
3 2
0 10
0 8
6 #edges
10 6
10 2
6 11
0 10
0 8
2 3
6 #edges
10 11
10 2
11 6
0 10
0 8
2 3
49 #trees for patient 38
6 #edges
11 6
3 2
8 3
0 10
0 11
0 8
6 #edges
10 2
11 6
8 3
0 10
0 11
0 8
6 #edges
11 6
8 3
8 2
0 10
0 11
0 8
6 #edges
10 3
11 6
3 2
0 10
0 11
0 8
6 #edges
10 3
11 6
8 2
0 10
0 11
0 8
6 #edges
10 2
11 6
0 10
0 11
0 8
2 3
6 #edges
11 6
8 2
0 10
0 11
0 8
2 3
6 #edges
8 2
0 10
0 6
0 11
0 8
2 3
6 #edges
10 6
8 2
0 10
0 11
0 8
2 3
6 #edges
10 6
8 3
8 2
0 10
0 11
0 8
6 #edges
10 6
10 3
8 2
0 10
0 11
0 8
6 #edges
8 3
8 2
0 10
0 6
0 11
0 8
6 #edges
10 3
8 2
0 10
0 6
0 11
0 8
6 #edges
10 3
3 2
0 10
0 6
0 11
0 8
6 #edges
10 2
8 3
0 10
0 6
0 11
0 8
6 #edges
10 2
0 10
0 6
0 11
0 8
2 3
6 #edges
3 2
8 3
0 10
0 6
0 11
0 8
6 #edges
10 6
10 2
8 3
0 10
0 11
0 8
6 #edges
10 6
10 2
0 10
0 11
0 8
2 3
6 #edges
10 6
10 3
3 2
0 10
0 11
0 8
6 #edges
10 6
3 2
8 3
0 10
0 11
0 8
6 #edges
10 3
6 11
3 2
0 10
0 6
0 8
6 #edges
10 3
6 11
8 2
0 10
0 6
0 8
6 #edges
6 11
8 2
0 10
0 6
0 8
2 3
6 #edges
6 11
8 3
8 2
0 10
0 6
0 8
6 #edges
6 11
3 2
8 3
0 10
0 6
0 8
6 #edges
10 2
6 11
8 3
0 10
0 6
0 8
6 #edges
10 2
6 11
0 10
0 6
0 8
2 3
6 #edges
10 11
8 3
8 2
0 10
0 6
0 8
6 #edges
10 11
10 2
8 3
0 10
0 6
0 8
6 #edges
10 11
3 2
8 3
0 10
0 6
0 8
6 #edges
10 11
10 3
8 2
0 10
0 6
0 8
6 #edges
10 11
10 3
3 2
0 10
0 6
0 8
6 #edges
10 11
10 2
0 10
0 6
0 8
2 3
6 #edges
10 11
8 2
0 10
0 6
0 8
2 3
6 #edges
10 6
10 3
6 11
3 2
0 10
0 8
6 #edges
10 11
10 3
11 6
3 2
0 10
0 8
6 #edges
10 11
10 3
11 6
8 2
0 10
0 8
6 #edges
10 6
10 3
6 11
8 2
0 10
0 8
6 #edges
10 6
6 11
8 2
0 10
0 8
2 3
6 #edges
10 6
6 11
8 3
8 2
0 10
0 8
6 #edges
10 6
6 11
3 2
8 3
0 10
0 8
6 #edges
10 6
10 2
6 11
8 3
0 10
0 8
6 #edges
10 6
10 2
6 11
0 10
0 8
2 3
6 #edges
10 11
11 6
8 2
0 10
0 8
2 3
6 #edges
10 11
11 6
8 3
8 2
0 10
0 8
6 #edges
10 11
10 2
11 6
0 10
0 8
2 3
6 #edges
10 11
10 2
11 6
8 3
0 10
0 8
6 #edges
10 11
11 6
3 2
8 3
0 10
0 8
2 #trees for patient 39
6 #edges
10 6
10 3
6 11
3 2
0 10
0 8
6 #edges
10 6
10 2
6 11
0 10
0 8
2 3
7 #trees for patient 40
6 #edges
10 3
3 2
8 6
8 11
0 10
0 8
6 #edges
10 6
10 3
3 2
8 11
0 10
0 8
6 #edges
10 3
11 6
3 2
8 11
0 10
0 8
6 #edges
10 3
6 11
3 2
8 6
0 10
0 8
6 #edges
10 11
10 3
3 2
8 6
0 10
0 8
6 #edges
10 11
10 3
11 6
3 2
0 10
0 8
6 #edges
10 6
10 3
6 11
3 2
0 10
0 8
8 #trees for patient 41
6 #edges
10 6
10 2
6 11
0 10
0 8
2 3
6 #edges
10 6
10 3
6 11
3 2
0 10
0 8
6 #edges
10 11
10 3
11 6
3 2
0 10
0 8
6 #edges
10 11
10 2
11 6
0 10
0 8
2 3
6 #edges
10 6
10 3
6 11
3 2
0 10
2 8
6 #edges
10 6
10 2
6 11
3 8
0 10
2 3
6 #edges
10 11
10 3
11 6
3 2
0 10
2 8
6 #edges
10 11
10 2
11 6
3 8
0 10
2 3
6 #trees for patient 42
6 #edges
10 6
10 3
6 11
3 2
0 10
0 8
6 #edges
10 11
10 3
11 6
3 2
0 10
0 8
6 #edges
10 11
10 3
11 6
3 2
0 10
2 8
6 #edges
10 11
10 3
6 8
11 6
3 2
0 10
6 #edges
10 6
10 3
6 11
3 2
0 10
2 8
6 #edges
10 6
10 3
6 11
11 8
3 2
0 10
4 #trees for patient 43
6 #edges
10 6
10 3
3 2
0 10
0 8
2 11
6 #edges
10 6
10 3
6 11
3 2
0 10
0 8
6 #edges
10 6
10 3
6 11
6 8
3 2
0 10
6 #edges
10 6
10 3
6 8
3 2
0 10
2 11
14 #trees for patient 44
6 #edges
10 6
10 3
6 11
3 2
0 10
0 8
6 #edges
10 6
10 3
6 11
6 2
0 10
0 8
6 #edges
10 6
10 2
6 11
0 10
0 8
2 3
6 #edges
10 6
10 2
6 11
6 3
0 10
0 8
6 #edges
10 6
6 11
6 3
6 2
0 10
0 8
6 #edges
10 6
6 11
6 3
3 2
0 10
0 8
6 #edges
10 6
6 11
6 2
0 10
0 8
2 3
6 #edges
10 6
10 3
6 11
6 8
3 2
0 10
6 #edges
10 6
10 3
6 11
6 8
6 2
0 10
6 #edges
10 6
10 2
6 11
6 3
6 8
0 10
6 #edges
10 6
6 11
6 3
6 8
6 2
0 10
6 #edges
10 6
6 11
6 3
6 8
3 2
0 10
6 #edges
10 6
10 2
6 11
6 8
0 10
2 3
6 #edges
10 6
6 11
6 8
6 2
0 10
2 3
8 #trees for patient 45
6 #edges
10 6
10 3
6 11
3 2
0 10
0 8
6 #edges
10 11
10 3
11 6
3 2
0 10
0 8
6 #edges
10 6
10 2
6 11
0 10
0 8
2 3
6 #edges
10 11
10 2
11 6
0 10
0 8
2 3
6 #edges
10 6
10 2
6 11
3 8
0 10
2 3
6 #edges
10 6
10 3
6 11
3 2
0 10
2 8
6 #edges
10 11
10 3
11 6
3 2
0 10
2 8
6 #edges
10 11
10 2
11 6
3 8
0 10
2 3
6 #trees for patient 46
6 #edges
10 3
11 6
3 2
8 11
0 10
0 8
6 #edges
10 6
10 3
3 2
8 11
0 10
0 8
6 #edges
10 11
10 3
3 2
8 6
0 10
0 8
6 #edges
10 3
6 11
3 2
8 6
0 10
0 8
6 #edges
10 11
10 3
11 6
3 2
0 10
0 8
6 #edges
10 6
10 3
6 11
3 2
0 10
0 8
3 #trees for patient 47
6 #edges
10 6
10 3
6 11
3 2
0 10
0 8
6 #edges
10 6
10 3
3 11
3 2
0 10
0 8
6 #edges
10 6
10 3
3 2
0 10
0 8
2 11
27 #trees for patient 48
6 #edges
10 6
0 10
0 11
0 3
0 8
0 2
6 #edges
10 6
3 2
0 10
0 11
0 3
0 8
6 #edges
10 6
10 2
0 10
0 11
0 3
0 8
6 #edges
10 6
0 10
0 11
0 8
0 2
2 3
6 #edges
10 6
10 3
0 10
0 11
0 8
0 2
6 #edges
10 6
10 2
0 10
0 11
0 8
2 3
6 #edges
10 6
10 3
3 2
0 10
0 11
0 8
6 #edges
10 6
0 10
0 3
0 8
0 2
2 11
6 #edges
10 6
10 3
0 10
0 8
0 2
2 11
6 #edges
10 6
3 11
0 10
0 8
0 2
2 3
6 #edges
10 6
10 11
0 10
0 8
0 2
2 3
6 #edges
10 6
6 11
0 10
0 8
0 2
2 3
6 #edges
10 6
10 3
6 11
0 10
0 8
0 2
6 #edges
10 6
10 3
3 11
0 10
0 8
0 2
6 #edges
10 6
10 11
0 10
0 3
0 8
0 2
6 #edges
10 6
6 11
0 10
0 3
0 8
0 2
6 #edges
10 6
3 11
0 10
0 3
0 8
0 2
6 #edges
10 6
3 2
0 10
0 3
0 8
2 11
6 #edges
10 6
10 11
3 2
0 10
0 3
0 8
6 #edges
10 6
6 11
3 2
0 10
0 3
0 8
6 #edges
10 6
10 2
3 11
0 10
0 3
0 8
6 #edges
10 6
10 2
0 10
0 3
0 8
2 11
6 #edges
10 6
10 2
6 11
0 10
0 3
0 8
6 #edges
10 6
10 3
3 2
0 10
0 8
2 11
6 #edges
10 6
10 3
6 11
3 2
0 10
0 8
6 #edges
10 6
10 2
6 11
0 10
0 8
2 3
6 #edges
10 6
10 2
3 11
0 10
0 8
2 3
13 #trees for patient 49
6 #edges
10 6
6 11
0 10
0 8
0 2
2 3
6 #edges
10 6
10 3
6 11
0 10
0 8
0 2
6 #edges
10 6
6 11
11 3
0 10
0 8
0 2
6 #edges
10 6
6 11
3 2
0 10
0 3
0 8
6 #edges
10 6
10 2
6 11
0 10
0 3
0 8
6 #edges
10 6
6 11
11 2
0 10
0 3
0 8
6 #edges
10 6
10 2
6 11
0 10
0 8
2 3
6 #edges
10 6
10 2
6 11
11 3
0 10
0 8
6 #edges
10 6
10 3
6 11
3 2
0 10
0 8
6 #edges
10 6
10 3
6 11
11 2
0 10
0 8
6 #edges
10 6
6 11
11 2
0 10
0 8
2 3
6 #edges
10 6
6 11
11 3
11 2
0 10
0 8
6 #edges
10 6
6 11
11 3
3 2
0 10
0 8
2 #trees for patient 50
6 #edges
6 11
11 7
8 6
8 2
0 5
5 8
6 #edges
6 11
6 2
11 7
8 6
0 5
5 8
6 #trees for patient 51
6 #edges
6 7
6 2
7 11
8 6
0 5
5 8
6 #edges
6 11
6 7
6 2
8 6
0 5
5 8
6 #edges
6 11
6 2
11 7
8 6
0 5
5 8
6 #edges
6 11
6 7
6 2
8 5
0 8
5 6
6 #edges
6 11
6 2
11 7
8 5
0 8
5 6
6 #edges
6 7
6 2
7 11
8 5
0 8
5 6
7 #trees for patient 52
6 #edges
6 11
6 2
11 7
8 6
0 5
5 8
6 #edges
6 11
6 2
8 6
0 5
2 7
5 8
6 #edges
6 7
6 2
8 6
0 5
2 11
5 8
6 #edges
6 2
8 6
0 5
2 11
2 7
5 8
6 #edges
6 2
11 7
8 6
0 5
2 11
5 8
6 #edges
6 2
7 11
8 6
0 5
2 7
5 8
6 #edges
6 7
6 2
7 11
8 6
0 5
5 8
8 #trees for patient 53
6 #edges
6 11
6 2
11 7
8 6
0 5
5 8
6 #edges
6 11
6 2
8 6
8 7
0 5
5 8
6 #edges
6 11
11 2
8 6
8 7
0 5
5 8
6 #edges
6 11
11 7
11 2
8 6
0 5
5 8
6 #edges
6 11
6 2
8 5
0 8
5 6
5 7
6 #edges
6 11
11 2
8 5
0 8
5 6
5 7
6 #edges
6 11
11 7
11 2
8 5
0 8
5 6
6 #edges
6 11
6 2
11 7
8 5
0 8
5 6
2 #trees for patient 54
6 #edges
6 8
11 7
8 11
8 2
0 5
5 6
6 #edges
6 11
6 2
11 7
8 6
0 5
5 8
4 #trees for patient 55
6 #edges
6 11
6 2
11 7
8 6
0 5
5 8
6 #edges
6 7
6 2
7 11
8 6
0 5
5 8
6 #edges
6 8
7 11
8 7
8 2
0 5
5 6
6 #edges
6 8
11 7
8 11
8 2
0 5
5 6
6 #trees for patient 56
6 #edges
6 11
6 2
11 7
8 6
0 5
5 8
6 #edges
6 8
11 7
8 11
8 2
0 5
5 6
6 #edges
6 5
11 7
8 6
0 8
5 11
5 2
6 #edges
6 11
6 2
11 7
8 5
0 8
5 6
6 #edges
6 5
11 7
8 11
8 2
0 6
5 8
6 #edges
6 8
11 7
8 5
0 6
5 11
5 2
2 #trees for patient 57
6 #edges
6 11
6 2
11 7
8 6
0 5
5 8
6 #edges
6 11
6 2
11 7
8 5
0 8
5 6
2 #trees for patient 58
6 #edges
6 8
11 7
8 11
8 2
0 5
5 6
6 #edges
6 11
6 2
11 7
8 6
0 5
5 8
2 #trees for patient 59
6 #edges
6 11
6 2
11 7
8 6
0 5
5 8
6 #edges
6 7
6 2
7 11
8 6
0 5
5 8
2 #trees for patient 60
6 #edges
6 11
6 2
11 7
8 6
0 5
5 8
6 #edges
6 11
6 2
11 7
8 5
0 8
5 6
4 #trees for patient 61
6 #edges
6 11
6 2
8 6
0 5
2 7
5 8
6 #edges
6 11
6 2
11 7
8 6
0 5
5 8
6 #edges
6 8
11 7
8 11
8 2
0 5
5 6
6 #edges
6 8
8 11
8 2
0 5
2 7
5 6
12 #trees for patient 62
6 #edges
6 8
7 11
8 7
8 2
0 5
5 6
6 #edges
6 8
11 7
8 11
8 2
0 5
5 6
6 #edges
6 7
6 2
7 11
8 6
0 5
5 8
6 #edges
6 11
6 2
11 7
8 6
0 5
5 8
6 #edges
6 7
6 2
7 11
8 5
0 8
5 6
6 #edges
6 11
6 2
11 7
8 5
0 8
5 6
6 #edges
6 5
11 7
8 6
0 8
5 11
5 2
6 #edges
6 5
7 11
8 6
0 8
5 7
5 2
6 #edges
6 8
7 11
8 5
0 6
5 7
5 2
6 #edges
6 8
11 7
8 5
0 6
5 11
5 2
6 #edges
6 5
7 11
8 7
8 2
0 6
5 8
6 #edges
6 5
11 7
8 11
8 2
0 6
5 8
2 #trees for patient 63
6 #edges
6 7
6 2
7 11
8 6
0 5
5 8
6 #edges
6 11
6 2
11 7
8 6
0 5
5 8
12 #trees for patient 64
6 #edges
6 8
7 11
8 7
8 2
0 5
5 6
6 #edges
6 8
11 7
8 11
8 2
0 5
5 6
6 #edges
6 7
6 2
7 11
8 6
0 5
5 8
6 #edges
6 11
6 2
11 7
8 6
0 5
5 8
6 #edges
6 7
6 2
7 11
8 5
0 8
5 6
6 #edges
6 11
6 2
11 7
8 5
0 8
5 6
6 #edges
6 5
11 7
8 6
0 8
5 11
5 2
6 #edges
6 5
7 11
8 6
0 8
5 7
5 2
6 #edges
6 8
7 11
8 5
0 6
5 7
5 2
6 #edges
6 8
11 7
8 5
0 6
5 11
5 2
6 #edges
6 5
7 11
8 7
8 2
0 6
5 8
6 #edges
6 5
11 7
8 11
8 2
0 6
5 8
4 #trees for patient 65
6 #edges
6 11
6 2
8 6
0 5
2 7
5 8
6 #edges
6 11
6 2
11 7
8 6
0 5
5 8
6 #edges
6 11
6 2
8 5
0 8
2 7
5 6
6 #edges
6 11
6 2
11 7
8 5
0 8
5 6
14 #trees for patient 66
6 #edges
6 8
11 7
8 11
8 2
0 5
5 6
6 #edges
6 8
8 11
8 2
0 5
2 7
5 6
6 #edges
6 8
7 11
8 7
8 2
0 5
5 6
6 #edges
6 8
8 7
8 2
0 5
2 11
5 6
6 #edges
6 8
8 2
0 5
2 11
2 7
5 6
6 #edges
6 8
11 7
8 2
0 5
2 11
5 6
6 #edges
6 8
7 11
8 2
0 5
2 7
5 6
6 #edges
6 11
6 2
8 6
0 5
2 7
5 8
6 #edges
6 11
6 2
11 7
8 6
0 5
5 8
6 #edges
6 7
6 2
7 11
8 6
0 5
5 8
6 #edges
6 7
6 2
8 6
0 5
2 11
5 8
6 #edges
6 2
11 7
8 6
0 5
2 11
5 8
6 #edges
6 2
8 6
0 5
2 11
2 7
5 8
6 #edges
6 2
7 11
8 6
0 5
2 7
5 8
6 #trees for patient 67
6 #edges
6 8
11 7
8 11
8 2
0 5
5 6
6 #edges
6 8
11 7
8 11
0 5
5 6
5 2
6 #edges
6 8
11 7
11 2
8 11
0 5
5 6
6 #edges
6 11
11 7
8 6
0 5
5 8
5 2
6 #edges
6 11
6 2
11 7
8 6
0 5
5 8
6 #edges
6 11
11 7
11 2
8 6
0 5
5 8
6 #trees for patient 68
6 #edges
6 11
6 2
11 7
8 6
0 5
5 8
6 #edges
6 8
11 7
8 11
8 2
0 5
5 6
6 #edges
6 5
11 7
8 6
0 8
5 11
5 2
6 #edges
6 11
6 2
11 7
8 5
0 8
5 6
6 #edges
6 5
11 7
8 11
8 2
0 6
5 8
6 #edges
6 8
11 7
8 5
0 6
5 11
5 2
4 #trees for patient 69
6 #edges
6 11
6 2
8 6
0 5
2 7
5 8
6 #edges
6 11
6 2
11 7
8 6
0 5
5 8
6 #edges
6 8
8 11
8 2
0 5
2 7
5 6
6 #edges
6 8
11 7
8 11
8 2
0 5
5 6
14 #trees for patient 70
6 #edges
3 4
0 9
0 3
4 11
4 5
5 6
6 #edges
3 4
0 9
0 3
4 6
4 11
4 5
6 #edges
11 6
3 4
0 9
0 3
4 11
4 5
6 #edges
11 5
3 4
0 9
0 3
4 6
4 11
6 #edges
6 5
3 4
0 9
0 3
4 6
4 11
6 #edges
6 5
11 6
3 4
0 9
0 3
4 11
6 #edges
11 5
3 4
0 9
0 3
4 11
5 6
6 #edges
6 5
11 6
3 11
0 9
0 4
4 3
6 #edges
11 6
3 11
3 5
0 9
0 4
4 3
6 #edges
3 6
3 11
3 5
0 9
0 4
4 3
6 #edges
3 11
3 5
0 9
0 4
4 3
5 6
6 #edges
6 5
3 6
3 11
0 9
0 4
4 3
6 #edges
11 5
3 6
3 11
0 9
0 4
4 3
6 #edges
11 5
3 11
0 9
0 4
4 3
5 6
6 #trees for patient 71
6 #edges
11 6
3 5
0 9
0 4
4 3
5 11
6 #edges
11 5
3 11
0 9
0 4
4 3
5 6
6 #edges
11 6
3 11
0 9
0 4
4 5
5 3
6 #edges
11 3
3 6
0 9
0 4
4 5
5 11
6 #edges
11 5
3 6
0 9
0 4
4 11
5 3
6 #edges
11 3
3 5
0 9
0 4
4 11
5 6
13 #trees for patient 72
6 #edges
3 11
3 5
0 9
0 4
4 3
5 6
6 #edges
11 6
3 11
3 5
0 9
0 4
4 3
6 #edges
3 6
3 11
3 5
0 9
0 4
4 3
6 #edges
11 6
3 5
0 9
0 4
4 3
5 11
6 #edges
3 6
3 5
0 9
0 4
4 3
5 11
6 #edges
6 11
3 6
3 5
0 9
0 4
4 3
6 #edges
6 11
3 5
0 9
0 4
4 3
5 6
6 #edges
6 5
11 6
3 11
0 9
0 4
4 3
6 #edges
11 5
3 11
0 9
0 4
4 3
5 6
6 #edges
11 5
3 6
3 11
0 9
0 4
4 3
6 #edges
6 5
3 6
3 11
0 9
0 4
4 3
6 #edges
6 5
3 6
0 9
0 4
4 3
5 11
6 #edges
6 11
11 5
3 6
0 9
0 4
4 3
4 #trees for patient 73
6 #edges
11 5
3 11
0 9
0 4
4 3
5 6
6 #edges
6 5
11 6
3 11
0 9
0 4
4 3
6 #edges
6 5
11 6
3 4
0 9
0 3
4 11
6 #edges
11 5
3 4
0 9
0 3
4 11
5 6
6 #trees for patient 74
6 #edges
11 4
3 11
0 9
0 3
4 5
5 6
6 #edges
11 5
3 4
0 9
0 3
4 11
5 6
6 #edges
11 5
3 11
0 9
0 4
4 3
5 6
6 #edges
11 3
3 5
0 9
0 4
4 11
5 6
6 #edges
11 4
3 5
0 9
0 11
4 3
5 6
6 #edges
11 3
3 4
0 9
0 11
4 5
5 6
48 #trees for patient 75
6 #edges
11 5
0 9
0 11
0 4
4 6
5 3
6 #edges
11 5
0 9
0 11
0 4
4 3
5 6
6 #edges
11 5
3 6
0 9
0 11
0 4
4 3
6 #edges
11 5
3 6
0 9
0 11
0 4
5 3
6 #edges
11 3
3 6
0 9
0 11
0 4
4 5
6 #edges
11 3
0 9
0 11
0 4
4 5
5 6
6 #edges
11 3
3 5
0 9
0 11
0 4
4 6
6 #edges
11 3
3 5
0 9
0 11
0 4
5 6
6 #edges
3 5
0 9
0 11
0 4
4 3
5 6
6 #edges
11 6
3 5
0 9
0 11
0 4
4 3
6 #edges
11 6
0 9
0 11
0 4
4 5
5 3
6 #edges
3 6
0 9
0 11
0 4
4 5
5 3
6 #edges
11 3
0 9
0 6
0 4
4 5
5 11
6 #edges
3 11
0 9
0 6
0 4
4 5
5 3
6 #edges
11 5
3 11
0 9
0 6
0 4
4 3
6 #edges
3 5
0 9
0 6
0 4
4 3
5 11
6 #edges
11 5
0 9
0 6
0 4
4 11
5 3
6 #edges
11 3
3 5
0 9
0 6
0 4
4 11
6 #edges
3 6
0 9
0 4
0 5
4 11
5 3
6 #edges
11 6
0 9
0 4
0 5
4 11
5 3
6 #edges
3 11
0 9
0 4
0 5
4 6
5 3
6 #edges
11 6
3 11
0 9
0 4
0 5
5 3
6 #edges
3 11
0 9
0 4
0 5
4 3
5 6
6 #edges
3 6
0 9
0 4
0 5
4 3
5 11
6 #edges
11 6
0 9
0 4
0 5
4 3
5 11
6 #edges
11 6
3 11
0 9
0 4
0 5
4 3
6 #edges
11 3
0 9
0 4
0 5
4 11
5 6
6 #edges
11 3
3 6
0 9
0 4
0 5
4 11
6 #edges
11 3
0 9
0 4
0 5
4 6
5 11
6 #edges
11 3
3 6
0 9
0 4
0 5
5 11
6 #edges
11 5
3 11
0 9
0 3
0 4
4 6
6 #edges
11 5
3 11
0 9
0 3
0 4
5 6
6 #edges
11 6
3 11
0 9
0 3
0 4
4 5
6 #edges
3 11
0 9
0 3
0 4
4 5
5 6
6 #edges
3 5
0 9
0 3
0 4
4 11
5 6
6 #edges
3 5
0 9
0 3
0 4
4 6
5 11
6 #edges
11 6
3 5
0 9
0 3
0 4
5 11
6 #edges
11 6
3 5
0 9
0 3
0 4
4 11
6 #edges
11 5
3 6
0 9
0 3
0 4
4 11
6 #edges
3 6
0 9
0 3
0 4
4 5
5 11
6 #edges
11 6
0 9
0 3
0 4
4 5
5 11
6 #edges
11 5
0 9
0 3
0 4
4 11
5 6
6 #edges
11 3
3 6
0 9
0 4
4 5
5 11
6 #edges
11 6
3 11
0 9
0 4
4 5
5 3
6 #edges
11 5
3 11
0 9
0 4
4 3
5 6
6 #edges
11 6
3 5
0 9
0 4
4 3
5 11
6 #edges
11 3
3 5
0 9
0 4
4 11
5 6
6 #edges
11 5
3 6
0 9
0 4
4 11
5 3
2 #trees for patient 76
6 #edges
11 3
3 5
0 9
0 4
4 11
5 6
6 #edges
11 5
3 11
0 9
0 4
4 3
5 6
12 #trees for patient 77
6 #edges
11 5
3 6
0 9
0 4
4 11
5 3
6 #edges
11 3
3 5
0 9
0 4
4 11
5 6
6 #edges
11 5
3 11
0 9
0 4
4 3
5 6
6 #edges
11 6
3 5
0 9
0 4
4 3
5 11
6 #edges
11 3
3 6
0 9
0 4
4 5
5 11
6 #edges
11 6
3 11
0 9
0 4
4 5
5 3
6 #edges
6 9
11 3
3 6
0 4
4 5
5 11
6 #edges
6 9
11 6
3 11
0 4
4 5
5 3
6 #edges
6 9
11 3
3 5
0 4
4 11
5 6
6 #edges
6 9
11 5
3 6
0 4
4 11
5 3
6 #edges
6 9
11 5
3 11
0 4
4 3
5 6
6 #edges
6 9
11 6
3 5
0 4
4 3
5 11
4 #trees for patient 78
6 #edges
6 5
11 6
3 11
0 9
0 4
4 3
6 #edges
11 5
3 11
0 9
0 4
4 3
5 6
6 #edges
6 5
11 3
3 6
0 9
0 4
4 11
6 #edges
11 3
3 5
0 9
0 4
4 11
5 6
6 #trees for patient 79
6 #edges
11 5
3 11
0 9
0 4
4 3
5 6
6 #edges
11 6
3 5
0 9
0 4
4 3
5 11
6 #edges
11 3
3 5
0 9
0 4
4 11
5 6
6 #edges
11 5
3 6
0 9
0 4
4 11
5 3
6 #edges
11 6
3 11
0 9
0 4
4 5
5 3
6 #edges
11 3
3 6
0 9
0 4
4 5
5 11
48 #trees for patient 80
6 #edges
6 11
3 6
0 9
0 4
4 5
5 3
6 #edges
11 6
3 11
0 9
0 4
4 5
5 3
6 #edges
11 3
3 6
0 9
0 4
4 5
5 11
6 #edges
6 3
11 6
0 9
0 4
4 5
5 11
6 #edges
6 11
11 3
0 9
0 4
4 5
5 6
6 #edges
6 3
3 11
0 9
0 4
4 5
5 6
6 #edges
6 3
11 6
3 5
0 9
0 4
4 11
6 #edges
6 5
11 6
0 9
0 4
4 11
5 3
6 #edges
11 5
3 6
0 9
0 4
4 11
5 3
6 #edges
6 3
11 5
0 9
0 4
4 11
5 6
6 #edges
6 5
11 3
3 6
0 9
0 4
4 11
6 #edges
11 3
3 5
0 9
0 4
4 11
5 6
6 #edges
6 5
11 6
3 11
0 9
0 4
4 3
6 #edges
11 5
3 11
0 9
0 4
4 3
5 6
6 #edges
6 11
3 5
0 9
0 4
4 3
5 6
6 #edges
11 6
3 5
0 9
0 4
4 3
5 11
6 #edges
6 11
11 5
3 6
0 9
0 4
4 3
6 #edges
6 5
3 6
0 9
0 4
4 3
5 11
6 #edges
6 3
3 5
0 9
0 4
4 6
5 11
6 #edges
6 3
11 5
3 11
0 9
0 4
4 6
6 #edges
6 5
3 11
0 9
0 4
4 6
5 3
6 #edges
6 5
11 3
0 9
0 4
4 6
5 11
6 #edges
6 11
11 3
3 5
0 9
0 4
4 6
6 #edges
6 11
11 5
0 9
0 4
4 6
5 3
6 #edges
6 3
11 5
0 4
4 9
4 11
5 6
6 #edges
11 5
3 6
0 4
4 9
4 11
5 3
6 #edges
6 3
11 6
3 5
0 4
4 9
4 11
6 #edges
6 5
11 6
0 4
4 9
4 11
5 3
6 #edges
6 5
11 3
3 6
0 4
4 9
4 11
6 #edges
11 3
3 5
0 4
4 9
4 11
5 6
6 #edges
6 3
3 11
0 4
4 9
4 5
5 6
6 #edges
6 11
11 3
0 4
4 9
4 5
5 6
6 #edges
6 11
3 6
0 4
4 9
4 5
5 3
6 #edges
11 6
3 11
0 4
4 9
4 5
5 3
6 #edges
11 3
3 6
0 4
4 9
4 5
5 11
6 #edges
6 3
11 6
0 4
4 9
4 5
5 11
6 #edges
6 11
11 5
3 6
0 4
4 9
4 3
6 #edges
6 5
3 6
0 4
4 9
4 3
5 11
6 #edges
11 5
3 11
0 4
4 9
4 3
5 6
6 #edges
6 5
11 6
3 11
0 4
4 9
4 3
6 #edges
6 11
3 5
0 4
4 9
4 3
5 6
6 #edges
11 6
3 5
0 4
4 9
4 3
5 11
6 #edges
6 11
11 5
0 4
4 9
4 6
5 3
6 #edges
6 11
11 3
3 5
0 4
4 9
4 6
6 #edges
6 5
11 3
0 4
4 9
4 6
5 11
6 #edges
6 5
3 11
0 4
4 9
4 6
5 3
6 #edges
6 3
11 5
3 11
0 4
4 9
4 6
6 #edges
6 3
3 5
0 4
4 9
4 6
5 11
14 #trees for patient 81
6 #edges
3 11
0 9
0 4
4 6
4 3
4 5
6 #edges
6 5
3 11
0 9
0 4
4 6
4 3
6 #edges
11 5
3 11
0 9
0 4
4 6
4 3
6 #edges
6 5
11 3
0 9
0 4
4 6
4 11
6 #edges
11 3
0 9
0 4
4 6
4 11
4 5
6 #edges
11 3
3 5
0 9
0 4
4 6
4 11
6 #edges
3 11
0 9
0 4
4 3
4 5
5 6
6 #edges
11 3
0 9
0 4
4 11
4 5
5 6
6 #edges
11 6
3 11
0 9
0 4
4 3
4 5
6 #edges
11 3
3 6
0 9
0 4
4 11
4 5
6 #edges
11 5
3 11
0 9
0 4
4 3
5 6
6 #edges
6 5
11 6
3 11
0 9
0 4
4 3
6 #edges
11 3
3 5
0 9
0 4
4 11
5 6
6 #edges
6 5
11 3
3 6
0 9
0 4
4 11
24 #trees for patient 82
6 #edges
11 3
3 4
0 9
0 11
4 5
5 6
6 #edges
6 5
11 3
3 4
0 9
0 11
4 6
6 #edges
11 4
3 5
0 9
0 11
4 3
5 6
6 #edges
6 5
11 4
3 6
0 9
0 11
4 3
6 #edges
11 5
3 4
0 9
0 3
4 11
5 6
6 #edges
6 5
11 6
3 4
0 9
0 3
4 11
6 #edges
11 4
3 11
0 9
0 3
4 5
5 6
6 #edges
6 5
11 4
3 11
0 9
0 3
4 6
6 #edges
6 5
11 6
3 11
0 9
0 4
4 3
6 #edges
11 5
3 11
0 9
0 4
4 3
5 6
6 #edges
6 5
11 3
3 6
0 9
0 4
4 11
6 #edges
11 3
3 5
0 9
0 4
4 11
5 6
6 #edges
11 9
11 5
3 11
0 4
4 3
5 6
6 #edges
6 5
11 9
11 6
3 11
0 4
4 3
6 #edges
6 5
11 3
3 9
3 6
0 4
4 11
6 #edges
11 3
3 9
3 5
0 4
4 11
5 6
6 #edges
6 5
11 9
11 6
3 4
0 3
4 11
6 #edges
11 9
11 5
3 4
0 3
4 11
5 6
6 #edges
11 4
3 11
0 3
4 9
4 5
5 6
6 #edges
6 5
11 4
3 11
0 3
4 9
4 6
6 #edges
6 5
11 4
3 9
3 6
0 11
4 3
6 #edges
11 4
3 9
3 5
0 11
4 3
5 6
6 #edges
6 5
11 3
3 4
0 11
4 9
4 6
6 #edges
11 3
3 4
0 11
4 9
4 5
5 6
12 #trees for patient 83
6 #edges
11 5
3 6
0 9
0 4
4 11
5 3
6 #edges
11 3
3 5
0 9
0 4
4 11
5 6
6 #edges
11 5
3 11
0 9
0 4
4 3
5 6
6 #edges
11 6
3 5
0 9
0 4
4 3
5 11
6 #edges
11 3
3 6
0 9
0 4
4 5
5 11
6 #edges
11 6
3 11
0 9
0 4
4 5
5 3
6 #edges
6 9
11 3
3 5
0 4
4 11
5 6
6 #edges
6 9
11 5
3 6
0 4
4 11
5 3
6 #edges
6 9
11 3
3 6
0 4
4 5
5 11
6 #edges
6 9
11 6
3 11
0 4
4 5
5 3
6 #edges
6 9
11 6
3 5
0 4
4 3
5 11
6 #edges
6 9
11 5
3 11
0 4
4 3
5 6
2 #trees for patient 84
6 #edges
11 5
3 4
0 9
0 3
4 11
5 6
6 #edges
11 5
3 11
0 9
0 4
4 3
5 6
24 #trees for patient 85
6 #edges
11 4
3 11
0 9
0 5
4 6
5 3
6 #edges
11 6
3 4
0 9
0 5
4 11
5 3
6 #edges
11 3
3 4
0 9
0 5
4 6
5 11
6 #edges
11 4
3 6
0 9
0 5
4 3
5 11
6 #edges
11 3
3 6
0 9
0 5
4 11
5 4
6 #edges
11 6
3 11
0 9
0 5
4 3
5 4
6 #edges
11 3
3 6
0 9
0 4
4 5
5 11
6 #edges
11 6
3 11
0 9
0 4
4 5
5 3
6 #edges
11 6
3 5
0 9
0 4
4 3
5 11
6 #edges
11 5
3 11
0 9
0 4
4 3
5 6
6 #edges
11 3
3 5
0 9
0 4
4 11
5 6
6 #edges
11 5
3 6
0 9
0 4
4 11
5 3
6 #edges
11 4
3 5
0 9
0 3
4 6
5 11
6 #edges
11 6
3 5
0 9
0 3
4 11
5 4
6 #edges
11 5
3 4
0 9
0 3
4 11
5 6
6 #edges
11 6
3 4
0 9
0 3
4 5
5 11
6 #edges
11 4
3 11
0 9
0 3
4 5
5 6
6 #edges
11 5
3 11
0 9
0 3
4 6
5 4
6 #edges
11 4
3 6
0 9
0 11
4 5
5 3
6 #edges
11 4
3 5
0 9
0 11
4 3
5 6
6 #edges
11 3
3 4
0 9
0 11
4 5
5 6
6 #edges
11 3
3 5
0 9
0 11
4 6
5 4
6 #edges
11 5
3 4
0 9
0 11
4 6
5 3
6 #edges
11 5
3 6
0 9
0 11
4 3
5 4
6 #trees for patient 86
6 #edges
6 5
11 6
3 11
0 9
0 4
4 3
6 #edges
11 5
3 11
0 9
0 4
4 3
5 6
6 #edges
6 11
3 5
0 9
0 4
4 3
5 6
6 #edges
11 6
3 5
0 9
0 4
4 3
5 11
6 #edges
6 11
11 5
3 6
0 9
0 4
4 3
6 #edges
6 5
3 6
0 9
0 4
4 3
5 11
8 #trees for patient 87
6 #edges
6 5
11 6
3 11
0 9
0 4
4 3
6 #edges
11 5
3 11
0 9
0 4
4 3
5 6
6 #edges
11 5
3 4
0 9
0 3
4 11
5 6
6 #edges
6 5
11 6
3 4
0 9
0 3
4 11
6 #edges
6 5
11 9
11 6
3 11
0 4
4 3
6 #edges
11 9
11 5
3 11
0 4
4 3
5 6
6 #edges
11 9
11 5
3 4
0 3
4 11
5 6
6 #edges
6 5
11 9
11 6
3 4
0 3
4 11
70 #trees for patient 88
6 #edges
6 5
3 6
3 11
0 9
0 4
4 3
6 #edges
3 6
3 11
3 5
0 9
0 4
4 3
6 #edges
11 5
3 6
3 11
0 9
0 4
4 3
6 #edges
3 11
3 5
0 9
0 4
4 3
5 6
6 #edges
11 6
3 11
3 5
0 9
0 4
4 3
6 #edges
6 5
11 6
3 11
0 9
0 4
4 3
6 #edges
11 6
11 5
3 11
0 9
0 4
4 3
6 #edges
11 5
3 11
0 9
0 4
4 3
5 6
6 #edges
11 5
3 4
0 9
0 3
4 6
4 11
6 #edges
6 5
3 4
0 9
0 3
4 6
4 11
6 #edges
3 4
0 9
0 3
4 6
4 11
4 5
6 #edges
11 6
11 5
3 4
0 9
0 3
4 11
6 #edges
11 6
3 4
0 9
0 3
4 11
4 5
6 #edges
6 5
11 6
3 4
0 9
0 3
4 11
6 #edges
11 5
3 4
0 9
0 3
4 11
5 6
6 #edges
3 4
0 9
0 3
4 11
4 5
5 6
6 #edges
3 6
3 11
3 5
0 4
4 3
5 9
6 #edges
11 6
3 11
3 5
0 4
4 3
5 9
6 #edges
6 9
3 11
3 5
0 4
4 3
5 6
6 #edges
11 9
3 11
3 5
0 4
4 3
5 6
6 #edges
3 9
3 11
3 5
0 4
4 3
5 6
6 #edges
11 6
3 9
3 11
3 5
0 4
4 3
6 #edges
6 9
3 6
3 11
3 5
0 4
4 3
6 #edges
11 9
3 6
3 11
3 5
0 4
4 3
6 #edges
11 9
11 6
3 11
3 5
0 4
4 3
6 #edges
6 9
11 6
3 11
3 5
0 4
4 3
6 #edges
11 9
11 5
3 11
0 4
4 3
5 6
6 #edges
11 9
11 5
3 6
3 11
0 4
4 3
6 #edges
11 9
11 6
11 5
3 11
0 4
4 3
6 #edges
6 5
11 9
3 6
3 11
0 4
4 3
6 #edges
6 5
11 9
11 6
3 11
0 4
4 3
6 #edges
11 6
11 5
3 9
3 11
0 4
4 3
6 #edges
6 5
11 6
3 9
3 11
0 4
4 3
6 #edges
6 5
3 9
3 6
3 11
0 4
4 3
6 #edges
11 5
3 9
3 6
3 11
0 4
4 3
6 #edges
11 5
3 9
3 11
0 4
4 3
5 6
6 #edges
6 5
3 6
3 11
0 4
4 3
5 9
6 #edges
11 5
3 6
3 11
0 4
4 3
5 9
6 #edges
6 9
11 5
3 6
3 11
0 4
4 3
6 #edges
6 5
11 6
3 11
0 4
4 3
5 9
6 #edges
6 9
11 6
11 5
3 11
0 4
4 3
6 #edges
11 6
11 5
3 11
0 4
4 3
5 9
6 #edges
6 9
11 5
3 11
0 4
4 3
5 6
6 #edges
11 5
3 4
0 3
4 9
4 6
4 11
6 #edges
6 5
3 4
0 3
4 9
4 6
4 11
6 #edges
11 6
11 5
3 4
0 3
4 9
4 11
6 #edges
11 6
3 4
0 3
4 9
4 11
4 5
6 #edges
6 5
11 6
3 4
0 3
4 9
4 11
6 #edges
3 4
0 3
4 9
4 11
4 5
5 6
6 #edges
11 5
3 4
0 3
4 9
4 11
5 6
6 #edges
11 9
11 6
3 4
0 3
4 11
4 5
6 #edges
11 6
3 4
0 3
4 11
4 5
5 9
6 #edges
6 9
11 6
3 4
0 3
4 11
4 5
6 #edges
3 4
0 3
4 6
4 11
4 5
5 9
6 #edges
11 9
3 4
0 3
4 6
4 11
4 5
6 #edges
6 9
3 4
0 3
4 6
4 11
4 5
6 #edges
11 9
3 4
0 3
4 11
4 5
5 6
6 #edges
6 9
3 4
0 3
4 11
4 5
5 6
6 #edges
11 6
11 5
3 4
0 3
4 11
5 9
6 #edges
6 9
11 6
11 5
3 4
0 3
4 11
6 #edges
11 9
11 6
11 5
3 4
0 3
4 11
6 #edges
11 9
11 5
3 4
0 3
4 6
4 11
6 #edges
11 9
11 5
3 4
0 3
4 11
5 6
6 #edges
6 9
11 5
3 4
0 3
4 6
4 11
6 #edges
11 5
3 4
0 3
4 6
4 11
5 9
6 #edges
6 9
11 5
3 4
0 3
4 11
5 6
6 #edges
6 5
11 9
11 6
3 4
0 3
4 11
6 #edges
6 5
11 6
3 4
0 3
4 11
5 9
6 #edges
6 5
11 9
3 4
0 3
4 6
4 11
6 #edges
6 5
3 4
0 3
4 6
4 11
5 9
2 #trees for patient 89
6 #edges
10 7
10 4
0 10
4 8
4 2
4 5
6 #edges
10 4
0 10
4 8
4 2
4 5
5 7
6 #trees for patient 90
6 #edges
10 7
10 4
0 10
0 2
4 8
4 5
6 #edges
10 7
10 4
7 5
0 10
0 2
4 8
6 #edges
10 7
10 4
7 5
0 10
4 8
4 2
6 #edges
10 7
10 4
7 5
8 2
0 10
4 8
6 #edges
10 7
10 4
0 10
4 8
4 2
4 5
6 #edges
10 7
10 4
8 2
0 10
4 8
4 5
6 #trees for patient 91
6 #edges
10 4
0 10
4 7
4 8
4 2
2 5
6 #edges
10 4
0 10
4 7
4 8
4 2
4 5
6 #edges
10 4
8 7
0 10
4 8
4 2
4 5
6 #edges
10 7
10 4
0 10
4 8
4 2
4 5
6 #edges
10 7
10 4
0 10
4 8
4 2
2 5
6 #edges
10 4
8 7
0 10
4 8
4 2
2 5
4 #trees for patient 92
6 #edges
10 7
10 4
10 5
0 10
4 8
4 2
6 #edges
10 7
10 4
10 5
0 10
4 2
2 8
6 #edges
10 7
10 4
0 10
4 8
4 2
4 5
6 #edges
10 7
10 4
0 10
4 2
4 5
2 8
4 #trees for patient 93
6 #edges
10 7
10 4
0 10
4 8
4 2
4 5
6 #edges
10 7
10 4
7 5
0 10
4 8
4 2
6 #edges
10 7
10 4
8 2
0 10
4 8
4 5
6 #edges
10 7
10 4
7 5
8 2
0 10
4 8
4 #trees for patient 94
6 #edges
10 7
10 4
10 2
0 10
4 8
4 5
6 #edges
10 7
10 4
10 2
0 10
4 5
5 8
6 #edges
10 7
10 4
0 10
4 8
4 2
4 5
6 #edges
10 7
10 4
0 10
4 2
4 5
5 8
3 #trees for patient 95
6 #edges
10 4
0 10
4 7
4 8
4 2
4 5
6 #edges
10 4
0 10
4 8
4 2
4 5
2 7
6 #edges
10 7
10 4
0 10
4 8
4 2
4 5
3 #trees for patient 96
6 #edges
10 7
10 4
7 5
0 10
4 8
4 2
6 #edges
10 7
10 4
7 8
0 10
4 2
4 5
6 #edges
10 7
10 4
0 10
4 8
4 2
4 5
6 #trees for patient 97
6 #edges
10 7
10 4
7 2
0 10
4 8
4 5
6 #edges
10 7
10 4
10 2
0 10
4 8
4 5
6 #edges
10 7
10 4
0 10
4 8
4 2
4 5
6 #edges
10 7
10 4
7 2
8 5
0 10
4 8
6 #edges
10 7
10 4
10 2
8 5
0 10
4 8
6 #edges
10 7
10 4
8 5
0 10
4 8
4 2
2 #trees for patient 98
6 #edges
10 7
10 4
7 5
0 10
4 8
4 2
6 #edges
10 7
10 4
0 10
4 8
4 2
4 5
4 #trees for patient 99
6 #edges
10 7
10 4
0 10
4 8
4 2
4 5
6 #edges
10 4
0 10
4 7
4 8
4 2
4 5
6 #edges
10 7
10 4
8 2
0 10
4 8
4 5
6 #edges
10 4
8 2
0 10
4 7
4 8
4 5
