50 # patients
4 #trees for patient 0
6 #edges
0 10
2 8
10 1
10 11
1 2
8 3
6 #edges
0 10
2 8
2 3
10 1
10 11
1 2
6 #edges
0 10
2 1
10 2
10 11
1 8
1 3
6 #edges
0 10
2 1
10 2
10 11
1 8
8 3
12 #trees for patient 1
6 #edges
0 10
2 8
10 2
10 11
8 3
3 1
6 #edges
0 10
2 8
10 2
10 11
1 3
8 1
6 #edges
0 10
2 1
10 2
10 11
1 8
8 3
6 #edges
0 10
2 1
10 2
10 11
1 3
3 8
6 #edges
0 10
2 3
10 2
10 11
8 1
3 8
6 #edges
0 10
2 3
10 2
10 11
1 8
3 1
6 #edges
0 10
2 8
10 2
1 11
8 3
3 1
6 #edges
0 10
2 8
10 2
1 3
8 1
3 11
6 #edges
0 10
2 3
10 2
1 8
8 11
3 1
6 #edges
0 10
2 3
10 2
1 11
8 1
3 8
6 #edges
0 10
2 1
10 2
1 8
8 3
3 11
6 #edges
0 10
2 1
10 2
1 3
8 11
3 8
2 #trees for patient 2
6 #edges
0 10
2 1
10 2
10 11
1 8
8 3
6 #edges
0 10
2 8
10 2
10 11
1 3
8 1
8 #trees for patient 3
6 #edges
0 10
2 1
10 2
10 11
10 3
3 8
6 #edges
0 10
2 1
10 2
10 11
10 3
1 8
6 #edges
0 10
2 1
10 2
10 11
10 8
10 3
6 #edges
0 10
2 1
10 2
10 11
10 8
8 3
6 #edges
0 10
2 1
10 2
10 11
10 8
1 3
6 #edges
0 10
2 1
10 2
10 11
1 8
8 3
6 #edges
0 10
2 1
10 2
10 11
1 8
1 3
6 #edges
0 10
2 1
10 2
10 11
1 3
3 8
24 #trees for patient 4
6 #edges
0 10
2 1
10 2
10 11
1 3
3 8
6 #edges
0 10
2 1
10 2
10 11
1 8
8 3
6 #edges
0 10
2 3
10 2
10 11
8 1
3 8
6 #edges
0 10
2 3
10 2
10 11
1 8
3 1
6 #edges
0 10
2 8
10 2
10 11
1 3
8 1
6 #edges
0 10
2 8
10 2
10 11
8 3
3 1
6 #edges
0 10
10 1
10 11
1 3
8 2
3 8
6 #edges
0 10
2 8
10 1
10 11
1 3
3 2
6 #edges
0 10
2 3
10 1
10 11
1 8
8 2
6 #edges
0 10
10 1
10 11
1 8
8 3
3 2
6 #edges
0 10
2 8
10 1
10 11
1 2
8 3
6 #edges
0 10
2 3
10 1
10 11
1 2
3 8
6 #edges
0 10
2 8
10 11
10 3
8 1
3 2
6 #edges
0 10
2 1
10 11
10 3
1 8
3 2
6 #edges
0 10
2 8
10 11
10 3
1 2
3 1
6 #edges
0 10
10 11
10 3
1 8
8 2
3 1
6 #edges
0 10
2 1
10 11
10 3
8 2
3 8
6 #edges
0 10
10 11
10 3
1 2
8 1
3 8
6 #edges
0 10
10 11
10 8
1 3
8 1
3 2
6 #edges
0 10
2 3
10 11
10 8
1 2
8 1
6 #edges
0 10
10 11
10 8
1 2
8 3
3 1
6 #edges
0 10
2 1
10 11
10 8
8 3
3 2
6 #edges
0 10
2 1
10 11
10 8
1 3
8 2
6 #edges
0 10
2 3
10 11
10 8
8 2
3 1
6 #trees for patient 5
6 #edges
0 10
2 3
10 11
10 8
1 2
8 1
6 #edges
0 10
2 1
10 11
10 8
1 3
8 2
6 #edges
0 10
2 1
10 2
10 11
1 8
8 3
6 #edges
0 10
2 8
10 2
10 11
1 3
8 1
6 #edges
0 10
2 8
10 1
10 11
1 2
8 3
6 #edges
0 10
2 3
10 1
10 11
1 8
8 2
2 #trees for patient 6
6 #edges
0 10
0 3
2 1
10 2
10 11
1 8
6 #edges
0 10
2 1
10 2
10 11
1 8
8 3
54 #trees for patient 7
6 #edges
0 10
10 1
10 11
10 8
1 2
11 3
6 #edges
0 10
10 1
10 11
1 2
11 3
3 8
6 #edges
0 10
2 8
10 1
10 11
1 2
11 3
6 #edges
0 10
2 8
2 3
10 1
10 11
1 2
6 #edges
0 10
2 3
10 1
10 11
10 8
1 2
6 #edges
0 10
2 3
10 1
10 11
1 2
3 8
6 #edges
0 10
2 3
10 1
10 11
1 2
11 8
6 #edges
0 10
10 1
10 11
10 3
1 2
11 8
6 #edges
0 10
10 1
10 11
1 2
11 8
8 3
6 #edges
0 10
10 1
10 11
10 8
1 2
8 3
6 #edges
0 10
10 1
10 11
10 3
1 2
3 8
6 #edges
0 10
2 8
10 1
10 11
10 3
1 2
6 #edges
0 10
2 8
10 1
10 11
1 2
8 3
6 #edges
0 10
2 11
10 1
10 3
1 2
3 8
6 #edges
0 10
2 11
10 1
10 8
10 3
1 2
6 #edges
0 10
2 11
2 8
10 1
10 3
1 2
6 #edges
0 10
2 11
10 1
10 3
1 2
11 8
6 #edges
0 10
2 11
10 1
10 8
1 2
8 3
6 #edges
0 10
2 11
10 1
10 8
1 2
11 3
6 #edges
0 10
2 11
2 3
10 1
10 8
1 2
6 #edges
0 10
2 11
2 8
2 3
10 1
1 2
6 #edges
0 10
2 11
2 3
10 1
1 2
3 8
6 #edges
0 10
2 11
2 3
10 1
1 2
11 8
6 #edges
0 10
2 11
2 8
10 1
1 2
8 3
6 #edges
0 10
2 11
2 8
10 1
1 2
11 3
6 #edges
0 10
2 11
10 1
1 2
11 3
3 8
6 #edges
0 10
2 11
10 1
1 2
11 8
8 3
6 #edges
0 10
2 1
10 2
10 8
10 3
1 11
6 #edges
0 10
2 1
10 2
10 3
1 11
1 8
6 #edges
0 10
2 1
10 2
10 11
10 3
1 8
6 #edges
0 10
2 1
10 2
10 3
1 11
3 8
6 #edges
0 10
2 1
10 2
10 3
1 11
11 8
6 #edges
0 10
2 1
10 2
10 11
10 3
3 8
6 #edges
0 10
2 1
10 2
10 11
10 3
11 8
6 #edges
0 10
2 1
10 2
10 11
10 8
11 3
6 #edges
0 10
2 1
10 2
10 11
10 8
1 3
6 #edges
0 10
2 1
10 2
10 11
10 8
8 3
6 #edges
0 10
2 1
10 2
10 8
1 11
1 3
6 #edges
0 10
2 1
10 2
10 8
1 11
8 3
6 #edges
0 10
2 1
10 2
10 8
1 11
11 3
6 #edges
0 10
2 1
10 2
10 11
11 3
3 8
6 #edges
0 10
2 1
10 2
10 11
1 8
11 3
6 #edges
0 10
2 1
10 2
10 11
1 3
11 8
6 #edges
0 10
2 1
10 2
10 11
11 8
8 3
6 #edges
0 10
2 1
10 2
10 11
1 8
1 3
6 #edges
0 10
2 1
10 2
10 11
1 8
8 3
6 #edges
0 10
2 1
10 2
10 11
1 3
3 8
6 #edges
0 10
2 1
10 2
1 11
1 3
3 8
6 #edges
0 10
2 1
10 2
1 11
1 8
1 3
6 #edges
0 10
2 1
10 2
1 11
1 3
11 8
6 #edges
0 10
2 1
10 2
1 11
1 8
8 3
6 #edges
0 10
2 1
10 2
1 11
1 8
11 3
6 #edges
0 10
2 1
10 2
1 11
11 8
8 3
6 #edges
0 10
2 1
10 2
1 11
11 3
3 8
12 #trees for patient 8
6 #edges
0 10
2 1
10 11
10 8
10 3
8 2
6 #edges
0 10
2 1
10 11
10 8
1 3
8 2
6 #edges
0 10
2 3
10 11
10 8
1 2
8 1
6 #edges
0 10
10 11
10 8
10 3
1 2
8 1
6 #edges
0 10
2 8
10 1
10 11
10 3
1 2
6 #edges
0 10
10 1
10 11
10 3
1 8
8 2
6 #edges
0 10
2 1
10 2
10 11
10 3
1 8
6 #edges
0 10
2 8
10 2
10 11
10 3
8 1
6 #edges
0 10
2 3
10 1
10 11
1 8
8 2
6 #edges
0 10
2 8
10 1
10 11
1 2
8 3
6 #edges
0 10
2 8
10 2
10 11
1 3
8 1
6 #edges
0 10
2 1
10 2
10 11
1 8
8 3
4 #trees for patient 9
6 #edges
0 10
2 1
10 2
10 11
1 8
1 3
6 #edges
0 10
2 1
10 2
10 11
1 8
8 3
6 #edges
0 10
2 8
10 1
10 11
1 2
8 3
6 #edges
0 10
2 8
2 3
10 1
10 11
1 2
13 #trees for patient 10
6 #edges
0 10
0 3
2 1
10 2
10 11
3 8
6 #edges
0 10
0 3
2 1
10 2
10 11
11 8
6 #edges
0 10
0 3
2 1
10 2
10 11
1 8
6 #edges
0 10
0 8
2 1
10 2
10 11
8 3
6 #edges
0 10
0 8
2 1
10 2
10 11
1 3
6 #edges
0 10
0 8
2 1
10 2
10 11
11 3
6 #edges
0 10
2 1
10 2
10 11
11 8
11 3
6 #edges
0 10
2 1
10 2
10 11
11 3
3 8
6 #edges
0 10
2 1
10 2
10 11
1 8
11 3
6 #edges
0 10
2 1
10 2
10 11
1 3
11 8
6 #edges
0 10
2 1
10 2
10 11
1 3
3 8
6 #edges
0 10
2 1
10 2
10 11
1 8
8 3
6 #edges
0 10
2 1
10 2
10 11
11 8
8 3
2 #trees for patient 11
6 #edges
0 10
2 1
10 2
10 11
1 8
8 3
6 #edges
0 10
2 8
10 1
10 11
1 2
8 3
6 #trees for patient 12
6 #edges
0 10
2 1
10 2
10 11
1 8
8 3
6 #edges
0 10
2 1
10 2
10 11
1 3
3 8
6 #edges
0 10
2 8
10 2
10 11
1 3
8 1
6 #edges
0 10
2 8
10 2
10 11
8 3
3 1
6 #edges
0 10
2 3
10 2
10 11
1 8
3 1
6 #edges
0 10
2 3
10 2
10 11
8 1
3 8
1 #trees for patient 13
6 #edges
0 10
2 1
10 2
10 11
1 8
8 3
6 #trees for patient 14
6 #edges
0 10
0 11
2 8
10 1
1 2
8 3
6 #edges
0 10
0 11
2 1
10 2
1 8
8 3
6 #edges
0 10
2 1
10 2
10 11
1 8
8 3
6 #edges
0 10
2 1
10 2
1 8
8 11
8 3
6 #edges
0 10
2 8
10 1
10 11
1 2
8 3
6 #edges
0 10
2 8
10 1
1 2
8 11
8 3
12 #trees for patient 15
6 #edges
0 10
0 11
2 1
10 2
1 8
8 3
6 #edges
0 10
0 11
2 1
10 2
1 3
3 8
6 #edges
0 10
0 11
2 8
10 2
1 3
8 1
6 #edges
0 10
0 11
2 8
10 2
8 3
3 1
6 #edges
0 10
0 11
2 3
10 2
1 8
3 1
6 #edges
0 10
0 11
2 3
10 2
8 1
3 8
6 #edges
0 10
2 1
10 2
10 11
1 8
8 3
6 #edges
0 10
2 1
10 2
10 11
1 3
3 8
6 #edges
0 10
2 3
10 2
10 11
8 1
3 8
6 #edges
0 10
2 3
10 2
10 11
1 8
3 1
6 #edges
0 10
2 8
10 2
10 11
1 3
8 1
6 #edges
0 10
2 8
10 2
10 11
8 3
3 1
2 #trees for patient 16
6 #edges
0 10
2 1
10 2
10 11
1 8
8 3
6 #edges
0 10
2 1
10 2
10 11
1 3
3 8
3 #trees for patient 17
6 #edges
0 10
0 8
10 11
10 3
8 2
3 6
6 #edges
0 10
0 8
10 11
10 3
11 2
3 6
6 #edges
0 10
0 8
10 11
10 3
3 2
3 6
8 #trees for patient 18
6 #edges
0 10
0 8
10 2
10 11
10 3
8 6
6 #edges
0 10
0 8
10 2
10 3
8 6
3 11
6 #edges
0 10
0 8
10 11
10 3
8 6
3 2
6 #edges
0 10
0 8
10 3
8 6
3 2
3 11
6 #edges
0 10
0 8
10 2
10 11
10 3
3 6
6 #edges
0 10
0 8
10 11
10 3
3 2
3 6
6 #edges
0 10
0 8
10 2
10 3
3 11
3 6
6 #edges
0 10
0 8
10 3
3 2
3 11
3 6
7 #trees for patient 19
6 #edges
0 10
0 8
2 6
10 11
10 3
8 2
6 #edges
0 10
0 8
10 11
10 3
8 2
3 6
6 #edges
0 10
0 8
10 11
10 6
10 3
8 2
6 #edges
0 10
0 8
10 11
10 3
3 2
3 6
6 #edges
0 10
0 8
10 11
10 6
10 3
3 2
6 #edges
0 10
0 8
2 6
10 11
10 3
3 2
6 #edges
0 10
0 8
10 11
10 3
8 6
3 2
12 #trees for patient 20
6 #edges
0 10
0 8
10 2
10 11
11 3
3 6
6 #edges
0 10
0 8
10 2
10 11
10 6
11 3
6 #edges
0 10
0 8
10 11
10 6
11 3
3 2
6 #edges
0 10
0 8
10 11
11 3
3 2
3 6
6 #edges
0 10
0 8
10 11
11 3
6 2
3 6
6 #edges
0 10
0 8
10 11
10 6
11 3
6 2
6 #edges
0 10
0 8
10 11
10 3
11 2
11 6
6 #edges
0 10
0 8
10 11
10 3
11 6
6 2
6 #edges
0 10
0 8
10 11
10 3
11 6
3 2
6 #edges
0 10
0 8
10 11
10 3
6 2
3 6
6 #edges
0 10
0 8
10 11
10 3
3 2
3 6
6 #edges
0 10
0 8
10 11
10 3
11 2
3 6
4 #trees for patient 21
6 #edges
0 10
0 8
10 11
10 3
8 2
3 6
6 #edges
0 10
0 8
10 11
10 3
11 6
8 2
6 #edges
0 10
0 8
10 11
10 3
11 6
3 2
6 #edges
0 10
0 8
10 11
10 3
3 2
3 6
2 #trees for patient 22
6 #edges
0 10
0 8
10 11
10 3
3 2
3 6
6 #edges
0 10
0 8
2 11
10 3
3 2
3 6
6 #trees for patient 23
6 #edges
0 10
0 8
10 11
10 6
10 3
3 2
6 #edges
0 10
0 8
10 11
10 3
3 2
3 6
6 #edges
0 10
0 8
2 6
10 11
10 3
3 2
6 #edges
0 10
0 8
2 11
10 6
10 3
3 2
6 #edges
0 10
0 8
2 11
10 3
3 2
3 6
6 #edges
0 10
0 8
2 11
2 6
10 3
3 2
2 #trees for patient 24
6 #edges
0 10
0 8
10 11
10 3
11 6
3 2
6 #edges
0 10
0 8
10 11
10 3
3 2
3 6
4 #trees for patient 25
6 #edges
0 10
0 8
10 11
10 3
3 2
3 6
6 #edges
0 10
0 6
10 11
10 3
6 8
3 2
6 #edges
0 10
0 6
10 11
10 3
3 2
3 8
6 #edges
0 10
10 11
10 3
6 8
3 2
3 6
2 #trees for patient 26
6 #edges
0 10
0 8
10 11
10 3
3 2
3 6
6 #edges
0 10
0 8
2 11
10 3
3 2
3 6
14 #trees for patient 27
6 #edges
0 10
0 8
2 6
10 11
10 3
3 2
6 #edges
0 10
0 8
10 11
10 3
3 2
3 6
6 #edges
0 10
0 8
2 11
10 3
3 2
3 6
6 #edges
0 10
0 8
2 11
2 6
10 3
3 2
6 #edges
0 10
2 6
10 11
10 3
11 8
3 2
6 #edges
0 10
10 11
10 3
11 8
3 2
3 6
6 #edges
0 10
2 6
2 8
10 11
10 3
3 2
6 #edges
0 10
2 8
10 11
10 3
3 2
3 6
6 #edges
0 10
2 11
2 6
2 8
10 3
3 2
6 #edges
0 10
2 11
2 6
10 8
10 3
3 2
6 #edges
0 10
2 11
2 6
10 3
11 8
3 2
6 #edges
0 10
2 11
2 8
10 3
3 2
3 6
6 #edges
0 10
2 11
10 8
10 3
3 2
3 6
6 #edges
0 10
2 11
10 3
11 8
3 2
3 6
14 #trees for patient 28
6 #edges
0 6
11 7
6 5
6 8
5 2
8 11
6 #edges
0 6
2 7
6 5
6 8
5 2
8 11
6 #edges
0 6
2 11
6 5
6 8
5 2
8 7
6 #edges
0 6
2 11
11 7
6 5
6 8
5 2
6 #edges
0 6
2 7
2 11
6 5
6 8
5 2
6 #edges
0 6
7 11
6 5
6 8
5 2
8 7
6 #edges
0 6
2 7
7 11
6 5
6 8
5 2
6 #edges
0 6
2 5
6 2
6 8
5 7
8 11
6 #edges
0 6
2 5
11 7
6 2
6 8
8 11
6 #edges
0 6
2 5
6 2
6 8
5 11
8 7
6 #edges
0 6
2 5
7 11
6 2
6 8
8 7
6 #edges
0 6
2 5
6 2
6 8
5 7
5 11
6 #edges
0 6
2 5
7 11
6 2
6 8
5 7
6 #edges
0 6
2 5
11 7
6 2
6 8
5 11
8 #trees for patient 29
6 #edges
0 6
2 5
6 2
6 7
6 8
8 11
6 #edges
0 6
2 5
11 7
6 2
6 8
8 11
6 #edges
0 6
6 7
6 5
6 8
5 2
8 11
6 #edges
0 6
11 7
6 5
6 8
5 2
8 11
6 #edges
0 6
11 8
6 11
6 5
5 2
8 7
6 #edges
0 6
11 8
6 7
6 11
6 5
5 2
6 #edges
0 6
2 5
11 8
6 2
6 7
6 11
6 #edges
0 6
2 5
11 8
6 2
6 11
8 7
8 #trees for patient 30
6 #edges
0 6
11 8
6 11
6 5
5 2
8 7
6 #edges
0 6
2 7
11 8
6 11
6 5
5 2
6 #edges
0 6
11 7
6 5
6 8
5 2
8 11
6 #edges
0 6
2 7
6 5
6 8
5 2
8 11
6 #edges
0 6
2 5
11 8
6 2
6 11
5 7
6 #edges
0 6
2 5
6 2
6 8
5 7
8 11
6 #edges
0 6
2 5
11 8
6 2
6 11
8 7
6 #edges
0 6
2 5
11 7
6 2
6 8
8 11
4 #trees for patient 31
6 #edges
0 6
11 7
6 5
6 8
5 2
8 11
6 #edges
0 6
7 2
11 7
6 5
6 8
8 11
6 #edges
0 6
7 2
11 8
6 11
6 5
8 7
6 #edges
0 6
11 8
6 11
6 5
5 2
8 7
4 #trees for patient 32
6 #edges
0 6
2 5
11 7
6 2
6 8
8 11
6 #edges
0 6
2 5
11 8
6 2
6 11
8 7
6 #edges
0 6
11 7
6 5
6 8
5 2
8 11
6 #edges
0 6
11 8
6 11
6 5
5 2
8 7
4 #trees for patient 33
6 #edges
0 6
11 7
6 5
6 8
5 2
8 11
6 #edges
0 6
11 8
6 11
6 5
5 2
8 7
6 #edges
0 6
2 5
11 7
6 2
6 8
8 11
6 #edges
0 6
2 5
11 8
6 2
6 11
8 7
4 #trees for patient 34
6 #edges
0 6
11 7
6 2
6 5
6 8
8 11
6 #edges
0 6
11 8
6 2
6 11
6 5
8 7
6 #edges
0 6
11 7
6 5
6 8
5 2
8 11
6 #edges
0 6
11 8
6 11
6 5
5 2
8 7
39 #trees for patient 35
6 #edges
0 2
0 7
0 6
2 5
6 8
8 11
6 #edges
0 2
0 7
0 6
11 5
6 8
8 11
6 #edges
0 2
0 7
0 6
6 5
6 8
8 11
6 #edges
0 7
0 6
6 5
6 8
5 2
8 11
6 #edges
0 7
0 6
11 2
6 5
6 8
8 11
6 #edges
0 7
0 6
0 5
6 2
6 8
8 11
6 #edges
0 7
0 6
2 5
6 2
6 8
8 11
6 #edges
0 7
0 6
11 5
6 2
6 8
8 11
6 #edges
0 7
0 6
11 2
11 5
6 8
8 11
6 #edges
0 7
0 6
11 5
6 8
5 2
8 11
6 #edges
0 7
0 6
0 5
11 2
6 8
8 11
6 #edges
0 7
0 6
0 5
6 8
5 2
8 11
6 #edges
0 7
0 6
2 5
11 2
6 8
8 11
6 #edges
0 6
0 5
6 8
5 2
8 7
8 11
6 #edges
0 6
0 5
11 7
6 8
5 2
8 11
6 #edges
0 6
0 5
11 7
6 2
6 8
8 11
6 #edges
0 6
0 5
6 2
6 8
8 7
8 11
6 #edges
0 6
0 5
11 2
11 7
6 8
8 11
6 #edges
0 6
0 5
11 2
6 8
8 7
8 11
6 #edges
0 2
0 6
2 5
11 7
6 8
8 11
6 #edges
0 2
0 6
2 5
6 8
8 7
8 11
6 #edges
0 2
0 6
6 5
6 8
8 7
8 11
6 #edges
0 2
0 6
11 7
6 5
6 8
8 11
6 #edges
0 2
0 6
11 5
6 8
8 7
8 11
6 #edges
0 2
0 6
11 7
11 5
6 8
8 11
6 #edges
0 6
2 5
6 2
6 8
8 7
8 11
6 #edges
0 6
2 5
11 7
6 2
6 8
8 11
6 #edges
0 6
11 7
11 5
6 2
6 8
8 11
6 #edges
0 6
11 5
6 2
6 8
8 7
8 11
6 #edges
0 6
6 5
6 8
5 2
8 7
8 11
6 #edges
0 6
11 7
6 5
6 8
5 2
8 11
6 #edges
0 6
11 2
6 5
6 8
8 7
8 11
6 #edges
0 6
11 2
11 7
6 5
6 8
8 11
6 #edges
0 6
2 5
11 2
6 8
8 7
8 11
6 #edges
0 6
11 2
11 5
6 8
8 7
8 11
6 #edges
0 6
11 5
6 8
5 2
8 7
8 11
6 #edges
0 6
11 7
11 5
6 8
5 2
8 11
6 #edges
0 6
11 2
11 7
11 5
6 8
8 11
6 #edges
0 6
2 5
11 2
11 7
6 8
8 11
2 #trees for patient 36
6 #edges
0 6
6 5
6 8
5 2
8 7
8 11
6 #edges
0 6
11 7
6 5
6 8
5 2
8 11
7 #trees for patient 37
6 #edges
0 6
11 7
6 5
6 8
5 2
8 11
6 #edges
0 6
7 2
11 7
6 5
6 8
8 11
6 #edges
0 6
2 5
11 7
6 2
6 8
8 11
6 #edges
0 6
7 5
11 7
6 2
6 8
8 11
6 #edges
0 6
7 2
7 5
11 7
6 8
8 11
6 #edges
0 6
7 5
11 7
6 8
5 2
8 11
6 #edges
0 6
2 5
7 2
11 7
6 8
8 11
2 #trees for patient 38
6 #edges
0 6
2 7
6 5
6 8
5 2
8 11
6 #edges
0 6
11 7
6 5
6 8
5 2
8 11
4 #trees for patient 39
6 #edges
0 9
0 4
9 6
11 5
4 11
5 3
6 #edges
0 9
0 4
11 5
4 11
5 6
5 3
6 #edges
0 9
0 4
9 6
11 3
4 5
5 11
6 #edges
0 9
0 4
11 6
11 3
4 5
5 11
2 #trees for patient 40
6 #edges
0 9
0 4
11 5
4 11
5 6
5 3
6 #edges
0 9
0 11
11 4
4 5
5 6
5 3
16 #trees for patient 41
6 #edges
0 9
0 4
9 5
11 6
11 3
4 11
6 #edges
0 9
0 4
9 5
11 6
4 11
5 3
6 #edges
0 9
0 4
9 5
11 3
4 11
5 6
6 #edges
0 9
0 4
9 6
9 3
11 5
4 11
6 #edges
0 9
0 4
9 3
11 5
4 11
5 6
6 #edges
0 9
0 4
11 5
4 11
5 6
5 3
6 #edges
0 9
0 4
9 6
11 5
4 11
5 3
6 #edges
0 9
0 4
9 5
4 11
5 6
5 3
6 #edges
0 9
0 11
11 4
4 5
5 6
5 3
6 #edges
0 9
0 11
9 6
11 4
4 5
5 3
6 #edges
0 9
0 11
9 3
11 4
4 5
5 6
6 #edges
0 9
0 11
9 6
9 3
11 4
4 5
6 #edges
0 9
0 11
9 5
11 4
4 6
5 3
6 #edges
0 9
0 11
9 5
11 4
4 6
4 3
6 #edges
0 9
0 11
9 5
11 4
4 3
5 6
6 #edges
0 9
0 11
9 5
11 4
5 6
5 3
8 #trees for patient 42
6 #edges
0 9
0 4
9 6
11 3
4 5
5 11
6 #edges
0 9
0 4
9 6
4 5
4 3
5 11
6 #edges
0 9
0 4
9 6
11 5
4 11
4 3
6 #edges
0 9
0 4
9 6
11 5
4 11
5 3
6 #edges
0 9
0 4
11 6
4 5
4 3
5 11
6 #edges
0 9
0 4
11 6
11 3
4 5
5 11
6 #edges
0 9
0 4
11 5
4 11
4 3
5 6
6 #edges
0 9
0 4
11 5
4 11
5 6
5 3
4 #trees for patient 43
6 #edges
0 9
0 4
11 5
11 3
4 11
5 6
6 #edges
0 9
0 4
11 5
4 11
5 6
5 3
6 #edges
0 4
11 5
11 3
4 11
6 9
5 6
6 #edges
0 4
11 5
4 11
6 9
5 6
5 3
6 #trees for patient 44
6 #edges
0 9
0 4
11 6
11 5
11 3
4 11
6 #edges
0 9
0 4
11 5
11 3
4 11
3 6
6 #edges
0 9
0 4
11 5
11 3
4 11
5 6
6 #edges
0 9
0 4
11 6
11 5
4 11
5 3
6 #edges
0 9
0 4
11 5
4 11
5 6
5 3
6 #edges
0 9
0 4
11 5
4 11
5 3
3 6
12 #trees for patient 45
6 #edges
0 9
0 5
11 6
11 3
4 11
5 4
6 #edges
0 9
0 5
11 3
4 11
5 4
3 6
6 #edges
0 9
0 5
11 4
4 3
5 11
3 6
6 #edges
0 9
0 5
11 4
4 6
4 3
5 11
6 #edges
0 9
0 11
11 4
4 5
5 6
5 3
6 #edges
0 9
0 11
11 4
4 5
5 3
3 6
6 #edges
0 9
0 11
11 5
4 6
4 3
5 4
6 #edges
0 9
0 11
11 5
4 3
5 4
3 6
6 #edges
0 9
0 4
11 6
11 3
4 5
5 11
6 #edges
0 9
0 4
11 3
4 5
5 11
3 6
6 #edges
0 9
0 4
11 5
4 11
5 6
5 3
6 #edges
0 9
0 4
11 5
4 11
5 3
3 6
2 #trees for patient 46
6 #edges
0 9
0 4
11 5
4 11
5 6
5 3
6 #edges
0 9
0 4
11 6
11 3
4 5
5 11
2 #trees for patient 47
6 #edges
0 9
0 4
11 5
4 11
5 6
5 3
6 #edges
0 4
11 5
4 11
5 6
5 3
3 9
2 #trees for patient 48
6 #edges
0 9
0 11
11 4
4 5
5 6
5 3
6 #edges
0 9
0 4
11 5
4 11
5 6
5 3
21 #trees for patient 49
6 #edges
0 9
0 4
0 6
0 3
11 5
4 11
6 #edges
0 4
0 6
0 3
11 5
4 11
5 9
6 #edges
0 9
0 4
0 3
11 5
4 11
4 6
6 #edges
0 9
0 4
0 3
11 5
4 11
5 6
6 #edges
0 4
0 3
11 5
4 11
4 6
5 9
6 #edges
0 4
0 3
11 5
4 11
5 9
5 6
6 #edges
0 9
0 4
0 6
11 5
4 11
6 3
6 #edges
0 4
0 6
11 5
4 11
6 3
5 9
6 #edges
0 9
0 4
0 6
11 5
4 11
4 3
6 #edges
0 9
0 4
0 6
11 5
4 11
5 3
6 #edges
0 4
0 6
11 5
4 11
4 3
5 9
6 #edges
0 4
0 6
11 5
4 11
5 9
5 3
6 #edges
0 9
0 4
11 5
4 11
4 3
5 6
6 #edges
0 9
0 4
11 5
4 11
4 6
6 3
6 #edges
0 9
0 4
11 5
4 11
4 6
5 3
6 #edges
0 9
0 4
11 5
4 11
5 6
5 3
6 #edges
0 9
0 4
11 5
4 11
6 3
5 6
6 #edges
0 4
11 5
4 11
4 3
5 9
5 6
6 #edges
0 4
11 5
4 11
4 6
6 3
5 9
6 #edges
0 4
11 5
4 11
4 6
5 9
5 3
6 #edges
0 4
11 5
4 11
6 3
5 9
5 6
