50 # patients
6 #trees for patient 0
6 #edges
1 2
0 10
8 11
10 3
10 8
11 1
6 #edges
1 11
0 10
8 1
10 3
10 8
11 2
6 #edges
1 8
0 10
8 2
10 3
10 11
11 1
6 #edges
1 2
0 10
8 1
10 3
10 11
11 8
6 #edges
1 11
0 10
8 2
10 3
10 1
11 8
6 #edges
1 8
0 10
8 11
10 3
10 1
11 2
6 #trees for patient 1
6 #edges
2 1
0 10
8 11
10 3
10 8
11 2
6 #edges
1 2
0 10
8 11
10 3
10 8
11 1
6 #edges
1 11
0 10
8 1
10 3
10 8
11 2
6 #edges
1 2
2 11
0 10
8 1
10 3
10 8
6 #edges
1 11
2 1
0 10
8 2
10 3
10 8
6 #edges
2 11
0 10
8 2
10 3
10 8
11 1
2 #trees for patient 2
6 #edges
1 8
0 10
8 11
10 3
10 1
11 2
6 #edges
1 11
0 10
8 1
10 3
10 8
11 2
8 #trees for patient 3
6 #edges
1 2
2 11
0 3
0 10
8 1
10 8
6 #edges
1 11
0 3
0 10
8 1
10 8
11 2
6 #edges
1 8
2 11
0 3
0 10
8 2
10 1
6 #edges
1 8
0 3
0 10
8 11
10 1
11 2
6 #edges
1 8
2 11
0 10
8 2
10 3
10 1
6 #edges
1 8
0 10
8 11
10 3
10 1
11 2
6 #edges
1 2
2 11
0 10
8 1
10 3
10 8
6 #edges
1 11
0 10
8 1
10 3
10 8
11 2
4 #trees for patient 4
6 #edges
1 11
0 10
8 1
10 3
10 8
11 2
6 #edges
1 2
2 11
0 10
8 1
10 3
10 8
6 #edges
1 3
1 2
2 11
0 10
8 1
10 8
6 #edges
1 3
1 11
0 10
8 1
10 8
11 2
12 #trees for patient 5
6 #edges
1 11
0 10
8 2
10 3
10 1
11 8
6 #edges
1 11
0 10
8 3
8 2
10 1
11 8
6 #edges
1 8
0 10
8 11
10 3
10 1
11 2
6 #edges
1 8
0 10
8 11
10 1
11 3
11 2
6 #edges
1 2
0 10
8 1
10 3
10 11
11 8
6 #edges
1 3
1 2
0 10
8 1
10 11
11 8
6 #edges
1 8
0 10
8 3
8 2
10 11
11 1
6 #edges
1 8
0 10
8 2
10 3
10 11
11 1
6 #edges
1 2
0 10
8 11
10 3
10 8
11 1
6 #edges
1 3
1 2
0 10
8 11
10 8
11 1
6 #edges
1 11
0 10
8 1
10 3
10 8
11 2
6 #edges
1 11
0 10
8 1
10 8
11 3
11 2
2 #trees for patient 6
6 #edges
1 2
2 11
0 10
8 1
10 3
10 8
6 #edges
1 11
0 10
8 1
10 3
10 8
11 2
4 #trees for patient 7
6 #edges
1 11
0 10
8 1
10 3
10 8
11 2
6 #edges
1 2
2 11
0 10
8 1
10 3
10 8
6 #edges
1 2
2 11
0 10
8 1
10 8
11 3
6 #edges
1 11
2 3
0 10
8 1
10 8
11 2
6 #trees for patient 8
6 #edges
1 2
2 11
0 10
8 1
10 3
10 8
6 #edges
1 11
0 10
8 1
10 3
10 8
11 2
6 #edges
1 2
2 11
0 10
8 3
8 1
10 8
6 #edges
1 11
0 10
8 3
8 1
10 8
11 2
6 #edges
1 3
1 2
2 11
0 10
8 1
10 8
6 #edges
1 3
1 11
0 10
8 1
10 8
11 2
4 #trees for patient 9
6 #edges
0 10
8 2
8 11
10 3
10 8
11 1
6 #edges
1 11
0 10
8 1
8 2
10 3
10 8
6 #edges
1 11
0 10
8 1
10 3
10 8
11 2
6 #edges
1 2
0 10
8 11
10 3
10 8
11 1
3 #trees for patient 10
6 #edges
1 11
0 10
8 1
10 3
10 8
11 2
6 #edges
1 11
0 10
8 3
8 1
10 8
11 2
6 #edges
1 11
2 3
0 10
8 1
10 8
11 2
33 #trees for patient 11
6 #edges
3 2
3 11
0 10
8 1
10 3
10 8
6 #edges
3 2
3 11
0 10
10 3
10 8
11 1
6 #edges
3 2
3 11
2 1
0 10
10 3
10 8
6 #edges
3 1
3 2
2 11
0 10
10 3
10 8
6 #edges
3 1
3 2
1 11
0 10
10 3
10 8
6 #edges
3 1
3 2
0 10
8 11
10 3
10 8
6 #edges
3 2
1 11
2 1
0 10
10 3
10 8
6 #edges
3 2
2 1
0 10
8 11
10 3
10 8
6 #edges
3 2
0 10
8 11
10 3
10 8
11 1
6 #edges
3 2
2 11
0 10
10 3
10 8
11 1
6 #edges
3 2
2 11
0 10
8 1
10 3
10 8
6 #edges
3 2
1 11
0 10
8 1
10 3
10 8
6 #edges
3 1
3 11
0 10
10 3
10 8
11 2
6 #edges
3 1
3 11
1 2
0 10
10 3
10 8
6 #edges
3 1
3 11
0 10
8 2
10 3
10 8
6 #edges
3 11
2 1
0 10
10 3
10 8
11 2
6 #edges
3 11
0 10
8 1
10 3
10 8
11 2
6 #edges
3 11
0 10
8 2
10 3
10 8
11 1
6 #edges
3 11
2 1
0 10
8 2
10 3
10 8
6 #edges
3 11
1 2
0 10
10 3
10 8
11 1
6 #edges
3 11
1 2
0 10
8 1
10 3
10 8
6 #edges
3 1
1 11
0 10
10 3
10 8
11 2
6 #edges
3 1
1 11
0 10
8 2
10 3
10 8
6 #edges
3 1
1 2
0 10
8 11
10 3
10 8
6 #edges
3 1
1 2
2 11
0 10
10 3
10 8
6 #edges
3 1
0 10
8 11
10 3
10 8
11 2
6 #edges
3 1
2 11
0 10
8 2
10 3
10 8
6 #edges
2 1
0 10
8 11
10 3
10 8
11 2
6 #edges
1 2
0 10
8 11
10 3
10 8
11 1
6 #edges
2 11
0 10
8 2
10 3
10 8
11 1
6 #edges
1 11
2 1
0 10
8 2
10 3
10 8
6 #edges
1 2
2 11
0 10
8 1
10 3
10 8
6 #edges
1 11
0 10
8 1
10 3
10 8
11 2
4 #trees for patient 12
6 #edges
1 2
2 11
0 10
8 1
10 3
10 8
6 #edges
1 11
0 10
8 1
10 3
10 8
11 2
6 #edges
1 8
0 10
8 11
10 3
10 1
11 2
6 #edges
1 8
2 11
0 10
8 2
10 3
10 1
72 #trees for patient 13
6 #edges
1 8
0 2
0 10
10 3
10 11
11 1
6 #edges
0 2
0 10
8 1
10 3
10 11
11 8
6 #edges
1 8
0 2
0 10
8 11
10 3
10 1
6 #edges
1 11
0 2
0 10
10 3
10 1
11 8
6 #edges
1 11
0 2
0 10
8 1
10 3
10 8
6 #edges
0 2
0 10
8 11
10 3
10 8
11 1
6 #edges
1 8
0 10
0 11
8 2
10 3
11 1
6 #edges
3 2
1 8
0 10
0 11
10 3
11 1
6 #edges
1 8
0 10
0 11
10 3
10 2
11 1
6 #edges
3 2
0 10
0 11
10 3
10 8
11 1
6 #edges
0 10
0 11
8 2
10 3
10 8
11 1
6 #edges
1 2
0 10
0 11
10 3
10 8
11 1
6 #edges
0 10
0 11
8 1
10 3
10 8
11 2
6 #edges
1 8
0 10
0 11
10 3
10 1
11 2
6 #edges
0 10
0 11
8 2
10 3
10 1
11 8
6 #edges
1 2
0 10
0 11
8 1
10 3
11 8
6 #edges
0 10
0 11
8 1
10 3
10 2
11 8
6 #edges
3 2
0 10
0 11
8 1
10 3
11 8
6 #edges
3 2
0 10
0 11
10 3
10 1
11 8
6 #edges
1 2
0 10
0 11
10 3
10 1
11 8
6 #edges
1 2
0 10
0 11
8 1
10 3
10 8
6 #edges
3 2
0 10
0 11
8 1
10 3
10 8
6 #edges
3 2
1 8
0 10
0 11
10 3
10 1
6 #edges
1 8
0 10
0 11
8 2
10 3
10 1
6 #edges
1 2
0 8
0 10
8 1
10 3
10 11
6 #edges
1 11
0 8
0 10
8 1
10 3
10 2
6 #edges
1 11
0 8
0 10
8 1
10 3
11 2
6 #edges
3 2
1 11
0 8
0 10
8 1
10 3
6 #edges
0 8
0 10
8 1
10 3
10 11
11 2
6 #edges
3 2
0 8
0 10
8 1
10 3
10 11
6 #edges
0 8
0 10
8 11
10 3
10 2
11 1
6 #edges
3 2
0 8
0 10
8 11
10 3
11 1
6 #edges
1 2
0 8
0 10
8 11
10 3
11 1
6 #edges
0 8
0 10
8 11
10 3
10 1
11 2
6 #edges
1 2
0 8
0 10
8 11
10 3
10 1
6 #edges
3 2
0 8
0 10
8 11
10 3
10 1
6 #edges
1 11
0 8
0 10
8 2
10 3
10 1
6 #edges
1 11
0 8
0 10
10 3
10 1
11 2
6 #edges
3 2
1 11
0 8
0 10
10 3
10 1
6 #edges
0 8
0 10
8 2
10 3
10 11
11 1
6 #edges
3 2
0 8
0 10
10 3
10 11
11 1
6 #edges
1 2
0 8
0 10
10 3
10 11
11 1
6 #edges
1 2
0 1
0 10
10 3
10 11
11 8
6 #edges
1 2
0 1
0 10
8 11
10 3
10 8
6 #edges
1 8
0 1
0 10
8 2
10 3
10 11
6 #edges
1 8
0 1
0 10
8 11
10 3
11 2
6 #edges
1 8
0 1
0 10
8 11
10 3
10 2
6 #edges
3 2
1 8
0 1
0 10
8 11
10 3
6 #edges
3 2
1 8
0 1
0 10
10 3
10 11
6 #edges
1 8
0 1
0 10
10 3
10 11
11 2
6 #edges
1 11
0 1
0 10
10 3
10 8
11 2
6 #edges
1 11
0 1
0 10
10 3
10 2
11 8
6 #edges
1 11
0 1
0 10
8 2
10 3
11 8
6 #edges
3 2
1 11
0 1
0 10
10 3
11 8
6 #edges
1 11
0 1
0 10
8 2
10 3
10 8
6 #edges
3 2
1 11
0 1
0 10
10 3
10 8
6 #edges
0 1
0 10
8 2
10 3
10 11
11 8
6 #edges
3 2
0 1
0 10
10 3
10 11
11 8
6 #edges
3 2
0 1
0 10
8 11
10 3
10 8
6 #edges
0 1
0 10
8 11
10 3
10 8
11 2
6 #edges
3 2
0 10
8 1
10 3
10 11
11 8
6 #edges
1 2
0 10
8 1
10 3
10 11
11 8
6 #edges
3 2
1 8
0 10
10 3
10 11
11 1
6 #edges
1 8
0 10
8 2
10 3
10 11
11 1
6 #edges
3 2
1 8
0 10
8 11
10 3
10 1
6 #edges
1 8
0 10
8 11
10 3
10 1
11 2
6 #edges
3 2
1 11
0 10
10 3
10 1
11 8
6 #edges
1 11
0 10
8 2
10 3
10 1
11 8
6 #edges
3 2
0 10
8 11
10 3
10 8
11 1
6 #edges
3 2
1 11
0 10
8 1
10 3
10 8
6 #edges
1 11
0 10
8 1
10 3
10 8
11 2
6 #edges
1 2
0 10
8 11
10 3
10 8
11 1
66 #trees for patient 14
6 #edges
1 11
0 1
0 2
0 10
10 3
10 8
6 #edges
1 11
0 1
0 2
0 8
0 10
10 3
6 #edges
0 1
0 2
0 8
0 10
8 11
10 3
6 #edges
0 1
0 2
0 8
0 10
10 3
10 11
6 #edges
0 1
0 2
0 10
0 11
10 3
10 8
6 #edges
0 1
0 2
0 10
8 11
10 3
10 8
6 #edges
0 2
0 8
0 10
8 11
10 3
11 1
6 #edges
0 2
0 8
0 10
8 11
10 3
10 1
6 #edges
0 2
0 8
0 10
8 1
10 3
10 11
6 #edges
1 11
0 2
0 8
0 10
8 1
10 3
6 #edges
0 2
0 8
0 10
0 11
8 1
10 3
6 #edges
0 2
0 8
0 10
0 11
10 3
11 1
6 #edges
0 2
0 8
0 10
0 11
10 3
10 1
6 #edges
0 2
0 8
0 10
10 3
10 11
11 1
6 #edges
1 11
0 2
0 8
0 10
10 3
10 1
6 #edges
0 2
0 10
0 11
10 3
10 8
11 1
6 #edges
0 2
0 10
0 11
8 1
10 3
10 8
6 #edges
0 3
0 2
0 10
8 11
10 8
11 1
6 #edges
1 11
0 3
0 2
0 10
8 1
10 8
6 #edges
1 11
0 2
0 10
8 1
10 3
10 8
6 #edges
0 2
0 10
8 11
10 3
10 8
11 1
6 #edges
1 2
0 8
0 10
0 11
10 3
11 1
6 #edges
0 8
0 10
0 11
10 3
10 2
11 1
6 #edges
0 8
0 10
0 11
8 2
10 3
11 1
6 #edges
1 2
0 10
0 11
10 3
10 8
11 1
6 #edges
0 10
0 11
8 2
10 3
10 8
11 1
6 #edges
1 2
0 1
0 10
0 11
10 3
10 8
6 #edges
0 1
0 10
0 11
8 2
10 3
10 8
6 #edges
0 1
0 10
0 11
10 3
10 8
11 2
6 #edges
0 8
0 10
0 11
8 1
10 3
11 2
6 #edges
0 8
0 10
0 11
10 3
10 1
11 2
6 #edges
1 2
0 8
0 10
0 11
8 1
10 3
6 #edges
0 8
0 10
0 11
8 1
10 3
10 2
6 #edges
0 8
0 10
0 11
8 2
10 3
10 1
6 #edges
1 2
0 8
0 10
0 11
10 3
10 1
6 #edges
0 10
0 11
8 1
10 3
10 8
11 2
6 #edges
1 2
0 10
0 11
8 1
10 3
10 8
6 #edges
1 2
0 1
0 8
0 10
8 11
10 3
6 #edges
1 2
0 1
0 8
0 10
10 3
10 11
6 #edges
1 2
0 1
0 10
8 11
10 3
10 8
6 #edges
0 1
0 8
0 10
10 3
10 11
11 2
6 #edges
0 1
0 8
0 10
8 2
10 3
10 11
6 #edges
0 1
0 8
0 10
8 11
10 3
10 2
6 #edges
0 1
0 8
0 10
8 11
10 3
11 2
6 #edges
1 11
0 1
0 8
0 10
10 3
10 2
6 #edges
1 11
0 1
0 8
0 10
8 2
10 3
6 #edges
1 11
0 1
0 8
0 10
10 3
11 2
6 #edges
1 11
0 1
0 10
8 2
10 3
10 8
6 #edges
1 11
0 1
0 10
10 3
10 8
11 2
6 #edges
0 1
0 10
8 11
10 3
10 8
11 2
6 #edges
0 8
0 10
8 11
10 3
10 1
11 2
6 #edges
0 8
0 10
8 11
10 3
10 2
11 1
6 #edges
1 2
0 8
0 10
8 11
10 3
11 1
6 #edges
1 2
0 8
0 10
8 11
10 3
10 1
6 #edges
1 11
0 8
0 10
8 1
10 3
10 2
6 #edges
1 11
0 8
0 10
8 1
10 3
11 2
6 #edges
1 2
0 8
0 10
8 1
10 3
10 11
6 #edges
0 8
0 10
8 1
10 3
10 11
11 2
6 #edges
1 11
0 8
0 10
8 2
10 3
10 1
6 #edges
1 11
0 8
0 10
10 3
10 1
11 2
6 #edges
0 8
0 10
8 2
10 3
10 11
11 1
6 #edges
1 2
0 8
0 10
10 3
10 11
11 1
6 #edges
1 11
0 3
0 10
8 1
10 8
11 2
6 #edges
1 2
0 3
0 10
8 11
10 8
11 1
6 #edges
1 11
0 10
8 1
10 3
10 8
11 2
6 #edges
1 2
0 10
8 11
10 3
10 8
11 1
24 #trees for patient 15
6 #edges
2 11
0 10
8 1
10 3
10 2
11 8
6 #edges
1 8
2 11
0 10
10 3
10 2
11 1
6 #edges
2 8
0 10
8 11
10 3
10 2
11 1
6 #edges
1 11
2 8
0 10
8 1
10 3
10 2
6 #edges
1 11
2 1
0 10
10 3
10 2
11 8
6 #edges
1 8
2 1
0 10
8 11
10 3
10 2
6 #edges
1 2
2 8
0 10
10 3
10 11
11 1
6 #edges
1 8
0 10
8 2
10 3
10 11
11 1
6 #edges
2 1
0 10
8 2
10 3
10 11
11 8
6 #edges
1 2
0 10
8 1
10 3
10 11
11 8
6 #edges
1 8
2 1
0 10
10 3
10 11
11 2
6 #edges
2 8
0 10
8 1
10 3
10 11
11 2
6 #edges
1 11
2 1
0 10
8 2
10 3
10 8
6 #edges
2 11
0 10
8 2
10 3
10 8
11 1
6 #edges
2 1
0 10
8 11
10 3
10 8
11 2
6 #edges
1 2
0 10
8 11
10 3
10 8
11 1
6 #edges
1 11
0 10
8 1
10 3
10 8
11 2
6 #edges
1 2
2 11
0 10
8 1
10 3
10 8
6 #edges
1 8
0 10
8 11
10 3
10 1
11 2
6 #edges
1 8
2 11
0 10
8 2
10 3
10 1
6 #edges
1 11
2 8
0 10
10 3
10 1
11 2
6 #edges
1 11
0 10
8 2
10 3
10 1
11 8
6 #edges
1 2
2 8
0 10
8 11
10 3
10 1
6 #edges
1 2
2 11
0 10
10 3
10 1
11 8
24 #trees for patient 16
6 #edges
1 11
2 8
0 10
8 1
10 3
10 2
6 #edges
2 8
0 10
8 11
10 3
10 2
11 1
6 #edges
1 8
2 1
0 10
8 11
10 3
10 2
6 #edges
1 11
2 1
0 10
10 3
10 2
11 8
6 #edges
1 8
2 11
0 10
10 3
10 2
11 1
6 #edges
2 11
0 10
8 1
10 3
10 2
11 8
6 #edges
1 2
0 10
8 1
10 3
10 11
11 8
6 #edges
2 1
0 10
8 2
10 3
10 11
11 8
6 #edges
1 2
2 8
0 10
10 3
10 11
11 1
6 #edges
1 8
0 10
8 2
10 3
10 11
11 1
6 #edges
1 8
2 1
0 10
10 3
10 11
11 2
6 #edges
2 8
0 10
8 1
10 3
10 11
11 2
6 #edges
1 8
2 11
0 10
8 2
10 3
10 1
6 #edges
1 8
0 10
8 11
10 3
10 1
11 2
6 #edges
1 11
0 10
8 2
10 3
10 1
11 8
6 #edges
1 11
2 8
0 10
10 3
10 1
11 2
6 #edges
1 2
2 11
0 10
10 3
10 1
11 8
6 #edges
1 2
2 8
0 10
8 11
10 3
10 1
6 #edges
2 1
0 10
8 11
10 3
10 8
11 2
6 #edges
1 2
0 10
8 11
10 3
10 8
11 1
6 #edges
1 11
0 10
8 1
10 3
10 8
11 2
6 #edges
1 2
2 11
0 10
8 1
10 3
10 8
6 #edges
2 11
0 10
8 2
10 3
10 8
11 1
6 #edges
1 11
2 1
0 10
8 2
10 3
10 8
6 #trees for patient 17
6 #edges
1 11
0 10
8 1
10 3
10 8
11 2
6 #edges
1 2
1 11
0 10
8 1
10 3
10 8
6 #edges
1 3
1 2
1 11
0 10
8 1
10 8
6 #edges
1 2
1 11
0 10
8 1
10 8
11 3
6 #edges
1 3
1 11
0 10
8 1
10 8
11 2
6 #edges
1 11
0 10
8 1
10 8
11 3
11 2
4 #trees for patient 18
6 #edges
1 2
2 11
0 10
8 1
10 3
10 8
6 #edges
1 11
0 10
8 1
10 3
10 8
11 2
6 #edges
1 8
0 10
8 11
10 3
10 1
11 2
6 #edges
1 8
2 11
0 10
8 2
10 3
10 1
4 #trees for patient 19
6 #edges
1 11
0 10
8 1
10 3
10 8
11 2
6 #edges
1 2
2 11
0 10
8 1
10 3
10 8
6 #edges
1 8
2 11
0 10
8 2
10 3
10 1
6 #edges
1 8
0 10
8 11
10 3
10 1
11 2
2 #trees for patient 20
6 #edges
1 11
0 10
8 1
10 3
10 8
11 2
6 #edges
1 2
0 10
8 11
10 3
10 8
11 1
12 #trees for patient 21
6 #edges
1 2
2 11
0 10
8 1
10 3
10 8
6 #edges
1 11
0 10
8 1
10 3
10 8
11 2
6 #edges
1 11
2 1
0 10
8 2
10 3
10 8
6 #edges
2 11
0 10
8 2
10 3
10 8
11 1
6 #edges
2 1
0 10
8 11
10 3
10 8
11 2
6 #edges
1 2
0 10
8 11
10 3
10 8
11 1
6 #edges
1 11
0 10
8 3
8 1
10 8
11 2
6 #edges
1 2
2 11
0 10
8 3
8 1
10 8
6 #edges
1 11
2 1
0 10
8 3
8 2
10 8
6 #edges
2 11
0 10
8 3
8 2
10 8
11 1
6 #edges
2 1
0 10
8 3
8 11
10 8
11 2
6 #edges
1 2
0 10
8 3
8 11
10 8
11 1
6 #trees for patient 22
6 #edges
2 11
0 10
8 2
10 3
10 8
11 1
6 #edges
1 11
2 1
0 10
8 2
10 3
10 8
6 #edges
1 2
2 11
0 10
8 1
10 3
10 8
6 #edges
1 11
0 10
8 1
10 3
10 8
11 2
6 #edges
1 2
0 10
8 11
10 3
10 8
11 1
6 #edges
2 1
0 10
8 11
10 3
10 8
11 2
6 #trees for patient 23
6 #edges
1 2
1 11
0 10
8 1
10 3
10 8
6 #edges
1 2
2 11
0 10
8 1
10 3
10 8
6 #edges
1 11
0 10
8 1
10 3
10 8
11 2
6 #edges
1 8
2 11
0 10
8 2
10 3
10 1
6 #edges
1 8
0 10
8 2
8 11
10 3
10 1
6 #edges
1 8
0 10
8 11
10 3
10 1
11 2
4 #trees for patient 24
6 #edges
3 2
1 11
0 10
8 1
10 3
10 8
6 #edges
1 11
0 10
8 1
10 3
10 8
11 2
6 #edges
3 2
1 8
0 10
8 11
10 3
10 1
6 #edges
1 8
0 10
8 11
10 3
10 1
11 2
6 #trees for patient 25
6 #edges
1 2
2 11
0 10
8 1
10 3
10 8
6 #edges
1 11
0 10
8 1
10 3
10 8
11 2
6 #edges
2 1
0 10
8 11
10 3
10 8
11 2
6 #edges
1 2
0 10
8 11
10 3
10 8
11 1
6 #edges
2 11
0 10
8 2
10 3
10 8
11 1
6 #edges
1 11
2 1
0 10
8 2
10 3
10 8
2 #trees for patient 26
6 #edges
1 11
0 10
8 1
10 3
10 8
11 2
6 #edges
1 3
1 11
0 10
8 1
10 8
11 2
2 #trees for patient 27
6 #edges
1 11
0 10
8 1
8 2
10 3
10 8
6 #edges
1 11
0 10
8 1
10 3
10 8
11 2
2 #trees for patient 28
6 #edges
1 2
0 10
8 11
10 3
10 8
11 1
6 #edges
1 11
0 10
8 1
10 3
10 8
11 2
6 #trees for patient 29
6 #edges
1 2
0 10
8 11
10 3
10 8
11 1
6 #edges
1 11
0 10
8 1
10 3
10 8
11 2
6 #edges
1 8
0 10
8 11
10 3
10 1
11 2
6 #edges
1 11
0 10
8 2
10 3
10 1
11 8
6 #edges
1 8
0 10
8 2
10 3
10 11
11 1
6 #edges
1 2
0 10
8 1
10 3
10 11
11 8
2 #trees for patient 30
6 #edges
3 6
3 8
3 10
0 3
10 2
10 11
6 #edges
3 6
3 10
2 8
0 3
10 2
10 11
5 #trees for patient 31
6 #edges
6 11
3 6
3 8
3 10
0 3
10 2
6 #edges
6 11
3 6
3 8
3 10
0 3
11 2
6 #edges
3 6
3 8
3 10
0 3
10 2
10 11
6 #edges
3 6
3 8
3 10
0 3
10 11
11 2
6 #edges
6 2
3 6
3 8
3 10
0 3
10 11
2 #trees for patient 32
6 #edges
3 6
3 8
3 10
0 3
10 2
10 11
6 #edges
6 8
3 6
3 10
0 3
10 2
10 11
2 #trees for patient 33
6 #edges
3 6
3 8
3 10
0 3
10 2
10 11
6 #edges
6 8
3 6
3 10
0 3
10 2
10 11
7 #trees for patient 34
6 #edges
3 6
3 8
3 10
0 3
8 11
10 2
6 #edges
3 6
3 8
3 10
0 3
10 2
10 11
6 #edges
3 8
3 10
0 3
8 6
8 11
10 2
6 #edges
3 8
3 10
0 3
8 11
10 6
10 2
6 #edges
3 8
3 10
0 3
8 11
10 2
11 6
6 #edges
3 8
3 10
0 3
8 6
10 2
10 11
6 #edges
3 8
3 10
0 3
10 2
10 11
11 6
4 #trees for patient 35
6 #edges
3 6
3 8
3 10
0 3
10 2
10 11
6 #edges
3 6
3 8
3 10
2 11
0 3
10 2
6 #edges
6 8
3 6
3 10
0 3
10 2
10 11
6 #edges
6 8
3 6
3 10
2 11
0 3
10 2
2 #trees for patient 36
6 #edges
6 8
3 6
3 10
0 3
10 2
10 11
6 #edges
3 6
3 8
3 10
0 3
10 2
10 11
3 #trees for patient 37
6 #edges
3 6
3 8
3 10
0 3
0 11
10 2
6 #edges
3 6
3 8
3 10
0 3
10 2
10 11
6 #edges
6 11
3 6
3 8
3 10
0 3
10 2
13 #trees for patient 38
6 #edges
3 8
3 10
3 11
2 6
0 3
10 2
6 #edges
3 8
3 10
3 11
0 3
8 6
10 2
6 #edges
3 8
3 10
2 6
0 3
10 2
10 11
6 #edges
6 11
3 8
3 10
2 6
0 3
10 2
6 #edges
3 8
3 10
2 6
0 3
8 11
10 2
6 #edges
3 8
3 10
0 3
8 6
10 2
10 11
6 #edges
3 6
3 8
3 10
0 3
10 2
10 11
6 #edges
6 11
3 8
3 10
0 3
8 6
10 2
6 #edges
3 8
3 10
0 3
8 6
8 11
10 2
6 #edges
3 8
3 10
2 11
0 3
8 6
10 2
6 #edges
3 6
3 8
3 10
0 3
8 11
10 2
6 #edges
6 11
3 6
3 8
3 10
0 3
10 2
6 #edges
3 6
3 8
3 10
2 11
0 3
10 2
3 #trees for patient 39
6 #edges
3 6
3 8
3 10
0 3
10 2
10 11
6 #edges
3 6
3 10
2 8
0 3
10 2
10 11
6 #edges
3 6
3 10
0 3
10 2
10 8
10 11
4 #trees for patient 40
6 #edges
3 6
3 8
3 10
0 3
10 2
10 11
6 #edges
3 6
3 8
3 10
2 11
0 3
10 2
6 #edges
3 8
3 10
0 3
8 6
10 2
10 11
6 #edges
3 8
3 10
2 11
0 3
8 6
10 2
4 #trees for patient 41
6 #edges
3 6
3 8
3 10
0 3
0 2
10 11
6 #edges
3 8
3 10
0 3
0 2
8 6
10 11
6 #edges
3 6
3 8
3 10
0 3
10 2
10 11
6 #edges
3 8
3 10
0 3
8 6
10 2
10 11
3 #trees for patient 42
6 #edges
3 6
3 8
3 10
0 3
10 2
10 11
6 #edges
3 6
3 10
2 8
0 3
10 2
10 11
6 #edges
3 6
3 10
0 3
10 2
10 11
11 8
1 #trees for patient 43
6 #edges
3 6
3 8
3 10
0 3
10 2
10 11
3 #trees for patient 44
6 #edges
3 6
3 8
3 10
0 3
10 2
10 11
6 #edges
3 8
3 10
0 3
8 6
10 2
10 11
6 #edges
3 8
3 10
0 3
10 2
10 11
11 6
3 #trees for patient 45
6 #edges
3 6
3 8
3 10
0 3
10 2
10 11
6 #edges
3 6
3 8
3 10
0 3
10 11
11 2
6 #edges
6 2
3 6
3 8
3 10
0 3
10 11
18 #trees for patient 46
6 #edges
3 6
3 2
3 10
3 11
0 3
10 8
6 #edges
3 6
3 2
3 10
0 3
10 8
10 11
6 #edges
3 2
3 8
3 10
3 11
0 3
10 6
6 #edges
3 2
3 8
3 10
0 3
10 6
10 11
6 #edges
6 2
3 8
3 10
3 11
0 3
10 6
6 #edges
3 8
3 10
3 11
0 3
8 2
10 6
6 #edges
3 6
3 8
3 10
3 11
0 3
10 2
6 #edges
3 6
3 8
3 10
3 11
0 3
8 2
6 #edges
6 2
3 6
3 8
3 10
3 11
0 3
6 #edges
3 6
3 10
3 11
0 3
8 2
10 8
6 #edges
6 2
3 6
3 10
3 11
0 3
10 8
6 #edges
3 6
3 8
3 10
0 3
10 2
10 11
6 #edges
6 2
3 8
3 10
0 3
10 6
10 11
6 #edges
3 8
3 10
0 3
8 2
10 6
10 11
6 #edges
6 2
3 6
3 10
0 3
10 8
10 11
6 #edges
3 6
3 10
0 3
8 2
10 8
10 11
6 #edges
6 2
3 6
3 8
3 10
0 3
10 11
6 #edges
3 6
3 8
3 10
0 3
8 2
10 11
2 #trees for patient 47
6 #edges
3 6
3 8
3 10
0 3
10 2
10 11
6 #edges
3 8
3 10
0 3
8 6
10 2
10 11
6 #trees for patient 48
6 #edges
3 6
3 8
3 10
0 3
10 2
10 11
6 #edges
3 6
3 8
3 10
2 11
0 3
10 2
6 #edges
3 8
3 10
2 6
0 3
10 2
10 11
6 #edges
3 8
3 10
0 3
10 2
10 11
11 6
6 #edges
3 8
3 10
2 11
0 3
10 6
10 2
6 #edges
3 8
3 10
2 11
0 3
10 2
11 6
6 #trees for patient 49
6 #edges
3 8
3 10
2 6
0 3
10 2
10 11
6 #edges
3 6
3 8
3 10
0 3
10 2
10 11
6 #edges
6 11
3 8
3 10
2 6
0 3
10 2
6 #edges
3 8
3 10
3 11
2 6
0 3
10 2
6 #edges
3 6
3 8
3 10
2 11
0 3
10 2
6 #edges
6 11
3 6
3 8
3 10
0 3
10 2
