50 # patients
8 #trees for patient 0
6 #edges
1 2
1 5
10 11
0 1
0 10
0 7
6 #edges
11 5
1 2
10 11
0 1
0 10
0 7
6 #edges
1 5
10 11
7 2
0 1
0 10
0 7
6 #edges
11 5
10 11
7 2
0 1
0 10
0 7
6 #edges
11 10
1 2
1 5
0 11
0 1
0 7
6 #edges
11 10
1 2
10 5
0 11
0 1
0 7
6 #edges
11 10
10 5
7 2
0 11
0 1
0 7
6 #edges
11 10
1 5
7 2
0 11
0 1
0 7
6 #trees for patient 1
6 #edges
11 5
1 2
2 10
0 11
0 1
0 7
6 #edges
11 10
1 2
1 5
0 11
0 1
0 7
6 #edges
1 2
1 5
2 10
0 11
0 1
0 7
6 #edges
1 2
2 10
10 5
0 11
0 1
0 7
6 #edges
11 10
1 2
2 5
0 11
0 1
0 7
6 #edges
11 10
1 2
10 5
0 11
0 1
0 7
2 #trees for patient 2
6 #edges
11 10
1 2
1 5
0 11
0 1
0 7
6 #edges
11 10
1 2
1 5
5 7
0 11
0 1
4 #trees for patient 3
6 #edges
11 10
1 2
1 5
0 11
0 1
0 7
6 #edges
1 2
1 5
10 11
0 1
0 10
0 7
6 #edges
11 10
1 5
5 2
0 11
0 1
0 7
6 #edges
1 5
10 11
5 2
0 1
0 10
0 7
7 #trees for patient 4
6 #edges
1 2
1 5
5 11
0 1
0 10
0 7
6 #edges
1 2
1 5
10 11
0 1
0 10
0 7
6 #edges
11 10
1 2
1 5
0 11
0 1
0 7
6 #edges
1 2
1 5
5 10
0 11
0 1
0 7
6 #edges
1 2
1 5
5 11
5 10
0 1
0 7
6 #edges
11 10
1 2
1 5
5 11
0 1
0 7
6 #edges
1 2
1 5
10 11
5 10
0 1
0 7
28 #trees for patient 5
6 #edges
1 2
1 5
10 11
0 1
0 10
0 7
6 #edges
1 2
2 5
10 11
0 1
0 10
0 7
6 #edges
1 2
1 5
2 11
0 1
0 10
0 7
6 #edges
1 11
1 2
2 5
0 1
0 10
0 7
6 #edges
1 2
2 5
5 11
0 1
0 10
0 7
6 #edges
1 2
1 5
5 11
0 1
0 10
0 7
6 #edges
11 10
1 2
1 5
0 11
0 1
0 7
6 #edges
11 10
1 2
2 5
0 11
0 1
0 7
6 #edges
1 2
1 5
5 10
0 11
0 1
0 7
6 #edges
1 2
1 5
2 10
0 11
0 1
0 7
6 #edges
1 2
2 5
5 10
0 11
0 1
0 7
6 #edges
1 2
1 10
2 5
0 11
0 1
0 7
6 #edges
11 10
1 11
1 2
2 5
0 1
0 7
6 #edges
1 11
1 2
1 10
2 5
0 1
0 7
6 #edges
1 11
1 2
2 5
5 10
0 1
0 7
6 #edges
11 10
1 2
1 5
5 11
0 1
0 7
6 #edges
1 2
1 5
2 10
5 11
0 1
0 7
6 #edges
1 2
1 5
5 11
5 10
0 1
0 7
6 #edges
11 10
1 2
1 5
2 11
0 1
0 7
6 #edges
1 2
1 5
2 11
2 10
0 1
0 7
6 #edges
1 2
1 5
2 11
5 10
0 1
0 7
6 #edges
1 2
1 5
10 11
5 10
0 1
0 7
6 #edges
1 2
1 5
2 10
10 11
0 1
0 7
6 #edges
1 2
2 5
10 11
5 10
0 1
0 7
6 #edges
1 2
2 5
5 11
5 10
0 1
0 7
6 #edges
1 2
1 10
2 5
5 11
0 1
0 7
6 #edges
11 10
1 2
2 5
5 11
0 1
0 7
6 #edges
1 2
1 10
2 5
10 11
0 1
0 7
8 #trees for patient 6
6 #edges
11 10
1 2
1 5
0 11
0 1
0 7
6 #edges
11 10
1 2
10 5
0 11
0 1
0 7
6 #edges
1 2
1 5
10 11
0 1
0 10
0 7
6 #edges
11 5
1 2
10 11
0 1
0 10
0 7
6 #edges
11 5
1 2
1 7
10 11
0 1
0 10
6 #edges
1 2
1 5
1 7
10 11
0 1
0 10
6 #edges
11 10
1 2
1 5
1 7
0 11
0 1
6 #edges
11 10
1 2
1 7
10 5
0 11
0 1
7 #trees for patient 7
6 #edges
11 7
1 2
0 11
0 1
0 10
0 5
6 #edges
11 10
1 2
7 5
0 11
0 1
0 7
6 #edges
11 10
11 5
1 2
0 11
0 1
0 7
6 #edges
11 10
1 2
1 5
0 11
0 1
0 7
6 #edges
11 5
11 7
1 2
0 11
0 1
0 10
6 #edges
11 7
1 2
1 5
0 11
0 1
0 10
6 #edges
11 7
1 2
7 5
0 11
0 1
0 10
8 #trees for patient 8
6 #edges
11 10
1 2
1 5
0 11
0 1
0 7
6 #edges
11 10
1 5
10 2
0 11
0 1
0 7
6 #edges
1 2
1 5
10 11
0 1
0 10
0 7
6 #edges
11 2
1 5
10 11
0 1
0 10
0 7
6 #edges
1 2
1 5
1 7
10 11
0 1
0 10
6 #edges
11 2
1 5
1 7
10 11
0 1
0 10
6 #edges
11 10
1 5
1 7
10 2
0 11
0 1
6 #edges
11 10
1 2
1 5
1 7
0 11
0 1
2 #trees for patient 9
6 #edges
11 10
1 2
1 5
0 11
0 1
0 7
6 #edges
11 10
1 5
5 2
0 11
0 1
0 7
2 #trees for patient 10
6 #edges
11 1
1 3
2 11
5 2
5 4
0 5
6 #edges
11 2
1 3
2 1
5 11
5 4
0 5
2 #trees for patient 11
6 #edges
11 1
1 3
2 11
5 2
5 4
0 5
6 #edges
11 3
1 11
2 1
5 2
5 4
0 5
2 #trees for patient 12
6 #edges
11 1
1 3
2 11
5 2
5 4
0 5
6 #edges
11 2
1 3
2 1
5 11
5 4
0 5
6 #trees for patient 13
6 #edges
11 3
3 1
2 11
5 2
5 4
0 5
6 #edges
11 1
1 3
2 11
5 2
5 4
0 5
6 #edges
11 3
1 11
2 1
5 2
5 4
0 5
6 #edges
3 11
1 3
2 1
5 2
5 4
0 5
6 #edges
11 1
3 11
2 3
5 2
5 4
0 5
6 #edges
3 1
1 11
2 3
5 2
5 4
0 5
4 #trees for patient 14
6 #edges
11 1
1 3
2 11
5 2
5 4
0 5
6 #edges
11 3
3 1
2 11
5 2
5 4
0 5
6 #edges
11 2
3 1
2 3
5 11
5 4
0 5
6 #edges
11 2
1 3
2 1
5 11
5 4
0 5
24 #trees for patient 15
6 #edges
3 1
2 11
5 2
5 4
4 3
0 5
6 #edges
3 1
1 11
5 2
5 4
4 3
0 5
6 #edges
3 11
2 1
5 2
5 4
4 3
0 5
6 #edges
11 1
3 11
5 2
5 4
4 3
0 5
6 #edges
11 1
2 11
5 2
5 4
4 3
0 5
6 #edges
1 11
2 1
5 2
5 4
4 3
0 5
6 #edges
11 3
3 1
5 2
5 4
4 11
0 5
6 #edges
11 3
2 1
5 2
5 4
4 11
0 5
6 #edges
11 1
2 3
5 2
5 4
4 11
0 5
6 #edges
11 1
1 3
5 2
5 4
4 11
0 5
6 #edges
3 1
2 3
5 2
5 4
4 11
0 5
6 #edges
1 3
2 1
5 2
5 4
4 11
0 5
6 #edges
3 11
1 3
5 2
5 4
4 1
0 5
6 #edges
1 3
2 11
5 2
5 4
4 1
0 5
6 #edges
11 3
2 11
5 2
5 4
4 1
0 5
6 #edges
3 11
2 3
5 2
5 4
4 1
0 5
6 #edges
1 11
2 3
5 2
5 4
4 1
0 5
6 #edges
11 3
1 11
5 2
5 4
4 1
0 5
6 #edges
3 11
1 3
2 1
5 2
5 4
0 5
6 #edges
11 3
1 11
2 1
5 2
5 4
0 5
6 #edges
3 1
1 11
2 3
5 2
5 4
0 5
6 #edges
11 1
3 11
2 3
5 2
5 4
0 5
6 #edges
11 1
1 3
2 11
5 2
5 4
0 5
6 #edges
11 3
3 1
2 11
5 2
5 4
0 5
1 #trees for patient 16
6 #edges
11 1
1 3
2 11
5 2
5 4
0 5
5 #trees for patient 17
6 #edges
2 11
5 3
5 1
5 2
5 4
0 5
6 #edges
1 3
2 11
5 1
5 2
5 4
0 5
6 #edges
11 3
2 11
5 1
5 2
5 4
0 5
6 #edges
11 1
2 11
5 3
5 2
5 4
0 5
6 #edges
11 1
1 3
2 11
5 2
5 4
0 5
2 #trees for patient 18
6 #edges
11 2
1 3
2 1
5 11
5 4
0 5
6 #edges
11 1
1 3
2 11
5 2
5 4
0 5
6 #trees for patient 19
6 #edges
11 1
2 11
2 3
5 2
5 4
0 5
6 #edges
11 1
1 3
2 11
5 2
5 4
0 5
6 #edges
11 3
2 11
2 1
5 2
5 4
0 5
6 #edges
1 3
2 11
2 1
5 2
5 4
0 5
6 #edges
1 11
2 3
2 1
5 2
5 4
0 5
6 #edges
11 3
1 11
2 1
5 2
5 4
0 5
4 #trees for patient 20
6 #edges
1 11
2 3
2 1
5 2
5 4
0 5
6 #edges
11 1
2 11
2 3
5 2
5 4
0 5
6 #edges
11 3
1 11
2 1
5 2
5 4
0 5
6 #edges
11 1
1 3
2 11
5 2
5 4
0 5
34 #trees for patient 21
6 #edges
5 11
5 3
5 1
5 2
5 4
0 5
6 #edges
11 1
5 11
5 3
5 2
5 4
0 5
6 #edges
3 1
5 11
5 3
5 2
5 4
0 5
6 #edges
2 1
5 11
5 3
5 2
5 4
0 5
6 #edges
11 1
3 11
5 3
5 2
5 4
0 5
6 #edges
3 11
2 1
5 3
5 2
5 4
0 5
6 #edges
3 11
5 3
5 1
5 2
5 4
0 5
6 #edges
3 1
1 11
5 3
5 2
5 4
0 5
6 #edges
3 1
2 11
5 3
5 2
5 4
0 5
6 #edges
1 11
5 3
5 1
5 2
5 4
0 5
6 #edges
2 11
5 3
5 1
5 2
5 4
0 5
6 #edges
1 11
2 1
5 3
5 2
5 4
0 5
6 #edges
11 1
2 11
5 3
5 2
5 4
0 5
6 #edges
11 1
2 3
5 11
5 2
5 4
0 5
6 #edges
11 1
1 3
5 11
5 2
5 4
0 5
6 #edges
1 3
2 1
5 11
5 2
5 4
0 5
6 #edges
11 3
2 1
5 11
5 2
5 4
0 5
6 #edges
2 3
5 11
5 1
5 2
5 4
0 5
6 #edges
1 3
5 11
5 1
5 2
5 4
0 5
6 #edges
11 3
5 11
5 1
5 2
5 4
0 5
6 #edges
11 3
3 1
5 11
5 2
5 4
0 5
6 #edges
3 1
2 3
5 11
5 2
5 4
0 5
6 #edges
3 11
1 3
5 1
5 2
5 4
0 5
6 #edges
1 3
2 11
5 1
5 2
5 4
0 5
6 #edges
11 3
1 11
5 1
5 2
5 4
0 5
6 #edges
1 11
2 3
5 1
5 2
5 4
0 5
6 #edges
3 11
2 3
5 1
5 2
5 4
0 5
6 #edges
11 3
2 11
5 1
5 2
5 4
0 5
6 #edges
3 1
1 11
2 3
5 2
5 4
0 5
6 #edges
11 1
3 11
2 3
5 2
5 4
0 5
6 #edges
11 3
1 11
2 1
5 2
5 4
0 5
6 #edges
3 11
1 3
2 1
5 2
5 4
0 5
6 #edges
11 1
1 3
2 11
5 2
5 4
0 5
6 #edges
11 3
3 1
2 11
5 2
5 4
0 5
2 #trees for patient 22
6 #edges
3 4
2 5
10 11
4 10
0 3
0 2
6 #edges
3 10
2 5
10 4
4 11
0 3
0 2
2 #trees for patient 23
6 #edges
3 4
2 5
10 11
4 10
0 3
0 2
6 #edges
3 10
2 5
10 11
4 3
0 2
0 4
12 #trees for patient 24
6 #edges
3 10
3 4
10 11
5 2
0 3
0 5
6 #edges
3 10
3 4
5 2
4 11
0 3
0 5
6 #edges
11 10
3 11
3 4
5 2
0 3
0 5
6 #edges
3 11
3 4
5 2
4 10
0 3
0 5
6 #edges
3 4
10 11
5 2
4 10
0 3
0 5
6 #edges
11 10
3 4
5 2
4 11
0 3
0 5
6 #edges
3 11
3 4
2 5
4 10
0 3
0 2
6 #edges
11 10
3 11
3 4
2 5
0 3
0 2
6 #edges
3 10
3 4
2 5
10 11
0 3
0 2
6 #edges
3 10
3 4
2 5
4 11
0 3
0 2
6 #edges
3 4
2 5
10 11
4 10
0 3
0 2
6 #edges
11 10
3 4
2 5
4 11
0 3
0 2
2 #trees for patient 25
6 #edges
11 10
3 4
2 5
4 11
0 3
0 2
6 #edges
3 4
2 5
10 11
4 10
0 3
0 2
418 #trees for patient 26
6 #edges
11 3
10 11
5 2
4 10
0 5
0 4
6 #edges
2 3
10 11
5 2
4 10
0 5
0 4
6 #edges
3 11
10 3
5 2
4 10
0 5
0 4
6 #edges
2 11
10 3
5 2
4 10
0 5
0 4
6 #edges
11 3
2 11
5 2
4 10
0 5
0 4
6 #edges
2 11
2 3
5 2
4 10
0 5
0 4
6 #edges
3 11
2 3
5 2
4 10
0 5
0 4
6 #edges
11 3
3 10
5 2
4 11
0 5
0 4
6 #edges
11 3
2 10
5 2
4 11
0 5
0 4
6 #edges
11 10
10 3
5 2
4 11
0 5
0 4
6 #edges
11 10
2 3
5 2
4 11
0 5
0 4
6 #edges
2 3
2 10
5 2
4 11
0 5
0 4
6 #edges
3 10
2 3
5 2
4 11
0 5
0 4
6 #edges
2 10
10 3
5 2
4 11
0 5
0 4
6 #edges
3 10
2 11
2 3
5 2
0 5
0 4
6 #edges
2 11
2 3
2 10
5 2
0 5
0 4
6 #edges
11 10
2 11
2 3
5 2
0 5
0 4
6 #edges
3 10
2 3
10 11
5 2
0 5
0 4
6 #edges
2 3
2 10
10 11
5 2
0 5
0 4
6 #edges
3 11
2 3
2 10
5 2
0 5
0 4
6 #edges
11 10
3 11
2 3
5 2
0 5
0 4
6 #edges
11 3
2 11
2 10
5 2
0 5
0 4
6 #edges
2 11
2 10
5 2
4 3
0 5
0 4
6 #edges
2 11
2 10
10 3
5 2
0 5
0 4
6 #edges
11 3
2 10
10 11
5 2
0 5
0 4
6 #edges
2 10
10 11
5 2
4 3
0 5
0 4
6 #edges
3 11
2 10
5 2
4 3
0 5
0 4
6 #edges
3 11
2 10
10 3
5 2
0 5
0 4
6 #edges
11 10
2 11
5 2
4 3
0 5
0 4
6 #edges
3 10
2 11
5 2
4 3
0 5
0 4
6 #edges
3 10
10 11
5 2
4 3
0 5
0 4
6 #edges
11 10
3 11
5 2
4 3
0 5
0 4
6 #edges
11 10
2 11
10 3
5 2
0 5
0 4
6 #edges
11 3
3 10
2 11
5 2
0 5
0 4
6 #edges
11 3
2 5
10 11
4 10
0 2
0 4
6 #edges
2 5
10 11
5 3
4 10
0 2
0 4
6 #edges
3 11
2 5
10 3
4 10
0 2
0 4
6 #edges
2 5
10 3
5 11
4 10
0 2
0 4
6 #edges
3 11
2 5
5 3
4 10
0 2
0 4
6 #edges
2 5
5 11
5 3
4 10
0 2
0 4
6 #edges
11 3
2 5
5 11
4 10
0 2
0 4
6 #edges
11 10
3 11
2 5
4 3
0 2
0 4
6 #edges
3 11
2 5
5 10
4 3
0 2
0 4
6 #edges
3 10
2 5
10 11
4 3
0 2
0 4
6 #edges
3 10
2 5
5 11
4 3
0 2
0 4
6 #edges
11 10
2 5
5 11
4 3
0 2
0 4
6 #edges
2 5
5 11
5 10
4 3
0 2
0 4
6 #edges
2 5
10 11
5 10
4 3
0 2
0 4
6 #edges
11 10
2 5
10 3
4 11
0 2
0 4
6 #edges
11 10
2 5
5 3
4 11
0 2
0 4
6 #edges
11 3
3 10
2 5
4 11
0 2
0 4
6 #edges
11 3
2 5
5 10
4 11
0 2
0 4
6 #edges
2 5
10 3
5 10
4 11
0 2
0 4
6 #edges
2 5
5 3
5 10
4 11
0 2
0 4
6 #edges
3 10
2 5
5 3
4 11
0 2
0 4
6 #edges
2 5
5 11
5 3
5 10
0 2
0 4
6 #edges
11 10
2 5
5 11
5 3
0 2
0 4
6 #edges
3 10
2 5
5 11
5 3
0 2
0 4
6 #edges
11 3
3 10
2 5
5 11
0 2
0 4
6 #edges
11 3
2 5
5 11
5 10
0 2
0 4
6 #edges
2 5
10 3
5 11
5 10
0 2
0 4
6 #edges
11 10
2 5
10 3
5 11
0 2
0 4
6 #edges
11 3
2 5
10 11
5 10
0 2
0 4
6 #edges
2 5
10 11
5 3
5 10
0 2
0 4
6 #edges
3 11
2 5
5 3
5 10
0 2
0 4
6 #edges
3 11
2 5
10 3
5 10
0 2
0 4
6 #edges
3 10
2 5
10 11
5 3
0 2
0 4
6 #edges
11 10
3 11
2 5
5 3
0 2
0 4
6 #edges
2 11
2 3
10 4
5 2
0 10
0 5
6 #edges
2 3
10 4
5 2
4 11
0 10
0 5
6 #edges
3 11
2 3
10 4
5 2
0 10
0 5
6 #edges
11 3
10 4
5 2
4 11
0 10
0 5
6 #edges
2 11
10 4
5 2
4 3
0 10
0 5
6 #edges
3 11
10 4
5 2
4 3
0 10
0 5
6 #edges
11 3
2 11
10 4
5 2
0 10
0 5
6 #edges
3 4
2 11
10 3
5 2
0 10
0 5
6 #edges
3 4
10 3
5 2
4 11
0 10
0 5
6 #edges
11 4
2 11
10 3
5 2
0 10
0 5
6 #edges
2 11
2 4
10 3
5 2
0 10
0 5
6 #edges
11 4
3 11
10 3
5 2
0 10
0 5
6 #edges
3 11
2 4
10 3
5 2
0 10
0 5
6 #edges
2 4
10 3
5 2
4 11
0 10
0 5
6 #edges
2 11
2 4
5 2
4 3
0 10
0 5
6 #edges
2 11
2 3
2 4
5 2
0 10
0 5
6 #edges
11 3
2 11
2 4
5 2
0 10
0 5
6 #edges
11 4
2 11
2 3
5 2
0 10
0 5
6 #edges
3 4
2 11
2 3
5 2
0 10
0 5
6 #edges
11 3
3 4
2 11
5 2
0 10
0 5
6 #edges
11 4
2 11
5 2
4 3
0 10
0 5
6 #edges
2 3
2 4
10 11
5 2
0 10
0 5
6 #edges
3 11
2 3
2 4
5 2
0 10
0 5
6 #edges
2 3
2 4
5 2
4 11
0 10
0 5
6 #edges
11 4
3 11
2 3
5 2
0 10
0 5
6 #edges
11 4
2 3
10 11
5 2
0 10
0 5
6 #edges
3 4
2 3
10 11
5 2
0 10
0 5
6 #edges
3 4
2 3
5 2
4 11
0 10
0 5
6 #edges
11 3
3 4
10 11
5 2
0 10
0 5
6 #edges
11 3
2 4
10 11
5 2
0 10
0 5
6 #edges
11 4
10 11
5 2
4 3
0 10
0 5
6 #edges
2 4
10 11
5 2
4 3
0 10
0 5
6 #edges
3 11
2 4
5 2
4 3
0 10
0 5
6 #edges
11 3
2 4
5 2
4 11
0 10
0 5
6 #edges
3 11
2 5
10 4
4 3
0 2
0 10
6 #edges
2 5
10 4
5 11
4 3
0 2
0 10
6 #edges
2 5
10 4
5 11
5 3
0 2
0 10
6 #edges
3 11
2 5
10 4
5 3
0 2
0 10
6 #edges
2 5
10 4
5 3
4 11
0 2
0 10
6 #edges
11 3
2 5
10 4
4 11
0 2
0 10
6 #edges
11 3
2 5
10 4
5 11
0 2
0 10
6 #edges
11 4
2 5
10 11
4 3
0 2
0 10
6 #edges
11 4
2 5
10 11
5 3
0 2
0 10
6 #edges
11 3
3 4
2 5
10 11
0 2
0 10
6 #edges
11 3
2 5
10 11
5 4
0 2
0 10
6 #edges
2 5
10 11
5 3
5 4
0 2
0 10
6 #edges
3 4
2 5
10 11
5 3
0 2
0 10
6 #edges
2 5
10 11
5 4
4 3
0 2
0 10
6 #edges
11 4
3 11
2 5
10 3
0 2
0 10
6 #edges
3 11
2 5
10 3
5 4
0 2
0 10
6 #edges
3 4
2 5
10 3
5 11
0 2
0 10
6 #edges
3 4
2 5
10 3
4 11
0 2
0 10
6 #edges
2 5
10 3
5 4
4 11
0 2
0 10
6 #edges
2 5
10 3
5 11
5 4
0 2
0 10
6 #edges
11 4
2 5
10 3
5 11
0 2
0 10
6 #edges
3 4
2 5
5 3
4 11
0 2
0 10
6 #edges
3 4
2 5
5 11
5 3
0 2
0 10
6 #edges
3 11
2 5
5 3
5 4
0 2
0 10
6 #edges
11 4
3 11
2 5
5 3
0 2
0 10
6 #edges
2 5
5 11
5 3
5 4
0 2
0 10
6 #edges
2 5
5 3
5 4
4 11
0 2
0 10
6 #edges
11 4
2 5
5 11
5 3
0 2
0 10
6 #edges
2 5
5 11
5 4
4 3
0 2
0 10
6 #edges
3 11
2 5
5 4
4 3
0 2
0 10
6 #edges
11 3
2 5
5 11
5 4
0 2
0 10
6 #edges
11 3
2 5
5 4
4 11
0 2
0 10
6 #edges
11 4
2 5
5 11
4 3
0 2
0 10
6 #edges
11 3
3 4
2 5
5 11
0 2
0 10
6 #edges
11 4
3 11
2 5
4 10
0 3
0 2
6 #edges
11 4
3 11
2 5
5 10
0 3
0 2
6 #edges
3 11
2 5
5 10
5 4
0 3
0 2
6 #edges
11 10
3 11
2 5
5 4
0 3
0 2
6 #edges
3 11
2 5
5 4
4 10
0 3
0 2
6 #edges
11 10
3 11
2 5
10 4
0 3
0 2
6 #edges
3 11
2 5
10 4
5 10
0 3
0 2
6 #edges
11 10
3 11
10 4
5 2
0 3
0 5
6 #edges
11 10
3 11
2 4
5 2
0 3
0 5
6 #edges
11 4
3 11
2 10
5 2
0 3
0 5
6 #edges
11 4
3 11
5 2
4 10
0 3
0 5
6 #edges
3 11
2 10
10 4
5 2
0 3
0 5
6 #edges
3 11
2 10
2 4
5 2
0 3
0 5
6 #edges
3 11
2 4
5 2
4 10
0 3
0 5
6 #edges
11 10
3 4
5 2
4 11
0 3
0 5
6 #edges
3 4
2 10
5 2
4 11
0 3
0 5
6 #edges
3 4
2 11
5 2
4 10
0 3
0 5
6 #edges
3 4
10 11
5 2
4 10
0 3
0 5
6 #edges
3 4
2 10
10 11
5 2
0 3
0 5
6 #edges
3 4
2 11
2 10
5 2
0 3
0 5
6 #edges
11 10
3 4
2 11
5 2
0 3
0 5
6 #edges
2 4
10 11
5 2
4 10
0 3
0 5
6 #edges
2 11
2 4
5 2
4 10
0 3
0 5
6 #edges
2 11
2 10
2 4
5 2
0 3
0 5
6 #edges
2 10
2 4
10 11
5 2
0 3
0 5
6 #edges
2 10
2 4
5 2
4 11
0 3
0 5
6 #edges
11 10
2 4
5 2
4 11
0 3
0 5
6 #edges
3 10
2 4
5 2
4 11
0 3
0 5
6 #edges
3 10
2 11
2 4
5 2
0 3
0 5
6 #edges
11 10
2 11
2 4
5 2
0 3
0 5
6 #edges
3 10
2 4
10 11
5 2
0 3
0 5
6 #edges
3 10
2 11
10 4
5 2
0 3
0 5
6 #edges
11 4
3 10
2 11
5 2
0 3
0 5
6 #edges
3 10
10 4
5 2
4 11
0 3
0 5
6 #edges
11 4
3 10
10 11
5 2
0 3
0 5
6 #edges
2 11
2 10
10 4
5 2
0 3
0 5
6 #edges
11 4
2 11
2 10
5 2
0 3
0 5
6 #edges
11 4
2 10
10 11
5 2
0 3
0 5
6 #edges
2 10
10 4
5 2
4 11
0 3
0 5
6 #edges
11 4
2 11
5 2
4 10
0 3
0 5
6 #edges
11 10
2 11
10 4
5 2
0 3
0 5
6 #edges
11 10
3 4
2 5
4 11
0 3
0 2
6 #edges
3 4
2 5
5 10
4 11
0 3
0 2
6 #edges
3 4
2 5
10 11
4 10
0 3
0 2
6 #edges
3 4
2 5
5 11
4 10
0 3
0 2
6 #edges
3 4
2 5
10 11
5 10
0 3
0 2
6 #edges
3 4
2 5
5 11
5 10
0 3
0 2
6 #edges
11 10
3 4
2 5
5 11
0 3
0 2
6 #edges
2 5
10 4
5 11
5 10
0 3
0 2
6 #edges
2 5
10 4
5 10
4 11
0 3
0 2
6 #edges
11 4
2 5
5 11
5 10
0 3
0 2
6 #edges
2 5
5 11
5 10
5 4
0 3
0 2
6 #edges
11 4
2 5
10 11
5 10
0 3
0 2
6 #edges
2 5
10 11
5 10
5 4
0 3
0 2
6 #edges
2 5
5 10
5 4
4 11
0 3
0 2
6 #edges
11 4
3 10
2 5
10 11
0 3
0 2
6 #edges
3 10
2 5
10 11
5 4
0 3
0 2
6 #edges
3 10
2 5
5 4
4 11
0 3
0 2
6 #edges
3 10
2 5
5 11
5 4
0 3
0 2
6 #edges
3 10
2 5
10 4
5 11
0 3
0 2
6 #edges
11 4
3 10
2 5
5 11
0 3
0 2
6 #edges
3 10
2 5
10 4
4 11
0 3
0 2
6 #edges
11 4
2 5
5 11
4 10
0 3
0 2
6 #edges
11 10
2 5
10 4
5 11
0 3
0 2
6 #edges
11 10
2 5
5 11
5 4
0 3
0 2
6 #edges
2 5
5 11
5 4
4 10
0 3
0 2
6 #edges
2 5
10 11
5 4
4 10
0 3
0 2
6 #edges
11 10
2 5
5 4
4 11
0 3
0 2
6 #edges
11 10
3 4
10 3
5 2
0 11
0 5
6 #edges
11 10
2 4
10 3
5 2
0 11
0 5
6 #edges
11 10
2 3
2 4
5 2
0 11
0 5
6 #edges
11 10
2 3
10 4
5 2
0 11
0 5
6 #edges
11 10
3 4
2 3
5 2
0 11
0 5
6 #edges
11 10
2 4
5 2
4 3
0 11
0 5
6 #edges
11 10
10 4
5 2
4 3
0 11
0 5
6 #edges
11 10
2 5
10 4
4 3
0 11
0 2
6 #edges
11 10
2 5
10 4
5 3
0 11
0 2
6 #edges
11 10
3 4
2 5
10 3
0 11
0 2
6 #edges
11 10
2 5
10 3
5 4
0 11
0 2
6 #edges
11 10
2 5
5 4
4 3
0 11
0 2
6 #edges
11 10
2 5
5 3
5 4
0 11
0 2
6 #edges
11 10
3 4
2 5
5 3
0 11
0 2
6 #edges
11 4
2 5
5 3
4 10
0 11
0 2
6 #edges
11 4
2 5
10 3
4 10
0 11
0 2
6 #edges
11 4
2 5
10 3
5 10
0 11
0 2
6 #edges
11 4
2 5
5 3
5 10
0 11
0 2
6 #edges
11 4
2 5
5 10
4 3
0 11
0 2
6 #edges
11 4
3 10
2 5
4 3
0 11
0 2
6 #edges
11 4
3 10
2 5
5 3
0 11
0 2
6 #edges
11 3
3 4
2 5
4 10
0 11
0 2
6 #edges
11 3
3 4
2 5
5 10
0 11
0 2
6 #edges
11 3
3 10
2 5
10 4
0 11
0 2
6 #edges
11 3
3 10
2 5
5 4
0 11
0 2
6 #edges
11 3
2 5
10 4
5 10
0 11
0 2
6 #edges
11 3
2 5
5 10
5 4
0 11
0 2
6 #edges
11 3
2 5
5 4
4 10
0 11
0 2
6 #edges
3 4
2 5
5 3
4 10
0 11
0 2
6 #edges
3 4
2 5
5 3
5 10
0 11
0 2
6 #edges
2 5
5 3
5 4
4 10
0 11
0 2
6 #edges
3 10
2 5
5 3
5 4
0 11
0 2
6 #edges
2 5
5 3
5 10
5 4
0 11
0 2
6 #edges
3 10
2 5
10 4
5 3
0 11
0 2
6 #edges
2 5
10 4
5 3
5 10
0 11
0 2
6 #edges
2 5
5 10
5 4
4 3
0 11
0 2
6 #edges
3 10
2 5
5 4
4 3
0 11
0 2
6 #edges
2 5
10 3
5 10
5 4
0 11
0 2
6 #edges
2 5
10 3
5 4
4 10
0 11
0 2
6 #edges
2 5
10 4
5 10
4 3
0 11
0 2
6 #edges
3 4
2 5
10 3
5 10
0 11
0 2
6 #edges
11 4
2 3
5 2
4 10
0 11
0 5
6 #edges
11 4
10 3
5 2
4 10
0 11
0 5
6 #edges
11 4
2 10
5 2
4 3
0 11
0 5
6 #edges
11 4
2 3
2 10
5 2
0 11
0 5
6 #edges
11 4
2 10
10 3
5 2
0 11
0 5
6 #edges
11 4
3 10
2 3
5 2
0 11
0 5
6 #edges
11 4
3 10
5 2
4 3
0 11
0 5
6 #edges
11 3
3 10
10 4
5 2
0 11
0 5
6 #edges
11 3
3 10
2 4
5 2
0 11
0 5
6 #edges
11 3
3 4
5 2
4 10
0 11
0 5
6 #edges
11 3
3 4
2 10
5 2
0 11
0 5
6 #edges
11 3
2 4
5 2
4 10
0 11
0 5
6 #edges
11 3
2 10
2 4
5 2
0 11
0 5
6 #edges
11 3
2 10
10 4
5 2
0 11
0 5
6 #edges
2 10
10 4
5 2
4 3
0 11
0 5
6 #edges
2 3
2 10
10 4
5 2
0 11
0 5
6 #edges
2 10
2 4
5 2
4 3
0 11
0 5
6 #edges
2 3
2 10
2 4
5 2
0 11
0 5
6 #edges
2 10
2 4
10 3
5 2
0 11
0 5
6 #edges
3 4
2 3
2 10
5 2
0 11
0 5
6 #edges
3 4
2 10
10 3
5 2
0 11
0 5
6 #edges
2 3
2 4
5 2
4 10
0 11
0 5
6 #edges
2 4
10 3
5 2
4 10
0 11
0 5
6 #edges
3 10
2 3
2 4
5 2
0 11
0 5
6 #edges
3 10
2 4
5 2
4 3
0 11
0 5
6 #edges
3 10
2 3
10 4
5 2
0 11
0 5
6 #edges
3 4
2 3
5 2
4 10
0 11
0 5
6 #edges
2 3
2 10
2 4
10 11
5 2
0 5
6 #edges
2 11
2 3
2 10
2 4
5 2
0 5
6 #edges
3 11
2 3
2 10
2 4
5 2
0 5
6 #edges
2 3
2 10
2 4
5 2
4 11
0 5
6 #edges
11 10
3 11
2 3
2 4
5 2
0 5
6 #edges
3 11
2 3
2 4
5 2
4 10
0 5
6 #edges
3 10
2 3
2 4
5 2
4 11
0 5
6 #edges
3 10
2 11
2 3
2 4
5 2
0 5
6 #edges
3 10
2 3
2 4
10 11
5 2
0 5
6 #edges
11 10
2 11
2 3
2 4
5 2
0 5
6 #edges
2 11
2 3
2 4
5 2
4 10
0 5
6 #edges
11 10
2 3
2 4
5 2
4 11
0 5
6 #edges
2 3
2 4
10 11
5 2
4 10
0 5
6 #edges
3 4
2 11
2 3
2 10
5 2
0 5
6 #edges
3 4
2 3
2 10
10 11
5 2
0 5
6 #edges
3 4
2 3
2 10
5 2
4 11
0 5
6 #edges
3 4
2 11
2 3
5 2
4 10
0 5
6 #edges
3 4
2 3
10 11
5 2
4 10
0 5
6 #edges
11 10
3 4
2 3
5 2
4 11
0 5
6 #edges
11 10
3 4
2 11
2 3
5 2
0 5
6 #edges
11 4
3 11
2 3
5 2
4 10
0 5
6 #edges
11 4
3 11
2 3
2 10
5 2
0 5
6 #edges
3 11
2 3
2 10
10 4
5 2
0 5
6 #edges
11 10
3 11
2 3
10 4
5 2
0 5
6 #edges
3 10
2 11
2 3
10 4
5 2
0 5
6 #edges
11 4
3 10
2 11
2 3
5 2
0 5
6 #edges
11 4
3 10
2 3
10 11
5 2
0 5
6 #edges
3 10
2 3
10 4
5 2
4 11
0 5
6 #edges
2 11
2 3
2 10
10 4
5 2
0 5
6 #edges
11 4
2 11
2 3
2 10
5 2
0 5
6 #edges
11 4
2 11
2 3
5 2
4 10
0 5
6 #edges
11 10
2 11
2 3
10 4
5 2
0 5
6 #edges
11 4
2 3
2 10
10 11
5 2
0 5
6 #edges
2 3
2 10
10 4
5 2
4 11
0 5
6 #edges
3 11
2 10
2 4
5 2
4 3
0 5
6 #edges
11 10
3 11
2 4
5 2
4 3
0 5
6 #edges
3 10
2 11
2 4
5 2
4 3
0 5
6 #edges
11 10
2 11
2 4
5 2
4 3
0 5
6 #edges
2 11
2 10
2 4
5 2
4 3
0 5
6 #edges
2 10
2 4
10 11
5 2
4 3
0 5
6 #edges
3 10
2 4
10 11
5 2
4 3
0 5
6 #edges
11 3
2 11
2 4
5 2
4 10
0 5
6 #edges
11 3
2 11
2 10
2 4
5 2
0 5
6 #edges
11 3
3 10
2 11
2 4
5 2
0 5
6 #edges
11 10
2 11
2 4
10 3
5 2
0 5
6 #edges
2 11
2 10
2 4
10 3
5 2
0 5
6 #edges
2 11
2 4
10 3
5 2
4 10
0 5
6 #edges
11 3
3 10
2 4
5 2
4 11
0 5
6 #edges
11 3
2 10
2 4
5 2
4 11
0 5
6 #edges
11 10
2 4
10 3
5 2
4 11
0 5
6 #edges
2 10
2 4
10 3
5 2
4 11
0 5
6 #edges
11 3
2 10
2 4
10 11
5 2
0 5
6 #edges
3 11
2 10
2 4
10 3
5 2
0 5
6 #edges
3 11
2 4
10 3
5 2
4 10
0 5
6 #edges
11 3
2 4
10 11
5 2
4 10
0 5
6 #edges
11 10
3 4
2 11
10 3
5 2
0 5
6 #edges
11 10
2 11
10 4
5 2
4 3
0 5
6 #edges
11 3
3 10
2 11
10 4
5 2
0 5
6 #edges
11 3
3 4
2 11
5 2
4 10
0 5
6 #edges
11 3
3 4
2 11
2 10
5 2
0 5
6 #edges
11 3
2 11
2 10
10 4
5 2
0 5
6 #edges
11 4
2 11
2 10
10 3
5 2
0 5
6 #edges
11 4
2 11
2 10
5 2
4 3
0 5
6 #edges
3 4
2 11
2 10
10 3
5 2
0 5
6 #edges
2 11
2 10
10 4
5 2
4 3
0 5
6 #edges
11 4
2 11
10 3
5 2
4 10
0 5
6 #edges
11 4
3 10
2 11
5 2
4 3
0 5
6 #edges
11 3
2 10
10 4
5 2
4 11
0 5
6 #edges
3 11
2 10
10 4
5 2
4 3
0 5
6 #edges
11 3
3 4
2 10
10 11
5 2
0 5
6 #edges
11 4
2 10
10 11
5 2
4 3
0 5
6 #edges
3 4
2 10
10 3
5 2
4 11
0 5
6 #edges
11 4
3 11
2 10
10 3
5 2
0 5
6 #edges
2 5
10 4
5 11
5 3
5 10
0 2
6 #edges
2 5
5 11
5 3
5 10
5 4
0 2
6 #edges
11 4
2 5
5 11
5 3
5 10
0 2
6 #edges
3 4
2 5
5 11
5 3
5 10
0 2
6 #edges
2 5
10 3
5 11
5 10
5 4
0 2
6 #edges
3 4
2 5
10 3
5 11
5 10
0 2
6 #edges
11 4
2 5
10 3
5 11
5 10
0 2
6 #edges
2 5
5 11
5 10
5 4
4 3
0 2
6 #edges
11 3
2 5
5 11
5 10
5 4
0 2
6 #edges
11 3
2 5
10 4
5 11
5 10
0 2
6 #edges
11 3
3 4
2 5
5 11
5 10
0 2
6 #edges
2 5
10 4
5 11
5 10
4 3
0 2
6 #edges
11 4
2 5
5 11
5 10
4 3
0 2
6 #edges
11 10
3 4
2 5
5 11
5 3
0 2
6 #edges
3 4
2 5
5 11
5 3
4 10
0 2
6 #edges
11 4
3 10
2 5
5 11
5 3
0 2
6 #edges
3 10
2 5
10 4
5 11
5 3
0 2
6 #edges
3 10
2 5
5 11
5 3
5 4
0 2
6 #edges
2 5
5 11
5 3
5 4
4 10
0 2
6 #edges
11 10
2 5
5 11
5 3
5 4
0 2
6 #edges
11 4
2 5
5 11
5 3
4 10
0 2
6 #edges
11 10
2 5
10 4
5 11
5 3
0 2
6 #edges
11 10
2 5
10 3
5 11
5 4
0 2
6 #edges
11 10
3 4
2 5
10 3
5 11
0 2
6 #edges
11 10
2 5
5 11
5 4
4 3
0 2
6 #edges
11 10
2 5
10 4
5 11
4 3
0 2
6 #edges
11 4
2 5
10 3
5 11
4 10
0 2
6 #edges
11 4
3 10
2 5
5 11
4 3
0 2
6 #edges
11 3
3 4
2 5
5 11
4 10
0 2
6 #edges
11 3
3 10
2 5
5 11
5 4
0 2
6 #edges
11 3
2 5
5 11
5 4
4 10
0 2
6 #edges
11 3
3 10
2 5
10 4
5 11
0 2
6 #edges
3 10
2 5
5 11
5 4
4 3
0 2
6 #edges
2 5
10 3
5 11
5 4
4 10
0 2
6 #edges
3 10
2 5
10 11
5 4
4 3
0 2
6 #edges
2 5
10 11
5 10
5 4
4 3
0 2
6 #edges
3 11
2 5
5 10
5 4
4 3
0 2
6 #edges
11 10
3 11
2 5
5 4
4 3
0 2
6 #edges
3 11
2 5
5 3
5 10
5 4
0 2
6 #edges
2 5
5 3
5 10
5 4
4 11
0 2
6 #edges
2 5
10 11
5 3
5 10
5 4
0 2
6 #edges
3 10
2 5
5 3
5 4
4 11
0 2
6 #edges
11 10
2 5
5 3
5 4
4 11
0 2
6 #edges
3 11
2 5
5 3
5 4
4 10
0 2
6 #edges
2 5
10 11
5 3
5 4
4 10
0 2
6 #edges
11 10
3 11
2 5
5 3
5 4
0 2
6 #edges
3 10
2 5
10 11
5 3
5 4
0 2
6 #edges
11 3
2 5
5 10
5 4
4 11
0 2
6 #edges
2 5
10 3
5 10
5 4
4 11
0 2
6 #edges
11 3
2 5
10 11
5 10
5 4
0 2
6 #edges
3 11
2 5
10 3
5 10
5 4
0 2
6 #edges
11 3
2 5
10 11
5 4
4 10
0 2
6 #edges
3 11
2 5
10 3
5 4
4 10
0 2
6 #edges
11 10
2 5
10 3
5 4
4 11
0 2
6 #edges
11 3
3 10
2 5
5 4
4 11
0 2
6 #edges
3 4
2 5
10 11
5 3
4 10
0 2
6 #edges
3 4
2 5
10 11
5 3
5 10
0 2
6 #edges
3 4
2 5
5 3
5 10
4 11
0 2
6 #edges
11 10
3 4
2 5
5 3
4 11
0 2
6 #edges
3 10
2 5
10 4
5 3
4 11
0 2
6 #edges
11 4
3 10
2 5
10 11
5 3
0 2
6 #edges
2 5
10 4
5 3
5 10
4 11
0 2
6 #edges
3 11
2 5
10 4
5 3
5 10
0 2
6 #edges
11 4
3 11
2 5
5 3
5 10
0 2
6 #edges
11 4
2 5
10 11
5 3
5 10
0 2
6 #edges
11 4
3 11
2 5
5 3
4 10
0 2
6 #edges
11 10
3 11
2 5
10 4
5 3
0 2
6 #edges
11 3
2 5
10 4
5 10
4 11
0 2
6 #edges
3 11
2 5
10 4
5 10
4 3
0 2
6 #edges
3 4
2 5
10 3
5 10
4 11
0 2
6 #edges
11 4
3 11
2 5
10 3
5 10
0 2
6 #edges
11 3
3 4
2 5
10 11
5 10
0 2
6 #edges
11 4
2 5
10 11
5 10
4 3
0 2
12 #trees for patient 27
6 #edges
3 10
2 11
2 5
4 3
0 2
0 4
6 #edges
3 10
2 5
10 11
4 3
0 2
0 4
6 #edges
2 11
2 5
10 3
4 10
0 2
0 4
6 #edges
3 11
2 5
10 3
4 10
0 2
0 4
6 #edges
2 11
2 5
10 4
4 3
0 2
0 10
6 #edges
3 11
2 5
10 4
4 3
0 2
0 10
6 #edges
3 4
2 11
2 5
10 3
0 2
0 10
6 #edges
3 4
2 5
10 3
4 11
0 2
0 10
6 #edges
3 10
2 5
10 4
4 11
0 3
0 2
6 #edges
3 10
2 11
2 5
10 4
0 3
0 2
6 #edges
3 4
2 11
2 5
4 10
0 3
0 2
6 #edges
3 4
2 5
10 11
4 10
0 3
0 2
12 #trees for patient 28
6 #edges
11 10
3 4
2 11
5 2
0 3
0 5
6 #edges
3 4
2 11
5 2
4 10
0 3
0 5
6 #edges
3 4
2 10
10 11
5 2
0 3
0 5
6 #edges
3 4
2 10
5 2
4 11
0 3
0 5
6 #edges
3 4
10 11
5 2
4 10
0 3
0 5
6 #edges
11 10
3 4
5 2
4 11
0 3
0 5
6 #edges
11 10
3 4
2 5
5 11
0 3
0 2
6 #edges
3 4
2 5
5 11
4 10
0 3
0 2
6 #edges
3 4
2 5
10 11
5 10
0 3
0 2
6 #edges
3 4
2 5
5 10
4 11
0 3
0 2
6 #edges
3 4
2 5
10 11
4 10
0 3
0 2
6 #edges
11 10
3 4
2 5
4 11
0 3
0 2
13 #trees for patient 29
6 #edges
11 10
3 4
2 11
2 5
0 3
0 2
6 #edges
3 4
2 11
2 5
5 10
0 3
0 2
6 #edges
3 4
2 11
2 5
4 10
0 3
0 2
6 #edges
3 4
2 10
2 5
5 11
0 3
0 2
6 #edges
3 4
2 10
2 5
10 11
0 3
0 2
6 #edges
3 4
2 10
2 5
4 11
0 3
0 2
6 #edges
3 4
2 5
10 11
5 10
0 3
0 2
6 #edges
3 4
2 5
5 10
4 11
0 3
0 2
6 #edges
11 10
3 4
2 5
4 11
0 3
0 2
6 #edges
3 4
2 5
4 11
4 10
0 3
0 2
6 #edges
3 4
2 5
10 11
4 10
0 3
0 2
6 #edges
3 4
2 5
5 11
4 10
0 3
0 2
6 #edges
11 10
3 4
2 5
5 11
0 3
0 2
2 #trees for patient 30
6 #edges
11 10
3 4
2 5
4 11
0 3
0 2
6 #edges
3 4
2 5
10 11
4 10
0 3
0 2
28 #trees for patient 31
6 #edges
11 10
3 11
5 2
4 3
0 5
0 4
6 #edges
3 11
2 10
5 2
4 3
0 5
0 4
6 #edges
3 10
2 11
5 2
4 3
0 5
0 4
6 #edges
3 10
10 11
5 2
4 3
0 5
0 4
6 #edges
2 10
10 11
5 2
4 3
0 5
0 4
6 #edges
2 11
2 10
5 2
4 3
0 5
0 4
6 #edges
11 10
2 11
5 2
4 3
0 5
0 4
6 #edges
3 10
2 5
5 11
4 3
0 2
0 4
6 #edges
3 10
2 5
10 11
4 3
0 2
0 4
6 #edges
11 10
3 11
2 5
4 3
0 2
0 4
6 #edges
3 11
2 5
5 10
4 3
0 2
0 4
6 #edges
2 5
5 11
5 10
4 3
0 2
0 4
6 #edges
11 10
2 5
5 11
4 3
0 2
0 4
6 #edges
2 5
10 11
5 10
4 3
0 2
0 4
6 #edges
3 4
10 11
5 2
4 10
0 3
0 5
6 #edges
3 4
2 11
5 2
4 10
0 3
0 5
6 #edges
3 4
2 10
5 2
4 11
0 3
0 5
6 #edges
11 10
3 4
5 2
4 11
0 3
0 5
6 #edges
3 4
2 10
10 11
5 2
0 3
0 5
6 #edges
3 4
2 11
2 10
5 2
0 3
0 5
6 #edges
11 10
3 4
2 11
5 2
0 3
0 5
6 #edges
3 4
2 5
10 11
4 10
0 3
0 2
6 #edges
3 4
2 5
5 11
4 10
0 3
0 2
6 #edges
3 4
2 5
5 10
4 11
0 3
0 2
6 #edges
11 10
3 4
2 5
4 11
0 3
0 2
6 #edges
11 10
3 4
2 5
5 11
0 3
0 2
6 #edges
3 4
2 5
5 11
5 10
0 3
0 2
6 #edges
3 4
2 5
10 11
5 10
0 3
0 2
8 #trees for patient 32
6 #edges
11 10
3 11
2 5
4 3
0 2
0 4
6 #edges
3 10
2 5
10 11
4 3
0 2
0 4
6 #edges
11 5
3 10
10 11
4 3
0 2
0 4
6 #edges
11 10
3 11
10 5
4 3
0 2
0 4
6 #edges
11 10
3 4
10 5
4 11
0 3
0 2
6 #edges
11 10
3 4
2 5
4 11
0 3
0 2
6 #edges
3 4
2 5
10 11
4 10
0 3
0 2
6 #edges
11 5
3 4
10 11
4 10
0 3
0 2
12 #trees for patient 33
6 #edges
11 10
3 4
5 2
4 11
0 3
0 5
6 #edges
3 4
5 2
4 11
4 10
0 3
0 5
6 #edges
3 4
10 11
5 2
4 10
0 3
0 5
6 #edges
3 11
3 10
5 2
4 3
0 5
0 4
6 #edges
3 10
10 11
5 2
4 3
0 5
0 4
6 #edges
11 10
3 11
5 2
4 3
0 5
0 4
6 #edges
3 11
3 10
2 5
4 3
0 2
0 4
6 #edges
3 10
2 5
10 11
4 3
0 2
0 4
6 #edges
11 10
3 11
2 5
4 3
0 2
0 4
6 #edges
3 4
2 5
4 11
4 10
0 3
0 2
6 #edges
11 10
3 4
2 5
4 11
0 3
0 2
6 #edges
3 4
2 5
10 11
4 10
0 3
0 2
9 #trees for patient 34
6 #edges
11 10
8 9
6 11
6 8
6 2
0 6
6 #edges
11 10
8 9
9 2
6 11
6 8
0 6
6 #edges
8 10
8 9
6 11
6 8
6 2
0 6
6 #edges
8 9
6 11
6 8
6 2
6 10
0 6
6 #edges
8 10
8 9
9 2
6 11
6 8
0 6
6 #edges
8 9
9 2
6 11
6 8
6 10
0 6
6 #edges
8 11
9 2
6 8
6 10
6 9
0 6
6 #edges
8 11
8 10
9 2
6 8
6 9
0 6
6 #edges
11 10
8 11
9 2
6 8
6 9
0 6
14 #trees for patient 35
6 #edges
8 9
6 11
6 8
6 2
6 10
0 6
6 #edges
6 11
6 8
6 2
6 10
6 9
0 6
6 #edges
10 9
6 11
6 8
6 2
6 10
0 6
6 #edges
11 9
6 11
6 8
6 2
6 10
0 6
6 #edges
10 8
6 11
6 2
6 10
6 9
0 6
6 #edges
8 9
10 8
6 11
6 2
6 10
0 6
6 #edges
11 9
10 8
6 11
6 2
6 10
0 6
6 #edges
11 8
11 9
6 11
6 2
6 10
0 6
6 #edges
11 8
10 9
6 11
6 2
6 10
0 6
6 #edges
11 8
8 9
6 11
6 2
6 10
0 6
6 #edges
11 8
6 11
6 2
6 10
6 9
0 6
6 #edges
10 9
9 8
6 11
6 2
6 10
0 6
6 #edges
9 8
6 11
6 2
6 10
6 9
0 6
6 #edges
11 9
9 8
6 11
6 2
6 10
0 6
6 #trees for patient 36
6 #edges
6 11
6 8
6 2
6 10
6 9
0 6
6 #edges
10 11
6 8
6 2
6 10
6 9
0 6
6 #edges
8 11
6 8
6 2
6 10
6 9
0 6
6 #edges
8 11
8 9
6 8
6 2
6 10
0 6
6 #edges
8 9
6 11
6 8
6 2
6 10
0 6
6 #edges
8 9
10 11
6 8
6 2
6 10
0 6
8 #trees for patient 37
6 #edges
8 10
8 9
6 8
6 2
0 11
0 6
6 #edges
8 10
8 9
9 2
6 8
0 11
0 6
6 #edges
8 9
6 8
6 2
6 10
0 11
0 6
6 #edges
8 9
9 2
6 8
6 10
0 11
0 6
6 #edges
8 9
6 11
6 8
6 2
6 10
0 6
6 #edges
8 9
9 2
6 11
6 8
6 10
0 6
6 #edges
8 10
8 9
6 11
6 8
6 2
0 6
6 #edges
8 10
8 9
9 2
6 11
6 8
0 6
25 #trees for patient 38
6 #edges
6 11
6 8
6 10
0 2
0 9
0 6
6 #edges
10 9
6 11
6 8
6 10
0 2
0 6
6 #edges
8 9
6 11
6 8
6 10
0 2
0 6
6 #edges
9 2
6 11
6 8
6 10
0 9
0 6
6 #edges
6 11
6 8
6 2
6 10
0 9
0 6
6 #edges
8 2
6 11
6 8
6 10
0 9
0 6
6 #edges
10 2
6 11
6 8
6 10
0 9
0 6
6 #edges
10 9
9 2
6 11
6 8
0 10
0 6
6 #edges
8 2
10 9
6 11
6 8
0 10
0 6
6 #edges
10 2
10 9
6 11
6 8
0 10
0 6
6 #edges
10 9
6 11
6 8
6 2
0 10
0 6
6 #edges
10 2
6 11
6 8
6 9
0 10
0 6
6 #edges
8 9
10 2
6 11
6 8
0 10
0 6
6 #edges
8 9
9 2
6 11
6 8
0 10
0 6
6 #edges
8 9
6 11
6 8
6 2
0 10
0 6
6 #edges
6 11
6 8
6 2
6 9
0 10
0 6
6 #edges
8 2
6 11
6 8
6 9
0 10
0 6
6 #edges
9 2
6 11
6 8
6 9
0 10
0 6
6 #edges
8 9
6 11
6 8
6 2
6 10
0 6
6 #edges
10 9
6 11
6 8
6 2
6 10
0 6
6 #edges
8 9
9 2
6 11
6 8
6 10
0 6
6 #edges
8 9
10 2
6 11
6 8
6 10
0 6
6 #edges
8 2
10 9
6 11
6 8
6 10
0 6
6 #edges
10 2
10 9
6 11
6 8
6 10
0 6
6 #edges
10 9
9 2
6 11
6 8
6 10
0 6
53 #trees for patient 39
6 #edges
11 8
6 11
6 10
6 9
0 2
0 6
6 #edges
11 8
8 9
6 11
6 10
0 2
0 6
6 #edges
11 9
9 8
6 11
6 10
0 2
0 6
6 #edges
11 9
6 11
6 8
6 10
0 2
0 6
6 #edges
9 8
6 11
6 10
6 9
0 2
0 6
6 #edges
6 11
6 8
6 10
6 9
0 2
0 6
6 #edges
8 9
6 11
6 8
6 10
0 2
0 6
6 #edges
9 8
6 11
6 2
6 10
0 9
0 6
6 #edges
6 11
6 8
6 2
6 10
0 9
0 6
6 #edges
11 8
6 11
6 2
6 10
0 9
0 6
6 #edges
11 8
9 2
6 11
6 10
0 9
0 6
6 #edges
9 2
6 11
6 8
6 10
0 9
0 6
6 #edges
11 8
8 2
6 11
6 10
0 9
0 6
6 #edges
11 8
11 2
6 11
6 10
0 9
0 6
6 #edges
11 2
9 8
6 11
6 10
0 9
0 6
6 #edges
11 2
6 11
6 8
6 10
0 9
0 6
6 #edges
8 2
9 8
6 11
6 10
0 9
0 6
6 #edges
8 2
6 11
6 8
6 10
0 9
0 6
6 #edges
8 9
6 11
6 2
6 10
0 8
0 6
6 #edges
8 9
9 2
6 11
6 10
0 8
0 6
6 #edges
11 2
8 9
6 11
6 10
0 8
0 6
6 #edges
8 2
6 11
6 10
6 9
0 8
0 6
6 #edges
11 9
8 2
6 11
6 10
0 8
0 6
6 #edges
9 2
6 11
6 10
6 9
0 8
0 6
6 #edges
11 2
6 11
6 10
6 9
0 8
0 6
6 #edges
6 11
6 2
6 10
6 9
0 8
0 6
6 #edges
11 9
6 11
6 2
6 10
0 8
0 6
6 #edges
11 2
11 9
6 11
6 10
0 8
0 6
6 #edges
11 9
9 2
6 11
6 10
0 8
0 6
6 #edges
11 2
8 9
6 11
6 8
6 10
0 6
6 #edges
11 2
6 11
6 8
6 10
6 9
0 6
6 #edges
11 2
11 9
6 11
6 8
6 10
0 6
6 #edges
11 9
6 11
6 8
6 2
6 10
0 6
6 #edges
11 9
8 2
6 11
6 8
6 10
0 6
6 #edges
11 9
9 2
6 11
6 8
6 10
0 6
6 #edges
8 2
6 11
6 8
6 10
6 9
0 6
6 #edges
6 11
6 8
6 2
6 10
6 9
0 6
6 #edges
9 2
6 11
6 8
6 10
6 9
0 6
6 #edges
8 9
6 11
6 8
6 2
6 10
0 6
6 #edges
8 9
9 2
6 11
6 8
6 10
0 6
6 #edges
11 8
8 9
6 11
6 2
6 10
0 6
6 #edges
11 8
6 11
6 2
6 10
6 9
0 6
6 #edges
9 8
6 11
6 2
6 10
6 9
0 6
6 #edges
11 9
9 8
6 11
6 2
6 10
0 6
6 #edges
11 8
11 2
8 9
6 11
6 10
0 6
6 #edges
11 8
11 2
6 11
6 10
6 9
0 6
6 #edges
11 8
9 2
6 11
6 10
6 9
0 6
6 #edges
11 8
8 2
6 11
6 10
6 9
0 6
6 #edges
11 8
8 9
9 2
6 11
6 10
0 6
6 #edges
11 2
11 9
9 8
6 11
6 10
0 6
6 #edges
11 2
9 8
6 11
6 10
6 9
0 6
6 #edges
11 9
8 2
9 8
6 11
6 10
0 6
6 #edges
8 2
9 8
6 11
6 10
6 9
0 6
7 #trees for patient 40
6 #edges
1 10
1 4
10 3
4 2
4 9
0 1
6 #edges
1 10
1 4
10 3
9 2
4 9
0 1
6 #edges
1 10
1 4
10 3
10 2
4 9
0 1
6 #edges
1 10
1 4
10 3
10 9
9 2
0 1
6 #edges
1 10
1 4
10 3
10 9
4 2
0 1
6 #edges
1 10
1 4
2 9
10 3
10 2
0 1
6 #edges
1 10
1 4
2 9
10 3
4 2
0 1
4 #trees for patient 41
6 #edges
1 10
1 4
10 3
10 9
9 2
0 1
6 #edges
1 10
1 4
2 9
10 3
10 2
0 1
6 #edges
3 4
1 10
2 9
10 3
10 2
0 1
6 #edges
3 4
1 10
10 3
10 9
9 2
0 1
2 #trees for patient 42
6 #edges
1 10
1 4
2 9
10 3
10 2
0 1
6 #edges
1 10
1 4
2 9
10 2
4 3
0 1
4 #trees for patient 43
6 #edges
1 10
1 4
2 9
10 3
10 2
0 1
6 #edges
1 10
1 4
2 9
10 2
9 3
0 1
6 #edges
1 10
2 9
10 3
10 2
9 4
0 1
6 #edges
1 10
2 9
10 2
9 3
9 4
0 1
4 #trees for patient 44
6 #edges
1 10
1 4
2 9
10 3
10 2
0 1
6 #edges
1 10
1 4
10 3
10 9
9 2
0 1
6 #edges
1 10
2 4
10 3
10 9
9 2
0 1
6 #edges
1 10
2 9
10 3
10 2
9 4
0 1
1 #trees for patient 45
6 #edges
1 10
1 4
2 9
10 3
10 2
0 1
1 #trees for patient 46
6 #edges
1 10
1 4
2 9
10 3
10 2
0 1
6 #trees for patient 47
6 #edges
1 10
1 4
2 9
10 3
10 2
0 1
6 #edges
1 3
1 10
1 4
2 9
10 2
0 1
6 #edges
1 10
1 4
2 9
10 2
9 3
0 1
6 #edges
1 3
1 10
1 4
10 9
9 2
0 1
6 #edges
1 10
1 4
10 3
10 9
9 2
0 1
6 #edges
1 10
1 4
2 3
10 9
9 2
0 1
4 #trees for patient 48
6 #edges
1 10
1 4
10 3
10 9
9 2
0 1
6 #edges
1 10
1 4
2 9
10 3
10 2
0 1
6 #edges
3 4
1 10
2 9
10 3
10 2
0 1
6 #edges
3 4
1 10
10 3
10 9
9 2
0 1
1 #trees for patient 49
6 #edges
1 10
1 4
2 9
10 3
10 2
0 1
