50 # patients
4 #trees for patient 0
6 #edges
0 11
0 1
0 5
1 7
1 2
2 10
6 #edges
0 11
0 1
0 5
10 2
1 7
1 10
6 #edges
0 11
0 1
0 5
10 2
1 10
2 7
6 #edges
0 11
0 1
0 5
10 7
1 2
2 10
2 #trees for patient 1
6 #edges
0 11
0 1
0 5
10 2
1 10
5 7
6 #edges
0 11
0 1
0 5
10 2
1 7
1 10
2 #trees for patient 2
6 #edges
0 11
0 1
0 5
10 2
1 10
5 7
6 #edges
0 11
0 1
0 5
10 2
1 7
1 10
2 #trees for patient 3
6 #edges
0 11
0 1
0 5
10 2
1 7
1 10
6 #edges
0 11
0 1
10 2
1 7
1 10
2 5
7 #trees for patient 4
6 #edges
11 2
0 11
0 1
0 5
1 7
1 10
6 #edges
0 11
0 1
0 5
10 2
1 7
1 10
6 #edges
11 10
0 11
0 1
0 5
1 7
1 2
6 #edges
11 10
11 2
0 11
0 1
0 5
1 7
6 #edges
11 10
0 11
0 1
0 5
10 2
1 7
6 #edges
11 2
0 11
0 1
0 5
1 7
2 10
6 #edges
0 11
0 1
0 5
1 7
1 2
2 10
6 #trees for patient 5
6 #edges
0 7
0 1
0 5
10 2
1 10
5 11
6 #edges
11 7
0 11
0 1
0 5
10 2
1 10
6 #edges
0 11
0 1
0 5
10 2
1 10
5 7
6 #edges
0 11
0 1
0 5
10 2
1 7
1 10
6 #edges
0 1
0 5
10 2
1 7
1 10
5 11
6 #edges
11 7
0 1
0 5
10 2
1 10
5 11
14 #trees for patient 6
6 #edges
0 11
0 1
0 5
10 2
1 10
5 7
6 #edges
11 2
0 11
0 1
0 5
1 10
5 7
6 #edges
0 11
0 1
0 5
10 2
1 7
1 10
6 #edges
11 2
0 11
0 1
0 5
1 7
1 10
6 #edges
11 10
0 11
0 1
0 5
1 2
5 7
6 #edges
11 10
0 11
0 1
0 5
1 7
1 2
6 #edges
11 10
11 2
0 11
0 1
0 5
1 7
6 #edges
11 10
11 2
0 11
0 1
0 5
5 7
6 #edges
11 10
0 11
0 1
0 5
10 2
1 7
6 #edges
11 10
0 11
0 1
0 5
10 2
5 7
6 #edges
11 2
0 11
0 1
0 5
1 7
2 10
6 #edges
0 11
0 1
0 5
1 7
1 2
2 10
6 #edges
11 2
0 11
0 1
0 5
2 10
5 7
6 #edges
0 11
0 1
0 5
1 2
2 10
5 7
6 #trees for patient 7
6 #edges
0 11
0 1
0 5
10 2
1 7
1 10
6 #edges
0 11
0 1
0 5
1 7
1 10
5 2
6 #edges
0 1
0 5
1 7
1 11
1 10
5 2
6 #edges
7 11
0 1
0 5
1 7
1 10
5 2
6 #edges
0 1
0 5
10 2
1 7
1 11
1 10
6 #edges
7 11
0 1
0 5
10 2
1 7
1 10
2 #trees for patient 8
6 #edges
0 11
0 1
0 5
10 2
1 7
1 10
6 #edges
7 5
0 11
0 1
10 2
1 7
1 10
2 #trees for patient 9
6 #edges
0 11
0 1
0 5
1 7
1 2
2 10
6 #edges
0 11
0 1
0 5
10 2
1 7
1 10
2 #trees for patient 10
6 #edges
11 7
0 11
0 1
0 5
10 2
1 10
6 #edges
0 11
0 1
0 5
10 2
1 7
1 10
7 #trees for patient 11
6 #edges
0 11
0 1
0 2
10 5
1 7
1 10
6 #edges
0 11
0 1
0 5
1 7
1 10
1 2
6 #edges
0 11
0 1
0 5
1 7
1 10
5 2
6 #edges
0 11
0 1
0 5
10 2
1 7
1 10
6 #edges
0 11
0 1
10 5
1 7
1 10
1 2
6 #edges
0 11
0 1
10 2
10 5
1 7
1 10
6 #edges
0 11
0 1
10 5
1 7
1 10
5 2
2 #trees for patient 12
6 #edges
0 11
0 1
0 5
10 2
1 7
1 10
6 #edges
7 11
0 1
0 5
10 2
1 7
1 10
8 #trees for patient 13
6 #edges
0 11
0 1
0 5
10 2
1 7
1 10
6 #edges
0 11
0 1
0 5
10 2
1 10
2 7
6 #edges
0 11
0 1
0 5
1 7
1 2
2 10
6 #edges
0 11
0 1
0 5
10 7
1 2
2 10
6 #edges
0 1
0 5
10 2
1 10
2 7
5 11
6 #edges
0 1
0 5
10 2
1 7
1 10
5 11
6 #edges
0 1
0 5
1 7
1 2
2 10
5 11
6 #edges
0 1
0 5
10 7
1 2
2 10
5 11
8 #trees for patient 14
6 #edges
7 5
0 7
0 11
0 1
1 2
2 10
6 #edges
7 5
0 7
0 11
0 1
10 2
1 10
6 #edges
0 7
0 11
0 1
1 2
1 5
2 10
6 #edges
0 7
0 11
0 1
10 2
1 10
1 5
6 #edges
7 5
0 11
0 1
1 7
1 2
2 10
6 #edges
0 11
0 1
0 5
1 7
1 2
2 10
6 #edges
7 5
0 11
0 1
10 2
1 7
1 10
6 #edges
0 11
0 1
0 5
10 2
1 7
1 10
8 #trees for patient 15
6 #edges
11 3
11 4
3 5
0 11
0 2
4 1
6 #edges
11 3
11 1
3 5
0 11
0 2
1 4
6 #edges
11 1
11 5
0 11
0 2
1 4
5 3
6 #edges
11 4
11 5
0 11
0 2
4 1
5 3
6 #edges
11 3
11 4
3 5
0 11
4 1
5 2
6 #edges
11 3
11 1
3 5
0 11
1 4
5 2
6 #edges
11 4
11 5
3 2
0 11
4 1
5 3
6 #edges
11 1
11 5
3 2
0 11
1 4
5 3
8 #trees for patient 16
6 #edges
11 3
11 4
3 5
0 11
0 2
4 1
6 #edges
11 3
11 1
3 5
0 11
0 2
1 4
6 #edges
11 1
11 5
0 11
0 2
1 4
5 3
6 #edges
11 4
11 5
0 11
0 2
4 1
5 3
6 #edges
11 3
11 4
3 5
0 11
1 2
4 1
6 #edges
11 3
11 1
3 5
0 11
1 4
4 2
6 #edges
11 4
11 5
0 11
1 2
4 1
5 3
6 #edges
11 1
11 5
0 11
1 4
4 2
5 3
2 #trees for patient 17
6 #edges
11 1
11 5
0 11
0 2
1 4
5 3
6 #edges
11 1
11 5
3 4
0 11
0 2
5 3
6 #trees for patient 18
6 #edges
11 1
11 2
11 5
0 11
0 4
5 3
6 #edges
11 3
11 1
11 2
3 5
0 11
0 4
6 #edges
11 3
11 1
3 5
0 11
0 2
1 4
6 #edges
11 1
11 5
0 11
0 2
1 4
5 3
6 #edges
11 3
11 1
11 2
3 5
0 11
1 4
6 #edges
11 1
11 2
11 5
0 11
1 4
5 3
2 #trees for patient 19
6 #edges
11 1
11 5
0 11
0 2
1 4
5 3
6 #edges
11 1
11 5
0 11
1 4
1 2
5 3
7 #trees for patient 20
6 #edges
11 1
11 5
0 11
0 3
1 4
1 2
6 #edges
11 1
11 5
0 11
0 2
1 4
2 3
6 #edges
11 1
11 5
0 11
0 2
1 4
5 3
6 #edges
11 1
11 5
0 11
0 2
1 3
1 4
6 #edges
11 1
11 5
0 11
1 3
1 4
1 2
6 #edges
11 1
11 5
0 11
1 4
1 2
5 3
6 #edges
11 1
11 5
0 11
1 4
1 2
2 3
4 #trees for patient 21
6 #edges
11 1
11 5
0 11
0 2
1 4
5 3
6 #edges
11 3
11 1
3 5
0 11
0 2
1 4
6 #edges
11 1
11 5
0 11
1 4
4 2
5 3
6 #edges
11 3
11 1
3 5
0 11
1 4
4 2
2 #trees for patient 22
6 #edges
11 1
11 5
0 11
0 2
1 4
2 3
6 #edges
11 1
11 5
0 11
0 2
1 4
5 3
5 #trees for patient 23
6 #edges
11 1
0 11
0 2
1 4
2 5
5 3
6 #edges
11 3
11 1
0 11
0 2
1 4
2 5
6 #edges
11 1
11 5
0 11
0 2
1 4
2 3
6 #edges
11 1
11 5
0 11
0 2
1 4
5 3
6 #edges
11 3
11 1
11 5
0 11
0 2
1 4
2 #trees for patient 24
6 #edges
11 1
11 5
0 11
0 2
1 4
5 3
6 #edges
11 1
11 5
0 11
0 2
1 4
4 3
7 #trees for patient 25
6 #edges
11 1
0 11
0 2
1 4
2 3
2 5
6 #edges
11 3
11 1
0 11
0 2
1 4
2 5
6 #edges
11 1
0 11
0 2
1 4
2 5
5 3
6 #edges
11 1
11 5
0 11
0 2
1 4
2 3
6 #edges
11 1
3 5
0 11
0 2
1 4
2 3
6 #edges
11 1
11 5
0 11
0 2
1 4
5 3
6 #edges
11 3
11 1
3 5
0 11
0 2
1 4
2 #trees for patient 26
6 #edges
11 1
11 5
0 11
0 2
2 4
5 3
6 #edges
11 1
11 5
0 11
0 2
1 4
5 3
8 #trees for patient 27
6 #edges
11 3
11 4
3 5
0 11
0 2
4 1
6 #edges
11 3
11 1
3 5
0 11
0 2
1 4
6 #edges
11 1
11 5
0 11
0 2
1 4
5 3
6 #edges
11 4
11 5
0 11
0 2
4 1
5 3
6 #edges
11 3
11 4
3 5
0 11
1 2
4 1
6 #edges
11 3
11 1
3 5
0 11
1 4
4 2
6 #edges
11 4
11 5
0 11
1 2
4 1
5 3
6 #edges
11 1
11 5
0 11
1 4
4 2
5 3
2 #trees for patient 28
6 #edges
11 4
11 5
0 11
0 2
4 1
5 3
6 #edges
11 1
11 5
0 11
0 2
1 4
5 3
2 #trees for patient 29
6 #edges
11 1
11 5
0 11
0 2
1 4
5 3
6 #edges
11 4
11 5
0 11
0 2
4 1
5 3
8 #trees for patient 30
6 #edges
11 3
11 1
11 5
0 11
0 2
1 4
6 #edges
11 3
11 4
11 5
0 11
0 2
4 1
6 #edges
11 4
11 5
0 11
0 2
4 1
5 3
6 #edges
11 1
11 5
0 11
0 2
1 4
5 3
6 #edges
11 3
11 4
11 5
0 11
4 1
5 2
6 #edges
11 4
11 5
0 11
4 1
5 3
5 2
6 #edges
11 3
11 1
11 5
0 11
1 4
5 2
6 #edges
11 1
11 5
0 11
1 4
5 3
5 2
1 #trees for patient 31
6 #edges
11 1
11 5
0 11
0 2
1 4
5 3
2 #trees for patient 32
6 #edges
11 1
11 5
0 11
0 2
1 4
5 3
6 #edges
11 1
11 5
0 11
0 2
1 4
4 3
20 #trees for patient 33
6 #edges
11 10
3 5
0 3
0 2
10 4
2 11
6 #edges
11 10
3 4
3 5
0 3
0 2
2 11
6 #edges
11 4
3 5
0 3
0 2
4 10
2 11
6 #edges
11 4
3 10
3 5
0 3
0 2
2 11
6 #edges
3 10
3 4
3 5
0 3
0 2
2 11
6 #edges
3 4
3 5
0 3
0 2
4 10
2 11
6 #edges
3 10
3 5
0 3
0 2
10 4
2 11
6 #edges
3 11
3 5
0 3
0 2
4 10
2 4
6 #edges
3 11
3 10
3 5
0 3
0 2
2 4
6 #edges
11 10
3 11
3 5
0 3
0 2
2 4
6 #edges
3 11
3 10
3 4
3 5
0 3
0 2
6 #edges
3 11
3 4
3 5
0 3
0 2
2 10
6 #edges
11 10
3 11
3 4
3 5
0 3
0 2
6 #edges
3 11
3 4
3 5
0 3
0 2
4 10
6 #edges
3 11
3 5
0 3
0 2
10 4
2 10
6 #edges
11 4
3 11
3 5
0 3
0 2
2 10
6 #edges
11 4
3 11
3 10
3 5
0 3
0 2
6 #edges
3 11
3 10
3 5
0 3
0 2
10 4
6 #edges
11 4
3 11
3 5
0 3
0 2
4 10
6 #edges
11 10
3 11
3 5
0 3
0 2
10 4
22 #trees for patient 34
6 #edges
3 11
0 3
0 4
0 2
0 5
4 10
6 #edges
3 11
0 3
0 4
0 2
0 5
2 10
6 #edges
3 11
0 3
0 2
0 5
10 4
2 10
6 #edges
3 11
0 3
0 10
0 2
0 5
2 4
6 #edges
3 11
0 3
0 10
0 2
0 5
10 4
6 #edges
3 11
0 3
0 2
0 5
4 10
2 4
6 #edges
3 11
0 3
0 4
0 2
10 5
4 10
6 #edges
3 11
3 5
0 3
0 4
0 2
4 10
6 #edges
3 11
0 3
0 4
0 2
4 10
2 5
6 #edges
3 11
0 3
0 4
0 2
10 5
2 10
6 #edges
3 11
0 3
0 4
0 2
4 5
2 10
6 #edges
3 11
3 5
0 3
0 4
0 2
2 10
6 #edges
3 11
0 3
0 10
0 2
10 5
2 4
6 #edges
3 11
3 5
0 3
0 10
0 2
2 4
6 #edges
3 11
3 5
0 3
0 10
0 2
10 4
6 #edges
3 11
0 3
0 10
0 2
10 4
4 5
6 #edges
3 11
0 3
0 10
0 2
10 4
2 5
6 #edges
3 11
0 3
0 10
0 2
4 5
2 4
6 #edges
3 11
3 5
0 3
0 2
10 4
2 10
6 #edges
3 11
0 3
0 2
10 4
4 5
2 10
6 #edges
3 11
3 5
0 3
0 2
4 10
2 4
6 #edges
3 11
0 3
0 2
10 5
4 10
2 4
2 #trees for patient 35
6 #edges
3 11
3 5
0 3
0 2
10 4
2 10
6 #edges
3 5
0 3
0 2
10 4
2 10
5 11
36 #trees for patient 36
6 #edges
0 11
0 10
0 5
10 2
2 3
2 4
6 #edges
0 11
0 2
0 5
10 3
10 4
2 10
6 #edges
0 11
0 2
10 3
10 4
10 5
2 10
6 #edges
3 5
0 11
0 2
10 3
10 4
2 10
6 #edges
3 5
0 11
0 10
10 2
2 3
2 4
6 #edges
0 11
0 10
10 2
2 3
2 4
2 5
6 #edges
0 2
0 5
10 11
10 3
10 4
2 10
6 #edges
3 11
0 2
0 5
10 3
10 4
2 10
6 #edges
0 2
0 5
10 3
10 4
4 11
2 10
6 #edges
0 10
0 5
10 2
4 11
2 3
2 4
6 #edges
0 10
0 5
10 2
2 11
2 3
2 4
6 #edges
3 11
0 10
0 5
10 2
2 3
2 4
6 #edges
3 11
3 5
0 3
0 2
10 4
2 10
6 #edges
3 11
0 3
0 2
10 4
10 5
2 10
6 #edges
3 11
0 3
0 10
10 2
2 4
2 5
6 #edges
3 11
3 5
0 3
0 10
10 2
2 4
6 #edges
3 5
0 3
0 10
10 2
2 11
2 4
6 #edges
3 5
0 3
0 10
10 2
4 11
2 4
6 #edges
0 3
0 10
10 2
2 11
2 4
2 5
6 #edges
0 3
0 10
10 2
4 11
2 4
2 5
6 #edges
3 5
0 3
0 2
10 11
10 4
2 10
6 #edges
3 5
0 3
0 2
10 4
4 11
2 10
6 #edges
0 3
0 2
10 11
10 4
10 5
2 10
6 #edges
0 3
0 2
10 4
10 5
4 11
2 10
6 #edges
3 11
3 5
0 2
10 3
10 4
2 10
6 #edges
3 5
0 2
10 11
10 3
10 4
2 10
6 #edges
3 5
0 2
10 3
10 4
4 11
2 10
6 #edges
0 2
10 11
10 3
10 4
10 5
2 10
6 #edges
3 11
0 2
10 3
10 4
10 5
2 10
6 #edges
0 2
10 3
10 4
10 5
4 11
2 10
6 #edges
0 10
10 2
2 11
2 3
2 4
2 5
6 #edges
3 5
0 10
10 2
2 11
2 3
2 4
6 #edges
3 5
0 10
10 2
4 11
2 3
2 4
6 #edges
0 10
10 2
4 11
2 3
2 4
2 5
6 #edges
3 11
0 10
10 2
2 3
2 4
2 5
6 #edges
3 11
3 5
0 10
10 2
2 3
2 4
12 #trees for patient 37
6 #edges
3 11
3 2
3 5
0 3
0 4
2 10
6 #edges
3 11
3 10
3 5
0 3
0 4
10 2
6 #edges
3 11
3 4
3 5
0 3
0 2
2 10
6 #edges
3 11
3 5
0 3
0 2
10 4
2 10
6 #edges
3 11
3 10
3 5
0 3
0 2
2 4
6 #edges
3 11
3 10
3 5
0 3
0 2
10 4
6 #edges
3 11
3 4
3 5
0 3
0 10
10 2
6 #edges
3 11
3 5
0 3
0 10
10 2
2 4
6 #edges
3 11
3 2
3 5
0 3
0 10
10 4
6 #edges
3 11
3 2
3 5
0 3
0 10
2 4
6 #edges
3 11
3 10
3 5
0 3
10 2
2 4
6 #edges
3 11
3 2
3 5
0 3
10 4
2 10
2 #trees for patient 38
6 #edges
3 11
3 5
0 3
0 2
4 10
2 4
6 #edges
3 11
3 5
0 3
0 2
10 4
2 10
4 #trees for patient 39
6 #edges
3 11
3 5
0 3
0 2
10 4
2 10
6 #edges
3 11
3 4
3 5
0 3
0 2
2 10
6 #edges
3 11
3 4
3 5
0 3
0 10
10 2
6 #edges
3 11
3 5
0 3
0 10
10 2
2 4
3 #trees for patient 40
6 #edges
3 11
3 5
0 3
0 2
2 10
2 4
6 #edges
3 11
3 5
0 3
0 2
10 4
2 10
6 #edges
3 11
3 5
0 3
0 2
2 10
5 4
2 #trees for patient 41
6 #edges
3 11
3 5
0 3
0 2
2 10
2 4
6 #edges
3 11
3 5
0 3
0 2
10 4
2 10
12 #trees for patient 42
6 #edges
3 11
3 5
0 3
0 2
10 4
2 10
6 #edges
3 5
0 3
0 2
10 4
2 10
5 11
6 #edges
3 11
3 5
0 3
0 2
4 10
2 4
6 #edges
3 5
0 3
0 2
4 10
2 4
5 11
6 #edges
3 11
3 5
0 3
0 4
4 2
2 10
6 #edges
3 5
0 3
0 4
4 2
2 10
5 11
6 #edges
3 11
3 5
0 3
0 4
10 2
4 10
6 #edges
3 5
0 3
0 4
10 2
4 10
5 11
6 #edges
3 11
3 5
0 3
0 10
10 2
2 4
6 #edges
3 5
0 3
0 10
10 2
2 4
5 11
6 #edges
3 11
3 5
0 3
0 10
10 4
4 2
6 #edges
3 5
0 3
0 10
10 4
4 2
5 11
4 #trees for patient 43
6 #edges
3 11
3 5
0 3
0 2
2 10
5 4
6 #edges
3 11
3 5
0 3
0 2
10 4
2 10
6 #edges
3 5
0 3
0 2
10 11
2 10
5 4
6 #edges
3 5
0 3
0 2
10 11
10 4
2 10
15 #trees for patient 44
6 #edges
0 11
0 2
0 5
10 4
4 3
2 10
6 #edges
0 2
0 5
10 4
4 11
4 3
2 10
6 #edges
3 11
0 2
0 5
10 4
4 3
2 10
6 #edges
0 11
0 2
10 4
10 5
4 3
2 10
6 #edges
3 5
0 11
0 2
10 4
4 3
2 10
6 #edges
3 11
3 5
0 3
0 2
10 4
2 10
6 #edges
3 5
0 3
0 2
10 4
4 11
2 10
6 #edges
3 11
0 3
0 2
10 4
4 5
2 10
6 #edges
3 11
0 3
0 2
10 4
10 5
2 10
6 #edges
0 3
0 2
10 4
10 5
4 11
2 10
6 #edges
0 3
0 2
10 4
4 11
4 5
2 10
6 #edges
0 2
10 4
10 5
4 11
4 3
2 10
6 #edges
3 5
0 2
10 4
4 11
4 3
2 10
6 #edges
3 11
3 5
0 2
10 4
4 3
2 10
6 #edges
3 11
0 2
10 4
10 5
4 3
2 10
30 #trees for patient 45
6 #edges
0 11
0 2
0 5
10 3
10 4
2 10
6 #edges
0 11
0 2
10 3
10 4
2 10
2 5
6 #edges
0 11
0 2
10 3
10 4
10 5
2 10
6 #edges
3 5
0 11
0 2
10 3
10 4
2 10
6 #edges
0 2
0 5
10 3
10 4
2 11
2 10
6 #edges
0 2
0 5
10 3
10 4
2 10
5 11
6 #edges
0 2
0 5
10 11
10 3
10 4
2 10
6 #edges
3 11
0 2
0 5
10 3
10 4
2 10
6 #edges
3 5
0 3
0 2
10 4
2 10
5 11
6 #edges
3 5
0 3
0 2
10 11
10 4
2 10
6 #edges
3 5
0 3
0 2
10 4
2 11
2 10
6 #edges
3 11
3 5
0 3
0 2
10 4
2 10
6 #edges
0 3
0 2
10 4
10 5
2 11
2 10
6 #edges
3 11
0 3
0 2
10 4
2 10
2 5
6 #edges
0 3
0 2
10 4
2 10
2 5
5 11
6 #edges
0 3
0 2
10 11
10 4
2 10
2 5
6 #edges
0 3
0 2
10 11
10 4
10 5
2 10
6 #edges
3 11
0 3
0 2
10 4
10 5
2 10
6 #edges
0 3
0 2
10 4
10 5
2 10
5 11
6 #edges
3 5
0 2
10 3
10 4
2 11
2 10
6 #edges
0 2
10 3
10 4
10 5
2 11
2 10
6 #edges
3 11
0 2
10 3
10 4
10 5
2 10
6 #edges
0 2
10 3
10 4
10 5
2 10
5 11
6 #edges
0 2
10 11
10 3
10 4
10 5
2 10
6 #edges
0 2
10 3
10 4
2 10
2 5
5 11
6 #edges
0 2
10 11
10 3
10 4
2 10
2 5
6 #edges
3 11
0 2
10 3
10 4
2 10
2 5
6 #edges
3 11
3 5
0 2
10 3
10 4
2 10
6 #edges
3 5
0 2
10 11
10 3
10 4
2 10
6 #edges
3 5
0 2
10 3
10 4
2 10
5 11
6 #trees for patient 46
6 #edges
3 11
3 5
0 3
0 2
10 4
2 10
6 #edges
3 11
3 5
0 3
0 2
4 10
2 4
6 #edges
3 5
0 3
0 2
10 4
2 10
5 11
6 #edges
3 5
0 3
0 2
4 10
2 4
5 11
6 #edges
3 5
0 3
0 2
4 10
2 11
2 4
6 #edges
3 5
0 3
0 2
10 4
2 11
2 10
34 #trees for patient 47
6 #edges
3 11
3 5
0 3
0 2
10 4
2 10
6 #edges
3 11
3 4
3 5
0 3
0 2
2 10
6 #edges
3 11
3 5
0 3
0 2
4 10
2 4
6 #edges
3 11
3 10
3 5
0 3
0 2
2 4
6 #edges
3 11
3 10
3 4
3 5
0 3
0 2
6 #edges
3 11
3 10
3 5
0 3
0 2
10 4
6 #edges
3 11
3 4
3 5
0 3
0 2
4 10
6 #edges
3 11
3 10
3 5
0 3
0 4
4 2
6 #edges
3 11
3 5
0 3
0 4
4 2
2 10
6 #edges
3 11
3 5
0 3
0 4
10 2
4 10
6 #edges
3 11
3 2
3 5
0 3
0 4
4 10
6 #edges
3 11
3 2
3 5
0 3
0 4
2 10
6 #edges
3 11
3 10
3 2
3 5
0 3
0 4
6 #edges
3 11
3 10
3 5
0 3
0 4
10 2
6 #edges
3 11
3 4
3 2
3 5
0 3
0 10
6 #edges
3 11
3 2
3 5
0 3
0 10
2 4
6 #edges
3 11
3 2
3 5
0 3
0 10
10 4
6 #edges
3 11
3 5
0 3
0 10
10 4
4 2
6 #edges
3 11
3 4
3 5
0 3
0 10
10 2
6 #edges
3 11
3 5
0 3
0 10
10 2
2 4
6 #edges
3 11
3 4
3 5
0 3
0 10
4 2
6 #edges
3 11
3 10
3 5
0 3
10 2
2 4
6 #edges
3 11
3 10
3 4
3 5
0 3
10 2
6 #edges
3 11
3 10
3 4
3 5
0 3
4 2
6 #edges
3 11
3 10
3 4
3 2
3 5
0 3
6 #edges
3 11
3 10
3 2
3 5
0 3
10 4
6 #edges
3 11
3 10
3 5
0 3
10 4
4 2
6 #edges
3 11
3 10
3 2
3 5
0 3
2 4
6 #edges
3 11
3 4
3 2
3 5
0 3
2 10
6 #edges
3 11
3 4
3 2
3 5
0 3
4 10
6 #edges
3 11
3 4
3 5
0 3
10 2
4 10
6 #edges
3 11
3 4
3 5
0 3
4 2
2 10
6 #edges
3 11
3 2
3 5
0 3
4 10
2 4
6 #edges
3 11
3 2
3 5
0 3
10 4
2 10
6 #trees for patient 48
6 #edges
3 11
0 3
0 2
10 4
2 10
2 5
6 #edges
11 4
3 11
0 3
0 2
2 10
2 5
6 #edges
11 4
3 11
3 5
0 3
0 2
2 10
6 #edges
3 11
3 5
0 3
0 2
10 4
2 10
6 #edges
3 11
0 3
0 2
10 4
10 5
2 10
6 #edges
11 4
3 11
0 3
0 2
10 5
2 10
2 #trees for patient 49
6 #edges
11 5
3 11
0 3
0 2
10 4
2 10
6 #edges
3 11
3 5
0 3
0 2
10 4
2 10
