50 # patients
6 #trees for patient 0
6 #edges
1 7
1 5
0 1
0 2
0 11
0 10
6 #edges
1 7
1 5
0 1
0 2
0 10
5 11
6 #edges
1 7
1 5
0 1
0 2
0 11
11 10
6 #edges
1 7
1 5
0 1
0 2
0 11
5 10
6 #edges
1 7
1 5
0 1
0 2
11 10
5 11
6 #edges
1 7
1 5
0 1
0 2
5 11
5 10
14 #trees for patient 1
6 #edges
2 7
0 1
0 2
0 11
0 10
10 5
6 #edges
1 5
2 7
0 1
0 2
0 11
0 10
6 #edges
1 7
0 1
0 2
0 11
0 10
10 5
6 #edges
1 7
1 5
0 1
0 2
0 11
0 10
6 #edges
1 7
0 1
0 2
0 10
10 11
10 5
6 #edges
1 7
1 5
0 1
0 2
0 10
10 11
6 #edges
2 7
0 1
0 2
0 10
10 11
10 5
6 #edges
1 5
2 7
0 1
0 2
0 10
10 11
6 #edges
1 11
2 7
0 1
0 2
0 10
10 5
6 #edges
2 7
0 1
0 2
0 10
10 5
5 11
6 #edges
1 7
0 1
0 2
0 10
10 5
5 11
6 #edges
1 7
1 11
0 1
0 2
0 10
10 5
6 #edges
1 5
2 7
0 1
0 2
0 10
5 11
6 #edges
1 7
1 5
0 1
0 2
0 10
5 11
4 #trees for patient 2
6 #edges
1 7
1 5
0 1
0 2
0 11
11 10
6 #edges
1 7
1 5
0 1
0 2
0 11
0 10
6 #edges
1 7
1 5
7 2
0 1
0 11
0 10
6 #edges
1 7
1 5
7 2
0 1
0 11
11 10
18 #trees for patient 3
6 #edges
1 7
1 5
0 1
0 2
0 11
0 10
6 #edges
1 7
1 5
0 1
0 2
0 11
5 10
6 #edges
1 7
1 5
7 2
0 1
0 11
0 10
6 #edges
1 7
1 5
7 2
0 1
0 11
5 10
6 #edges
1 7
0 1
0 2
0 5
10 11
5 10
6 #edges
1 7
1 11
0 1
0 2
0 5
5 10
6 #edges
1 7
1 10
0 1
0 2
0 5
5 11
6 #edges
1 7
1 10
0 1
0 2
0 5
10 11
6 #edges
1 7
1 5
0 1
0 2
0 10
10 11
6 #edges
1 7
1 5
0 1
0 2
0 10
5 11
6 #edges
1 7
1 5
0 1
0 2
10 11
5 10
6 #edges
1 7
1 5
7 2
0 1
0 10
10 11
6 #edges
1 7
1 5
7 2
0 1
0 10
5 11
6 #edges
1 7
1 10
7 2
0 1
0 5
10 11
6 #edges
1 7
1 10
7 2
0 1
0 5
5 11
6 #edges
1 7
1 11
7 2
0 1
0 5
5 10
6 #edges
1 7
7 2
0 1
0 5
10 11
5 10
6 #edges
1 7
1 5
7 2
0 1
10 11
5 10
7 #trees for patient 4
6 #edges
1 7
1 5
0 1
0 2
0 11
0 10
6 #edges
1 7
2 5
0 1
0 2
0 11
0 10
6 #edges
1 7
2 10
2 5
0 1
0 2
0 11
6 #edges
1 7
1 5
2 10
0 1
0 2
0 11
6 #edges
1 7
2 5
0 1
0 2
0 11
5 10
6 #edges
1 7
1 10
2 5
0 1
0 2
0 11
6 #edges
1 7
1 5
0 1
0 2
0 11
5 10
2 #trees for patient 5
6 #edges
1 7
1 5
0 1
0 2
0 11
0 10
6 #edges
1 7
1 5
0 1
0 11
0 10
5 2
4 #trees for patient 6
6 #edges
1 7
1 5
0 1
0 11
0 10
11 2
6 #edges
1 7
1 5
0 1
0 2
0 11
0 10
6 #edges
1 7
1 5
0 1
0 2
0 11
5 10
6 #edges
1 7
1 5
0 1
0 11
11 2
5 10
10 #trees for patient 7
6 #edges
1 7
2 5
0 1
0 2
0 11
0 10
6 #edges
1 7
2 11
2 5
0 1
0 2
0 10
6 #edges
1 7
1 5
0 1
0 2
0 11
0 10
6 #edges
1 7
1 5
2 11
0 1
0 2
0 10
6 #edges
1 7
1 5
2 10
0 1
0 2
0 11
6 #edges
1 7
1 5
0 1
0 2
0 11
11 10
6 #edges
1 7
2 5
0 1
0 2
0 11
11 10
6 #edges
1 7
2 10
2 5
0 1
0 2
0 11
6 #edges
1 7
2 11
2 5
0 1
0 2
11 10
6 #edges
1 7
1 5
2 11
0 1
0 2
11 10
14 #trees for patient 8
6 #edges
1 7
1 5
0 1
0 2
0 11
0 10
6 #edges
1 7
1 5
2 11
0 1
0 2
0 10
6 #edges
1 7
7 5
0 1
0 2
0 11
0 10
6 #edges
1 7
7 5
2 11
0 1
0 2
0 10
6 #edges
1 7
1 10
7 5
0 1
0 2
0 11
6 #edges
1 7
1 5
0 1
0 2
0 11
5 10
6 #edges
1 7
1 5
7 10
0 1
0 2
0 11
6 #edges
1 7
7 10
7 5
0 1
0 2
0 11
6 #edges
1 7
7 5
0 1
0 2
0 11
5 10
6 #edges
1 7
1 5
7 10
2 11
0 1
0 2
6 #edges
1 7
1 5
2 11
0 1
0 2
5 10
6 #edges
1 7
7 5
2 11
0 1
0 2
5 10
6 #edges
1 7
7 10
7 5
2 11
0 1
0 2
6 #edges
1 7
1 10
7 5
2 11
0 1
0 2
14 #trees for patient 9
6 #edges
1 11
1 5
0 1
0 2
0 10
10 7
6 #edges
1 7
1 5
0 1
0 2
0 11
0 10
6 #edges
1 5
0 1
0 2
0 11
0 10
10 7
6 #edges
1 7
1 5
0 1
0 11
0 10
11 2
6 #edges
1 5
0 1
0 11
0 10
11 2
10 7
6 #edges
1 2
1 5
0 1
0 11
0 10
10 7
6 #edges
1 5
7 2
0 1
0 11
0 10
10 7
6 #edges
1 7
1 5
0 1
0 11
0 10
10 2
6 #edges
1 7
1 5
7 2
0 1
0 11
0 10
6 #edges
1 11
1 5
7 2
0 1
0 7
0 10
6 #edges
1 11
1 5
0 1
0 7
0 10
11 2
6 #edges
1 11
1 5
0 1
0 7
0 10
10 2
6 #edges
1 11
1 5
7 2
0 1
0 10
10 7
6 #edges
1 11
1 5
0 1
0 10
11 2
10 7
9 #trees for patient 10
6 #edges
1 7
1 5
0 1
0 2
0 10
5 11
6 #edges
1 7
1 5
0 1
0 2
0 11
0 10
6 #edges
1 7
1 5
0 1
0 11
0 10
5 2
6 #edges
1 7
1 5
0 1
0 11
0 10
11 2
6 #edges
1 7
0 1
0 10
0 5
11 2
5 11
6 #edges
1 7
1 2
0 1
0 10
0 5
5 11
6 #edges
1 7
1 11
0 1
0 10
0 5
5 2
6 #edges
1 7
1 11
0 1
0 10
0 5
11 2
6 #edges
1 7
1 5
0 1
0 10
11 2
5 11
4 #trees for patient 11
6 #edges
1 2
3 1
0 11
11 3
11 5
5 4
6 #edges
3 1
0 11
11 3
11 5
5 2
5 4
6 #edges
1 3
0 11
11 1
11 5
5 2
5 4
6 #edges
1 3
3 2
0 11
11 1
11 5
5 4
4 #trees for patient 12
6 #edges
3 1
0 11
11 3
11 2
11 5
5 4
6 #edges
3 1
0 11
11 3
11 5
5 2
5 4
6 #edges
1 3
0 11
11 1
11 5
5 2
5 4
6 #edges
1 3
0 11
11 1
11 2
11 5
5 4
2 #trees for patient 13
6 #edges
1 3
0 11
11 1
11 5
5 2
5 4
6 #edges
1 3
3 2
0 11
11 1
11 5
5 4
2 #trees for patient 14
6 #edges
1 3
0 11
11 1
11 5
5 2
5 4
6 #edges
1 3
3 4
0 11
11 1
11 5
5 2
7 #trees for patient 15
6 #edges
3 1
0 11
11 3
11 5
5 2
5 4
6 #edges
2 1
0 11
11 3
11 5
5 2
5 4
6 #edges
1 3
0 11
11 1
11 5
5 2
5 4
6 #edges
2 3
0 11
11 1
11 5
5 2
5 4
6 #edges
3 1
2 3
0 11
11 5
5 2
5 4
6 #edges
2 1
2 3
0 11
11 5
5 2
5 4
6 #edges
1 3
2 1
0 11
11 5
5 2
5 4
2 #trees for patient 16
6 #edges
1 3
2 4
0 11
11 1
11 5
5 2
6 #edges
1 3
0 11
11 1
11 5
5 2
5 4
1 #trees for patient 17
6 #edges
1 3
0 11
11 1
11 5
5 2
5 4
7 #trees for patient 18
6 #edges
1 3
0 11
11 1
11 5
5 2
5 4
6 #edges
0 11
11 1
11 5
4 3
5 2
5 4
6 #edges
3 1
0 11
11 3
11 5
5 2
5 4
6 #edges
0 11
11 3
11 5
4 1
5 2
5 4
6 #edges
1 3
0 11
11 5
4 1
5 2
5 4
6 #edges
0 11
11 5
4 1
4 3
5 2
5 4
6 #edges
3 1
0 11
11 5
4 3
5 2
5 4
2 #trees for patient 19
6 #edges
1 3
0 11
11 1
11 5
5 2
5 4
6 #edges
1 3
3 2
0 11
11 1
11 5
5 4
1 #trees for patient 20
6 #edges
1 3
0 11
11 1
11 5
5 2
5 4
4 #trees for patient 21
6 #edges
3 4
2 10
0 3
0 2
0 5
4 11
6 #edges
3 11
2 10
0 3
0 2
0 5
11 4
6 #edges
3 4
3 5
2 10
0 3
0 2
4 11
6 #edges
3 11
3 5
2 10
0 3
0 2
11 4
4 #trees for patient 22
6 #edges
3 4
3 5
2 10
0 3
0 2
4 11
6 #edges
3 11
3 5
2 10
0 3
0 2
11 4
6 #edges
3 11
3 5
0 3
0 2
11 4
4 10
6 #edges
3 4
3 5
0 3
0 2
11 10
4 11
21 #trees for patient 23
6 #edges
3 4
0 3
0 10
10 2
4 11
4 5
6 #edges
3 4
0 3
0 10
11 5
10 2
4 11
6 #edges
3 4
3 5
0 3
0 10
10 2
4 11
6 #edges
3 4
3 5
0 3
0 10
11 2
4 11
6 #edges
3 4
0 3
0 10
11 2
4 11
4 5
6 #edges
3 4
0 3
0 10
11 2
11 5
4 11
6 #edges
3 4
3 5
2 10
0 3
0 2
4 11
6 #edges
3 4
2 10
0 3
0 2
4 11
4 5
6 #edges
3 4
2 10
0 3
0 2
11 5
4 11
6 #edges
3 4
0 3
0 2
11 10
4 11
4 5
6 #edges
3 4
0 3
0 2
11 10
11 5
4 11
6 #edges
3 4
3 5
0 3
0 2
11 10
4 11
6 #edges
3 4
0 3
11 10
10 2
4 11
4 5
6 #edges
3 4
0 3
11 2
11 10
4 11
4 5
6 #edges
3 4
2 10
0 3
11 2
4 11
4 5
6 #edges
3 4
0 3
11 2
11 10
11 5
4 11
6 #edges
3 4
2 10
0 3
11 2
11 5
4 11
6 #edges
3 4
0 3
11 10
11 5
10 2
4 11
6 #edges
3 4
3 5
0 3
11 10
10 2
4 11
6 #edges
3 4
3 5
0 3
11 2
11 10
4 11
6 #edges
3 4
3 5
2 10
0 3
11 2
4 11
3 #trees for patient 24
6 #edges
3 4
2 10
2 5
0 3
0 2
4 11
6 #edges
3 4
2 10
0 3
0 2
10 5
4 11
6 #edges
3 4
3 5
2 10
0 3
0 2
4 11
15 #trees for patient 25
6 #edges
3 11
3 5
2 10
0 3
0 2
11 4
6 #edges
3 11
3 4
3 5
2 10
0 3
0 2
6 #edges
3 11
3 5
2 10
0 3
0 2
5 4
6 #edges
3 11
3 5
2 10
2 4
0 3
0 2
6 #edges
3 4
3 5
2 10
0 3
0 2
5 11
6 #edges
3 4
3 5
2 10
0 3
0 2
4 11
6 #edges
3 4
3 5
2 11
2 10
0 3
0 2
6 #edges
3 5
2 10
0 3
0 2
4 11
5 4
6 #edges
3 5
2 11
2 10
0 3
0 2
5 4
6 #edges
3 5
2 10
0 3
0 2
5 11
5 4
6 #edges
3 5
2 10
0 3
0 2
11 4
5 11
6 #edges
3 5
2 10
2 4
0 3
0 2
5 11
6 #edges
3 5
2 11
2 10
0 3
0 2
11 4
6 #edges
3 5
2 11
2 10
2 4
0 3
0 2
6 #edges
3 5
2 10
2 4
0 3
0 2
4 11
4 #trees for patient 26
6 #edges
3 4
2 5
0 3
0 10
10 2
4 11
6 #edges
3 4
3 5
0 3
0 10
10 2
4 11
6 #edges
3 4
3 5
2 10
0 3
0 2
4 11
6 #edges
3 4
2 10
0 3
0 2
10 5
4 11
3 #trees for patient 27
6 #edges
3 10
3 4
2 5
0 3
0 2
4 11
6 #edges
3 4
3 5
2 10
0 3
0 2
4 11
6 #edges
3 10
3 4
3 5
0 3
0 2
4 11
33 #trees for patient 28
6 #edges
3 2
3 4
0 3
0 10
11 5
4 11
6 #edges
3 4
3 5
0 3
0 10
4 11
5 2
6 #edges
3 4
3 5
0 3
0 10
10 2
4 11
6 #edges
3 4
3 5
0 3
0 10
11 2
4 11
6 #edges
3 4
0 3
0 10
11 5
10 2
4 11
6 #edges
3 4
0 3
0 10
11 5
4 11
5 2
6 #edges
3 4
0 3
0 10
11 2
11 5
4 11
6 #edges
3 4
3 5
0 3
0 2
4 11
5 10
6 #edges
3 4
3 5
0 3
0 2
11 10
4 11
6 #edges
3 4
3 5
2 10
0 3
0 2
4 11
6 #edges
3 10
3 4
0 3
0 2
11 5
4 11
6 #edges
3 4
2 10
0 3
0 2
11 5
4 11
6 #edges
3 4
0 3
0 2
11 10
11 5
4 11
6 #edges
3 4
0 3
0 2
11 5
4 11
5 10
6 #edges
3 4
0 3
11 10
11 5
4 11
5 2
6 #edges
3 4
0 3
11 10
11 5
10 2
4 11
6 #edges
3 2
3 4
0 3
11 10
11 5
4 11
6 #edges
3 4
2 10
0 3
11 5
4 11
5 2
6 #edges
3 10
3 4
0 3
11 5
4 11
5 2
6 #edges
3 10
3 4
0 3
11 5
10 2
4 11
6 #edges
3 10
3 4
0 3
11 2
11 5
4 11
6 #edges
3 4
0 3
11 5
10 2
4 11
5 10
6 #edges
3 4
0 3
11 2
11 5
4 11
5 10
6 #edges
3 2
3 4
0 3
11 5
4 11
5 10
6 #edges
3 2
3 4
2 10
0 3
11 5
4 11
6 #edges
3 4
2 10
0 3
11 2
11 5
4 11
6 #edges
3 4
3 5
2 10
0 3
11 2
4 11
6 #edges
3 4
3 5
0 3
11 2
4 11
5 10
6 #edges
3 4
3 5
0 3
11 2
11 10
4 11
6 #edges
3 4
3 5
2 10
0 3
4 11
5 2
6 #edges
3 4
3 5
0 3
11 10
4 11
5 2
6 #edges
3 4
3 5
0 3
11 10
10 2
4 11
6 #edges
3 4
3 5
0 3
10 2
4 11
5 10
4 #trees for patient 29
6 #edges
3 11
3 5
0 3
0 10
11 4
10 2
6 #edges
3 4
3 5
0 3
0 10
10 2
4 11
6 #edges
3 4
3 5
2 10
0 3
0 2
4 11
6 #edges
3 11
3 5
2 10
0 3
0 2
11 4
1 #trees for patient 30
6 #edges
3 4
3 5
2 10
0 3
0 2
4 11
26 #trees for patient 31
6 #edges
3 4
3 5
2 10
0 3
0 2
4 11
6 #edges
3 4
3 5
2 10
0 3
0 2
5 11
6 #edges
3 4
3 5
2 10
0 3
0 2
10 11
6 #edges
3 4
3 5
0 3
0 10
10 2
4 11
6 #edges
3 4
3 5
0 3
0 10
10 2
5 11
6 #edges
3 4
3 5
2 11
0 3
0 10
10 2
6 #edges
3 11
3 5
2 10
0 3
0 2
11 4
6 #edges
3 11
3 5
0 3
0 10
11 4
10 2
6 #edges
3 11
3 5
2 10
0 3
0 2
10 4
6 #edges
3 11
3 5
2 10
0 3
0 2
5 4
6 #edges
3 11
3 5
0 3
0 10
10 2
5 4
6 #edges
3 11
3 5
2 4
0 3
0 10
10 2
6 #edges
3 5
2 10
0 3
0 2
10 11
10 4
6 #edges
3 5
2 10
0 3
0 2
10 4
4 11
6 #edges
3 5
2 10
0 3
0 2
10 4
5 11
6 #edges
3 5
2 10
0 3
0 2
10 11
5 4
6 #edges
3 5
2 10
0 3
0 2
11 4
10 11
6 #edges
3 5
2 10
0 3
0 2
11 4
5 11
6 #edges
3 5
2 10
0 3
0 2
4 11
5 4
6 #edges
3 5
0 3
0 10
10 2
4 11
5 4
6 #edges
3 5
2 11
0 3
0 10
10 2
5 4
6 #edges
3 5
2 11
2 4
0 3
0 10
10 2
6 #edges
3 5
2 11
0 3
0 10
11 4
10 2
6 #edges
3 5
0 3
0 10
11 4
10 2
5 11
6 #edges
3 5
2 4
0 3
0 10
10 2
5 11
6 #edges
3 5
2 4
0 3
0 10
10 2
4 11
24 #trees for patient 32
6 #edges
3 11
3 5
0 3
0 10
11 4
10 2
6 #edges
3 4
3 5
0 3
0 10
10 2
4 11
6 #edges
3 11
0 3
0 10
11 4
10 2
4 5
6 #edges
3 4
0 3
0 10
11 5
10 2
4 11
6 #edges
3 4
3 5
0 3
0 10
11 2
4 11
6 #edges
3 4
0 3
0 10
11 2
11 5
4 11
6 #edges
3 11
3 5
0 3
0 10
11 4
4 2
6 #edges
3 11
0 3
0 10
11 4
4 2
4 5
6 #edges
3 4
3 5
2 10
0 3
0 2
4 11
6 #edges
3 11
3 5
2 10
0 3
0 2
11 4
6 #edges
3 4
2 10
0 3
0 2
11 5
4 11
6 #edges
3 11
2 10
0 3
0 2
11 4
4 5
6 #edges
3 4
3 5
0 3
0 2
11 10
4 11
6 #edges
3 11
3 5
0 3
0 2
11 4
4 10
6 #edges
3 4
0 3
0 2
11 10
11 5
4 11
6 #edges
3 11
0 3
0 2
11 4
4 10
4 5
6 #edges
3 4
3 5
2 10
0 3
11 2
4 11
6 #edges
3 4
3 5
0 3
11 10
10 2
4 11
6 #edges
3 4
2 10
0 3
11 2
11 5
4 11
6 #edges
3 4
0 3
11 10
11 5
10 2
4 11
6 #edges
3 11
3 5
0 3
11 4
10 2
4 10
6 #edges
3 11
3 5
2 10
0 3
11 4
4 2
6 #edges
3 11
0 3
11 4
10 2
4 10
4 5
6 #edges
3 11
2 10
0 3
11 4
4 2
4 5
2 #trees for patient 33
6 #edges
3 4
3 5
2 10
0 3
0 2
5 11
6 #edges
3 4
3 5
2 10
0 3
0 2
4 11
12 #trees for patient 34
6 #edges
3 11
2 10
0 3
0 2
0 5
11 4
6 #edges
3 11
3 4
2 10
0 3
0 2
0 5
6 #edges
3 4
2 10
0 3
0 2
0 5
4 11
6 #edges
3 11
0 3
0 10
0 5
11 4
10 2
6 #edges
3 11
3 4
0 3
0 10
0 5
10 2
6 #edges
3 4
0 3
0 10
0 5
10 2
4 11
6 #edges
3 11
3 4
3 5
2 10
0 3
0 2
6 #edges
3 11
3 4
3 5
0 3
0 10
10 2
6 #edges
3 4
3 5
0 3
0 10
10 2
4 11
6 #edges
3 4
3 5
2 10
0 3
0 2
4 11
6 #edges
3 11
3 5
0 3
0 10
11 4
10 2
6 #edges
3 11
3 5
2 10
0 3
0 2
11 4
4 #trees for patient 35
6 #edges
3 4
3 5
2 10
0 3
0 2
4 11
6 #edges
3 11
3 5
2 10
0 3
0 2
11 4
6 #edges
3 11
3 5
0 3
0 2
11 4
4 10
6 #edges
3 4
3 5
0 3
0 2
11 10
4 11
4 #trees for patient 36
6 #edges
0 10
8 6
10 8
6 2
6 11
6 9
6 #edges
0 10
8 6
10 8
6 2
6 9
9 11
6 #edges
0 10
8 2
8 11
8 9
10 6
6 8
6 #edges
0 10
8 2
8 9
10 6
6 8
9 11
4 #trees for patient 37
6 #edges
0 10
11 9
8 6
10 8
6 2
6 11
6 #edges
0 10
8 6
10 8
6 2
6 11
6 9
6 #edges
0 8
8 10
10 6
6 2
6 11
6 9
6 #edges
0 8
11 9
8 10
10 6
6 2
6 11
4 #trees for patient 38
6 #edges
0 10
8 6
10 2
10 8
6 11
6 9
6 #edges
0 10
8 6
10 2
10 8
6 9
9 11
6 #edges
0 10
8 6
10 8
6 2
6 11
6 9
6 #edges
0 10
8 6
10 8
6 2
6 9
9 11
2 #trees for patient 39
6 #edges
0 10
8 2
8 11
8 9
10 6
6 8
6 #edges
0 10
8 6
10 8
6 2
6 11
6 9
6 #trees for patient 40
6 #edges
0 6
8 10
10 2
10 11
10 9
6 8
6 #edges
0 6
8 2
8 11
8 9
10 8
6 10
6 #edges
0 10
8 2
8 11
8 9
10 6
6 8
6 #edges
0 10
8 6
10 8
6 2
6 11
6 9
6 #edges
0 8
8 6
10 2
10 11
10 9
6 10
6 #edges
0 8
8 10
10 6
6 2
6 11
6 9
8 #trees for patient 41
6 #edges
0 11
0 8
8 10
10 6
10 9
6 2
6 #edges
0 11
0 8
8 10
10 6
6 2
6 9
6 #edges
0 11
0 10
8 6
8 9
10 8
6 2
6 #edges
0 11
0 10
8 6
10 8
6 2
6 9
6 #edges
0 10
8 6
8 9
10 8
6 2
6 11
6 #edges
0 10
8 6
10 8
6 2
6 11
6 9
6 #edges
0 8
8 10
10 6
10 9
6 2
6 11
6 #edges
0 8
8 10
10 6
6 2
6 11
6 9
12 #trees for patient 42
6 #edges
0 6
8 2
8 11
8 9
10 8
6 10
6 #edges
2 9
0 6
8 2
8 11
10 8
6 10
6 #edges
2 9
0 6
8 10
10 2
10 11
6 8
6 #edges
0 6
8 10
10 2
10 11
10 9
6 8
6 #edges
2 9
0 10
8 6
10 8
6 2
6 11
6 #edges
0 10
8 6
10 8
6 2
6 11
6 9
6 #edges
0 10
8 2
8 11
8 9
10 6
6 8
6 #edges
2 9
0 10
8 2
8 11
10 6
6 8
6 #edges
0 8
8 10
10 6
6 2
6 11
6 9
6 #edges
2 9
0 8
8 10
10 6
6 2
6 11
6 #edges
0 8
8 6
10 2
10 11
10 9
6 10
6 #edges
2 9
0 8
8 6
10 2
10 11
6 10
6 #trees for patient 43
6 #edges
0 6
8 10
10 2
10 11
10 9
6 8
6 #edges
0 6
8 2
8 11
8 9
10 8
6 10
6 #edges
0 10
8 2
8 11
8 9
10 6
6 8
6 #edges
0 10
8 6
10 8
6 2
6 11
6 9
6 #edges
0 8
8 6
10 2
10 11
10 9
6 10
6 #edges
0 8
8 10
10 6
6 2
6 11
6 9
4 #trees for patient 44
6 #edges
0 10
8 6
10 8
6 2
6 11
6 9
6 #edges
0 10
8 6
10 8
6 11
6 9
9 2
6 #edges
0 10
8 2
8 11
8 9
10 6
6 8
6 #edges
0 10
8 11
8 9
10 6
6 8
9 2
8 #trees for patient 45
6 #edges
0 10
8 2
8 11
8 9
10 6
6 8
6 #edges
0 10
11 2
8 11
8 9
10 6
6 8
6 #edges
0 10
11 9
8 2
8 11
10 6
6 8
6 #edges
0 10
11 2
11 9
8 11
10 6
6 8
6 #edges
0 10
11 9
8 6
10 8
6 2
6 11
6 #edges
0 10
8 6
10 8
6 2
6 11
6 9
6 #edges
0 10
11 2
11 9
8 6
10 8
6 11
6 #edges
0 10
11 2
8 6
10 8
6 11
6 9
12 #trees for patient 46
6 #edges
0 6
8 2
8 11
8 9
10 8
6 10
6 #edges
0 6
8 11
8 9
10 8
6 10
9 2
6 #edges
0 6
8 10
10 11
10 9
6 8
9 2
6 #edges
0 6
8 10
10 2
10 11
10 9
6 8
6 #edges
0 10
8 11
8 9
10 6
6 8
9 2
6 #edges
0 10
8 2
8 11
8 9
10 6
6 8
6 #edges
0 10
8 6
10 8
6 11
6 9
9 2
6 #edges
0 10
8 6
10 8
6 2
6 11
6 9
6 #edges
0 8
8 10
10 6
6 2
6 11
6 9
6 #edges
0 8
8 10
10 6
6 11
6 9
9 2
6 #edges
0 8
8 6
10 2
10 11
10 9
6 10
6 #edges
0 8
8 6
10 11
10 9
6 10
9 2
4 #trees for patient 47
6 #edges
0 10
8 6
10 8
6 2
6 11
6 9
6 #edges
2 9
0 10
8 6
10 8
6 2
6 11
6 #edges
0 8
8 10
10 6
6 2
6 11
6 9
6 #edges
2 9
0 8
8 10
10 6
6 2
6 11
4 #trees for patient 48
6 #edges
0 10
8 6
10 8
6 2
6 11
6 9
6 #edges
0 10
11 2
8 6
10 8
6 11
6 9
6 #edges
0 8
8 10
10 6
6 2
6 11
6 9
6 #edges
0 8
11 2
8 10
10 6
6 11
6 9
4 #trees for patient 49
6 #edges
0 10
8 6
10 8
6 2
6 11
6 9
6 #edges
2 11
0 10
8 6
10 8
6 2
6 9
6 #edges
2 11
0 8
8 10
10 6
6 2
6 9
6 #edges
0 8
8 10
10 6
6 2
6 11
6 9
