100 # patients
4 #trees for patient 0
6 #edges
1 2
1 7
2 10
0 1
0 5
0 11
6 #edges
1 2
2 10
0 1
0 5
0 11
10 7
6 #edges
1 10
2 7
0 1
0 5
0 11
10 2
6 #edges
1 7
1 10
0 1
0 5
0 11
10 2
2 #trees for patient 1
6 #edges
1 7
1 10
0 1
0 5
0 11
10 2
6 #edges
1 10
5 7
0 1
0 5
0 11
10 2
2 #trees for patient 2
6 #edges
1 10
5 7
0 1
0 5
0 11
10 2
6 #edges
1 7
1 10
0 1
0 5
0 11
10 2
2 #trees for patient 3
6 #edges
1 7
1 10
0 1
0 5
0 11
10 2
6 #edges
1 7
1 10
2 5
0 1
0 11
10 2
7 #trees for patient 4
6 #edges
1 7
0 1
0 5
0 11
11 2
11 10
6 #edges
1 7
0 1
0 5
0 11
11 10
10 2
6 #edges
1 2
1 7
0 1
0 5
0 11
11 10
6 #edges
1 7
2 10
0 1
0 5
0 11
11 2
6 #edges
1 7
1 10
0 1
0 5
0 11
11 2
6 #edges
1 2
1 7
2 10
0 1
0 5
0 11
6 #edges
1 7
1 10
0 1
0 5
0 11
10 2
6 #trees for patient 5
6 #edges
1 10
5 11
0 1
0 5
0 7
10 2
6 #edges
1 10
0 1
0 5
0 11
11 7
10 2
6 #edges
1 10
5 7
0 1
0 5
0 11
10 2
6 #edges
1 7
1 10
0 1
0 5
0 11
10 2
6 #edges
1 10
5 11
0 1
0 5
11 7
10 2
6 #edges
1 7
1 10
5 11
0 1
0 5
10 2
14 #trees for patient 6
6 #edges
1 2
1 7
0 1
0 5
0 11
11 10
6 #edges
1 2
1 7
2 10
0 1
0 5
0 11
6 #edges
1 2
5 7
0 1
0 5
0 11
11 10
6 #edges
1 2
5 7
2 10
0 1
0 5
0 11
6 #edges
1 10
5 7
0 1
0 5
0 11
11 2
6 #edges
1 7
1 10
0 1
0 5
0 11
11 2
6 #edges
5 7
0 1
0 5
0 11
11 2
11 10
6 #edges
1 7
0 1
0 5
0 11
11 2
11 10
6 #edges
1 7
2 10
0 1
0 5
0 11
11 2
6 #edges
5 7
2 10
0 1
0 5
0 11
11 2
6 #edges
1 10
5 7
0 1
0 5
0 11
10 2
6 #edges
1 7
1 10
0 1
0 5
0 11
10 2
6 #edges
1 7
0 1
0 5
0 11
11 10
10 2
6 #edges
5 7
0 1
0 5
0 11
11 10
10 2
6 #trees for patient 7
6 #edges
1 7
1 10
5 2
0 1
0 5
0 11
6 #edges
1 7
1 10
0 1
0 5
0 11
10 2
6 #edges
1 7
1 10
5 2
0 1
0 5
7 11
6 #edges
1 7
1 11
1 10
5 2
0 1
0 5
6 #edges
1 7
1 11
1 10
0 1
0 5
10 2
6 #edges
1 7
1 10
0 1
0 5
7 11
10 2
2 #trees for patient 8
6 #edges
1 7
1 10
0 1
0 5
0 11
10 2
6 #edges
1 7
1 10
0 1
0 11
7 5
10 2
2 #trees for patient 9
6 #edges
1 7
1 10
0 1
0 5
0 11
10 2
6 #edges
1 2
1 7
2 10
0 1
0 5
0 11
2 #trees for patient 10
6 #edges
1 7
1 10
0 1
0 5
0 11
10 2
6 #edges
1 10
0 1
0 5
0 11
11 7
10 2
7 #trees for patient 11
6 #edges
1 7
1 10
0 1
0 2
0 11
10 5
6 #edges
1 7
1 10
5 2
0 1
0 5
0 11
6 #edges
1 2
1 7
1 10
0 1
0 5
0 11
6 #edges
1 7
1 10
0 1
0 5
0 11
10 2
6 #edges
1 2
1 7
1 10
0 1
0 11
10 5
6 #edges
1 7
1 10
0 1
0 11
10 5
10 2
6 #edges
1 7
1 10
5 2
0 1
0 11
10 5
2 #trees for patient 12
6 #edges
1 7
1 10
0 1
0 5
0 11
10 2
6 #edges
1 7
1 10
0 1
0 5
7 11
10 2
8 #trees for patient 13
6 #edges
1 2
1 7
2 10
0 1
0 5
0 11
6 #edges
1 2
2 10
0 1
0 5
0 11
10 7
6 #edges
1 7
1 10
0 1
0 5
0 11
10 2
6 #edges
1 10
2 7
0 1
0 5
0 11
10 2
6 #edges
1 2
1 7
5 11
2 10
0 1
0 5
6 #edges
1 2
5 11
2 10
0 1
0 5
10 7
6 #edges
1 10
5 11
2 7
0 1
0 5
10 2
6 #edges
1 7
1 10
5 11
0 1
0 5
10 2
8 #trees for patient 14
6 #edges
1 5
1 2
2 10
0 1
0 7
0 11
6 #edges
1 2
1 7
2 10
0 1
0 5
0 11
6 #edges
1 2
2 10
0 1
0 7
0 11
7 5
6 #edges
1 2
1 7
2 10
0 1
0 11
7 5
6 #edges
1 7
1 10
0 1
0 5
0 11
10 2
6 #edges
1 5
1 10
0 1
0 7
0 11
10 2
6 #edges
1 10
0 1
0 7
0 11
7 5
10 2
6 #edges
1 7
1 10
0 1
0 11
7 5
10 2
12 #trees for patient 15
6 #edges
1 2
1 7
1 10
0 1
0 5
0 11
6 #edges
1 2
1 7
1 11
1 10
0 1
0 5
6 #edges
1 2
1 7
2 10
0 1
0 5
0 11
6 #edges
1 2
1 7
1 11
2 10
0 1
0 5
6 #edges
1 7
1 11
1 10
0 1
0 5
10 2
6 #edges
1 7
1 10
0 1
0 5
0 11
10 2
6 #edges
1 5
1 7
1 10
0 1
0 11
10 2
6 #edges
1 5
1 2
1 7
1 10
0 1
0 11
6 #edges
1 5
1 2
1 7
2 10
0 1
0 11
6 #edges
1 5
1 2
1 7
1 11
1 10
0 1
6 #edges
1 5
1 2
1 7
1 11
2 10
0 1
6 #edges
1 5
1 7
1 11
1 10
0 1
10 2
2 #trees for patient 16
6 #edges
1 7
1 10
0 1
0 5
0 11
10 2
6 #edges
1 10
2 7
0 1
0 5
0 11
10 2
2 #trees for patient 17
6 #edges
1 7
1 10
0 1
0 5
0 11
10 2
6 #edges
1 7
1 10
0 1
0 11
7 5
10 2
6 #trees for patient 18
6 #edges
1 7
1 10
0 1
0 5
0 11
10 2
6 #edges
1 7
1 10
0 1
0 11
7 5
10 2
6 #edges
1 7
1 10
5 11
0 1
0 5
10 2
6 #edges
1 7
1 10
0 1
0 5
7 11
10 2
6 #edges
1 7
1 10
0 1
7 5
7 11
10 2
6 #edges
1 7
1 10
5 11
0 1
7 5
10 2
4 #trees for patient 19
6 #edges
1 2
2 10
0 1
0 5
0 11
11 7
6 #edges
1 10
0 1
0 5
0 11
11 7
10 2
6 #edges
1 7
1 10
0 1
0 5
0 11
10 2
6 #edges
1 2
1 7
2 10
0 1
0 5
0 11
2 #trees for patient 20
6 #edges
1 7
1 10
0 1
0 5
0 11
10 2
6 #edges
1 7
1 10
5 11
0 1
0 5
10 2
9 #trees for patient 21
6 #edges
1 7
1 10
0 1
0 5
0 11
10 2
6 #edges
1 7
1 10
0 1
0 5
0 11
7 2
6 #edges
1 7
1 10
5 2
0 1
0 5
0 11
6 #edges
1 7
1 10
5 2
5 11
0 1
0 5
6 #edges
1 7
1 10
5 11
0 1
0 5
10 2
6 #edges
1 7
1 10
5 11
0 1
0 5
7 2
6 #edges
1 7
1 11
1 10
5 2
0 1
0 5
6 #edges
1 7
1 11
1 10
0 1
0 5
7 2
6 #edges
1 7
1 11
1 10
0 1
0 5
10 2
4 #trees for patient 22
6 #edges
1 7
1 10
0 1
0 5
0 11
10 2
6 #edges
1 7
1 10
0 1
0 5
0 11
7 2
6 #edges
1 7
1 10
0 1
0 5
7 2
10 11
6 #edges
1 7
1 10
0 1
0 5
10 2
10 11
2 #trees for patient 23
6 #edges
1 7
1 10
0 1
0 5
0 11
10 2
6 #edges
1 7
1 10
2 11
0 1
0 5
10 2
14 #trees for patient 24
6 #edges
1 10
0 1
0 5
0 11
11 7
10 2
6 #edges
1 10
5 2
0 1
0 5
0 11
11 7
6 #edges
1 7
1 10
5 2
0 1
0 5
0 11
6 #edges
1 7
1 10
0 1
0 5
0 11
10 2
6 #edges
1 2
2 10
0 1
0 5
0 11
11 7
6 #edges
1 2
5 10
0 1
0 5
0 11
11 7
6 #edges
1 2
1 7
2 10
0 1
0 5
0 11
6 #edges
1 2
1 7
5 10
0 1
0 5
0 11
6 #edges
1 7
5 2
5 10
0 1
0 5
0 11
6 #edges
5 2
5 10
0 1
0 5
0 11
11 7
6 #edges
5 10
0 1
0 5
0 11
11 7
10 2
6 #edges
1 7
5 10
0 1
0 5
0 11
10 2
6 #edges
1 7
5 2
2 10
0 1
0 5
0 11
6 #edges
5 2
2 10
0 1
0 5
0 11
11 7
10 #trees for patient 25
6 #edges
1 7
1 10
0 1
0 5
0 11
10 2
6 #edges
1 2
1 7
2 10
0 1
0 5
0 11
6 #edges
1 7
1 10
2 11
0 1
0 5
10 2
6 #edges
1 2
1 7
2 10
0 1
0 5
10 11
6 #edges
1 7
1 10
0 1
0 11
11 5
10 2
6 #edges
1 7
1 10
2 5
0 1
0 11
10 2
6 #edges
1 2
1 7
2 10
0 1
0 11
11 5
6 #edges
1 2
1 7
2 10
0 1
0 11
10 5
6 #edges
1 2
1 7
2 10
0 1
11 5
10 11
6 #edges
1 7
1 10
2 11
0 1
11 5
10 2
3 #trees for patient 26
6 #edges
1 7
1 10
0 1
0 5
0 11
7 2
6 #edges
1 7
1 10
0 1
0 5
0 11
10 2
6 #edges
1 7
1 10
0 1
0 5
7 2
10 11
4 #trees for patient 27
6 #edges
1 7
1 10
0 1
0 5
0 11
10 2
6 #edges
1 2
1 7
2 10
0 1
0 5
0 11
6 #edges
1 7
1 10
0 1
0 11
7 5
10 2
6 #edges
1 2
1 7
2 10
0 1
0 11
7 5
4 #trees for patient 28
6 #edges
1 7
1 10
0 1
0 5
0 11
10 2
6 #edges
1 10
2 7
0 1
0 5
0 11
10 2
6 #edges
1 7
1 10
0 1
0 5
10 2
10 11
6 #edges
1 10
2 7
0 1
0 5
10 2
10 11
8 #trees for patient 29
6 #edges
5 3
0 2
0 11
11 1
11 5
11 4
6 #edges
5 3
0 2
0 11
4 1
11 5
11 4
6 #edges
1 4
5 3
0 2
0 11
11 1
11 5
6 #edges
5 3
0 11
4 1
11 5
11 2
11 4
6 #edges
5 2
5 3
0 11
4 1
11 5
11 4
6 #edges
5 2
5 3
0 11
11 1
11 5
11 4
6 #edges
1 4
5 2
5 3
0 11
11 1
11 5
6 #edges
1 4
5 3
0 11
11 1
11 5
11 2
2 #trees for patient 30
6 #edges
1 4
5 3
0 2
0 11
11 1
11 5
6 #edges
1 4
0 2
0 11
4 3
11 1
11 5
10 #trees for patient 31
6 #edges
1 4
2 3
0 2
0 11
11 1
11 5
6 #edges
2 3
0 2
0 11
4 1
11 5
11 4
6 #edges
1 4
2 5
2 3
0 2
0 11
11 1
6 #edges
2 5
2 3
0 2
0 11
4 1
11 4
6 #edges
1 4
5 3
2 5
0 2
0 11
11 1
6 #edges
1 4
2 5
0 2
0 11
11 1
11 3
6 #edges
1 4
5 3
0 2
0 11
11 1
11 5
6 #edges
5 3
0 2
0 11
4 1
11 5
11 4
6 #edges
2 5
0 2
0 11
4 1
11 3
11 4
6 #edges
5 3
2 5
0 2
0 11
4 1
11 4
2 #trees for patient 32
6 #edges
1 4
5 3
0 2
0 11
11 1
11 5
6 #edges
5 3
0 2
0 11
4 1
11 5
11 4
14 #trees for patient 33
6 #edges
5 3
3 4
0 2
0 11
4 1
11 5
6 #edges
5 3
3 4
0 2
0 11
11 1
11 5
6 #edges
5 3
3 1
3 4
0 2
0 11
11 5
6 #edges
1 4
5 3
0 2
0 11
11 1
11 5
6 #edges
5 3
0 2
0 11
4 1
11 5
11 4
6 #edges
5 3
3 1
0 2
0 11
11 5
11 4
6 #edges
1 4
5 3
3 1
0 2
0 11
11 5
6 #edges
5 3
3 1
3 2
0 11
11 5
11 4
6 #edges
5 3
3 2
0 11
4 1
11 5
11 4
6 #edges
5 3
3 2
3 4
0 11
11 1
11 5
6 #edges
5 3
3 2
3 4
0 11
4 1
11 5
6 #edges
5 3
3 1
3 2
3 4
0 11
11 5
6 #edges
1 4
5 3
3 1
3 2
0 11
11 5
6 #edges
1 4
5 3
3 2
0 11
11 1
11 5
36 #trees for patient 34
6 #edges
3 5
0 2
0 3
0 11
4 1
11 4
6 #edges
1 4
3 5
0 2
0 3
0 11
11 1
6 #edges
1 4
0 2
0 3
0 11
11 1
11 5
6 #edges
0 2
0 3
0 11
4 1
11 5
11 4
6 #edges
1 4
3 5
0 2
0 11
11 1
11 3
6 #edges
1 4
0 5
0 2
0 11
11 1
11 3
6 #edges
3 5
0 2
0 11
4 1
11 3
11 4
6 #edges
0 5
0 2
0 11
4 1
11 3
11 4
6 #edges
5 3
0 5
0 2
0 11
4 1
11 4
6 #edges
1 4
5 3
0 5
0 2
0 11
11 1
6 #edges
1 4
5 3
0 2
0 11
11 1
11 5
6 #edges
5 3
0 2
0 11
4 1
11 5
11 4
6 #edges
1 4
3 5
0 3
0 11
11 1
11 2
6 #edges
1 4
3 5
0 3
0 11
4 2
11 1
6 #edges
1 4
0 3
0 11
11 1
11 5
11 2
6 #edges
1 4
0 3
0 11
4 2
11 1
11 5
6 #edges
3 5
0 3
0 11
4 1
11 2
11 4
6 #edges
0 3
0 11
4 1
11 5
11 2
11 4
6 #edges
1 2
3 5
0 3
0 11
4 1
11 4
6 #edges
1 2
0 3
0 11
4 1
11 5
11 4
6 #edges
1 2
5 3
0 5
0 11
4 1
11 4
6 #edges
5 3
0 5
0 11
4 1
11 2
11 4
6 #edges
1 4
5 3
0 5
0 11
11 1
11 2
6 #edges
1 4
5 3
0 5
0 11
4 2
11 1
6 #edges
1 4
0 5
0 11
11 1
11 2
11 3
6 #edges
0 5
0 11
4 1
11 2
11 3
11 4
6 #edges
1 4
0 5
0 11
4 2
11 1
11 3
6 #edges
1 2
0 5
0 11
4 1
11 3
11 4
6 #edges
1 4
5 3
0 11
11 1
11 5
11 2
6 #edges
1 4
5 3
0 11
4 2
11 1
11 5
6 #edges
5 3
0 11
4 1
11 5
11 2
11 4
6 #edges
1 2
5 3
0 11
4 1
11 5
11 4
6 #edges
1 4
3 5
0 11
11 1
11 2
11 3
6 #edges
1 4
3 5
0 11
4 2
11 1
11 3
6 #edges
3 5
0 11
4 1
11 2
11 3
11 4
6 #edges
1 2
3 5
0 11
4 1
11 3
11 4
4 #trees for patient 35
6 #edges
1 4
5 3
0 2
0 11
11 1
11 5
6 #edges
5 3
0 2
0 11
4 1
11 5
11 4
6 #edges
1 4
5 2
5 3
0 11
11 1
11 5
6 #edges
5 2
5 3
0 11
4 1
11 5
11 4
42 #trees for patient 36
6 #edges
0 1
0 3
0 4
0 11
11 5
11 2
6 #edges
0 3
0 4
0 11
11 1
11 5
11 2
6 #edges
0 3
0 4
0 11
4 1
11 5
11 2
6 #edges
2 3
0 1
0 2
0 4
0 11
11 5
6 #edges
2 3
0 2
0 4
0 11
4 1
11 5
6 #edges
2 3
0 2
0 4
0 11
11 1
11 5
6 #edges
0 1
0 2
0 4
0 11
11 5
11 3
6 #edges
5 3
0 1
0 2
0 4
0 11
11 5
6 #edges
0 2
0 4
0 11
4 1
11 5
11 3
6 #edges
5 3
0 2
0 4
0 11
4 1
11 5
6 #edges
5 3
0 2
0 4
0 11
11 1
11 5
6 #edges
0 2
0 4
0 11
11 1
11 5
11 3
6 #edges
5 3
0 4
0 11
4 1
11 5
11 2
6 #edges
2 3
0 4
0 11
4 1
11 5
11 2
6 #edges
5 3
0 4
0 11
11 1
11 5
11 2
6 #edges
2 3
0 4
0 11
11 1
11 5
11 2
6 #edges
5 3
0 1
0 4
0 11
11 5
11 2
6 #edges
2 3
0 1
0 4
0 11
11 5
11 2
6 #edges
5 3
0 1
0 11
11 5
11 2
11 4
6 #edges
1 4
5 3
0 1
0 11
11 5
11 2
6 #edges
1 4
2 3
0 1
0 11
11 5
11 2
6 #edges
2 3
0 1
0 11
11 5
11 2
11 4
6 #edges
1 4
0 1
0 3
0 11
11 5
11 2
6 #edges
0 1
0 3
0 11
11 5
11 2
11 4
6 #edges
0 1
0 2
0 11
11 5
11 3
11 4
6 #edges
1 4
0 1
0 2
0 11
11 5
11 3
6 #edges
5 3
0 1
0 2
0 11
11 5
11 4
6 #edges
2 3
0 1
0 2
0 11
11 5
11 4
6 #edges
1 4
2 3
0 1
0 2
0 11
11 5
6 #edges
1 4
5 3
0 1
0 2
0 11
11 5
6 #edges
1 4
0 3
0 11
11 1
11 5
11 2
6 #edges
0 3
0 11
4 1
11 5
11 2
11 4
6 #edges
2 3
0 2
0 11
4 1
11 5
11 4
6 #edges
5 3
0 2
0 11
4 1
11 5
11 4
6 #edges
0 2
0 11
4 1
11 5
11 3
11 4
6 #edges
1 4
0 2
0 11
11 1
11 5
11 3
6 #edges
1 4
5 3
0 2
0 11
11 1
11 5
6 #edges
1 4
2 3
0 2
0 11
11 1
11 5
6 #edges
2 3
0 11
4 1
11 5
11 2
11 4
6 #edges
1 4
2 3
0 11
11 1
11 5
11 2
6 #edges
5 3
0 11
4 1
11 5
11 2
11 4
6 #edges
1 4
5 3
0 11
11 1
11 5
11 2
14 #trees for patient 37
6 #edges
1 4
0 2
0 11
4 3
11 1
11 5
6 #edges
1 4
5 3
0 2
0 11
11 1
11 5
6 #edges
1 4
3 5
0 2
0 11
11 1
11 3
6 #edges
1 4
0 2
0 11
4 5
11 1
11 3
6 #edges
1 4
0 2
0 11
4 5
4 3
11 1
6 #edges
1 4
5 3
0 2
0 11
4 5
11 1
6 #edges
1 4
3 5
0 2
0 11
4 3
11 1
6 #edges
1 4
3 5
0 11
4 2
11 1
11 3
6 #edges
1 4
0 11
4 5
4 2
11 1
11 3
6 #edges
1 4
5 3
0 11
4 2
11 1
11 5
6 #edges
1 4
0 11
4 2
4 3
11 1
11 5
6 #edges
1 4
0 11
4 5
4 2
4 3
11 1
6 #edges
1 4
5 3
0 11
4 5
4 2
11 1
6 #edges
1 4
3 5
0 11
4 2
4 3
11 1
15 #trees for patient 38
6 #edges
1 4
5 3
0 2
0 11
11 1
11 5
6 #edges
1 3
1 4
0 2
0 11
11 1
11 5
6 #edges
5 3
5 4
0 2
0 11
11 1
11 5
6 #edges
1 3
5 4
0 2
0 11
11 1
11 5
6 #edges
1 3
0 2
0 11
11 1
11 5
11 4
6 #edges
5 3
0 2
0 11
11 1
11 5
11 4
6 #edges
1 5
1 3
0 2
0 11
11 1
11 4
6 #edges
1 5
0 2
0 11
11 1
11 3
11 4
6 #edges
1 5
5 3
0 2
0 11
11 1
11 4
6 #edges
1 5
1 4
0 2
0 11
11 1
11 3
6 #edges
1 5
5 4
0 2
0 11
11 1
11 3
6 #edges
1 5
1 3
1 4
0 2
0 11
11 1
6 #edges
1 5
1 4
5 3
0 2
0 11
11 1
6 #edges
1 5
5 3
5 4
0 2
0 11
11 1
6 #edges
1 5
1 3
5 4
0 2
0 11
11 1
27 #trees for patient 39
6 #edges
5 2
5 4
0 3
0 11
11 1
11 5
6 #edges
5 2
2 4
0 3
0 11
11 1
11 5
6 #edges
1 4
5 2
0 3
0 11
11 1
11 5
6 #edges
5 2
0 4
0 11
4 3
11 1
11 5
6 #edges
1 3
5 2
0 4
0 11
11 1
11 5
6 #edges
5 2
5 3
0 4
0 11
11 1
11 5
6 #edges
5 2
2 3
0 4
0 11
11 1
11 5
6 #edges
2 4
0 2
0 11
4 3
11 1
11 5
6 #edges
1 3
2 4
0 2
0 11
11 1
11 5
6 #edges
5 3
2 4
0 2
0 11
11 1
11 5
6 #edges
1 4
2 3
0 2
0 11
11 1
11 5
6 #edges
5 4
2 3
0 2
0 11
11 1
11 5
6 #edges
1 4
0 2
0 11
4 3
11 1
11 5
6 #edges
1 4
5 3
0 2
0 11
11 1
11 5
6 #edges
5 3
5 4
0 2
0 11
11 1
11 5
6 #edges
5 4
0 2
0 11
4 3
11 1
11 5
6 #edges
1 3
5 4
0 2
0 11
11 1
11 5
6 #edges
5 2
5 3
5 4
0 11
11 1
11 5
6 #edges
1 4
5 2
5 3
0 11
11 1
11 5
6 #edges
5 2
5 3
2 4
0 11
11 1
11 5
6 #edges
1 3
5 2
5 4
0 11
11 1
11 5
6 #edges
1 3
5 2
2 4
0 11
11 1
11 5
6 #edges
1 4
5 2
0 11
4 3
11 1
11 5
6 #edges
1 4
5 2
2 3
0 11
11 1
11 5
6 #edges
5 2
5 4
2 3
0 11
11 1
11 5
6 #edges
5 2
5 4
0 11
4 3
11 1
11 5
6 #edges
5 2
2 4
0 11
4 3
11 1
11 5
4 #trees for patient 40
6 #edges
1 4
5 3
0 2
0 11
11 1
11 5
6 #edges
1 4
3 5
0 2
0 11
11 1
11 3
6 #edges
1 2
1 4
3 5
0 11
11 1
11 3
6 #edges
1 2
1 4
5 3
0 11
11 1
11 5
6 #trees for patient 41
6 #edges
1 4
2 3
0 2
0 11
11 1
11 5
6 #edges
1 4
2 3
3 5
0 2
0 11
11 1
6 #edges
1 4
2 5
0 2
0 11
11 1
11 3
6 #edges
1 4
3 5
0 2
0 11
11 1
11 3
6 #edges
1 4
5 3
0 2
0 11
11 1
11 5
6 #edges
1 4
5 3
2 5
0 2
0 11
11 1
4 #trees for patient 42
6 #edges
5 3
2 4
0 2
0 11
11 1
11 5
6 #edges
5 3
5 4
0 2
0 11
11 1
11 5
6 #edges
1 4
5 3
0 2
0 11
11 1
11 5
6 #edges
5 3
0 2
0 11
11 1
11 5
11 4
28 #trees for patient 43
6 #edges
1 4
5 3
0 2
0 11
11 1
11 5
6 #edges
5 3
0 2
0 11
4 1
11 5
11 4
6 #edges
1 3
0 2
0 11
4 1
11 5
11 4
6 #edges
1 4
0 2
0 11
4 3
11 1
11 5
6 #edges
1 4
3 5
0 2
0 11
11 1
11 3
6 #edges
1 4
0 2
0 11
4 5
11 1
11 3
6 #edges
3 5
0 2
0 11
4 1
11 3
11 4
6 #edges
1 5
0 2
0 11
4 1
11 3
11 4
6 #edges
1 5
5 3
0 2
0 11
4 1
11 4
6 #edges
1 5
1 3
0 2
0 11
4 1
11 4
6 #edges
1 3
3 5
0 2
0 11
4 1
11 4
6 #edges
1 4
0 2
0 11
4 5
4 3
11 1
6 #edges
1 4
5 3
0 2
0 11
4 5
11 1
6 #edges
1 4
3 5
0 2
0 11
4 3
11 1
6 #edges
1 4
5 3
0 11
4 2
11 1
11 5
6 #edges
1 2
5 3
0 11
4 1
11 5
11 4
6 #edges
1 4
0 11
4 2
4 3
11 1
11 5
6 #edges
1 2
1 3
0 11
4 1
11 5
11 4
6 #edges
1 4
3 5
0 11
4 2
11 1
11 3
6 #edges
1 4
0 11
4 5
4 2
11 1
11 3
6 #edges
1 2
3 5
0 11
4 1
11 3
11 4
6 #edges
1 5
1 2
0 11
4 1
11 3
11 4
6 #edges
1 4
0 11
4 5
4 2
4 3
11 1
6 #edges
1 4
3 5
0 11
4 2
4 3
11 1
6 #edges
1 4
5 3
0 11
4 5
4 2
11 1
6 #edges
1 5
1 2
1 3
0 11
4 1
11 4
6 #edges
1 2
1 3
3 5
0 11
4 1
11 4
6 #edges
1 5
1 2
5 3
0 11
4 1
11 4
2 #trees for patient 44
6 #edges
1 4
5 3
0 2
0 11
11 1
11 5
6 #edges
1 4
3 5
0 2
0 11
11 1
11 3
2 #trees for patient 45
6 #edges
1 4
5 3
0 2
0 11
11 1
11 5
6 #edges
5 3
0 2
0 11
4 1
11 5
11 4
8 #trees for patient 46
6 #edges
1 4
0 2
0 11
11 1
11 5
11 3
6 #edges
1 4
5 3
0 2
0 11
11 1
11 5
6 #edges
5 3
0 2
0 11
4 1
11 5
11 4
6 #edges
0 2
0 11
4 1
11 5
11 3
11 4
6 #edges
1 4
0 11
4 2
11 1
11 5
11 3
6 #edges
1 4
5 3
0 11
4 2
11 1
11 5
6 #edges
1 2
0 11
4 1
11 5
11 3
11 4
6 #edges
1 2
5 3
0 11
4 1
11 5
11 4
8 #trees for patient 47
6 #edges
1 4
5 3
0 2
0 11
11 1
11 5
6 #edges
1 4
0 2
0 11
4 3
11 1
11 5
6 #edges
1 3
0 2
0 11
4 1
11 5
11 4
6 #edges
5 3
0 2
0 11
4 1
11 5
11 4
6 #edges
1 4
5 2
5 3
0 11
11 1
11 5
6 #edges
1 4
5 2
0 11
4 3
11 1
11 5
6 #edges
1 3
5 2
0 11
4 1
11 5
11 4
6 #edges
5 2
5 3
0 11
4 1
11 5
11 4
6 #trees for patient 48
6 #edges
5 3
0 2
0 11
4 1
11 5
11 4
6 #edges
1 4
5 3
0 2
0 11
11 1
11 5
6 #edges
1 4
5 3
0 11
11 1
11 5
11 2
6 #edges
1 4
5 3
0 11
4 2
11 1
11 5
6 #edges
5 3
0 11
4 1
11 5
11 2
11 4
6 #edges
1 2
5 3
0 11
4 1
11 5
11 4
4 #trees for patient 49
6 #edges
1 4
5 3
0 2
0 11
11 1
11 5
6 #edges
1 4
3 5
0 2
0 11
11 1
11 3
6 #edges
1 2
1 4
3 5
0 11
11 1
11 3
6 #edges
1 2
1 4
5 3
0 11
11 1
11 5
14 #trees for patient 50
6 #edges
1 4
3 5
0 2
0 11
11 1
11 3
6 #edges
3 5
0 2
0 11
4 1
11 3
11 4
6 #edges
1 4
2 5
0 2
0 11
11 1
11 3
6 #edges
2 5
0 2
0 11
4 1
11 3
11 4
6 #edges
2 5
2 3
0 2
0 11
4 1
11 4
6 #edges
1 4
2 5
2 3
0 2
0 11
11 1
6 #edges
2 3
0 2
0 11
4 1
11 5
11 4
6 #edges
1 4
2 3
0 2
0 11
11 1
11 5
6 #edges
2 3
3 5
0 2
0 11
4 1
11 4
6 #edges
1 4
2 3
3 5
0 2
0 11
11 1
6 #edges
5 3
0 2
0 11
4 1
11 5
11 4
6 #edges
5 3
2 5
0 2
0 11
4 1
11 4
6 #edges
1 4
5 3
0 2
0 11
11 1
11 5
6 #edges
1 4
5 3
2 5
0 2
0 11
11 1
6 #trees for patient 51
6 #edges
5 3
0 2
0 11
4 1
11 5
11 4
6 #edges
5 3
3 1
0 2
0 11
11 5
11 4
6 #edges
1 4
5 3
0 2
0 11
11 1
11 5
6 #edges
5 3
3 4
0 2
0 11
11 1
11 5
6 #edges
1 4
5 3
3 1
0 2
0 11
11 5
6 #edges
5 3
3 4
0 2
0 11
4 1
11 5
6 #trees for patient 52
6 #edges
5 3
2 4
0 2
0 11
11 1
11 5
6 #edges
1 4
5 3
0 2
0 11
11 1
11 5
6 #edges
5 3
0 2
0 11
4 1
11 5
11 4
6 #edges
5 3
2 1
0 2
0 11
11 5
11 4
6 #edges
5 3
2 4
0 2
0 11
4 1
11 5
6 #edges
1 4
5 3
2 1
0 2
0 11
11 5
28 #trees for patient 53
6 #edges
1 4
2 1
0 5
0 2
0 3
0 11
6 #edges
2 1
0 5
0 2
0 3
0 11
11 4
6 #edges
2 4
0 5
0 2
0 3
0 11
11 1
6 #edges
1 4
0 5
0 2
0 3
0 11
11 1
6 #edges
1 4
2 1
3 5
0 2
0 3
0 11
6 #edges
2 1
3 5
0 2
0 3
0 11
11 4
6 #edges
2 4
3 5
0 2
0 3
0 11
11 1
6 #edges
1 4
3 5
0 2
0 3
0 11
11 1
6 #edges
2 1
0 2
0 3
0 11
11 5
11 4
6 #edges
2 4
0 2
0 3
0 11
11 1
11 5
6 #edges
1 4
2 1
0 2
0 3
0 11
11 5
6 #edges
1 4
0 2
0 3
0 11
11 1
11 5
6 #edges
5 3
2 4
0 5
0 2
0 11
11 1
6 #edges
1 4
5 3
0 5
0 2
0 11
11 1
6 #edges
5 3
2 1
0 5
0 2
0 11
11 4
6 #edges
1 4
5 3
2 1
0 5
0 2
0 11
6 #edges
2 1
0 5
0 2
0 11
11 3
11 4
6 #edges
2 4
0 5
0 2
0 11
11 1
11 3
6 #edges
1 4
2 1
0 5
0 2
0 11
11 3
6 #edges
1 4
0 5
0 2
0 11
11 1
11 3
6 #edges
1 4
2 1
3 5
0 2
0 11
11 3
6 #edges
1 4
5 3
2 1
0 2
0 11
11 5
6 #edges
5 3
2 1
0 2
0 11
11 5
11 4
6 #edges
2 1
3 5
0 2
0 11
11 3
11 4
6 #edges
1 4
3 5
0 2
0 11
11 1
11 3
6 #edges
2 4
3 5
0 2
0 11
11 1
11 3
6 #edges
5 3
2 4
0 2
0 11
11 1
11 5
6 #edges
1 4
5 3
0 2
0 11
11 1
11 5
36 #trees for patient 54
6 #edges
5 4
3 5
0 2
0 11
11 1
11 3
6 #edges
1 4
3 5
0 2
0 11
11 1
11 3
6 #edges
1 4
5 3
0 2
0 11
11 1
11 5
6 #edges
5 3
3 4
0 2
0 11
11 1
11 5
6 #edges
5 3
0 2
0 11
4 1
11 5
11 4
6 #edges
5 3
3 1
0 2
0 11
11 5
11 4
6 #edges
3 5
0 2
0 11
4 1
11 3
11 4
6 #edges
5 1
3 5
0 2
0 11
11 3
11 4
6 #edges
1 4
5 3
3 1
0 2
0 11
11 5
6 #edges
5 3
3 4
0 2
0 11
4 1
11 5
6 #edges
1 4
5 1
3 5
0 2
0 11
11 3
6 #edges
5 4
3 5
0 2
0 11
4 1
11 3
6 #edges
5 3
3 1
0 11
4 2
11 5
11 4
6 #edges
5 1
3 5
0 11
4 2
11 3
11 4
6 #edges
5 2
3 5
0 11
4 1
11 3
11 4
6 #edges
1 2
3 5
0 11
4 1
11 3
11 4
6 #edges
1 2
5 1
3 5
0 11
11 3
11 4
6 #edges
1 2
5 3
0 11
4 1
11 5
11 4
6 #edges
5 3
3 2
0 11
4 1
11 5
11 4
6 #edges
1 2
5 3
3 1
0 11
11 5
11 4
6 #edges
1 2
5 3
3 4
0 11
11 1
11 5
6 #edges
1 4
5 3
0 11
4 2
11 1
11 5
6 #edges
1 4
5 3
3 2
0 11
11 1
11 5
6 #edges
5 3
3 4
0 11
4 2
11 1
11 5
6 #edges
1 4
5 2
3 5
0 11
11 1
11 3
6 #edges
1 4
3 5
0 11
4 2
11 1
11 3
6 #edges
1 2
5 4
3 5
0 11
11 1
11 3
6 #edges
5 4
3 5
0 11
4 2
11 1
11 3
6 #edges
5 4
3 5
0 11
4 1
11 2
11 3
6 #edges
1 4
5 1
3 5
0 11
11 2
11 3
6 #edges
1 4
5 3
3 1
0 11
11 5
11 2
6 #edges
5 3
3 4
0 11
4 1
11 5
11 2
6 #edges
1 2
5 4
3 5
0 11
4 1
11 3
6 #edges
1 4
5 1
3 5
0 11
4 2
11 3
6 #edges
1 4
5 3
3 1
0 11
4 2
11 5
6 #edges
1 2
5 3
3 4
0 11
4 1
11 5
9 #trees for patient 55
6 #edges
5 3
0 2
0 11
11 1
11 5
11 4
6 #edges
5 3
5 4
0 2
0 11
11 1
11 5
6 #edges
1 4
5 3
0 2
0 11
11 1
11 5
6 #edges
5 3
3 2
0 11
11 1
11 5
11 4
6 #edges
1 2
5 3
0 11
11 1
11 5
11 4
6 #edges
1 2
1 4
5 3
0 11
11 1
11 5
6 #edges
1 4
5 3
3 2
0 11
11 1
11 5
6 #edges
1 2
5 3
5 4
0 11
11 1
11 5
6 #edges
5 3
5 4
3 2
0 11
11 1
11 5
2 #trees for patient 56
6 #edges
1 4
3 5
0 2
0 11
11 1
11 3
6 #edges
1 4
5 3
0 2
0 11
11 1
11 5
10 #trees for patient 57
6 #edges
1 4
5 3
0 2
0 11
11 1
11 5
6 #edges
1 4
0 2
0 11
4 3
11 1
11 5
6 #edges
1 4
3 5
0 2
0 11
11 1
11 3
6 #edges
1 4
0 2
0 11
4 5
11 1
11 3
6 #edges
1 4
3 5
0 2
0 11
4 3
11 1
6 #edges
1 4
0 2
0 11
4 5
4 3
11 1
6 #edges
1 4
5 3
0 2
0 11
4 5
11 1
6 #edges
1 4
3 5
0 11
4 3
11 1
11 2
6 #edges
1 4
0 11
4 5
4 3
11 1
11 2
6 #edges
1 4
5 3
0 11
4 5
11 1
11 2
24 #trees for patient 58
6 #edges
1 3
1 4
0 2
0 11
11 1
11 5
6 #edges
1 3
1 4
3 5
0 2
0 11
11 1
6 #edges
1 3
1 4
2 5
0 2
0 11
11 1
6 #edges
1 3
3 5
0 2
0 11
11 1
11 4
6 #edges
1 3
0 2
0 11
11 1
11 5
11 4
6 #edges
1 3
2 5
0 2
0 11
11 1
11 4
6 #edges
3 5
0 2
0 11
11 1
11 3
11 4
6 #edges
2 5
0 2
0 11
11 1
11 3
11 4
6 #edges
1 5
0 2
0 11
11 1
11 3
11 4
6 #edges
1 5
2 3
0 2
0 11
11 1
11 4
6 #edges
1 5
5 3
0 2
0 11
11 1
11 4
6 #edges
5 3
2 5
0 2
0 11
11 1
11 4
6 #edges
2 3
3 5
0 2
0 11
11 1
11 4
6 #edges
2 3
0 2
0 11
11 1
11 5
11 4
6 #edges
5 3
0 2
0 11
11 1
11 5
11 4
6 #edges
1 4
3 5
0 2
0 11
11 1
11 3
6 #edges
1 5
1 4
0 2
0 11
11 1
11 3
6 #edges
1 4
2 5
0 2
0 11
11 1
11 3
6 #edges
1 4
5 3
0 2
0 11
11 1
11 5
6 #edges
1 4
2 3
0 2
0 11
11 1
11 5
6 #edges
1 5
1 4
5 3
0 2
0 11
11 1
6 #edges
1 5
1 4
2 3
0 2
0 11
11 1
6 #edges
1 4
5 3
2 5
0 2
0 11
11 1
6 #edges
1 4
2 3
3 5
0 2
0 11
11 1
24 #trees for patient 59
6 #edges
5 3
0 2
0 4
0 11
4 1
11 5
6 #edges
3 5
0 2
0 4
0 11
4 1
11 3
6 #edges
3 5
0 2
0 4
0 11
11 1
11 3
6 #edges
2 1
3 5
0 2
0 4
0 11
11 3
6 #edges
5 3
0 2
0 4
0 11
11 1
11 5
6 #edges
5 3
2 1
0 2
0 4
0 11
11 5
6 #edges
1 4
5 3
0 1
0 2
0 11
11 5
6 #edges
1 4
3 5
0 1
0 2
0 11
11 3
6 #edges
2 4
3 5
0 1
0 2
0 11
11 3
6 #edges
5 3
2 4
0 1
0 2
0 11
11 5
6 #edges
5 3
0 1
0 2
0 11
11 5
11 4
6 #edges
3 5
0 1
0 2
0 11
11 3
11 4
6 #edges
2 1
3 5
0 2
0 11
11 3
11 4
6 #edges
3 5
0 2
0 11
4 1
11 3
11 4
6 #edges
2 4
3 5
0 2
0 11
11 1
11 3
6 #edges
1 4
3 5
0 2
0 11
11 1
11 3
6 #edges
2 4
3 5
0 2
0 11
4 1
11 3
6 #edges
1 4
2 1
3 5
0 2
0 11
11 3
6 #edges
5 3
2 1
0 2
0 11
11 5
11 4
6 #edges
1 4
5 3
2 1
0 2
0 11
11 5
6 #edges
1 4
5 3
0 2
0 11
11 1
11 5
6 #edges
5 3
2 4
0 2
0 11
11 1
11 5
6 #edges
5 3
0 2
0 11
4 1
11 5
11 4
6 #edges
5 3
2 4
0 2
0 11
4 1
11 5
4 #trees for patient 60
6 #edges
2 3
0 2
0 11
4 1
11 5
11 4
6 #edges
1 4
2 3
0 2
0 11
11 1
11 5
6 #edges
1 4
5 3
0 2
0 11
11 1
11 5
6 #edges
5 3
0 2
0 11
4 1
11 5
11 4
4 #trees for patient 61
6 #edges
1 4
0 2
0 11
11 1
11 5
11 3
6 #edges
1 4
5 3
0 2
0 11
11 1
11 5
6 #edges
1 4
0 11
4 2
11 1
11 5
11 3
6 #edges
1 4
5 3
0 11
4 2
11 1
11 5
4 #trees for patient 62
6 #edges
5 4
3 5
0 2
0 11
11 1
11 3
6 #edges
1 4
3 5
0 2
0 11
11 1
11 3
6 #edges
1 4
5 3
0 2
0 11
11 1
11 5
6 #edges
5 3
3 4
0 2
0 11
11 1
11 5
2 #trees for patient 63
6 #edges
1 4
5 3
0 2
0 11
11 1
11 5
6 #edges
5 3
0 2
0 11
4 1
11 5
11 4
4 #trees for patient 64
6 #edges
5 3
2 4
0 2
0 11
11 1
11 5
6 #edges
2 4
3 5
0 2
0 11
11 1
11 3
6 #edges
1 4
3 5
0 2
0 11
11 1
11 3
6 #edges
1 4
5 3
0 2
0 11
11 1
11 5
48 #trees for patient 65
6 #edges
3 5
3 2
3 11
0 3
0 10
10 4
6 #edges
3 5
3 11
0 3
0 10
4 2
10 4
6 #edges
5 11
3 5
0 3
0 10
4 2
10 4
6 #edges
5 11
3 5
3 2
0 3
0 10
10 4
6 #edges
2 4
3 5
3 11
0 3
0 10
10 2
6 #edges
3 5
3 4
3 11
0 3
0 10
10 2
6 #edges
5 11
3 5
3 4
0 3
0 10
10 2
6 #edges
5 11
2 4
3 5
0 3
0 10
10 2
6 #edges
2 4
3 5
3 2
3 11
0 3
0 10
6 #edges
5 11
2 4
3 5
3 2
0 3
0 10
6 #edges
3 5
3 4
3 11
0 3
0 10
4 2
6 #edges
5 11
3 5
3 4
0 3
0 10
4 2
6 #edges
2 10
3 5
3 11
0 3
0 4
4 2
6 #edges
5 11
2 10
3 5
0 3
0 4
4 2
6 #edges
3 5
3 11
3 10
0 3
0 4
4 2
6 #edges
5 11
3 5
3 10
0 3
0 4
4 2
6 #edges
3 5
3 2
3 11
0 3
0 4
4 10
6 #edges
3 5
3 11
0 3
0 4
4 10
10 2
6 #edges
5 11
3 5
0 3
0 4
4 10
10 2
6 #edges
5 11
3 5
3 2
0 3
0 4
4 10
6 #edges
2 10
3 5
3 2
3 11
0 3
0 4
6 #edges
3 5
3 11
3 10
0 3
0 4
10 2
6 #edges
5 11
2 10
3 5
3 2
0 3
0 4
6 #edges
5 11
3 5
3 10
0 3
0 4
10 2
6 #edges
5 11
2 10
3 5
3 4
0 2
0 3
6 #edges
2 10
3 5
3 4
3 11
0 2
0 3
6 #edges
2 10
3 5
3 11
0 2
0 3
10 4
6 #edges
5 11
2 10
3 5
0 2
0 3
10 4
6 #edges
2 4
3 5
3 11
0 2
0 3
4 10
6 #edges
2 4
3 5
3 11
3 10
0 2
0 3
6 #edges
3 5
3 11
3 10
0 2
0 3
10 4
6 #edges
3 5
3 4
3 11
0 2
0 3
4 10
6 #edges
5 11
2 4
3 5
3 10
0 2
0 3
6 #edges
5 11
3 5
3 10
0 2
0 3
10 4
6 #edges
5 11
2 4
3 5
0 2
0 3
4 10
6 #edges
5 11
3 5
3 4
0 2
0 3
4 10
6 #edges
2 10
3 5
3 2
3 11
0 3
10 4
6 #edges
2 4
3 5
3 2
3 11
0 3
4 10
6 #edges
5 11
2 10
3 5
3 2
0 3
10 4
6 #edges
5 11
2 4
3 5
3 2
0 3
4 10
6 #edges
3 5
3 11
3 10
0 3
4 2
10 4
6 #edges
5 11
3 5
3 10
0 3
4 2
10 4
6 #edges
2 4
3 5
3 11
3 10
0 3
10 2
6 #edges
5 11
2 4
3 5
3 10
0 3
10 2
6 #edges
5 11
3 5
3 4
0 3
4 10
10 2
6 #edges
5 11
2 10
3 5
3 4
0 3
4 2
6 #edges
2 10
3 5
3 4
3 11
0 3
4 2
6 #edges
3 5
3 4
3 11
0 3
4 10
10 2
3 #trees for patient 66
6 #edges
2 10
3 5
3 11
0 2
0 3
10 4
6 #edges
2 5
2 10
3 11
0 2
0 3
10 4
6 #edges
2 10
3 11
0 2
0 3
11 5
10 4
13 #trees for patient 67
6 #edges
3 5
3 11
0 2
0 3
0 10
10 4
6 #edges
2 4
3 5
3 11
0 2
0 3
0 10
6 #edges
5 4
3 5
3 11
0 2
0 3
0 10
6 #edges
3 5
3 11
0 2
0 3
0 4
4 10
6 #edges
5 10
3 5
3 11
0 2
0 3
0 4
6 #edges
2 10
3 5
3 11
0 2
0 3
0 4
6 #edges
2 10
3 5
3 11
0 2
0 3
10 4
6 #edges
5 4
2 10
3 5
3 11
0 2
0 3
6 #edges
5 4
5 10
3 5
3 11
0 2
0 3
6 #edges
5 10
3 5
3 11
0 2
0 3
10 4
6 #edges
5 10
2 4
3 5
3 11
0 2
0 3
6 #edges
5 4
3 5
3 11
0 2
0 3
4 10
6 #edges
2 4
3 5
3 11
0 2
0 3
4 10
4 #trees for patient 68
6 #edges
2 10
3 5
3 11
0 2
0 3
10 4
6 #edges
5 11
2 10
3 5
0 2
0 3
10 4
6 #edges
2 4
3 5
3 11
0 2
0 3
4 10
6 #edges
5 11
2 4
3 5
0 2
0 3
4 10
6 #trees for patient 69
6 #edges
2 4
3 5
3 11
0 3
0 10
10 2
6 #edges
3 5
3 11
0 3
0 10
4 2
10 4
6 #edges
3 5
3 11
0 3
0 4
4 10
10 2
6 #edges
2 10
3 5
3 11
0 3
0 4
4 2
6 #edges
2 10
3 5
3 11
0 2
0 3
10 4
6 #edges
2 4
3 5
3 11
0 2
0 3
4 10
4 #trees for patient 70
6 #edges
2 10
3 5
3 11
0 2
0 3
10 4
6 #edges
2 4
3 5
3 11
0 2
0 3
4 10
6 #edges
2 4
3 11
0 2
0 3
4 10
10 5
6 #edges
2 10
3 11
0 2
0 3
4 5
10 4
2 #trees for patient 71
6 #edges
2 10
3 5
3 11
0 2
0 3
10 4
6 #edges
2 10
3 11
0 2
0 3
4 5
10 4
6 #trees for patient 72
6 #edges
2 4
3 5
3 11
0 2
0 3
4 10
6 #edges
2 10
3 5
3 11
0 2
0 3
10 4
6 #edges
3 5
3 11
0 3
0 4
4 10
10 2
6 #edges
2 10
3 5
3 11
0 3
0 4
4 2
6 #edges
2 4
3 5
3 11
0 3
0 10
10 2
6 #edges
3 5
3 11
0 3
0 10
4 2
10 4
6 #trees for patient 73
6 #edges
2 4
3 11
0 5
0 3
0 10
10 2
6 #edges
2 10
3 11
0 5
0 2
0 3
10 4
6 #edges
2 10
3 11
0 2
0 3
11 5
10 4
6 #edges
2 10
3 5
3 11
0 2
0 3
10 4
6 #edges
2 4
3 5
3 11
0 3
0 10
10 2
6 #edges
2 4
3 11
0 3
0 10
11 5
10 2
68 #trees for patient 74
6 #edges
2 4
3 11
0 5
0 3
0 10
10 2
6 #edges
3 11
0 5
0 3
0 10
11 4
10 2
6 #edges
3 11
0 5
0 3
0 10
11 2
10 4
6 #edges
3 11
0 5
0 3
0 10
4 2
10 4
6 #edges
3 11
0 5
0 3
0 10
11 2
11 4
6 #edges
2 4
3 11
0 5
0 3
0 10
11 2
6 #edges
3 11
0 5
0 3
0 10
4 2
11 4
6 #edges
2 4
3 5
3 11
0 3
0 10
10 2
6 #edges
3 5
3 11
0 3
0 10
11 4
10 2
6 #edges
3 5
3 11
0 3
0 10
4 2
10 4
6 #edges
3 5
3 11
0 3
0 10
11 2
10 4
6 #edges
2 4
3 5
3 11
0 3
0 10
11 2
6 #edges
3 5
3 11
0 3
0 10
11 2
11 4
6 #edges
3 5
3 11
0 3
0 10
4 2
11 4
6 #edges
3 11
0 5
0 3
0 4
4 10
10 2
6 #edges
3 11
0 5
0 3
0 4
4 10
11 2
6 #edges
3 5
3 11
0 3
0 4
4 10
10 2
6 #edges
3 5
3 11
0 3
0 4
4 10
11 2
6 #edges
2 10
3 11
0 5
0 3
0 4
4 2
6 #edges
3 11
0 5
0 3
0 4
4 2
11 10
6 #edges
2 10
3 11
0 5
0 3
0 4
11 2
6 #edges
3 11
0 5
0 3
0 4
11 2
11 10
6 #edges
3 11
0 5
0 3
0 4
11 10
10 2
6 #edges
2 10
3 5
3 11
0 3
0 4
4 2
6 #edges
3 5
3 11
0 3
0 4
4 2
11 10
6 #edges
2 10
3 5
3 11
0 3
0 4
11 2
6 #edges
3 5
3 11
0 3
0 4
11 2
11 10
6 #edges
3 5
3 11
0 3
0 4
11 10
10 2
6 #edges
2 4
3 11
0 5
0 2
0 3
4 10
6 #edges
2 4
3 11
0 5
0 2
0 3
11 10
6 #edges
2 4
3 5
3 11
0 2
0 3
4 10
6 #edges
2 4
3 5
3 11
0 2
0 3
11 10
6 #edges
3 11
0 5
0 2
0 3
11 10
10 4
6 #edges
3 11
0 5
0 2
0 3
11 4
11 10
6 #edges
2 10
3 11
0 5
0 2
0 3
11 4
6 #edges
2 10
3 11
0 5
0 2
0 3
10 4
6 #edges
3 11
0 5
0 2
0 3
4 10
11 4
6 #edges
3 5
3 11
0 2
0 3
11 4
11 10
6 #edges
3 5
3 11
0 2
0 3
4 10
11 4
6 #edges
2 10
3 5
3 11
0 2
0 3
11 4
6 #edges
2 10
3 5
3 11
0 2
0 3
10 4
6 #edges
3 5
3 11
0 2
0 3
11 10
10 4
6 #edges
2 4
3 11
0 5
0 3
4 10
11 2
6 #edges
2 4
3 11
0 5
0 3
11 2
11 10
6 #edges
2 10
3 11
0 5
0 3
11 2
10 4
6 #edges
2 10
3 11
0 5
0 3
11 2
11 4
6 #edges
3 11
0 5
0 3
4 10
11 2
11 4
6 #edges
3 11
0 5
0 3
11 2
11 4
11 10
6 #edges
3 11
0 5
0 3
11 2
11 10
10 4
6 #edges
3 11
0 5
0 3
11 4
11 10
10 2
6 #edges
3 11
0 5
0 3
4 2
11 4
11 10
6 #edges
3 11
0 5
0 3
4 10
11 4
10 2
6 #edges
2 10
3 11
0 5
0 3
4 2
11 4
6 #edges
3 11
0 5
0 3
4 2
11 10
10 4
6 #edges
2 4
3 11
0 5
0 3
11 10
10 2
6 #edges
2 10
3 5
3 11
0 3
11 2
11 4
6 #edges
2 10
3 5
3 11
0 3
11 2
10 4
6 #edges
3 5
3 11
0 3
4 10
11 2
11 4
6 #edges
3 5
3 11
0 3
11 2
11 4
11 10
6 #edges
2 4
3 5
3 11
0 3
11 2
11 10
6 #edges
2 4
3 5
3 11
0 3
4 10
11 2
6 #edges
3 5
3 11
0 3
11 2
11 10
10 4
6 #edges
3 5
3 11
0 3
4 2
11 4
11 10
6 #edges
3 5
3 11
0 3
11 4
11 10
10 2
6 #edges
2 4
3 5
3 11
0 3
11 10
10 2
6 #edges
3 5
3 11
0 3
4 2
11 10
10 4
6 #edges
3 5
3 11
0 3
4 10
11 4
10 2
6 #edges
2 10
3 5
3 11
0 3
4 2
11 4
6 #trees for patient 75
6 #edges
2 10
3 5
3 11
0 2
0 3
10 4
6 #edges
2 10
3 5
0 2
0 3
4 11
10 4
6 #edges
2 11
2 10
3 5
0 2
0 3
10 4
6 #edges
2 10
3 11
0 2
0 3
10 5
10 4
6 #edges
2 11
2 10
0 2
0 3
10 5
10 4
6 #edges
2 10
0 2
0 3
4 11
10 5
10 4
4 #trees for patient 76
6 #edges
2 10
3 5
3 11
0 2
0 3
10 4
6 #edges
2 10
3 11
0 2
0 3
4 5
10 4
6 #edges
2 4
3 5
3 11
0 3
0 10
10 2
6 #edges
2 4
3 11
0 3
0 10
4 5
10 2
4 #trees for patient 77
6 #edges
2 11
2 10
3 5
0 2
0 3
10 4
6 #edges
2 11
2 10
0 2
0 3
4 5
10 4
6 #edges
2 10
3 5
3 11
0 2
0 3
10 4
6 #edges
2 10
3 11
0 2
0 3
4 5
10 4
24 #trees for patient 78
6 #edges
3 5
3 11
0 3
0 10
4 2
10 4
6 #edges
5 2
3 5
3 11
0 3
0 10
10 4
6 #edges
5 2
2 4
3 5
3 11
0 3
0 10
6 #edges
5 4
3 5
3 11
0 3
0 10
10 2
6 #edges
5 4
3 5
3 11
0 3
0 10
4 2
6 #edges
2 4
3 5
3 11
0 3
0 10
10 2
6 #edges
2 10
3 5
3 11
0 3
0 4
4 2
6 #edges
5 10
3 5
3 11
0 3
0 4
4 2
6 #edges
5 10
3 5
3 11
0 3
0 4
10 2
6 #edges
5 2
3 5
3 11
0 3
0 4
4 10
6 #edges
5 2
2 10
3 5
3 11
0 3
0 4
6 #edges
3 5
3 11
0 3
0 4
4 10
10 2
6 #edges
2 10
3 5
3 11
0 2
0 3
10 4
6 #edges
5 4
2 10
3 5
3 11
0 2
0 3
6 #edges
2 4
3 5
3 11
0 2
0 3
4 10
6 #edges
5 10
2 4
3 5
3 11
0 2
0 3
6 #edges
5 10
3 5
3 11
0 2
0 3
10 4
6 #edges
5 4
3 5
3 11
0 2
0 3
4 10
6 #edges
5 2
2 4
3 5
3 11
0 3
4 10
6 #edges
5 2
2 10
3 5
3 11
0 3
10 4
6 #edges
5 4
3 5
3 11
0 3
4 10
10 2
6 #edges
5 4
2 10
3 5
3 11
0 3
4 2
6 #edges
5 10
2 4
3 5
3 11
0 3
10 2
6 #edges
5 10
3 5
3 11
0 3
4 2
10 4
4 #trees for patient 79
6 #edges
2 4
3 5
3 11
0 3
0 10
10 2
6 #edges
5 4
3 5
3 11
0 3
0 10
10 2
6 #edges
2 10
3 5
3 11
0 2
0 3
10 4
6 #edges
5 4
2 10
3 5
3 11
0 2
0 3
1 #trees for patient 80
6 #edges
2 10
3 5
3 11
0 2
0 3
10 4
34 #trees for patient 81
6 #edges
2 4
3 5
3 11
0 3
0 10
10 2
6 #edges
5 4
3 5
3 11
0 3
0 10
10 2
6 #edges
5 2
3 5
3 11
0 3
0 10
10 4
6 #edges
5 2
2 4
3 5
3 11
0 3
0 10
6 #edges
5 2
5 4
3 5
3 11
0 3
0 10
6 #edges
5 4
3 5
3 11
0 3
0 10
4 2
6 #edges
3 5
3 11
0 3
0 10
4 2
10 4
6 #edges
2 10
3 5
3 11
0 3
0 4
4 2
6 #edges
5 10
3 5
3 11
0 3
0 4
4 2
6 #edges
3 5
3 11
0 3
0 4
4 10
10 2
6 #edges
5 2
3 5
3 11
0 3
0 4
4 10
6 #edges
5 2
5 10
3 5
3 11
0 3
0 4
6 #edges
5 2
2 10
3 5
3 11
0 3
0 4
6 #edges
5 10
3 5
3 11
0 3
0 4
10 2
6 #edges
2 10
3 5
3 11
0 2
0 3
10 4
6 #edges
5 4
2 10
3 5
3 11
0 2
0 3
6 #edges
5 10
2 4
3 5
3 11
0 2
0 3
6 #edges
2 4
3 5
3 11
0 2
0 3
4 10
6 #edges
5 4
3 5
3 11
0 2
0 3
4 10
6 #edges
5 4
5 10
3 5
3 11
0 2
0 3
6 #edges
5 10
3 5
3 11
0 2
0 3
10 4
6 #edges
5 4
5 10
3 5
3 11
0 3
10 2
6 #edges
5 2
5 4
5 10
3 5
3 11
0 3
6 #edges
5 4
5 10
3 5
3 11
0 3
4 2
6 #edges
5 2
5 10
2 4
3 5
3 11
0 3
6 #edges
5 2
5 10
3 5
3 11
0 3
10 4
6 #edges
5 10
3 5
3 11
0 3
4 2
10 4
6 #edges
5 10
2 4
3 5
3 11
0 3
10 2
6 #edges
5 2
5 4
2 10
3 5
3 11
0 3
6 #edges
5 2
5 4
3 5
3 11
0 3
4 10
6 #edges
5 4
2 10
3 5
3 11
0 3
4 2
6 #edges
5 4
3 5
3 11
0 3
4 10
10 2
6 #edges
5 2
2 10
3 5
3 11
0 3
10 4
6 #edges
5 2
2 4
3 5
3 11
0 3
4 10
8 #trees for patient 82
6 #edges
2 10
3 5
0 2
0 3
0 11
10 4
6 #edges
5 4
2 10
3 5
0 2
0 3
0 11
6 #edges
2 4
3 5
0 3
0 11
0 10
10 2
6 #edges
5 4
3 5
0 3
0 11
0 10
10 2
6 #edges
5 4
3 5
3 11
0 3
0 10
10 2
6 #edges
2 4
3 5
3 11
0 3
0 10
10 2
6 #edges
5 4
2 10
3 5
3 11
0 2
0 3
6 #edges
2 10
3 5
3 11
0 2
0 3
10 4
5 #trees for patient 83
6 #edges
2 10
3 5
3 11
0 2
0 3
10 4
6 #edges
2 10
3 5
3 11
0 2
0 3
11 4
6 #edges
2 4
3 5
3 11
0 2
0 3
11 10
6 #edges
3 5
3 11
0 2
0 3
11 4
11 10
6 #edges
3 5
3 11
0 2
0 3
11 10
10 4
1 #trees for patient 84
6 #edges
2 10
3 5
3 11
0 2
0 3
10 4
2 #trees for patient 85
6 #edges
2 10
3 5
3 11
0 2
0 3
10 4
6 #edges
2 10
3 11
0 2
0 3
10 5
10 4
48 #trees for patient 86
6 #edges
2 11
3 5
3 4
0 2
0 3
0 10
6 #edges
2 11
3 5
0 2
0 3
0 10
11 4
6 #edges
2 11
3 5
0 2
0 3
0 4
0 10
6 #edges
2 11
3 5
0 2
0 3
0 10
10 4
6 #edges
2 4
2 11
3 5
0 2
0 3
0 10
6 #edges
3 5
3 11
0 2
0 3
0 4
0 10
6 #edges
3 5
3 11
0 2
0 3
0 10
10 4
6 #edges
3 5
3 11
0 2
0 3
0 10
11 4
6 #edges
2 4
3 5
3 11
0 2
0 3
0 10
6 #edges
2 11
3 5
0 2
0 3
0 4
4 10
6 #edges
3 5
3 11
0 2
0 3
0 4
4 10
6 #edges
2 11
3 5
3 10
0 2
0 3
0 4
6 #edges
2 11
2 10
3 5
0 2
0 3
0 4
6 #edges
2 11
3 5
0 2
0 3
0 4
11 10
6 #edges
2 10
3 5
3 11
0 2
0 3
0 4
6 #edges
3 5
3 11
0 2
0 3
0 4
11 10
6 #edges
3 5
0 2
0 3
0 11
4 10
11 4
6 #edges
3 5
3 10
0 2
0 3
0 11
11 4
6 #edges
2 10
3 5
0 2
0 3
0 11
11 4
6 #edges
2 4
2 10
3 5
0 2
0 3
0 11
6 #edges
2 4
3 5
0 2
0 3
0 11
11 10
6 #edges
2 4
3 5
3 10
0 2
0 3
0 11
6 #edges
2 4
3 5
0 2
0 3
0 11
4 10
6 #edges
2 10
3 5
0 2
0 3
0 11
10 4
6 #edges
2 10
3 5
3 4
0 2
0 3
0 11
6 #edges
3 5
3 4
0 2
0 3
0 11
11 10
6 #edges
3 5
3 4
0 2
0 3
0 11
4 10
6 #edges
3 5
0 2
0 3
0 11
11 10
10 4
6 #edges
3 5
3 10
0 2
0 3
0 11
10 4
6 #edges
2 4
2 10
3 5
3 11
0 2
0 3
6 #edges
2 11
2 10
3 5
3 4
0 2
0 3
6 #edges
2 10
3 5
3 11
0 2
0 3
11 4
6 #edges
2 10
3 5
3 11
0 2
0 3
10 4
6 #edges
2 11
2 10
3 5
0 2
0 3
10 4
6 #edges
2 11
2 10
3 5
0 2
0 3
11 4
6 #edges
2 11
3 5
3 4
0 2
0 3
11 10
6 #edges
2 11
3 5
3 4
0 2
0 3
4 10
6 #edges
3 5
3 11
0 2
0 3
4 10
11 4
6 #edges
2 4
3 5
3 11
0 2
0 3
4 10
6 #edges
2 4
3 5
3 11
0 2
0 3
11 10
6 #edges
3 5
3 11
0 2
0 3
11 10
10 4
6 #edges
2 4
2 11
3 5
0 2
0 3
11 10
6 #edges
2 4
2 11
3 5
3 10
0 2
0 3
6 #edges
2 4
2 11
3 5
0 2
0 3
4 10
6 #edges
2 11
3 5
3 10
0 2
0 3
11 4
6 #edges
2 11
3 5
3 10
0 2
0 3
10 4
6 #edges
2 11
3 5
0 2
0 3
11 10
10 4
6 #edges
2 11
3 5
0 2
0 3
4 10
11 4
6 #trees for patient 87
6 #edges
2 10
3 5
3 11
0 2
0 3
0 4
6 #edges
2 10
3 5
0 2
0 3
0 4
10 11
6 #edges
2 4
2 10
3 5
0 2
0 3
10 11
6 #edges
2 4
2 10
3 5
3 11
0 2
0 3
6 #edges
2 10
3 5
0 2
0 3
10 4
10 11
6 #edges
2 10
3 5
3 11
0 2
0 3
10 4
6 #trees for patient 88
6 #edges
2 5
2 4
3 11
0 3
0 10
10 2
6 #edges
2 4
3 5
3 11
0 3
0 10
10 2
6 #edges
2 4
3 11
0 3
0 10
4 5
10 2
6 #edges
2 10
3 5
3 11
0 2
0 3
10 4
6 #edges
2 10
3 11
0 2
0 3
10 5
10 4
6 #edges
2 10
3 11
0 2
0 3
4 5
10 4
8 #trees for patient 89
6 #edges
2 4
3 5
3 11
0 3
0 10
10 2
6 #edges
2 10
3 5
3 11
0 2
0 3
10 4
6 #edges
2 4
2 11
3 5
0 3
0 10
10 2
6 #edges
2 10
3 5
0 2
0 3
10 4
10 11
6 #edges
2 10
3 11
0 2
0 3
4 5
10 4
6 #edges
2 4
3 11
0 3
0 10
4 5
10 2
6 #edges
2 4
2 11
0 3
0 10
4 5
10 2
6 #edges
2 10
0 2
0 3
4 5
10 4
10 11
4 #trees for patient 90
6 #edges
2 5
2 4
3 11
0 3
0 10
10 2
6 #edges
2 4
3 5
3 11
0 3
0 10
10 2
6 #edges
2 10
3 5
3 11
0 2
0 3
10 4
6 #edges
2 10
3 11
0 2
0 3
10 5
10 4
6 #trees for patient 91
6 #edges
2 10
3 5
3 11
0 2
0 3
0 4
6 #edges
3 5
3 11
0 3
0 4
0 10
10 2
6 #edges
2 4
3 5
3 11
0 3
0 10
10 2
6 #edges
5 4
3 5
3 11
0 3
0 10
10 2
6 #edges
2 10
3 5
3 11
0 2
0 3
10 4
6 #edges
5 4
2 10
3 5
3 11
0 2
0 3
15 #trees for patient 92
6 #edges
2 10
3 4
0 2
0 3
0 11
10 5
6 #edges
2 10
3 5
0 2
0 3
0 11
10 4
6 #edges
5 4
2 10
3 5
0 2
0 3
0 11
6 #edges
5 4
2 10
0 2
0 3
0 11
10 5
6 #edges
2 10
0 2
0 3
0 11
10 5
10 4
6 #edges
2 10
3 4
3 11
0 2
0 3
10 5
6 #edges
2 11
2 10
3 4
0 2
0 3
10 5
6 #edges
2 10
3 5
3 11
0 2
0 3
10 4
6 #edges
5 4
2 10
3 5
3 11
0 2
0 3
6 #edges
5 4
2 11
2 10
3 5
0 2
0 3
6 #edges
2 11
2 10
3 5
0 2
0 3
10 4
6 #edges
5 4
2 11
2 10
0 2
0 3
10 5
6 #edges
2 11
2 10
0 2
0 3
10 5
10 4
6 #edges
5 4
2 10
3 11
0 2
0 3
10 5
6 #edges
2 10
3 11
0 2
0 3
10 5
10 4
28 #trees for patient 93
6 #edges
3 5
3 11
0 2
0 3
0 4
0 10
6 #edges
3 5
3 11
0 2
0 3
0 10
10 4
6 #edges
5 4
3 5
3 11
0 2
0 3
0 10
6 #edges
2 4
3 5
3 11
0 2
0 3
0 10
6 #edges
2 10
3 5
3 11
0 2
0 3
0 4
6 #edges
3 5
3 11
0 2
0 3
0 4
4 10
6 #edges
5 10
3 5
3 11
0 2
0 3
0 4
6 #edges
5 4
5 10
3 11
0 5
0 2
0 3
6 #edges
5 10
3 4
3 11
0 5
0 2
0 3
6 #edges
5 10
3 11
0 5
0 2
0 3
10 4
6 #edges
5 10
2 4
3 11
0 5
0 2
0 3
6 #edges
2 4
3 11
3 10
0 5
0 2
0 3
6 #edges
2 4
3 11
0 5
0 2
0 3
4 10
6 #edges
5 4
2 10
3 11
0 5
0 2
0 3
6 #edges
5 4
3 11
0 5
0 2
0 3
4 10
6 #edges
5 4
3 11
3 10
0 5
0 2
0 3
6 #edges
3 4
3 11
3 10
0 5
0 2
0 3
6 #edges
3 11
3 10
0 5
0 2
0 3
10 4
6 #edges
3 4
3 11
0 5
0 2
0 3
4 10
6 #edges
2 10
3 4
3 11
0 5
0 2
0 3
6 #edges
2 10
3 11
0 5
0 2
0 3
10 4
6 #edges
2 4
3 5
3 11
0 2
0 3
4 10
6 #edges
5 10
2 4
3 5
3 11
0 2
0 3
6 #edges
2 10
3 5
3 11
0 2
0 3
10 4
6 #edges
5 4
2 10
3 5
3 11
0 2
0 3
6 #edges
5 4
5 10
3 5
3 11
0 2
0 3
6 #edges
5 4
3 5
3 11
0 2
0 3
4 10
6 #edges
5 10
3 5
3 11
0 2
0 3
10 4
12 #trees for patient 94
6 #edges
2 4
0 5
0 3
0 11
0 10
10 2
6 #edges
2 4
3 5
0 3
0 11
0 10
10 2
6 #edges
2 10
0 5
0 2
0 3
0 11
10 4
6 #edges
2 10
3 5
0 2
0 3
0 11
10 4
6 #edges
2 10
3 11
0 5
0 2
0 3
10 4
6 #edges
2 10
3 5
3 11
0 2
0 3
10 4
6 #edges
2 4
3 11
0 5
0 3
0 10
10 2
6 #edges
2 4
3 5
3 11
0 3
0 10
10 2
6 #edges
2 4
0 5
0 3
0 10
4 11
10 2
6 #edges
2 10
0 5
0 2
0 3
4 11
10 4
6 #edges
2 4
3 5
0 3
0 10
4 11
10 2
6 #edges
2 10
3 5
0 2
0 3
4 11
10 4
4 #trees for patient 95
6 #edges
2 4
3 5
3 11
0 3
0 10
10 2
6 #edges
2 4
3 11
0 3
0 10
11 5
10 2
6 #edges
2 10
3 5
3 11
0 2
0 3
10 4
6 #edges
2 10
3 11
0 2
0 3
11 5
10 4
6 #trees for patient 96
6 #edges
2 4
3 5
3 11
0 3
0 10
10 2
6 #edges
3 5
3 11
0 3
0 10
4 2
10 4
6 #edges
2 10
3 5
3 11
0 3
0 4
4 2
6 #edges
3 5
3 11
0 3
0 4
4 10
10 2
6 #edges
2 4
3 5
3 11
0 2
0 3
4 10
6 #edges
2 10
3 5
3 11
0 2
0 3
10 4
4 #trees for patient 97
6 #edges
2 4
3 5
3 11
0 3
0 10
10 2
6 #edges
5 11
2 4
3 5
0 3
0 10
10 2
6 #edges
2 10
3 5
3 11
0 2
0 3
10 4
6 #edges
5 11
2 10
3 5
0 2
0 3
10 4
6 #trees for patient 98
6 #edges
2 4
2 11
3 5
0 3
0 10
10 2
6 #edges
2 4
3 5
3 11
0 3
0 10
10 2
6 #edges
2 4
3 5
0 3
0 10
4 11
10 2
6 #edges
2 10
3 5
3 11
0 2
0 3
10 4
6 #edges
2 10
3 5
0 2
0 3
10 4
10 11
6 #edges
2 10
3 5
0 2
0 3
4 11
10 4
108 #trees for patient 99
6 #edges
2 10
0 5
0 4
0 11
4 2
10 3
6 #edges
2 10
3 5
0 4
0 11
4 2
10 3
6 #edges
2 10
0 4
0 11
4 2
10 5
10 3
6 #edges
2 3
0 5
0 4
0 11
4 10
10 2
6 #edges
2 5
2 3
0 4
0 11
4 10
10 2
6 #edges
2 3
3 5
0 4
0 11
4 10
10 2
6 #edges
2 5
2 3
0 11
0 10
4 2
10 4
6 #edges
2 3
3 5
0 11
0 10
4 2
10 4
6 #edges
2 3
0 5
0 11
0 10
4 2
10 4
6 #edges
2 4
0 5
0 11
0 10
4 3
10 2
6 #edges
2 4
0 11
0 10
4 5
4 3
10 2
6 #edges
2 4
3 5
0 11
0 10
4 3
10 2
6 #edges
2 10
0 5
0 2
0 11
4 3
10 4
6 #edges
2 4
0 5
0 2
0 11
4 10
10 3
6 #edges
2 10
0 2
0 11
4 5
4 3
10 4
6 #edges
2 10
3 5
0 2
0 11
4 3
10 4
6 #edges
2 4
0 2
0 11
4 10
10 5
10 3
6 #edges
2 4
3 5
0 2
0 11
4 10
10 3
6 #edges
5 11
2 4
0 5
0 2
4 10
10 3
6 #edges
5 11
2 10
0 5
0 2
4 3
10 4
6 #edges
2 4
0 5
0 2
4 10
10 3
10 11
6 #edges
2 4
3 11
0 5
0 2
4 10
10 3
6 #edges
2 10
0 5
0 2
4 3
4 11
10 4
6 #edges
2 10
3 11
0 5
0 2
4 3
10 4
6 #edges
5 11
2 10
0 5
0 4
4 2
10 3
6 #edges
5 11
2 3
0 5
0 4
4 10
10 2
6 #edges
2 3
2 11
0 5
0 4
4 10
10 2
6 #edges
2 3
3 11
0 5
0 4
4 10
10 2
6 #edges
2 10
0 5
0 4
4 2
10 3
10 11
6 #edges
2 10
3 11
0 5
0 4
4 2
10 3
6 #edges
2 4
0 5
0 10
4 3
4 11
10 2
6 #edges
2 4
3 11
0 5
0 10
4 3
10 2
6 #edges
5 11
2 4
0 5
0 10
4 3
10 2
6 #edges
5 11
2 3
0 5
0 10
4 2
10 4
6 #edges
2 3
2 11
0 5
0 10
4 2
10 4
6 #edges
2 3
3 11
0 5
0 10
4 2
10 4
6 #edges
2 10
3 5
3 11
0 3
0 4
4 2
6 #edges
5 11
2 10
3 5
0 3
0 4
4 2
6 #edges
2 10
3 5
0 3
0 4
4 2
10 11
6 #edges
5 11
3 5
0 3
0 4
4 10
10 2
6 #edges
3 5
3 11
0 3
0 4
4 10
10 2
6 #edges
2 11
3 5
0 3
0 4
4 10
10 2
6 #edges
2 5
3 11
0 3
0 4
4 10
10 2
6 #edges
2 5
2 11
0 3
0 4
4 10
10 2
6 #edges
5 11
2 5
0 3
0 4
4 10
10 2
6 #edges
2 10
3 11
0 3
0 4
4 2
10 5
6 #edges
2 10
0 3
0 4
4 2
10 5
10 11
6 #edges
5 11
2 10
0 3
0 4
4 2
10 5
6 #edges
3 5
3 11
0 3
0 10
4 2
10 4
6 #edges
2 4
3 5
3 11
0 3
0 10
10 2
6 #edges
2 5
3 11
0 3
0 10
4 2
10 4
6 #edges
2 4
3 11
0 3
0 10
4 5
10 2
6 #edges
2 10
3 5
3 11
0 2
0 3
10 4
6 #edges
2 4
3 5
3 11
0 2
0 3
4 10
6 #edges
2 10
3 11
0 2
0 3
4 5
10 4
6 #edges
2 4
3 11
0 2
0 3
4 10
10 5
6 #edges
5 11
2 4
3 5
0 3
0 10
10 2
6 #edges
2 4
3 5
0 3
0 10
4 11
10 2
6 #edges
5 11
3 5
0 3
0 10
4 2
10 4
6 #edges
2 11
3 5
0 3
0 10
4 2
10 4
6 #edges
2 4
3 5
0 2
0 3
4 10
10 11
6 #edges
5 11
2 4
3 5
0 2
0 3
4 10
6 #edges
5 11
2 10
3 5
0 2
0 3
10 4
6 #edges
2 10
3 5
0 2
0 3
4 11
10 4
6 #edges
5 11
2 4
0 3
0 10
4 5
10 2
6 #edges
2 4
0 3
0 10
4 5
4 11
10 2
6 #edges
2 5
2 11
0 3
0 10
4 2
10 4
6 #edges
5 11
2 5
0 3
0 10
4 2
10 4
6 #edges
2 4
0 2
0 3
4 10
10 5
10 11
6 #edges
5 11
2 4
0 2
0 3
4 10
10 5
6 #edges
2 10
0 2
0 3
4 5
4 11
10 4
6 #edges
5 11
2 10
0 2
0 3
4 5
10 4
6 #edges
2 5
2 3
2 11
0 10
4 2
10 4
6 #edges
2 3
2 11
3 5
0 10
4 2
10 4
6 #edges
2 5
2 3
3 11
0 10
4 2
10 4
6 #edges
5 11
2 5
2 3
0 10
4 2
10 4
6 #edges
2 3
3 5
3 11
0 10
4 2
10 4
6 #edges
5 11
2 3
3 5
0 10
4 2
10 4
6 #edges
2 4
0 10
4 5
4 3
4 11
10 2
6 #edges
2 4
3 5
0 10
4 3
4 11
10 2
6 #edges
2 4
3 5
3 11
0 10
4 3
10 2
6 #edges
5 11
2 4
3 5
0 10
4 3
10 2
6 #edges
2 4
3 11
0 10
4 5
4 3
10 2
6 #edges
5 11
2 4
0 10
4 5
4 3
10 2
6 #edges
2 10
0 4
4 2
10 5
10 3
10 11
6 #edges
2 10
3 5
0 4
4 2
10 3
10 11
6 #edges
5 11
2 10
0 4
4 2
10 5
10 3
6 #edges
2 10
3 11
0 4
4 2
10 5
10 3
6 #edges
2 10
3 5
3 11
0 4
4 2
10 3
6 #edges
5 11
2 10
3 5
0 4
4 2
10 3
6 #edges
2 5
2 3
2 11
0 4
4 10
10 2
6 #edges
2 5
2 3
3 11
0 4
4 10
10 2
6 #edges
5 11
2 5
2 3
0 4
4 10
10 2
6 #edges
2 3
3 5
3 11
0 4
4 10
10 2
6 #edges
2 3
2 11
3 5
0 4
4 10
10 2
6 #edges
5 11
2 3
3 5
0 4
4 10
10 2
6 #edges
2 10
0 2
4 5
4 3
4 11
10 4
6 #edges
2 10
3 5
0 2
4 3
4 11
10 4
6 #edges
2 10
3 11
0 2
4 5
4 3
10 4
6 #edges
5 11
2 10
0 2
4 5
4 3
10 4
6 #edges
2 10
3 5
3 11
0 2
4 3
10 4
6 #edges
5 11
2 10
3 5
0 2
4 3
10 4
6 #edges
5 11
2 4
0 2
4 10
10 5
10 3
6 #edges
2 4
0 2
4 10
10 5
10 3
10 11
6 #edges
2 4
3 11
0 2
4 10
10 5
10 3
6 #edges
2 4
3 5
0 2
4 10
10 3
10 11
6 #edges
2 4
3 5
3 11
0 2
4 10
10 3
6 #edges
5 11
2 4
3 5
0 2
4 10
10 3
