100 # patients
4 #trees for patient 0
6 #edges
1 5
1 7
0 1
0 11
0 10
0 2
6 #edges
1 7
7 5
0 1
0 11
0 10
0 2
6 #edges
1 5
1 7
10 2
0 1
0 11
0 10
6 #edges
1 7
10 2
7 5
0 1
0 11
0 10
6 #trees for patient 1
6 #edges
1 5
1 7
10 11
0 1
0 10
0 2
6 #edges
1 5
1 7
0 1
0 11
0 10
0 2
6 #edges
1 5
1 7
7 2
0 1
0 11
0 10
6 #edges
1 5
1 7
5 2
0 1
0 11
0 10
6 #edges
1 5
1 7
10 11
7 2
0 1
0 10
6 #edges
1 5
1 7
10 11
5 2
0 1
0 10
20 #trees for patient 2
6 #edges
1 10
1 5
0 1
0 11
0 7
0 2
6 #edges
1 10
1 5
5 11
0 1
0 7
0 2
6 #edges
1 10
1 5
1 2
0 1
0 11
0 7
6 #edges
1 10
1 5
1 2
5 11
0 1
0 7
6 #edges
1 5
10 7
0 1
0 11
0 10
0 2
6 #edges
1 5
1 7
0 1
0 11
0 10
0 2
6 #edges
1 5
1 2
10 7
0 1
0 11
0 10
6 #edges
1 5
1 7
1 2
0 1
0 11
0 10
6 #edges
1 10
1 5
1 7
1 2
0 1
0 11
6 #edges
1 10
1 5
1 2
10 7
0 1
0 11
6 #edges
1 10
1 5
10 7
0 1
0 11
0 2
6 #edges
1 10
1 5
1 7
0 1
0 11
0 2
6 #edges
1 5
1 7
5 11
0 1
0 10
0 2
6 #edges
1 5
10 7
5 11
0 1
0 10
0 2
6 #edges
1 10
1 5
1 7
5 11
0 1
0 2
6 #edges
1 10
1 5
10 7
5 11
0 1
0 2
6 #edges
1 5
1 2
10 7
5 11
0 1
0 10
6 #edges
1 5
1 7
1 2
5 11
0 1
0 10
6 #edges
1 10
1 5
1 7
1 2
5 11
0 1
6 #edges
1 10
1 5
1 2
10 7
5 11
0 1
10 #trees for patient 3
6 #edges
1 5
1 7
0 1
0 11
0 10
0 2
6 #edges
1 5
1 7
1 2
0 1
0 11
0 10
6 #edges
1 5
1 7
0 1
0 11
0 2
2 10
6 #edges
1 10
1 5
1 7
0 1
0 11
0 2
6 #edges
1 5
1 7
1 2
0 1
0 11
2 10
6 #edges
1 5
1 7
1 2
5 11
0 1
0 10
6 #edges
1 5
1 7
5 11
0 1
0 10
0 2
6 #edges
1 5
1 7
5 11
0 1
0 2
2 10
6 #edges
1 10
1 5
1 7
5 11
0 1
0 2
6 #edges
1 5
1 7
1 2
5 11
0 1
2 10
4 #trees for patient 4
6 #edges
1 5
0 1
0 11
0 10
0 2
2 7
6 #edges
1 5
1 7
0 1
0 11
0 10
0 2
6 #edges
1 5
11 10
0 1
0 11
0 2
2 7
6 #edges
1 5
1 7
11 10
0 1
0 11
0 2
6 #trees for patient 5
6 #edges
1 5
1 7
0 1
0 11
0 10
0 2
6 #edges
1 5
11 7
0 1
0 11
0 10
0 2
6 #edges
1 10
1 5
11 7
0 1
0 11
0 2
6 #edges
1 5
11 7
5 10
0 1
0 11
0 2
6 #edges
1 10
1 5
1 7
0 1
0 11
0 2
6 #edges
1 5
1 7
5 10
0 1
0 11
0 2
4 #trees for patient 6
6 #edges
1 5
1 7
0 1
0 11
0 10
0 2
6 #edges
1 7
10 5
0 1
0 11
0 10
0 2
6 #edges
1 5
11 7
0 1
0 11
0 10
0 2
6 #edges
11 7
10 5
0 1
0 11
0 10
0 2
4 #trees for patient 7
6 #edges
1 5
0 1
0 11
0 10
0 7
0 2
6 #edges
1 5
1 7
0 1
0 11
0 10
0 2
6 #edges
1 5
11 7
0 1
0 11
0 10
0 2
6 #edges
1 5
0 1
0 11
0 10
0 2
2 7
4 #trees for patient 8
6 #edges
1 5
1 7
0 1
0 11
0 10
0 2
6 #edges
1 5
1 7
5 10
0 1
0 11
0 2
6 #edges
1 5
1 7
7 2
0 1
0 11
0 10
6 #edges
1 5
1 7
5 10
7 2
0 1
0 11
7 #trees for patient 9
6 #edges
1 5
11 10
0 1
0 11
0 7
0 2
6 #edges
1 5
1 7
0 1
0 11
0 10
0 2
6 #edges
1 5
10 7
0 1
0 11
0 10
0 2
6 #edges
1 5
11 7
0 1
0 11
0 10
0 2
6 #edges
1 5
11 10
11 7
0 1
0 11
0 2
6 #edges
1 5
1 7
11 10
0 1
0 11
0 2
6 #edges
1 5
11 10
10 7
0 1
0 11
0 2
4 #trees for patient 10
6 #edges
1 5
11 7
0 1
0 11
0 10
0 2
6 #edges
1 5
11 7
5 10
0 1
0 11
0 2
6 #edges
1 5
1 7
0 1
0 11
0 10
0 2
6 #edges
1 5
1 7
5 10
0 1
0 11
0 2
10 #trees for patient 11
6 #edges
1 7
1 2
0 1
0 11
0 10
0 5
6 #edges
1 7
0 1
0 11
0 10
0 5
0 2
6 #edges
1 7
5 2
0 1
0 11
0 10
0 5
6 #edges
1 5
1 7
0 1
0 11
0 10
0 2
6 #edges
1 5
1 7
5 2
0 1
0 11
0 10
6 #edges
1 7
7 11
0 1
0 10
0 5
0 2
6 #edges
1 5
1 7
7 11
0 1
0 10
0 2
6 #edges
1 7
5 2
7 11
0 1
0 10
0 5
6 #edges
1 7
1 2
7 11
0 1
0 10
0 5
6 #edges
1 5
1 7
5 2
7 11
0 1
0 10
8 #trees for patient 12
6 #edges
1 5
5 7
0 1
0 11
0 10
0 2
6 #edges
1 5
1 7
0 1
0 11
0 10
0 2
6 #edges
1 5
5 7
5 2
0 1
0 11
0 10
6 #edges
1 5
1 7
5 2
0 1
0 11
0 10
6 #edges
1 5
1 7
11 10
0 1
0 11
0 2
6 #edges
1 5
11 10
5 7
0 1
0 11
0 2
6 #edges
1 5
1 7
11 10
5 2
0 1
0 11
6 #edges
1 5
11 10
5 7
5 2
0 1
0 11
16 #trees for patient 13
6 #edges
1 5
1 7
0 1
0 10
0 2
2 11
6 #edges
1 7
7 5
0 1
0 10
0 2
2 11
6 #edges
1 7
7 5
0 1
0 11
0 10
0 2
6 #edges
1 5
1 7
0 1
0 11
0 10
0 2
6 #edges
1 5
1 7
11 10
0 1
0 11
0 2
6 #edges
1 7
11 10
7 5
0 1
0 11
0 2
6 #edges
1 5
1 7
0 1
0 11
0 2
2 10
6 #edges
1 5
1 7
7 10
0 1
0 11
0 2
6 #edges
1 7
7 10
7 5
0 1
0 11
0 2
6 #edges
1 7
7 5
0 1
0 11
0 2
2 10
6 #edges
1 7
7 5
0 1
0 2
2 11
2 10
6 #edges
1 5
1 7
0 1
0 2
2 11
2 10
6 #edges
1 7
11 10
7 5
0 1
0 2
2 11
6 #edges
1 7
7 10
7 5
0 1
0 2
2 11
6 #edges
1 5
1 7
7 10
0 1
0 2
2 11
6 #edges
1 5
1 7
11 10
0 1
0 2
2 11
2 #trees for patient 14
6 #edges
1 5
1 7
0 1
0 11
0 10
0 2
6 #edges
1 5
1 7
10 11
0 1
0 10
0 2
4 #trees for patient 15
6 #edges
1 5
1 7
0 1
0 11
0 10
0 2
6 #edges
1 5
11 7
0 1
0 11
0 10
0 2
6 #edges
1 5
11 7
0 1
0 11
0 2
2 10
6 #edges
1 5
1 7
0 1
0 11
0 2
2 10
12 #trees for patient 16
6 #edges
11 10
0 1
0 11
0 5
0 7
0 2
6 #edges
1 5
11 10
0 1
0 11
0 7
0 2
6 #edges
1 7
11 10
0 1
0 11
0 5
0 2
6 #edges
1 7
0 1
0 11
0 10
0 5
0 2
6 #edges
10 7
0 1
0 11
0 10
0 5
0 2
6 #edges
11 7
0 1
0 11
0 10
0 5
0 2
6 #edges
11 10
10 7
0 1
0 11
0 5
0 2
6 #edges
1 5
1 7
0 1
0 11
0 10
0 2
6 #edges
1 5
1 7
11 10
0 1
0 11
0 2
6 #edges
1 5
10 7
0 1
0 11
0 10
0 2
6 #edges
1 5
11 7
0 1
0 11
0 10
0 2
6 #edges
1 5
11 10
10 7
0 1
0 11
0 2
6 #trees for patient 17
6 #edges
1 5
1 7
0 1
0 11
0 10
0 2
6 #edges
1 5
1 7
10 11
0 1
0 10
0 2
6 #edges
1 5
1 7
5 2
0 1
0 11
0 10
6 #edges
1 5
1 7
7 2
0 1
0 11
0 10
6 #edges
1 5
1 7
10 11
7 2
0 1
0 10
6 #edges
1 5
1 7
10 11
5 2
0 1
0 10
6 #trees for patient 18
6 #edges
1 10
1 5
1 7
0 1
0 11
0 2
6 #edges
1 5
1 7
0 1
0 11
0 10
0 2
6 #edges
1 5
1 7
7 10
0 1
0 11
0 2
6 #edges
1 5
1 7
0 1
0 10
0 2
2 11
6 #edges
1 10
1 5
1 7
0 1
0 2
2 11
6 #edges
1 5
1 7
7 10
0 1
0 2
2 11
12 #trees for patient 19
6 #edges
1 5
1 7
0 1
0 11
0 10
0 2
6 #edges
1 7
10 5
0 1
0 11
0 10
0 2
6 #edges
1 5
0 1
0 11
0 10
0 2
2 7
6 #edges
10 5
0 1
0 11
0 10
0 2
2 7
6 #edges
1 5
1 7
10 11
0 1
0 10
0 2
6 #edges
1 5
10 11
0 1
0 10
0 2
2 7
6 #edges
10 5
5 11
0 1
0 10
0 2
2 7
6 #edges
1 7
10 5
5 11
0 1
0 10
0 2
6 #edges
1 11
1 7
10 5
0 1
0 10
0 2
6 #edges
1 11
10 5
0 1
0 10
0 2
2 7
6 #edges
1 5
1 7
5 11
0 1
0 10
0 2
6 #edges
1 5
5 11
0 1
0 10
0 2
2 7
4 #trees for patient 20
6 #edges
1 5
1 7
0 1
0 11
0 10
0 2
6 #edges
1 5
1 7
7 10
0 1
0 11
0 2
6 #edges
1 5
1 7
0 1
0 10
0 2
2 11
6 #edges
1 5
1 7
7 10
0 1
0 2
2 11
4 #trees for patient 21
6 #edges
1 5
5 7
0 1
0 11
0 10
0 2
6 #edges
1 5
1 7
0 1
0 11
0 10
0 2
6 #edges
1 5
1 7
11 2
0 1
0 11
0 10
6 #edges
1 5
11 2
5 7
0 1
0 11
0 10
22 #trees for patient 22
6 #edges
11 3
11 5
11 2
5 1
5 4
0 11
6 #edges
11 3
11 5
11 2
3 1
5 4
0 11
6 #edges
11 3
11 5
11 2
5 4
2 1
0 11
6 #edges
11 3
11 5
5 4
5 2
2 1
0 11
6 #edges
11 3
11 5
3 1
5 4
5 2
0 11
6 #edges
11 1
11 3
11 5
5 4
5 2
0 11
6 #edges
1 3
11 5
5 4
5 2
2 1
0 11
6 #edges
11 5
5 4
5 2
2 1
2 3
0 11
6 #edges
1 3
11 1
11 5
5 4
5 2
0 11
6 #edges
11 1
11 5
5 4
5 2
2 3
0 11
6 #edges
11 5
3 1
5 4
5 2
2 3
0 11
6 #edges
11 5
11 2
5 4
2 1
2 3
0 11
6 #edges
11 5
11 2
5 3
5 4
2 1
0 11
6 #edges
1 3
11 5
11 2
5 4
2 1
0 11
6 #edges
1 3
11 1
11 5
11 2
5 4
0 11
6 #edges
11 1
11 5
11 2
5 3
5 4
0 11
6 #edges
11 1
11 5
11 2
5 4
2 3
0 11
6 #edges
11 5
11 2
5 1
5 4
2 3
0 11
6 #edges
11 5
11 2
5 1
5 3
5 4
0 11
6 #edges
1 3
11 5
11 2
5 1
5 4
0 11
6 #edges
11 5
11 2
3 1
5 3
5 4
0 11
6 #edges
11 5
11 2
3 1
5 4
2 3
0 11
2 #trees for patient 23
6 #edges
1 3
11 1
11 5
5 4
5 2
0 11
6 #edges
1 3
11 1
11 5
5 2
2 4
0 11
2 #trees for patient 24
6 #edges
1 3
11 1
11 5
5 4
5 2
0 11
6 #edges
11 1
11 5
4 3
5 4
5 2
0 11
1 #trees for patient 25
6 #edges
1 3
11 1
11 5
5 4
5 2
0 11
2 #trees for patient 26
6 #edges
1 3
11 1
11 5
5 4
5 2
0 11
6 #edges
1 3
11 1
11 5
3 2
5 4
0 11
10 #trees for patient 27
6 #edges
11 3
11 5
3 1
5 4
5 2
0 11
6 #edges
11 1
11 3
11 5
5 4
5 2
0 11
6 #edges
1 4
11 1
11 3
11 5
5 2
0 11
6 #edges
11 1
11 3
11 4
11 5
5 2
0 11
6 #edges
11 1
11 3
11 5
3 4
5 2
0 11
6 #edges
11 3
11 4
11 5
3 1
5 2
0 11
6 #edges
1 4
11 3
11 5
3 1
5 2
0 11
6 #edges
1 3
11 1
11 5
5 4
5 2
0 11
6 #edges
1 3
11 1
11 4
11 5
5 2
0 11
6 #edges
1 3
11 1
11 5
3 4
5 2
0 11
39 #trees for patient 28
6 #edges
11 1
11 5
5 2
2 4
0 11
0 3
6 #edges
11 1
11 5
5 4
5 2
0 11
0 3
6 #edges
11 1
11 4
11 5
5 2
0 11
0 3
6 #edges
11 5
3 1
5 4
5 2
0 11
0 3
6 #edges
11 5
3 1
5 2
2 4
0 11
0 3
6 #edges
11 4
11 5
3 1
5 2
0 11
0 3
6 #edges
11 4
11 5
5 2
2 1
0 11
0 3
6 #edges
11 5
5 4
5 2
2 1
0 11
0 3
6 #edges
11 5
5 2
2 1
2 4
0 11
0 3
6 #edges
1 3
11 4
11 5
5 2
0 1
0 11
6 #edges
1 3
11 5
5 4
5 2
0 1
0 11
6 #edges
1 3
11 5
5 2
2 4
0 1
0 11
6 #edges
11 3
11 5
5 2
2 4
0 1
0 11
6 #edges
11 3
11 4
11 5
5 2
0 1
0 11
6 #edges
11 3
11 5
5 4
5 2
0 1
0 11
6 #edges
11 4
11 5
5 2
2 3
0 1
0 11
6 #edges
11 5
5 2
2 3
2 4
0 1
0 11
6 #edges
11 5
5 4
5 2
2 3
0 1
0 11
6 #edges
11 3
11 4
11 5
5 2
2 1
0 11
6 #edges
11 3
11 4
11 5
3 1
5 2
0 11
6 #edges
11 3
11 5
5 2
2 1
2 4
0 11
6 #edges
11 3
11 5
3 1
5 2
2 4
0 11
6 #edges
11 3
11 5
3 1
5 4
5 2
0 11
6 #edges
11 3
11 5
5 4
5 2
2 1
0 11
6 #edges
1 3
11 1
11 5
5 4
5 2
0 11
6 #edges
1 3
11 1
11 5
5 2
2 4
0 11
6 #edges
1 3
11 1
11 4
11 5
5 2
0 11
6 #edges
11 1
11 4
11 5
5 2
2 3
0 11
6 #edges
11 1
11 5
5 4
5 2
2 3
0 11
6 #edges
11 1
11 5
5 2
2 3
2 4
0 11
6 #edges
11 4
11 5
5 2
2 1
2 3
0 11
6 #edges
1 3
11 4
11 5
5 2
2 1
0 11
6 #edges
11 4
11 5
3 1
5 2
2 3
0 11
6 #edges
1 3
11 5
5 4
5 2
2 1
0 11
6 #edges
11 5
5 4
5 2
2 1
2 3
0 11
6 #edges
11 5
3 1
5 4
5 2
2 3
0 11
6 #edges
11 5
3 1
5 2
2 3
2 4
0 11
6 #edges
11 5
5 2
2 1
2 3
2 4
0 11
6 #edges
1 3
11 5
5 2
2 1
2 4
0 11
3 #trees for patient 29
6 #edges
1 3
11 1
11 5
5 4
5 2
0 11
6 #edges
1 3
11 1
11 5
3 4
5 2
0 11
6 #edges
1 3
11 1
11 5
5 2
2 4
0 11
2 #trees for patient 30
6 #edges
1 3
11 1
11 5
5 4
5 2
0 11
6 #edges
1 3
11 1
11 5
4 2
5 4
0 11
2 #trees for patient 31
6 #edges
1 3
11 1
11 5
5 2
0 11
0 4
6 #edges
1 3
11 1
11 5
5 4
5 2
0 11
7 #trees for patient 32
6 #edges
1 3
11 1
11 5
5 4
5 2
0 11
6 #edges
11 1
11 5
5 4
5 2
2 3
0 11
6 #edges
11 3
11 5
3 1
5 4
5 2
0 11
6 #edges
11 3
11 5
5 4
5 2
2 1
0 11
6 #edges
1 3
11 5
5 4
5 2
2 1
0 11
6 #edges
11 5
5 4
5 2
2 1
2 3
0 11
6 #edges
11 5
3 1
5 4
5 2
2 3
0 11
8 #trees for patient 33
6 #edges
11 3
11 5
11 2
3 1
5 4
0 11
6 #edges
1 4
11 3
11 5
11 2
3 1
0 11
6 #edges
1 3
11 1
11 5
11 2
5 4
0 11
6 #edges
1 3
11 1
11 5
11 2
3 4
0 11
6 #edges
11 3
11 5
3 1
5 4
5 2
0 11
6 #edges
1 4
11 3
11 5
3 1
5 2
0 11
6 #edges
1 3
11 1
11 5
5 4
5 2
0 11
6 #edges
1 3
11 1
11 5
3 4
5 2
0 11
4 #trees for patient 34
6 #edges
11 3
11 5
3 1
5 4
5 2
0 11
6 #edges
11 3
11 5
3 1
5 2
2 4
0 11
6 #edges
1 3
11 1
11 5
5 2
2 4
0 11
6 #edges
1 3
11 1
11 5
5 4
5 2
0 11
4 #trees for patient 35
6 #edges
1 3
11 1
11 5
5 4
0 11
0 2
6 #edges
1 3
1 2
11 1
11 5
5 4
0 11
6 #edges
1 3
11 1
11 5
3 2
5 4
0 11
6 #edges
1 3
11 1
11 5
5 4
5 2
0 11
8 #trees for patient 36
6 #edges
11 3
11 5
3 1
5 4
5 2
0 11
6 #edges
1 2
11 3
11 5
3 1
5 4
0 11
6 #edges
1 4
1 2
11 3
11 5
3 1
0 11
6 #edges
1 4
11 3
11 5
3 1
5 2
0 11
6 #edges
1 3
11 1
11 5
5 4
5 2
0 11
6 #edges
1 3
11 1
11 5
3 4
5 2
0 11
6 #edges
1 3
11 1
11 5
3 2
5 4
0 11
6 #edges
1 3
11 1
11 5
3 4
3 2
0 11
2 #trees for patient 37
6 #edges
1 3
11 1
11 5
3 2
5 4
0 11
6 #edges
1 3
11 1
11 5
5 4
5 2
0 11
34 #trees for patient 38
6 #edges
1 3
11 4
11 5
4 2
5 1
0 11
6 #edges
11 4
11 5
4 2
5 1
5 3
0 11
6 #edges
11 4
11 5
3 1
4 2
5 3
0 11
6 #edges
11 4
11 5
11 2
5 1
5 3
0 11
6 #edges
11 4
11 5
11 2
3 1
5 3
0 11
6 #edges
1 3
11 4
11 5
11 2
5 1
0 11
6 #edges
11 4
11 5
3 2
5 1
5 3
0 11
6 #edges
1 2
11 4
11 5
3 1
5 3
0 11
6 #edges
11 4
11 5
3 1
5 3
5 2
0 11
6 #edges
1 2
11 4
11 5
5 1
5 3
0 11
6 #edges
1 3
11 4
11 5
3 2
5 1
0 11
6 #edges
1 3
11 4
11 5
5 1
5 2
0 11
6 #edges
11 3
11 5
3 2
5 1
5 4
0 11
6 #edges
1 2
11 3
11 5
5 1
5 4
0 11
6 #edges
11 3
11 5
4 2
5 1
5 4
0 11
6 #edges
11 3
11 5
5 1
5 4
5 2
0 11
6 #edges
1 2
11 3
11 5
3 1
5 4
0 11
6 #edges
11 3
11 5
3 1
4 2
5 4
0 11
6 #edges
11 3
11 5
3 1
5 4
5 2
0 11
6 #edges
1 3
11 5
11 2
5 1
5 4
0 11
6 #edges
11 5
11 2
3 1
5 3
5 4
0 11
6 #edges
11 1
11 5
3 2
5 3
5 4
0 11
6 #edges
1 2
11 1
11 5
5 3
5 4
0 11
6 #edges
11 1
11 5
5 3
5 4
5 2
0 11
6 #edges
11 1
11 5
4 2
5 3
5 4
0 11
6 #edges
1 3
11 1
11 5
4 2
5 4
0 11
6 #edges
1 3
11 1
11 5
5 4
5 2
0 11
6 #edges
1 3
11 1
11 5
3 2
5 4
0 11
6 #edges
11 5
3 1
5 3
5 4
5 2
0 11
6 #edges
11 5
3 1
4 2
5 3
5 4
0 11
6 #edges
1 2
11 5
3 1
5 3
5 4
0 11
6 #edges
1 3
11 5
4 2
5 1
5 4
0 11
6 #edges
1 3
11 5
5 1
5 4
5 2
0 11
6 #edges
1 3
11 5
3 2
5 1
5 4
0 11
4 #trees for patient 39
6 #edges
1 3
1 2
11 1
11 5
5 4
0 11
6 #edges
1 3
11 1
11 5
5 4
5 2
0 11
6 #edges
1 2
11 1
11 5
4 3
5 4
0 11
6 #edges
11 1
11 5
4 3
5 4
5 2
0 11
1 #trees for patient 40
6 #edges
1 3
11 1
11 5
5 4
5 2
0 11
18 #trees for patient 41
6 #edges
11 5
3 1
5 4
0 11
0 3
0 2
6 #edges
11 1
11 5
5 4
0 11
0 3
0 2
6 #edges
1 3
11 5
5 4
0 1
0 11
0 2
6 #edges
11 3
11 5
5 4
0 1
0 11
0 2
6 #edges
1 3
11 1
11 5
5 4
0 11
0 2
6 #edges
11 3
11 5
3 1
5 4
0 11
0 2
6 #edges
11 5
3 1
4 2
5 4
0 11
0 3
6 #edges
11 5
3 1
5 4
5 2
0 11
0 3
6 #edges
11 1
11 5
4 2
5 4
0 11
0 3
6 #edges
11 1
11 5
5 4
5 2
0 11
0 3
6 #edges
1 3
11 5
5 4
5 2
0 1
0 11
6 #edges
1 3
11 5
4 2
5 4
0 1
0 11
6 #edges
11 3
11 5
4 2
5 4
0 1
0 11
6 #edges
11 3
11 5
5 4
5 2
0 1
0 11
6 #edges
1 3
11 1
11 5
5 4
5 2
0 11
6 #edges
1 3
11 1
11 5
4 2
5 4
0 11
6 #edges
11 3
11 5
3 1
5 4
5 2
0 11
6 #edges
11 3
11 5
3 1
4 2
5 4
0 11
16 #trees for patient 42
6 #edges
11 4
11 5
3 1
4 3
5 2
0 11
6 #edges
11 4
11 5
4 3
5 1
5 2
0 11
6 #edges
11 4
11 5
4 1
4 3
5 2
0 11
6 #edges
1 3
11 4
11 5
4 1
5 2
0 11
6 #edges
11 4
11 5
4 1
5 3
5 2
0 11
6 #edges
11 4
11 5
5 1
5 3
5 2
0 11
6 #edges
1 3
11 4
11 5
5 1
5 2
0 11
6 #edges
11 4
11 5
3 1
5 3
5 2
0 11
6 #edges
11 1
11 3
11 5
5 4
5 2
0 11
6 #edges
1 3
11 1
11 5
5 4
5 2
0 11
6 #edges
11 1
11 5
4 3
5 4
5 2
0 11
6 #edges
11 3
11 5
3 1
5 4
5 2
0 11
6 #edges
11 3
11 5
4 1
5 4
5 2
0 11
6 #edges
1 3
11 5
4 1
5 4
5 2
0 11
6 #edges
11 5
4 1
4 3
5 4
5 2
0 11
6 #edges
11 5
3 1
4 3
5 4
5 2
0 11
3 #trees for patient 43
6 #edges
1 3
1 4
11 1
11 5
5 2
0 11
6 #edges
1 3
11 1
11 5
5 2
2 4
0 11
6 #edges
1 3
11 1
11 5
5 4
5 2
0 11
4 #trees for patient 44
6 #edges
1 3
11 1
11 5
11 2
5 4
0 11
6 #edges
1 3
11 1
11 5
5 4
5 2
0 11
6 #edges
11 3
11 5
11 2
3 1
5 4
0 11
6 #edges
11 3
11 5
3 1
5 4
5 2
0 11
4 #trees for patient 45
6 #edges
11 3
11 5
11 2
3 1
5 4
0 11
6 #edges
1 3
11 1
11 5
11 2
5 4
0 11
6 #edges
11 3
11 5
3 1
5 4
5 2
0 11
6 #edges
1 3
11 1
11 5
5 4
5 2
0 11
2 #trees for patient 46
6 #edges
1 3
11 1
11 5
5 4
5 2
0 11
6 #edges
11 3
11 5
3 1
5 4
5 2
0 11
6 #trees for patient 47
6 #edges
11 1
11 5
5 3
5 4
5 2
0 11
6 #edges
1 4
11 1
11 5
5 3
5 2
0 11
6 #edges
11 1
11 5
3 4
5 3
5 2
0 11
6 #edges
1 3
1 4
11 1
11 5
5 2
0 11
6 #edges
1 3
11 1
11 5
3 4
5 2
0 11
6 #edges
1 3
11 1
11 5
5 4
5 2
0 11
2 #trees for patient 48
6 #edges
1 3
11 1
11 5
5 4
5 2
0 11
6 #edges
1 3
1 4
11 1
11 5
5 2
0 11
2 #trees for patient 49
6 #edges
1 3
11 1
11 5
5 4
5 2
0 11
6 #edges
1 3
1 4
11 1
11 5
5 2
0 11
7 #trees for patient 50
6 #edges
1 3
11 1
11 5
5 4
5 2
0 11
6 #edges
11 1
11 5
5 3
5 4
5 2
0 11
6 #edges
11 3
11 5
3 1
5 4
5 2
0 11
6 #edges
11 3
11 5
5 1
5 4
5 2
0 11
6 #edges
1 3
11 5
5 1
5 4
5 2
0 11
6 #edges
11 5
5 1
5 3
5 4
5 2
0 11
6 #edges
11 5
3 1
5 3
5 4
5 2
0 11
28 #trees for patient 51
6 #edges
11 3
11 5
5 2
2 1
0 11
0 4
6 #edges
11 3
11 5
5 1
5 2
0 11
0 4
6 #edges
11 3
11 5
3 1
5 2
0 11
0 4
6 #edges
1 3
11 1
11 5
5 2
0 11
0 4
6 #edges
11 1
11 5
5 3
5 2
0 11
0 4
6 #edges
11 1
11 5
5 2
2 3
0 11
0 4
6 #edges
11 5
3 1
5 3
5 2
0 11
0 4
6 #edges
11 5
5 3
5 2
2 1
0 11
0 4
6 #edges
11 5
5 1
5 3
5 2
0 11
0 4
6 #edges
11 5
5 2
2 1
2 3
0 11
0 4
6 #edges
11 5
3 1
5 2
2 3
0 11
0 4
6 #edges
11 5
5 1
5 2
2 3
0 11
0 4
6 #edges
1 3
11 5
5 2
2 1
0 11
0 4
6 #edges
1 3
11 5
5 1
5 2
0 11
0 4
6 #edges
11 3
11 5
3 1
5 4
5 2
0 11
6 #edges
11 3
11 5
5 1
5 4
5 2
0 11
6 #edges
11 3
11 5
5 4
5 2
2 1
0 11
6 #edges
11 1
11 5
5 3
5 4
5 2
0 11
6 #edges
1 3
11 1
11 5
5 4
5 2
0 11
6 #edges
11 1
11 5
5 4
5 2
2 3
0 11
6 #edges
1 3
11 5
5 1
5 4
5 2
0 11
6 #edges
11 5
5 1
5 3
5 4
5 2
0 11
6 #edges
11 5
5 1
5 4
5 2
2 3
0 11
6 #edges
11 5
5 4
5 2
2 1
2 3
0 11
6 #edges
11 5
5 3
5 4
5 2
2 1
0 11
6 #edges
1 3
11 5
5 4
5 2
2 1
0 11
6 #edges
11 5
3 1
5 4
5 2
2 3
0 11
6 #edges
11 5
3 1
5 3
5 4
5 2
0 11
12 #trees for patient 52
6 #edges
1 3
11 1
11 5
5 2
0 11
0 4
6 #edges
1 3
11 1
11 5
0 11
0 4
0 2
6 #edges
11 3
11 5
3 1
0 11
0 4
0 2
6 #edges
11 3
11 5
3 1
5 2
0 11
0 4
6 #edges
11 3
11 5
3 1
2 4
0 11
0 2
6 #edges
1 3
11 1
11 5
2 4
0 11
0 2
6 #edges
11 3
11 5
3 1
5 4
0 11
0 2
6 #edges
1 3
11 1
11 5
5 4
0 11
0 2
6 #edges
11 3
11 5
3 1
5 2
2 4
0 11
6 #edges
1 3
11 1
11 5
5 2
2 4
0 11
6 #edges
1 3
11 1
11 5
5 4
5 2
0 11
6 #edges
11 3
11 5
3 1
5 4
5 2
0 11
6 #trees for patient 53
6 #edges
11 3
11 5
11 2
3 1
5 4
0 11
6 #edges
11 3
11 5
3 1
5 4
5 2
0 11
6 #edges
11 3
11 5
3 1
4 2
5 4
0 11
6 #edges
1 3
11 1
11 5
11 2
5 4
0 11
6 #edges
1 3
11 1
11 5
5 4
5 2
0 11
6 #edges
1 3
11 1
11 5
4 2
5 4
0 11
4 #trees for patient 54
6 #edges
1 3
11 1
11 5
3 2
5 4
0 11
6 #edges
1 3
11 1
11 5
5 4
5 2
0 11
6 #edges
11 3
11 5
3 1
5 4
5 2
0 11
6 #edges
1 2
11 3
11 5
3 1
5 4
0 11
6 #trees for patient 55
6 #edges
1 4
11 1
11 3
11 5
5 2
0 11
6 #edges
11 1
11 3
11 5
5 4
5 2
0 11
6 #edges
11 1
11 5
5 4
5 2
2 3
0 11
6 #edges
1 3
11 1
11 5
5 4
5 2
0 11
6 #edges
1 4
11 1
11 5
5 2
2 3
0 11
6 #edges
1 3
1 4
11 1
11 5
5 2
0 11
58 #trees for patient 56
6 #edges
11 3
11 4
11 5
3 1
5 2
0 11
6 #edges
11 3
11 5
3 1
5 4
5 2
0 11
6 #edges
11 3
11 5
11 2
3 1
5 4
0 11
6 #edges
11 1
11 3
11 4
11 5
5 2
0 11
6 #edges
11 1
11 3
11 5
5 4
5 2
0 11
6 #edges
11 3
11 5
11 2
5 1
5 4
0 11
6 #edges
11 3
11 4
11 5
5 1
5 2
0 11
6 #edges
11 3
11 4
11 5
5 2
2 1
0 11
6 #edges
11 3
11 5
5 4
5 2
2 1
0 11
6 #edges
11 3
11 4
11 5
4 1
5 2
0 11
6 #edges
11 3
11 5
4 1
5 4
5 2
0 11
6 #edges
11 3
11 5
11 2
5 4
2 1
0 11
6 #edges
11 3
11 5
11 2
4 1
5 4
0 11
6 #edges
11 1
11 5
11 2
5 4
2 3
0 11
6 #edges
11 5
11 2
3 1
5 4
2 3
0 11
6 #edges
11 5
11 2
5 4
2 1
2 3
0 11
6 #edges
11 5
11 2
5 1
5 4
2 3
0 11
6 #edges
11 5
11 2
4 1
5 4
2 3
0 11
6 #edges
11 1
11 5
11 2
5 3
5 4
0 11
6 #edges
11 5
11 2
5 1
5 3
5 4
0 11
6 #edges
11 5
11 2
3 1
5 3
5 4
0 11
6 #edges
11 5
11 2
4 1
5 3
5 4
0 11
6 #edges
11 5
11 2
5 3
5 4
2 1
0 11
6 #edges
1 3
11 5
11 2
5 1
5 4
0 11
6 #edges
11 5
11 2
4 3
5 1
5 4
0 11
6 #edges
11 5
11 2
4 3
5 4
2 1
0 11
6 #edges
11 1
11 5
11 2
4 3
5 4
0 11
6 #edges
11 5
11 2
3 1
4 3
5 4
0 11
6 #edges
1 3
11 1
11 5
11 2
5 4
0 11
6 #edges
1 3
11 5
11 2
4 1
5 4
0 11
6 #edges
1 3
11 5
11 2
5 4
2 1
0 11
6 #edges
1 3
11 4
11 5
4 1
5 2
0 11
6 #edges
11 4
11 5
4 1
5 2
2 3
0 11
6 #edges
11 4
11 5
4 1
5 3
5 2
0 11
6 #edges
11 1
11 4
11 5
4 3
5 2
0 11
6 #edges
11 4
11 5
3 1
4 3
5 2
0 11
6 #edges
11 4
11 5
4 3
5 2
2 1
0 11
6 #edges
11 4
11 5
4 3
5 1
5 2
0 11
6 #edges
1 3
11 1
11 4
11 5
5 2
0 11
6 #edges
11 1
11 4
11 5
5 3
5 2
0 11
6 #edges
11 1
11 4
11 5
5 2
2 3
0 11
6 #edges
11 4
11 5
5 3
5 2
2 1
0 11
6 #edges
1 3
11 4
11 5
5 2
2 1
0 11
6 #edges
11 4
11 5
5 2
2 1
2 3
0 11
6 #edges
11 4
11 5
3 1
5 2
2 3
0 11
6 #edges
11 4
11 5
5 1
5 2
2 3
0 11
6 #edges
11 4
11 5
3 1
5 3
5 2
0 11
6 #edges
1 3
11 4
11 5
5 1
5 2
0 11
6 #edges
1 3
11 1
11 5
5 4
5 2
0 11
6 #edges
11 1
11 5
4 3
5 4
5 2
0 11
6 #edges
11 1
11 5
5 4
5 2
2 3
0 11
6 #edges
1 3
11 5
4 1
5 4
5 2
0 11
6 #edges
11 5
4 1
5 4
5 2
2 3
0 11
6 #edges
11 5
4 3
5 4
5 2
2 1
0 11
6 #edges
11 5
3 1
4 3
5 4
5 2
0 11
6 #edges
11 5
5 4
5 2
2 1
2 3
0 11
6 #edges
11 5
3 1
5 4
5 2
2 3
0 11
6 #edges
1 3
11 5
5 4
5 2
2 1
0 11
7 #trees for patient 57
6 #edges
11 5
3 1
5 4
5 2
0 11
0 3
6 #edges
11 1
11 5
5 4
5 2
0 11
0 3
6 #edges
11 5
5 4
5 2
0 1
0 11
0 3
6 #edges
1 3
11 5
5 4
5 2
0 1
0 11
6 #edges
11 3
11 5
5 4
5 2
0 1
0 11
6 #edges
11 3
11 5
3 1
5 4
5 2
0 11
6 #edges
1 3
11 1
11 5
5 4
5 2
0 11
4 #trees for patient 58
6 #edges
11 1
11 5
5 2
2 4
0 11
0 3
6 #edges
11 1
11 5
5 4
5 2
0 11
0 3
6 #edges
1 3
11 1
11 5
5 4
5 2
0 11
6 #edges
1 3
11 1
11 5
5 2
2 4
0 11
6 #trees for patient 59
6 #edges
11 3
11 5
3 1
5 2
0 11
0 4
6 #edges
1 3
11 1
11 5
5 2
0 11
0 4
6 #edges
1 3
11 1
11 5
5 4
5 2
0 11
6 #edges
1 3
11 1
11 5
5 2
2 4
0 11
6 #edges
11 3
11 5
3 1
5 2
2 4
0 11
6 #edges
11 3
11 5
3 1
5 4
5 2
0 11
14 #trees for patient 60
6 #edges
3 4
3 5
5 11
0 3
0 2
2 10
6 #edges
3 4
3 5
4 11
0 3
0 2
2 10
6 #edges
11 4
3 11
3 5
0 3
0 2
2 10
6 #edges
3 11
3 5
5 4
0 3
0 2
2 10
6 #edges
3 5
5 11
5 4
0 3
0 2
2 10
6 #edges
3 5
4 11
5 4
0 3
0 2
2 10
6 #edges
11 4
3 5
5 11
0 3
0 2
2 10
6 #edges
10 2
3 11
3 5
5 4
0 10
0 3
6 #edges
10 2
3 5
4 11
5 4
0 10
0 3
6 #edges
10 2
3 5
5 11
5 4
0 10
0 3
6 #edges
11 4
10 2
3 5
5 11
0 10
0 3
6 #edges
10 2
3 4
3 5
5 11
0 10
0 3
6 #edges
10 2
3 4
3 5
4 11
0 10
0 3
6 #edges
11 4
10 2
3 11
3 5
0 10
0 3
6 #trees for patient 61
6 #edges
3 4
4 11
0 3
0 2
2 10
2 5
6 #edges
11 5
3 4
4 11
0 3
0 2
2 10
6 #edges
3 4
3 5
4 11
0 3
0 2
2 10
6 #edges
11 4
3 11
3 5
0 3
0 2
2 10
6 #edges
11 4
3 11
0 3
0 2
2 10
2 5
6 #edges
11 4
3 11
4 5
0 3
0 2
2 10
2 #trees for patient 62
6 #edges
3 4
3 5
4 11
0 3
0 2
2 10
6 #edges
3 4
3 5
4 11
5 10
0 3
0 2
6 #trees for patient 63
6 #edges
11 4
3 11
0 3
0 2
2 10
2 5
6 #edges
3 4
4 11
0 3
0 2
2 10
2 5
6 #edges
3 4
3 5
4 11
0 3
0 2
2 10
6 #edges
11 4
3 11
3 5
0 3
0 2
2 10
6 #edges
10 5
3 4
4 11
0 3
0 2
2 10
6 #edges
11 4
10 5
3 11
0 3
0 2
2 10
28 #trees for patient 64
6 #edges
10 5
4 11
0 3
0 4
0 2
2 10
6 #edges
3 5
4 11
0 3
0 4
0 2
2 10
6 #edges
10 5
3 11
0 3
0 4
0 2
2 10
6 #edges
3 11
3 5
0 3
0 4
0 2
2 10
6 #edges
3 5
0 11
0 3
0 4
0 2
2 10
6 #edges
10 5
0 11
0 3
0 4
0 2
2 10
6 #edges
10 2
3 11
0 10
0 3
0 4
2 5
6 #edges
10 2
3 11
3 5
0 10
0 3
0 4
6 #edges
10 2
0 11
0 10
0 3
0 4
2 5
6 #edges
10 2
3 5
0 11
0 10
0 3
0 4
6 #edges
10 2
3 5
4 11
0 10
0 3
0 4
6 #edges
10 2
4 11
0 10
0 3
0 4
2 5
6 #edges
11 4
10 5
0 11
0 3
0 2
2 10
6 #edges
11 4
3 5
0 11
0 3
0 2
2 10
6 #edges
3 4
3 5
0 11
0 3
0 2
2 10
6 #edges
10 5
3 4
0 11
0 3
0 2
2 10
6 #edges
11 4
10 2
3 5
0 11
0 10
0 3
6 #edges
11 4
10 2
0 11
0 10
0 3
2 5
6 #edges
10 2
3 4
0 11
0 10
0 3
2 5
6 #edges
10 2
3 4
3 5
0 11
0 10
0 3
6 #edges
10 5
3 4
4 11
0 3
0 2
2 10
6 #edges
3 4
3 5
4 11
0 3
0 2
2 10
6 #edges
11 4
3 11
3 5
0 3
0 2
2 10
6 #edges
11 4
10 5
3 11
0 3
0 2
2 10
6 #edges
11 4
10 2
3 11
0 10
0 3
2 5
6 #edges
10 2
3 4
4 11
0 10
0 3
2 5
6 #edges
11 4
10 2
3 11
3 5
0 10
0 3
6 #edges
10 2
3 4
3 5
4 11
0 10
0 3
3 #trees for patient 65
6 #edges
3 4
3 5
5 11
0 3
0 2
2 10
6 #edges
10 11
3 4
3 5
0 3
0 2
2 10
6 #edges
3 4
3 5
4 11
0 3
0 2
2 10
8 #trees for patient 66
6 #edges
10 5
3 4
4 11
0 3
0 2
2 10
6 #edges
3 4
3 5
4 11
0 3
0 2
2 10
6 #edges
11 4
10 5
3 11
0 3
0 2
2 10
6 #edges
11 4
3 11
3 5
0 3
0 2
2 10
6 #edges
11 4
3 11
3 10
0 3
0 2
2 5
6 #edges
3 10
3 4
4 11
0 3
0 2
2 5
6 #edges
10 5
3 10
3 4
4 11
0 3
0 2
6 #edges
11 4
10 5
3 11
3 10
0 3
0 2
12 #trees for patient 67
6 #edges
11 4
3 11
3 5
0 3
0 2
2 10
6 #edges
3 4
3 5
4 11
0 3
0 2
2 10
6 #edges
11 4
3 11
3 5
4 10
0 3
0 2
6 #edges
11 10
3 4
3 5
4 11
0 3
0 2
6 #edges
11 4
10 2
3 11
3 5
0 10
0 3
6 #edges
11 4
3 11
3 5
4 2
0 10
0 3
6 #edges
11 2
3 4
3 5
4 11
0 10
0 3
6 #edges
10 2
3 4
3 5
4 11
0 10
0 3
6 #edges
11 10
10 2
3 4
3 5
4 11
0 3
6 #edges
11 2
3 4
3 5
4 11
0 3
2 10
6 #edges
11 4
10 2
3 11
3 5
4 10
0 3
6 #edges
11 4
3 11
3 5
4 2
0 3
2 10
14 #trees for patient 68
6 #edges
3 11
3 5
0 3
0 4
0 2
2 10
6 #edges
3 5
4 11
0 3
0 4
0 2
2 10
6 #edges
3 5
5 11
0 3
0 4
0 2
2 10
6 #edges
3 5
0 11
0 3
0 4
0 2
2 10
6 #edges
11 4
3 5
0 11
0 3
0 2
2 10
6 #edges
3 4
3 5
0 11
0 3
0 2
2 10
6 #edges
3 5
5 4
0 11
0 3
0 2
2 10
6 #edges
3 4
3 5
4 11
0 3
0 2
2 10
6 #edges
3 4
3 5
5 11
0 3
0 2
2 10
6 #edges
11 4
3 11
3 5
0 3
0 2
2 10
6 #edges
3 11
3 5
5 4
0 3
0 2
2 10
6 #edges
11 4
3 5
5 11
0 3
0 2
2 10
6 #edges
3 5
5 11
5 4
0 3
0 2
2 10
6 #edges
3 5
4 11
5 4
0 3
0 2
2 10
4 #trees for patient 69
6 #edges
3 11
3 4
4 5
0 3
0 2
2 10
6 #edges
3 4
3 5
4 11
0 3
0 2
2 10
6 #edges
3 4
3 5
5 11
0 3
0 2
2 10
6 #edges
3 4
4 5
5 11
0 3
0 2
2 10
7 #trees for patient 70
6 #edges
3 4
3 5
4 11
5 10
0 3
0 2
6 #edges
3 4
3 5
4 11
0 3
0 2
2 10
6 #edges
3 4
3 5
4 11
4 10
0 3
0 2
6 #edges
3 10
3 4
4 11
4 5
0 3
0 2
6 #edges
3 4
4 11
4 5
0 3
0 2
2 10
6 #edges
3 4
4 11
4 10
4 5
0 3
0 2
6 #edges
3 4
4 11
4 5
5 10
0 3
0 2
12 #trees for patient 71
6 #edges
11 4
3 11
3 5
0 3
0 2
2 10
6 #edges
3 11
3 5
5 4
0 3
0 2
2 10
6 #edges
11 4
3 5
5 11
0 3
0 2
2 10
6 #edges
3 4
3 5
5 11
0 3
0 2
2 10
6 #edges
3 5
4 11
5 4
0 3
0 2
2 10
6 #edges
3 4
3 5
4 11
0 3
0 2
2 10
6 #edges
3 4
3 5
4 11
5 10
0 3
0 2
6 #edges
3 4
3 5
5 11
5 10
0 3
0 2
6 #edges
11 4
3 11
3 5
5 10
0 3
0 2
6 #edges
3 11
3 5
5 10
5 4
0 3
0 2
6 #edges
3 5
4 11
5 10
5 4
0 3
0 2
6 #edges
11 4
3 5
5 11
5 10
0 3
0 2
10 #trees for patient 72
6 #edges
3 10
3 5
0 3
0 2
2 11
2 4
6 #edges
3 5
4 10
0 3
0 2
2 11
2 4
6 #edges
3 11
3 5
4 10
0 3
0 2
2 4
6 #edges
3 5
4 11
4 10
0 3
0 2
2 4
6 #edges
3 10
3 5
4 11
0 3
0 2
2 4
6 #edges
3 11
3 10
3 5
0 3
0 2
2 4
6 #edges
3 4
3 5
4 10
0 3
0 2
2 11
6 #edges
3 4
3 5
0 3
0 2
2 11
2 10
6 #edges
3 4
3 5
4 11
0 3
0 2
2 10
6 #edges
3 4
3 5
4 11
4 10
0 3
0 2
6 #trees for patient 73
6 #edges
3 4
3 5
4 11
0 3
0 2
2 10
6 #edges
11 5
3 4
4 11
0 3
0 2
2 10
6 #edges
10 5
3 4
4 11
0 3
0 2
2 10
6 #edges
11 4
3 11
4 5
0 3
0 2
2 10
6 #edges
11 4
3 11
3 5
0 3
0 2
2 10
6 #edges
11 4
10 5
3 11
0 3
0 2
2 10
4 #trees for patient 74
6 #edges
3 4
3 5
4 11
0 3
0 2
2 10
6 #edges
11 4
3 11
3 5
0 3
0 2
2 10
6 #edges
10 2
3 4
3 5
4 11
0 10
0 3
6 #edges
11 4
10 2
3 11
3 5
0 10
0 3
4 #trees for patient 75
6 #edges
10 5
3 4
4 11
0 3
0 2
2 10
6 #edges
3 4
3 5
4 11
0 3
0 2
2 10
6 #edges
10 2
3 4
3 5
4 11
0 10
0 3
6 #edges
10 2
3 4
4 11
0 10
0 3
2 5
1 #trees for patient 76
6 #edges
3 4
3 5
4 11
0 3
0 2
2 10
2 #trees for patient 77
6 #edges
3 4
3 5
4 11
0 3
0 2
2 10
6 #edges
11 10
3 4
3 5
4 11
0 3
0 2
4 #trees for patient 78
6 #edges
3 4
3 5
4 11
0 3
0 2
2 10
6 #edges
11 4
3 11
3 5
0 3
0 2
2 10
6 #edges
10 2
3 4
3 5
4 11
0 10
0 3
6 #edges
11 4
10 2
3 11
3 5
0 10
0 3
2 #trees for patient 79
6 #edges
3 4
3 5
4 11
0 3
0 2
2 10
6 #edges
11 4
3 11
3 5
0 3
0 2
2 10
22 #trees for patient 80
6 #edges
3 5
5 11
5 4
0 3
0 2
2 10
6 #edges
10 11
3 5
5 4
0 3
0 2
2 10
6 #edges
3 5
4 11
5 4
0 3
0 2
2 10
6 #edges
3 11
3 5
5 4
0 3
0 2
2 10
6 #edges
10 4
3 11
3 5
0 3
0 2
2 10
6 #edges
11 4
3 11
3 5
0 3
0 2
2 10
6 #edges
3 4
3 5
5 11
0 3
0 2
2 10
6 #edges
10 11
3 4
3 5
0 3
0 2
2 10
6 #edges
3 4
3 5
4 11
0 3
0 2
2 10
6 #edges
10 11
10 4
3 5
0 3
0 2
2 10
6 #edges
11 4
10 11
3 5
0 3
0 2
2 10
6 #edges
11 4
3 5
5 11
0 3
0 2
2 10
6 #edges
10 4
3 5
5 11
0 3
0 2
2 10
6 #edges
10 4
3 5
4 11
0 3
0 2
2 10
6 #edges
11 4
10 11
3 10
0 3
0 2
2 5
6 #edges
10 11
10 4
3 10
0 3
0 2
2 5
6 #edges
10 11
3 10
5 4
0 3
0 2
2 5
6 #edges
10 4
3 10
4 11
0 3
0 2
2 5
6 #edges
10 4
3 10
5 11
0 3
0 2
2 5
6 #edges
3 10
5 11
5 4
0 3
0 2
2 5
6 #edges
3 10
4 11
5 4
0 3
0 2
2 5
6 #edges
11 4
3 10
5 11
0 3
0 2
2 5
4 #trees for patient 81
6 #edges
3 4
3 5
4 11
0 3
0 2
2 10
6 #edges
11 4
3 11
3 5
0 3
0 2
2 10
6 #edges
10 2
3 4
3 5
4 11
0 10
0 3
6 #edges
11 4
10 2
3 11
3 5
0 10
0 3
2 #trees for patient 82
6 #edges
10 11
3 4
3 5
0 3
0 2
2 10
6 #edges
3 4
3 5
4 11
0 3
0 2
2 10
4 #trees for patient 83
6 #edges
8 11
8 2
6 8
11 9
10 6
0 10
6 #edges
8 9
8 11
8 2
6 8
10 6
0 10
6 #edges
8 6
6 9
6 11
6 2
10 8
0 10
6 #edges
8 6
6 11
6 2
11 9
10 8
0 10
6 #trees for patient 84
6 #edges
8 6
6 11
6 2
10 9
10 8
0 10
6 #edges
8 11
8 2
6 8
10 9
10 6
0 10
6 #edges
8 9
8 11
8 2
6 8
10 6
0 10
6 #edges
8 11
8 2
6 8
11 9
10 6
0 10
6 #edges
8 6
6 9
6 11
6 2
10 8
0 10
6 #edges
8 6
6 11
6 2
11 9
10 8
0 10
4 #trees for patient 85
6 #edges
8 6
8 2
6 9
6 11
10 8
0 10
6 #edges
8 6
6 9
6 11
6 2
10 8
0 10
6 #edges
8 10
6 9
6 11
6 2
10 6
0 8
6 #edges
8 10
6 9
6 11
10 6
10 2
0 8
8 #trees for patient 86
6 #edges
8 11
6 8
10 9
10 6
0 10
0 2
6 #edges
8 6
6 11
10 9
10 8
0 10
0 2
6 #edges
8 9
8 11
6 8
10 6
0 10
0 2
6 #edges
8 6
6 9
6 11
10 8
0 10
0 2
6 #edges
8 6
6 11
6 2
10 9
10 8
0 10
6 #edges
8 6
6 9
6 11
6 2
10 8
0 10
6 #edges
8 11
8 2
6 8
10 9
10 6
0 10
6 #edges
8 9
8 11
8 2
6 8
10 6
0 10
4 #trees for patient 87
6 #edges
8 6
6 9
6 11
6 2
10 8
0 10
6 #edges
8 6
6 11
6 2
11 9
10 8
0 10
6 #edges
8 9
8 11
8 2
6 8
10 6
0 10
6 #edges
8 11
8 2
6 8
11 9
10 6
0 10
6 #trees for patient 88
6 #edges
8 6
6 9
6 11
6 2
10 8
0 10
6 #edges
8 9
8 11
8 2
6 8
10 6
0 10
6 #edges
8 9
8 11
8 2
6 10
10 8
0 6
6 #edges
8 10
6 8
10 9
10 11
10 2
0 6
6 #edges
8 10
6 9
6 11
6 2
10 6
0 8
6 #edges
8 6
6 10
10 9
10 11
10 2
0 8
2 #trees for patient 89
6 #edges
8 6
6 9
6 11
6 2
10 8
0 10
6 #edges
8 6
6 9
6 2
10 8
0 10
2 11
4 #trees for patient 90
6 #edges
8 6
6 11
6 2
10 8
0 9
0 10
6 #edges
8 11
8 2
6 8
10 6
0 9
0 10
6 #edges
8 6
6 9
6 11
6 2
10 8
0 10
6 #edges
8 9
8 11
8 2
6 8
10 6
0 10
8 #trees for patient 91
6 #edges
8 6
6 11
6 2
10 8
0 9
0 10
6 #edges
8 10
6 11
6 2
10 6
0 9
0 8
6 #edges
8 6
6 11
6 2
11 9
10 8
0 10
6 #edges
8 6
6 9
6 11
6 2
10 8
0 10
6 #edges
8 9
8 6
6 11
6 2
10 8
0 10
6 #edges
8 10
6 11
6 2
10 9
10 6
0 8
6 #edges
8 10
6 11
6 2
11 9
10 6
0 8
6 #edges
8 10
6 9
6 11
6 2
10 6
0 8
8 #trees for patient 92
6 #edges
8 6
6 11
6 2
10 8
0 10
2 9
6 #edges
8 6
6 9
6 11
6 2
10 8
0 10
6 #edges
8 6
6 2
10 8
0 10
2 9
2 11
6 #edges
8 6
6 9
6 2
10 8
0 10
2 11
6 #edges
8 9
8 2
6 8
10 6
0 10
2 11
6 #edges
8 9
8 11
8 2
6 8
10 6
0 10
6 #edges
8 11
8 2
6 8
10 6
0 10
2 9
6 #edges
8 2
6 8
10 6
0 10
2 9
2 11
4 #trees for patient 93
6 #edges
8 6
6 9
6 11
6 2
10 8
0 10
6 #edges
8 6
6 9
6 2
10 8
0 10
2 11
6 #edges
8 10
6 9
6 11
6 2
10 6
0 8
6 #edges
8 10
6 9
6 2
10 6
0 8
2 11
2 #trees for patient 94
6 #edges
8 6
6 9
6 11
6 2
10 8
0 10
6 #edges
8 6
6 11
6 2
11 9
10 8
0 10
4 #trees for patient 95
6 #edges
8 6
6 9
6 11
6 2
10 8
0 10
6 #edges
9 11
8 6
6 9
6 2
10 8
0 10
6 #edges
8 10
6 9
6 11
6 2
10 6
0 8
6 #edges
9 11
8 10
6 9
6 2
10 6
0 8
10 #trees for patient 96
6 #edges
8 6
8 2
6 9
6 11
10 8
0 10
6 #edges
9 2
8 9
8 6
6 11
10 8
0 10
6 #edges
8 9
8 6
6 11
6 2
10 8
0 10
6 #edges
8 6
6 9
6 11
6 2
10 8
0 10
6 #edges
9 2
8 6
6 9
6 11
10 8
0 10
6 #edges
8 10
6 9
6 11
10 6
10 2
0 8
6 #edges
8 10
6 11
6 2
10 9
10 6
0 8
6 #edges
9 2
8 10
6 11
10 9
10 6
0 8
6 #edges
8 10
6 9
6 11
6 2
10 6
0 8
6 #edges
9 2
8 10
6 9
6 11
10 6
0 8
6 #trees for patient 97
6 #edges
8 6
8 11
6 9
10 8
10 2
0 10
6 #edges
8 6
6 9
6 11
10 8
10 2
0 10
6 #edges
9 2
8 6
8 11
6 9
10 8
0 10
6 #edges
8 6
8 11
6 9
6 2
10 8
0 10
6 #edges
8 6
6 9
6 11
6 2
10 8
0 10
6 #edges
9 2
8 6
6 9
6 11
10 8
0 10
2 #trees for patient 98
6 #edges
8 6
6 9
6 11
6 2
10 8
0 10
6 #edges
8 10
6 9
6 11
6 2
10 6
0 8
4 #trees for patient 99
6 #edges
8 6
6 9
6 11
6 2
10 8
0 10
6 #edges
9 11
8 6
6 9
6 2
10 8
0 10
6 #edges
9 11
8 10
6 9
6 2
10 6
0 8
6 #edges
8 10
6 9
6 11
6 2
10 6
0 8
