50 # patients
2 #trees for patient 0
6 #edges
7 2
1 11
1 5
5 10
0 7
0 1
6 #edges
7 2
1 11
1 10
0 7
0 1
10 5
3 #trees for patient 1
6 #edges
1 11
1 10
0 7
0 1
0 2
10 5
6 #edges
1 11
1 10
0 1
0 2
10 5
2 7
6 #edges
7 2
1 11
1 10
0 7
0 1
10 5
2 #trees for patient 2
6 #edges
7 2
1 11
1 5
5 10
0 7
0 1
6 #edges
7 2
1 11
1 10
0 7
0 1
10 5
4 #trees for patient 3
6 #edges
7 2
1 11
1 10
0 7
0 1
10 5
6 #edges
7 2
1 11
1 5
5 10
0 7
0 1
6 #edges
1 11
1 10
5 2
0 7
0 1
10 5
6 #edges
1 11
1 5
5 10
0 7
0 1
10 2
4 #trees for patient 4
6 #edges
1 11
1 10
0 1
0 2
10 5
2 7
6 #edges
1 10
5 11
0 1
0 2
10 5
2 7
6 #edges
7 2
1 11
1 10
0 7
0 1
10 5
6 #edges
7 2
1 10
5 11
0 7
0 1
10 5
29 #trees for patient 5
6 #edges
1 10
0 11
0 1
0 2
10 5
2 7
6 #edges
1 7
1 10
0 11
0 1
0 2
10 5
6 #edges
11 7
1 10
0 11
0 1
0 2
10 5
6 #edges
1 10
0 11
0 7
0 1
0 2
10 5
6 #edges
1 11
1 10
0 7
0 1
0 2
10 5
6 #edges
1 11
1 10
0 1
0 2
10 5
2 7
6 #edges
11 7
1 11
1 10
0 1
0 2
10 5
6 #edges
1 11
1 7
1 10
0 1
0 2
10 5
6 #edges
7 2
1 10
0 11
0 7
0 1
10 5
6 #edges
7 2
1 11
1 10
0 7
0 1
10 5
6 #edges
1 10
1 2
0 11
0 7
0 1
10 5
6 #edges
11 2
1 10
0 11
0 7
0 1
10 5
6 #edges
1 11
1 10
1 2
0 7
0 1
10 5
6 #edges
11 2
1 11
1 10
0 7
0 1
10 5
6 #edges
11 7
1 10
1 2
0 11
0 1
10 5
6 #edges
1 10
1 2
0 11
0 1
10 5
2 7
6 #edges
1 7
1 10
1 2
0 11
0 1
10 5
6 #edges
11 7
11 2
1 10
0 11
0 1
10 5
6 #edges
11 2
1 10
0 11
0 1
10 5
2 7
6 #edges
11 2
1 7
1 10
0 11
0 1
10 5
6 #edges
7 2
1 7
1 10
0 11
0 1
10 5
6 #edges
11 7
7 2
1 10
0 11
0 1
10 5
6 #edges
11 7
1 11
1 10
1 2
0 1
10 5
6 #edges
11 7
7 2
1 11
1 10
0 1
10 5
6 #edges
11 7
11 2
1 11
1 10
0 1
10 5
6 #edges
11 2
1 11
1 7
1 10
0 1
10 5
6 #edges
11 2
1 11
1 10
0 1
10 5
2 7
6 #edges
7 2
1 11
1 7
1 10
0 1
10 5
6 #edges
1 11
1 10
1 2
0 1
10 5
2 7
35 #trees for patient 6
6 #edges
11 5
11 10
1 11
0 1
0 2
2 7
6 #edges
11 10
1 11
0 1
0 2
10 5
2 7
6 #edges
11 10
1 11
1 5
0 1
0 2
2 7
6 #edges
1 11
1 10
0 1
0 2
10 5
2 7
6 #edges
11 5
1 11
1 10
0 1
0 2
2 7
6 #edges
11 5
1 11
1 7
1 10
0 1
0 2
6 #edges
1 11
1 7
1 10
0 1
0 2
10 5
6 #edges
11 10
1 11
1 7
1 5
0 1
0 2
6 #edges
11 10
1 11
1 7
0 1
0 2
10 5
6 #edges
11 5
11 10
1 11
1 7
0 1
0 2
6 #edges
11 10
7 2
1 11
1 5
0 7
0 1
6 #edges
7 2
1 11
1 10
0 7
0 1
10 5
6 #edges
11 5
7 2
1 11
1 10
0 7
0 1
6 #edges
11 5
11 10
7 2
1 11
0 7
0 1
6 #edges
11 10
7 2
1 11
0 7
0 1
10 5
6 #edges
11 10
1 11
1 5
1 2
0 7
0 1
6 #edges
1 11
1 10
1 2
0 7
0 1
10 5
6 #edges
11 5
1 11
1 10
1 2
0 7
0 1
6 #edges
11 5
11 10
1 11
1 2
0 7
0 1
6 #edges
11 10
1 11
1 2
0 7
0 1
10 5
6 #edges
1 11
1 7
1 10
1 2
0 1
10 5
6 #edges
11 5
1 11
1 7
1 10
1 2
0 1
6 #edges
1 11
1 10
1 2
0 1
10 5
2 7
6 #edges
11 5
1 11
1 10
1 2
0 1
2 7
6 #edges
11 5
7 2
1 11
1 7
1 10
0 1
6 #edges
7 2
1 11
1 7
1 10
0 1
10 5
6 #edges
11 10
1 11
1 7
1 5
1 2
0 1
6 #edges
11 10
1 11
1 7
1 2
0 1
10 5
6 #edges
11 5
11 10
1 11
1 7
1 2
0 1
6 #edges
11 5
11 10
1 11
1 2
0 1
2 7
6 #edges
11 10
1 11
1 2
0 1
10 5
2 7
6 #edges
11 10
1 11
1 5
1 2
0 1
2 7
6 #edges
11 10
7 2
1 11
1 7
1 5
0 1
6 #edges
11 10
7 2
1 11
1 7
0 1
10 5
6 #edges
11 5
11 10
7 2
1 11
1 7
0 1
7 #trees for patient 7
6 #edges
7 2
1 11
1 10
0 7
0 1
10 5
6 #edges
7 2
1 11
1 10
0 7
0 1
2 5
6 #edges
7 2
1 11
1 5
5 10
0 7
0 1
6 #edges
7 2
1 11
1 5
0 7
0 1
2 10
6 #edges
7 2
1 11
5 10
0 7
0 1
2 5
6 #edges
7 2
1 11
0 7
0 1
2 5
2 10
6 #edges
7 2
1 11
0 7
0 1
10 5
2 10
3 #trees for patient 8
6 #edges
1 11
1 10
0 7
0 1
0 2
10 5
6 #edges
1 11
1 10
0 7
0 1
10 5
10 2
6 #edges
7 2
1 11
1 10
0 7
0 1
10 5
12 #trees for patient 9
6 #edges
1 11
1 10
0 1
0 2
10 5
2 7
6 #edges
1 11
1 5
5 10
0 1
0 2
2 7
6 #edges
1 11
1 7
1 10
0 1
0 2
10 5
6 #edges
1 11
1 7
1 5
5 10
0 1
0 2
6 #edges
7 2
1 11
1 5
5 10
0 7
0 1
6 #edges
7 2
1 11
1 10
0 7
0 1
10 5
6 #edges
1 11
1 10
1 2
0 7
0 1
10 5
6 #edges
1 11
1 5
1 2
5 10
0 7
0 1
6 #edges
1 11
1 10
1 2
0 1
10 5
2 7
6 #edges
7 2
1 11
1 7
1 10
0 1
10 5
6 #edges
1 11
1 5
1 2
5 10
0 1
2 7
6 #edges
7 2
1 11
1 7
1 5
5 10
0 1
14 #trees for patient 10
6 #edges
1 11
1 5
5 10
0 1
0 2
10 7
6 #edges
1 11
1 5
5 10
0 1
0 2
2 7
6 #edges
1 11
1 10
0 1
0 2
10 5
2 7
6 #edges
1 11
1 10
5 7
0 1
0 2
10 5
6 #edges
7 2
1 11
1 5
5 10
0 7
0 1
6 #edges
7 2
1 11
1 10
0 7
0 1
10 5
6 #edges
1 11
1 5
5 10
0 7
0 1
10 2
6 #edges
1 11
1 10
5 2
0 7
0 1
10 5
6 #edges
7 2
1 11
1 5
5 10
0 1
10 7
6 #edges
1 11
1 5
5 10
0 1
10 7
10 2
6 #edges
1 11
1 5
5 10
0 1
10 2
2 7
6 #edges
7 2
1 11
1 10
5 7
0 1
10 5
6 #edges
1 11
1 10
5 7
5 2
0 1
10 5
6 #edges
1 11
1 10
5 2
0 1
10 5
2 7
12 #trees for patient 11
6 #edges
7 11
7 2
1 5
5 10
0 7
0 1
6 #edges
7 11
7 2
1 5
0 7
0 1
2 10
6 #edges
7 11
7 2
1 10
0 7
0 1
10 5
6 #edges
7 11
7 2
1 10
0 7
0 1
2 5
6 #edges
7 11
7 2
0 7
0 1
10 5
2 10
6 #edges
7 11
7 2
5 10
0 7
0 1
2 5
6 #edges
7 2
1 11
1 10
0 7
0 1
10 5
6 #edges
7 2
1 11
1 10
0 7
0 1
2 5
6 #edges
7 2
1 11
1 5
5 10
0 7
0 1
6 #edges
7 2
1 11
1 5
0 7
0 1
2 10
6 #edges
7 2
1 11
0 7
0 1
10 5
2 10
6 #edges
7 2
1 11
5 10
0 7
0 1
2 5
2 #trees for patient 12
6 #edges
7 2
1 10
0 7
0 1
10 5
2 11
6 #edges
7 2
1 11
1 10
0 7
0 1
10 5
8 #trees for patient 13
6 #edges
7 2
1 10
0 11
0 7
0 1
0 5
6 #edges
7 2
1 10
0 11
0 7
0 1
10 5
6 #edges
7 11
7 2
1 10
0 7
0 1
0 5
6 #edges
7 2
1 11
1 10
0 7
0 1
0 5
6 #edges
7 2
1 10
0 7
0 1
0 5
2 11
6 #edges
7 11
7 2
1 10
0 7
0 1
10 5
6 #edges
7 2
1 11
1 10
0 7
0 1
10 5
6 #edges
7 2
1 10
0 7
0 1
10 5
2 11
3 #trees for patient 14
6 #edges
7 2
1 10
0 11
0 7
0 1
10 5
6 #edges
7 2
1 10
5 11
0 7
0 1
10 5
6 #edges
7 2
1 11
1 10
0 7
0 1
10 5
12 #trees for patient 15
6 #edges
7 2
1 5
5 10
0 11
0 7
0 1
6 #edges
7 2
1 10
0 11
0 7
0 1
10 5
6 #edges
1 10
0 11
0 1
0 2
10 5
2 7
6 #edges
1 5
5 10
0 11
0 1
0 2
2 7
6 #edges
7 11
1 5
5 10
0 1
0 2
2 7
6 #edges
7 11
1 10
0 1
0 2
10 5
2 7
6 #edges
1 11
1 5
5 10
0 1
0 2
2 7
6 #edges
1 11
1 10
0 1
0 2
10 5
2 7
6 #edges
7 2
1 11
1 5
5 10
0 7
0 1
6 #edges
7 2
1 5
5 10
0 7
0 1
2 11
6 #edges
7 2
1 11
1 10
0 7
0 1
10 5
6 #edges
7 2
1 10
0 7
0 1
10 5
2 11
14 #trees for patient 16
6 #edges
1 11
1 10
0 1
0 2
10 5
2 7
6 #edges
1 11
1 5
5 10
0 1
0 2
2 7
6 #edges
1 11
1 7
1 5
5 10
0 1
0 2
6 #edges
1 11
1 7
1 10
0 1
0 2
10 5
6 #edges
7 2
1 11
1 10
0 7
0 1
10 5
6 #edges
1 11
1 10
1 2
0 7
0 1
10 5
6 #edges
7 2
1 11
1 5
5 10
0 7
0 1
6 #edges
1 11
1 5
1 2
5 10
0 7
0 1
6 #edges
7 2
1 11
1 7
1 5
5 10
0 1
6 #edges
1 11
1 7
1 5
1 2
5 10
0 1
6 #edges
1 11
1 5
1 2
5 10
0 1
2 7
6 #edges
7 2
1 11
1 7
1 10
0 1
10 5
6 #edges
1 11
1 7
1 10
1 2
0 1
10 5
6 #edges
1 11
1 10
1 2
0 1
10 5
2 7
2 #trees for patient 17
6 #edges
7 2
1 11
1 10
0 7
0 1
10 5
6 #edges
1 11
1 10
5 2
0 7
0 1
10 5
8 #trees for patient 18
6 #edges
7 11
1 5
5 10
0 1
0 2
2 7
6 #edges
1 11
1 5
5 10
0 1
0 2
2 7
6 #edges
1 11
1 10
0 1
0 2
10 5
2 7
6 #edges
7 11
1 10
0 1
0 2
10 5
2 7
6 #edges
7 2
1 10
0 7
0 1
10 5
2 11
6 #edges
7 2
1 11
1 10
0 7
0 1
10 5
6 #edges
7 2
1 11
1 5
5 10
0 7
0 1
6 #edges
7 2
1 5
5 10
0 7
0 1
2 11
7 #trees for patient 19
6 #edges
7 2
1 11
1 10
0 7
0 1
10 5
6 #edges
7 2
1 10
5 11
0 7
0 1
10 5
6 #edges
11 2
1 11
1 10
0 7
0 1
10 5
6 #edges
1 11
1 10
5 2
0 7
0 1
10 5
6 #edges
1 10
1 2
5 11
0 7
0 1
10 5
6 #edges
1 10
5 11
5 2
0 7
0 1
10 5
6 #edges
11 2
1 10
5 11
0 7
0 1
10 5
8 #trees for patient 20
6 #edges
1 11
1 10
5 2
0 7
0 1
10 5
6 #edges
7 2
1 11
1 10
0 7
0 1
10 5
6 #edges
7 2
1 11
1 5
5 10
0 7
0 1
6 #edges
1 11
1 5
5 10
0 7
0 1
10 2
6 #edges
7 2
1 5
5 10
0 7
0 1
10 11
6 #edges
1 5
5 10
0 7
0 1
10 11
10 2
6 #edges
7 2
1 10
5 11
0 7
0 1
10 5
6 #edges
1 10
5 11
5 2
0 7
0 1
10 5
7 #trees for patient 21
6 #edges
7 2
1 11
1 10
0 7
0 1
2 5
6 #edges
7 2
1 11
1 10
0 7
0 1
10 5
6 #edges
7 2
1 11
1 5
5 10
0 7
0 1
6 #edges
7 2
1 11
1 5
0 7
0 1
2 10
6 #edges
7 2
1 11
0 7
0 1
2 5
2 10
6 #edges
7 2
1 11
0 7
0 1
10 5
2 10
6 #edges
7 2
1 11
5 10
0 7
0 1
2 5
12 #trees for patient 22
6 #edges
11 1
1 5
5 4
0 11
0 3
0 2
6 #edges
11 1
1 4
4 5
0 11
0 3
0 2
6 #edges
11 5
1 4
5 1
0 11
0 3
0 2
6 #edges
11 5
5 4
4 1
0 11
0 3
0 2
6 #edges
11 4
1 5
4 1
0 11
0 3
0 2
6 #edges
11 4
5 1
4 5
0 11
0 3
0 2
6 #edges
11 5
1 4
5 1
0 11
0 2
2 3
6 #edges
11 5
5 4
4 1
0 11
0 2
2 3
6 #edges
11 4
1 5
4 1
0 11
0 2
2 3
6 #edges
11 4
5 1
4 5
0 11
0 2
2 3
6 #edges
11 1
1 5
5 4
0 11
0 2
2 3
6 #edges
11 1
1 4
4 5
0 11
0 2
2 3
12 #trees for patient 23
6 #edges
11 1
1 4
4 5
0 11
0 3
0 2
6 #edges
11 1
1 5
5 4
0 11
0 3
0 2
6 #edges
11 5
1 11
5 4
0 1
0 3
0 2
6 #edges
11 4
1 11
4 5
0 1
0 3
0 2
6 #edges
11 5
1 11
3 2
5 4
0 1
0 3
6 #edges
11 4
1 11
3 2
4 5
0 1
0 3
6 #edges
11 4
1 11
5 2
4 5
0 1
0 3
6 #edges
11 5
1 11
5 4
4 2
0 1
0 3
6 #edges
11 1
1 4
3 2
4 5
0 11
0 3
6 #edges
11 1
1 5
3 2
5 4
0 11
0 3
6 #edges
11 1
1 4
5 2
4 5
0 11
0 3
6 #edges
11 1
1 5
5 4
4 2
0 11
0 3
12 #trees for patient 24
6 #edges
11 1
1 4
4 5
0 11
0 3
0 2
6 #edges
11 1
1 5
5 4
0 11
0 3
0 2
6 #edges
11 1
1 4
1 2
4 5
0 11
0 3
6 #edges
11 1
1 5
1 2
5 4
0 11
0 3
6 #edges
11 1
1 5
5 4
0 11
0 2
2 3
6 #edges
11 1
1 4
4 5
0 11
0 2
2 3
6 #edges
11 1
1 3
1 5
5 4
0 11
0 2
6 #edges
11 1
1 3
1 4
4 5
0 11
0 2
6 #edges
11 1
1 3
1 5
1 2
5 4
0 11
6 #edges
11 1
1 3
1 4
1 2
4 5
0 11
6 #edges
11 1
1 5
1 2
5 4
0 11
2 3
6 #edges
11 1
1 4
1 2
4 5
0 11
2 3
2 #trees for patient 25
6 #edges
11 1
1 5
5 4
0 11
0 3
0 2
6 #edges
11 1
1 3
1 5
5 4
0 11
0 2
4 #trees for patient 26
6 #edges
11 1
1 5
5 4
0 11
0 3
0 2
6 #edges
11 5
1 4
5 1
0 11
0 3
0 2
6 #edges
11 5
1 4
5 1
4 2
0 11
0 3
6 #edges
11 1
1 5
5 4
4 2
0 11
0 3
2 #trees for patient 27
6 #edges
11 1
1 5
5 4
0 11
0 3
0 2
6 #edges
11 5
1 4
5 1
0 11
0 3
0 2
1 #trees for patient 28
6 #edges
11 1
1 5
5 4
0 11
0 3
0 2
85 #trees for patient 29
6 #edges
11 4
3 1
3 5
0 11
0 3
0 2
6 #edges
11 4
3 5
5 1
0 11
0 3
0 2
6 #edges
11 4
3 5
4 1
0 11
0 3
0 2
6 #edges
11 4
3 5
0 11
0 3
0 2
2 1
6 #edges
11 4
4 5
0 11
0 3
0 2
2 1
6 #edges
11 4
5 1
4 5
0 11
0 3
0 2
6 #edges
11 4
3 1
4 5
0 11
0 3
0 2
6 #edges
11 4
1 5
0 11
0 3
0 2
2 1
6 #edges
11 4
0 11
0 3
0 2
2 1
2 5
6 #edges
11 4
3 1
0 11
0 3
0 2
2 5
6 #edges
11 4
4 1
0 11
0 3
0 2
2 5
6 #edges
11 4
5 1
0 11
0 3
0 2
2 5
6 #edges
11 4
1 5
3 1
0 11
0 3
0 2
6 #edges
11 4
1 5
4 1
0 11
0 3
0 2
6 #edges
11 5
0 11
0 3
0 2
2 1
2 4
6 #edges
11 5
5 1
0 11
0 3
0 2
2 4
6 #edges
11 5
3 1
0 11
0 3
0 2
2 4
6 #edges
11 5
4 1
0 11
0 3
0 2
2 4
6 #edges
11 5
3 1
5 4
0 11
0 3
0 2
6 #edges
11 5
5 4
4 1
0 11
0 3
0 2
6 #edges
11 5
5 4
0 11
0 3
0 2
2 1
6 #edges
11 5
1 4
5 1
0 11
0 3
0 2
6 #edges
11 5
3 4
5 1
0 11
0 3
0 2
6 #edges
11 5
3 4
0 11
0 3
0 2
2 1
6 #edges
11 5
1 4
0 11
0 3
0 2
2 1
6 #edges
11 5
3 1
3 4
0 11
0 3
0 2
6 #edges
11 5
3 4
4 1
0 11
0 3
0 2
6 #edges
11 5
1 4
3 1
0 11
0 3
0 2
6 #edges
11 1
1 4
0 11
0 3
0 2
2 5
6 #edges
11 1
1 4
4 5
0 11
0 3
0 2
6 #edges
11 1
1 4
3 5
0 11
0 3
0 2
6 #edges
11 1
3 5
3 4
0 11
0 3
0 2
6 #edges
11 1
3 5
5 4
0 11
0 3
0 2
6 #edges
11 1
3 5
0 11
0 3
0 2
2 4
6 #edges
11 1
3 4
4 5
0 11
0 3
0 2
6 #edges
11 1
3 4
0 11
0 3
0 2
2 5
6 #edges
11 1
1 5
3 4
0 11
0 3
0 2
6 #edges
11 1
1 5
5 4
0 11
0 3
0 2
6 #edges
11 1
1 5
0 11
0 3
0 2
2 4
6 #edges
11 1
5 4
0 11
0 3
0 2
2 5
6 #edges
11 1
0 11
0 3
0 2
2 5
2 4
6 #edges
11 1
4 5
0 11
0 3
0 2
2 4
6 #edges
3 5
5 4
0 11
0 3
0 2
2 1
6 #edges
1 4
3 5
0 11
0 3
0 2
2 1
6 #edges
3 5
3 4
0 11
0 3
0 2
2 1
6 #edges
3 5
0 11
0 3
0 2
2 1
2 4
6 #edges
3 5
5 4
4 1
0 11
0 3
0 2
6 #edges
3 1
3 5
5 4
0 11
0 3
0 2
6 #edges
1 4
3 5
5 1
0 11
0 3
0 2
6 #edges
3 5
3 4
5 1
0 11
0 3
0 2
6 #edges
3 5
5 1
0 11
0 3
0 2
2 4
6 #edges
3 5
3 4
4 1
0 11
0 3
0 2
6 #edges
3 5
4 1
0 11
0 3
0 2
2 4
6 #edges
3 1
3 5
0 11
0 3
0 2
2 4
6 #edges
1 4
3 1
3 5
0 11
0 3
0 2
6 #edges
3 1
0 11
0 3
0 2
2 5
2 4
6 #edges
3 1
5 4
0 11
0 3
0 2
2 5
6 #edges
1 4
3 1
0 11
0 3
0 2
2 5
6 #edges
3 1
3 4
0 11
0 3
0 2
2 5
6 #edges
1 4
0 11
0 3
0 2
2 1
2 5
6 #edges
0 11
0 3
0 2
2 1
2 5
2 4
6 #edges
3 4
0 11
0 3
0 2
2 1
2 5
6 #edges
5 4
0 11
0 3
0 2
2 1
2 5
6 #edges
3 4
5 1
0 11
0 3
0 2
2 5
6 #edges
3 4
4 1
0 11
0 3
0 2
2 5
6 #edges
5 4
4 1
0 11
0 3
0 2
2 5
6 #edges
5 1
0 11
0 3
0 2
2 5
2 4
6 #edges
1 4
5 1
0 11
0 3
0 2
2 5
6 #edges
4 1
0 11
0 3
0 2
2 5
2 4
6 #edges
3 1
3 4
4 5
0 11
0 3
0 2
6 #edges
3 4
5 1
4 5
0 11
0 3
0 2
6 #edges
3 4
4 5
0 11
0 3
0 2
2 1
6 #edges
1 5
3 4
0 11
0 3
0 2
2 1
6 #edges
1 5
3 4
4 1
0 11
0 3
0 2
6 #edges
1 5
3 1
3 4
0 11
0 3
0 2
6 #edges
1 4
4 5
0 11
0 3
0 2
2 1
6 #edges
1 5
0 11
0 3
0 2
2 1
2 4
6 #edges
1 5
5 4
0 11
0 3
0 2
2 1
6 #edges
4 5
0 11
0 3
0 2
2 1
2 4
6 #edges
3 1
4 5
0 11
0 3
0 2
2 4
6 #edges
5 1
4 5
0 11
0 3
0 2
2 4
6 #edges
1 5
3 1
0 11
0 3
0 2
2 4
6 #edges
1 5
4 1
0 11
0 3
0 2
2 4
6 #edges
1 5
3 1
5 4
0 11
0 3
0 2
6 #edges
1 4
3 1
4 5
0 11
0 3
0 2
3 #trees for patient 30
6 #edges
11 1
1 5
5 4
0 11
0 3
0 2
6 #edges
11 1
1 5
3 2
5 4
0 11
0 3
6 #edges
11 1
1 5
5 4
4 2
0 11
0 3
34 #trees for patient 31
6 #edges
3 5
3 4
4 1
0 11
0 3
0 2
6 #edges
11 1
3 5
3 4
0 11
0 3
0 2
6 #edges
3 1
3 5
3 4
0 11
0 3
0 2
6 #edges
3 5
3 4
5 1
0 11
0 3
0 2
6 #edges
3 1
3 5
5 4
0 11
0 3
0 2
6 #edges
1 4
3 1
3 5
0 11
0 3
0 2
6 #edges
11 4
3 1
3 5
0 11
0 3
0 2
6 #edges
11 1
3 5
5 4
0 11
0 3
0 2
6 #edges
3 5
5 4
4 1
0 11
0 3
0 2
6 #edges
11 1
1 4
3 5
0 11
0 3
0 2
6 #edges
1 4
3 5
5 1
0 11
0 3
0 2
6 #edges
11 4
3 5
5 1
0 11
0 3
0 2
6 #edges
11 4
3 5
4 1
0 11
0 3
0 2
6 #edges
1 5
3 1
5 4
0 11
0 3
0 2
6 #edges
1 5
3 1
3 4
0 11
0 3
0 2
6 #edges
11 4
1 5
3 1
0 11
0 3
0 2
6 #edges
3 1
3 4
4 5
0 11
0 3
0 2
6 #edges
11 5
3 1
3 4
0 11
0 3
0 2
6 #edges
11 4
3 1
4 5
0 11
0 3
0 2
6 #edges
1 4
3 1
4 5
0 11
0 3
0 2
6 #edges
11 5
1 4
3 1
0 11
0 3
0 2
6 #edges
11 5
3 1
5 4
0 11
0 3
0 2
6 #edges
1 5
3 4
4 1
0 11
0 3
0 2
6 #edges
11 5
3 4
4 1
0 11
0 3
0 2
6 #edges
11 1
3 4
4 5
0 11
0 3
0 2
6 #edges
3 4
5 1
4 5
0 11
0 3
0 2
6 #edges
11 5
3 4
5 1
0 11
0 3
0 2
6 #edges
11 1
1 5
3 4
0 11
0 3
0 2
6 #edges
11 1
1 4
4 5
0 11
0 3
0 2
6 #edges
11 1
1 5
5 4
0 11
0 3
0 2
6 #edges
11 5
1 4
5 1
0 11
0 3
0 2
6 #edges
11 5
5 4
4 1
0 11
0 3
0 2
6 #edges
11 4
5 1
4 5
0 11
0 3
0 2
6 #edges
11 4
1 5
4 1
0 11
0 3
0 2
12 #trees for patient 32
6 #edges
11 4
5 1
4 5
0 11
0 3
0 2
6 #edges
11 4
1 5
4 1
0 11
0 3
0 2
6 #edges
11 5
1 4
5 1
0 11
0 3
0 2
6 #edges
11 5
5 4
4 1
0 11
0 3
0 2
6 #edges
11 1
1 4
4 5
0 11
0 3
0 2
6 #edges
11 1
1 5
5 4
0 11
0 3
0 2
6 #edges
11 4
1 5
3 2
4 1
0 11
0 3
6 #edges
11 4
3 2
5 1
4 5
0 11
0 3
6 #edges
11 1
1 5
3 2
5 4
0 11
0 3
6 #edges
11 1
1 4
3 2
4 5
0 11
0 3
6 #edges
11 5
3 2
5 4
4 1
0 11
0 3
6 #edges
11 5
1 4
3 2
5 1
0 11
0 3
6 #trees for patient 33
6 #edges
11 1
1 4
4 5
0 11
0 3
0 2
6 #edges
11 1
1 5
5 4
0 11
0 3
0 2
6 #edges
11 1
1 3
1 5
5 4
0 11
0 2
6 #edges
11 1
1 3
1 4
4 5
0 11
0 2
6 #edges
11 1
1 4
5 3
4 5
0 11
0 2
6 #edges
11 1
1 5
5 4
4 3
0 11
0 2
3 #trees for patient 34
6 #edges
11 1
1 5
5 4
0 11
0 3
0 2
6 #edges
11 1
11 3
1 5
5 4
0 11
0 2
6 #edges
11 1
1 5
5 4
4 3
0 11
0 2
6 #trees for patient 35
6 #edges
11 1
1 4
5 11
0 3
0 5
0 2
6 #edges
11 4
1 11
5 1
0 3
0 5
0 2
6 #edges
11 5
1 11
5 4
0 1
0 3
0 2
6 #edges
11 4
1 5
5 11
0 1
0 3
0 2
6 #edges
11 5
1 4
5 1
0 11
0 3
0 2
6 #edges
11 1
1 5
5 4
0 11
0 3
0 2
138 #trees for patient 36
6 #edges
11 5
1 3
0 11
0 1
0 4
0 2
6 #edges
11 5
0 11
0 1
0 3
0 4
0 2
6 #edges
11 5
1 4
0 11
0 1
0 3
0 2
6 #edges
11 5
1 3
1 4
0 11
0 1
0 2
6 #edges
11 5
1 3
5 4
0 11
0 1
0 2
6 #edges
11 5
5 4
0 11
0 1
0 3
0 2
6 #edges
11 3
11 4
0 11
0 1
0 5
0 2
6 #edges
11 3
5 4
0 11
0 1
0 5
0 2
6 #edges
11 3
1 4
0 11
0 1
0 5
0 2
6 #edges
11 3
11 4
1 5
0 11
0 1
0 2
6 #edges
11 3
1 5
0 11
0 1
0 4
0 2
6 #edges
11 3
1 5
5 4
0 11
0 1
0 2
6 #edges
1 5
0 11
0 1
0 3
0 4
0 2
6 #edges
11 1
0 11
0 3
0 5
0 4
0 2
6 #edges
11 1
1 5
0 11
0 3
0 4
0 2
6 #edges
11 1
1 3
0 11
0 5
0 4
0 2
6 #edges
11 4
0 11
0 1
0 3
0 5
0 2
6 #edges
11 4
1 5
0 11
0 1
0 3
0 2
6 #edges
5 4
0 11
0 1
0 3
0 5
0 2
6 #edges
1 4
0 11
0 1
0 3
0 5
0 2
6 #edges
1 5
5 4
0 11
0 1
0 3
0 2
6 #edges
11 4
1 3
0 11
0 1
0 5
0 2
6 #edges
1 3
1 4
0 11
0 1
0 5
0 2
6 #edges
1 3
5 4
0 11
0 1
0 5
0 2
6 #edges
11 1
1 4
0 11
0 3
0 5
0 2
6 #edges
11 1
5 4
0 11
0 3
0 5
0 2
6 #edges
11 1
1 5
5 4
0 11
0 3
0 2
6 #edges
11 1
1 3
5 4
0 11
0 5
0 2
6 #edges
11 1
1 3
1 4
0 11
0 5
0 2
6 #edges
1 11
0 1
0 3
0 5
0 4
0 2
6 #edges
11 5
1 11
0 1
0 3
0 4
0 2
6 #edges
1 11
5 4
0 1
0 3
0 5
0 2
6 #edges
11 4
1 11
0 1
0 3
0 5
0 2
6 #edges
11 5
1 11
5 4
0 1
0 3
0 2
6 #edges
11 3
1 11
5 4
0 1
0 5
0 2
6 #edges
11 3
1 11
0 1
0 5
0 4
0 2
6 #edges
11 3
11 4
1 11
0 1
0 5
0 2
6 #edges
4 2
0 11
0 1
0 3
0 5
0 4
6 #edges
11 3
4 2
0 11
0 1
0 5
0 4
6 #edges
1 3
4 2
0 11
0 1
0 5
0 4
6 #edges
11 1
4 2
0 11
0 3
0 5
0 4
6 #edges
11 1
1 3
4 2
0 11
0 5
0 4
6 #edges
11 3
11 2
0 11
0 1
0 5
0 4
6 #edges
11 3
5 2
0 11
0 1
0 5
0 4
6 #edges
11 3
1 2
0 11
0 1
0 5
0 4
6 #edges
11 2
0 11
0 1
0 3
0 5
0 4
6 #edges
11 2
1 3
0 11
0 1
0 5
0 4
6 #edges
11 1
1 3
1 2
0 11
0 5
0 4
6 #edges
11 1
1 2
0 11
0 3
0 5
0 4
6 #edges
11 1
1 3
5 2
0 11
0 5
0 4
6 #edges
11 1
5 2
0 11
0 3
0 5
0 4
6 #edges
5 2
0 11
0 1
0 3
0 5
0 4
6 #edges
1 2
0 11
0 1
0 3
0 5
0 4
6 #edges
1 3
1 2
0 11
0 1
0 5
0 4
6 #edges
1 3
5 2
0 11
0 1
0 5
0 4
6 #edges
11 3
1 11
5 2
0 1
0 5
0 4
6 #edges
1 11
5 2
0 1
0 3
0 5
0 4
6 #edges
1 11
4 2
0 1
0 3
0 5
0 4
6 #edges
11 2
1 11
0 1
0 3
0 5
0 4
6 #edges
11 3
1 11
4 2
0 1
0 5
0 4
6 #edges
11 3
11 2
1 11
0 1
0 5
0 4
6 #edges
11 2
1 5
0 11
0 1
0 3
0 4
6 #edges
11 1
1 5
4 2
0 11
0 3
0 4
6 #edges
11 1
1 5
5 2
0 11
0 3
0 4
6 #edges
1 5
5 2
0 11
0 1
0 3
0 4
6 #edges
1 5
4 2
0 11
0 1
0 3
0 4
6 #edges
11 5
4 2
0 11
0 1
0 3
0 4
6 #edges
11 5
1 2
0 11
0 1
0 3
0 4
6 #edges
11 5
5 2
0 11
0 1
0 3
0 4
6 #edges
11 5
1 11
4 2
0 1
0 3
0 4
6 #edges
11 5
1 11
5 2
0 1
0 3
0 4
6 #edges
11 3
1 5
5 2
0 11
0 1
0 4
6 #edges
11 3
1 5
4 2
0 11
0 1
0 4
6 #edges
11 3
11 2
1 5
0 11
0 1
0 4
6 #edges
11 5
1 3
4 2
0 11
0 1
0 4
6 #edges
11 5
1 3
5 2
0 11
0 1
0 4
6 #edges
11 5
1 3
1 2
0 11
0 1
0 4
6 #edges
11 4
5 2
0 11
0 1
0 3
0 5
6 #edges
11 4
4 2
0 11
0 1
0 3
0 5
6 #edges
11 4
1 2
0 11
0 1
0 3
0 5
6 #edges
11 2
5 4
0 11
0 1
0 3
0 5
6 #edges
11 2
1 4
0 11
0 1
0 3
0 5
6 #edges
11 1
1 2
5 4
0 11
0 3
0 5
6 #edges
11 1
1 4
4 2
0 11
0 3
0 5
6 #edges
11 1
1 4
5 2
0 11
0 3
0 5
6 #edges
11 1
5 4
4 2
0 11
0 3
0 5
6 #edges
1 4
5 2
0 11
0 1
0 3
0 5
6 #edges
1 2
5 4
0 11
0 1
0 3
0 5
6 #edges
5 4
4 2
0 11
0 1
0 3
0 5
6 #edges
1 4
4 2
0 11
0 1
0 3
0 5
6 #edges
11 4
1 11
5 2
0 1
0 3
0 5
6 #edges
11 4
1 11
4 2
0 1
0 3
0 5
6 #edges
11 2
1 11
5 4
0 1
0 3
0 5
6 #edges
1 11
5 4
4 2
0 1
0 3
0 5
6 #edges
11 3
5 4
4 2
0 11
0 1
0 5
6 #edges
11 3
11 2
5 4
0 11
0 1
0 5
6 #edges
11 3
1 2
5 4
0 11
0 1
0 5
6 #edges
11 3
11 4
5 2
0 11
0 1
0 5
6 #edges
11 3
1 4
5 2
0 11
0 1
0 5
6 #edges
11 3
11 4
1 2
0 11
0 1
0 5
6 #edges
11 3
11 4
4 2
0 11
0 1
0 5
6 #edges
11 3
11 2
1 4
0 11
0 1
0 5
6 #edges
11 3
1 4
4 2
0 11
0 1
0 5
6 #edges
1 3
1 4
5 2
0 11
0 1
0 5
6 #edges
11 4
1 3
5 2
0 11
0 1
0 5
6 #edges
11 1
1 3
1 4
5 2
0 11
0 5
6 #edges
11 1
1 3
1 2
5 4
0 11
0 5
6 #edges
11 1
1 3
5 4
4 2
0 11
0 5
6 #edges
1 3
5 4
4 2
0 11
0 1
0 5
6 #edges
1 3
1 2
5 4
0 11
0 1
0 5
6 #edges
11 2
1 3
5 4
0 11
0 1
0 5
6 #edges
11 2
1 3
1 4
0 11
0 1
0 5
6 #edges
11 1
1 3
1 4
4 2
0 11
0 5
6 #edges
11 4
1 3
1 2
0 11
0 1
0 5
6 #edges
11 4
1 3
4 2
0 11
0 1
0 5
6 #edges
1 3
1 4
4 2
0 11
0 1
0 5
6 #edges
11 3
11 4
1 11
5 2
0 1
0 5
6 #edges
11 3
11 4
1 11
4 2
0 1
0 5
6 #edges
11 3
1 11
5 4
4 2
0 1
0 5
6 #edges
11 3
11 2
1 11
5 4
0 1
0 5
6 #edges
11 1
1 5
5 4
4 2
0 11
0 3
6 #edges
11 4
1 5
4 2
0 11
0 1
0 3
6 #edges
11 4
1 5
5 2
0 11
0 1
0 3
6 #edges
11 5
1 4
5 2
0 11
0 1
0 3
6 #edges
11 5
1 2
5 4
0 11
0 1
0 3
6 #edges
11 5
1 4
4 2
0 11
0 1
0 3
6 #edges
11 5
5 4
4 2
0 11
0 1
0 3
6 #edges
11 2
1 5
5 4
0 11
0 1
0 3
6 #edges
1 5
5 4
4 2
0 11
0 1
0 3
6 #edges
11 5
1 11
5 4
4 2
0 1
0 3
6 #edges
11 5
1 3
1 4
4 2
0 11
0 1
6 #edges
11 5
1 3
1 4
5 2
0 11
0 1
6 #edges
11 5
1 3
1 2
5 4
0 11
0 1
6 #edges
11 5
1 3
5 4
4 2
0 11
0 1
6 #edges
11 3
11 2
1 5
5 4
0 11
0 1
6 #edges
11 3
11 4
1 5
5 2
0 11
0 1
6 #edges
11 3
11 4
1 5
4 2
0 11
0 1
6 #edges
11 3
1 5
5 4
4 2
0 11
0 1
24 #trees for patient 37
6 #edges
11 4
1 11
4 5
0 1
0 3
0 2
6 #edges
11 5
1 11
5 4
0 1
0 3
0 2
6 #edges
11 4
1 5
5 11
0 1
0 3
0 2
6 #edges
1 5
5 4
4 11
0 1
0 3
0 2
6 #edges
1 4
5 11
4 5
0 1
0 3
0 2
6 #edges
11 5
1 4
4 11
0 1
0 3
0 2
6 #edges
11 4
1 5
4 1
0 11
0 3
0 2
6 #edges
11 4
5 1
4 5
0 11
0 3
0 2
6 #edges
11 1
1 4
4 5
0 11
0 3
0 2
6 #edges
11 1
1 5
5 4
0 11
0 3
0 2
6 #edges
11 5
1 4
5 1
0 11
0 3
0 2
6 #edges
11 5
5 4
4 1
0 11
0 3
0 2
6 #edges
11 1
5 4
4 11
0 3
0 5
0 2
6 #edges
1 11
5 4
4 1
0 3
0 5
0 2
6 #edges
1 4
5 1
4 11
0 3
0 5
0 2
6 #edges
11 4
1 11
5 1
0 3
0 5
0 2
6 #edges
11 1
1 4
5 11
0 3
0 5
0 2
6 #edges
11 4
5 11
4 1
0 3
0 5
0 2
6 #edges
11 1
1 5
4 11
0 3
0 4
0 2
6 #edges
11 5
5 1
4 11
0 3
0 4
0 2
6 #edges
1 11
5 1
4 5
0 3
0 4
0 2
6 #edges
11 1
5 11
4 5
0 3
0 4
0 2
6 #edges
11 5
1 11
4 1
0 3
0 4
0 2
6 #edges
1 5
5 11
4 1
0 3
0 4
0 2
6 #trees for patient 38
6 #edges
11 1
1 4
4 5
0 11
0 3
0 2
6 #edges
11 1
1 5
5 4
0 11
0 3
0 2
6 #edges
11 5
1 4
5 1
0 11
0 3
0 2
6 #edges
11 5
5 4
4 1
0 11
0 3
0 2
6 #edges
11 4
5 1
4 5
0 11
0 3
0 2
6 #edges
11 4
1 5
4 1
0 11
0 3
0 2
4 #trees for patient 39
6 #edges
11 5
1 11
5 4
0 1
0 3
0 2
6 #edges
11 1
1 5
5 4
0 11
0 3
0 2
6 #edges
11 3
11 5
1 11
5 4
0 1
0 2
6 #edges
11 1
1 3
1 5
5 4
0 11
0 2
4 #trees for patient 40
6 #edges
11 5
1 11
5 4
0 1
0 3
0 2
6 #edges
11 1
1 5
5 4
0 11
0 3
0 2
6 #edges
11 1
1 5
5 4
0 11
0 2
2 3
6 #edges
11 5
1 11
5 4
0 1
0 2
2 3
4 #trees for patient 41
6 #edges
11 1
1 4
4 5
0 11
0 3
0 2
6 #edges
11 1
1 5
5 4
0 11
0 3
0 2
6 #edges
11 1
1 5
5 4
4 3
0 11
0 2
6 #edges
11 1
1 4
5 3
4 5
0 11
0 2
24 #trees for patient 42
6 #edges
5 4
4 1
0 11
0 3
0 2
2 5
6 #edges
11 1
5 4
0 11
0 3
0 2
2 5
6 #edges
11 4
5 1
0 11
0 3
0 2
2 5
6 #edges
11 4
4 1
0 11
0 3
0 2
2 5
6 #edges
11 1
1 4
0 11
0 3
0 2
2 5
6 #edges
1 4
5 1
0 11
0 3
0 2
2 5
6 #edges
11 1
1 5
0 11
0 3
0 2
2 4
6 #edges
11 1
4 5
0 11
0 3
0 2
2 4
6 #edges
5 1
4 5
0 11
0 3
0 2
2 4
6 #edges
11 5
4 1
0 11
0 3
0 2
2 4
6 #edges
1 5
4 1
0 11
0 3
0 2
2 4
6 #edges
11 5
5 1
0 11
0 3
0 2
2 4
6 #edges
11 5
5 4
0 11
0 3
0 2
2 1
6 #edges
11 5
1 4
0 11
0 3
0 2
2 1
6 #edges
11 4
1 5
0 11
0 3
0 2
2 1
6 #edges
1 5
5 4
0 11
0 3
0 2
2 1
6 #edges
1 4
4 5
0 11
0 3
0 2
2 1
6 #edges
11 4
4 5
0 11
0 3
0 2
2 1
6 #edges
11 1
1 4
4 5
0 11
0 3
0 2
6 #edges
11 1
1 5
5 4
0 11
0 3
0 2
6 #edges
11 5
5 4
4 1
0 11
0 3
0 2
6 #edges
11 5
1 4
5 1
0 11
0 3
0 2
6 #edges
11 4
1 5
4 1
0 11
0 3
0 2
6 #edges
11 4
5 1
4 5
0 11
0 3
0 2
8 #trees for patient 43
6 #edges
11 1
1 5
5 4
0 11
0 3
0 2
6 #edges
11 5
1 11
5 4
0 1
0 3
0 2
6 #edges
11 5
1 11
5 4
4 3
0 1
0 2
6 #edges
11 1
1 5
5 4
4 3
0 11
0 2
6 #edges
11 5
1 11
5 4
5 2
0 1
0 3
6 #edges
11 1
1 5
5 4
5 2
0 11
0 3
6 #edges
11 5
1 11
5 4
5 2
4 3
0 1
6 #edges
11 1
1 5
5 4
5 2
4 3
0 11
6 #trees for patient 44
6 #edges
11 1
1 5
5 4
0 11
0 3
0 2
6 #edges
11 1
1 4
4 5
0 11
0 3
0 2
6 #edges
11 5
1 4
5 1
0 11
0 3
0 2
6 #edges
11 5
5 4
4 1
0 11
0 3
0 2
6 #edges
11 4
1 5
4 1
0 11
0 3
0 2
6 #edges
11 4
5 1
4 5
0 11
0 3
0 2
12 #trees for patient 45
6 #edges
11 4
1 11
5 1
0 3
0 5
0 2
6 #edges
11 1
1 4
5 11
0 3
0 5
0 2
6 #edges
11 5
1 11
5 4
0 1
0 3
0 2
6 #edges
11 4
1 5
5 11
0 1
0 3
0 2
6 #edges
11 5
1 4
5 1
0 11
0 3
0 2
6 #edges
11 1
1 5
5 4
0 11
0 3
0 2
6 #edges
11 1
1 4
5 11
4 2
0 3
0 5
6 #edges
11 4
1 11
5 1
4 2
0 3
0 5
6 #edges
11 5
1 11
5 4
4 2
0 1
0 3
6 #edges
11 4
1 5
5 11
4 2
0 1
0 3
6 #edges
11 5
1 4
5 1
4 2
0 11
0 3
6 #edges
11 1
1 5
5 4
4 2
0 11
0 3
33 #trees for patient 46
6 #edges
1 5
0 11
0 1
0 3
0 4
0 2
6 #edges
4 5
0 11
0 1
0 3
0 4
0 2
6 #edges
11 5
0 11
0 1
0 3
0 4
0 2
6 #edges
11 4
1 5
0 11
0 1
0 3
0 2
6 #edges
1 5
5 4
0 11
0 1
0 3
0 2
6 #edges
1 4
0 11
0 1
0 3
0 5
0 2
6 #edges
5 4
0 11
0 1
0 3
0 5
0 2
6 #edges
11 4
0 11
0 1
0 3
0 5
0 2
6 #edges
11 5
1 4
0 11
0 1
0 3
0 2
6 #edges
1 4
4 5
0 11
0 1
0 3
0 2
6 #edges
11 5
5 4
0 11
0 1
0 3
0 2
6 #edges
11 4
4 5
0 11
0 1
0 3
0 2
6 #edges
11 5
4 1
0 11
0 3
0 4
0 2
6 #edges
11 5
5 1
0 11
0 3
0 4
0 2
6 #edges
11 1
4 5
0 11
0 3
0 4
0 2
6 #edges
5 1
4 5
0 11
0 3
0 4
0 2
6 #edges
4 1
0 11
0 3
0 5
0 4
0 2
6 #edges
1 5
4 1
0 11
0 3
0 4
0 2
6 #edges
11 1
1 5
0 11
0 3
0 4
0 2
6 #edges
11 1
0 11
0 3
0 5
0 4
0 2
6 #edges
5 1
0 11
0 3
0 5
0 4
0 2
6 #edges
5 4
4 1
0 11
0 3
0 5
0 2
6 #edges
11 1
5 4
0 11
0 3
0 5
0 2
6 #edges
11 1
1 4
0 11
0 3
0 5
0 2
6 #edges
1 4
5 1
0 11
0 3
0 5
0 2
6 #edges
11 4
5 1
0 11
0 3
0 5
0 2
6 #edges
11 4
4 1
0 11
0 3
0 5
0 2
6 #edges
11 4
1 5
4 1
0 11
0 3
0 2
6 #edges
11 4
5 1
4 5
0 11
0 3
0 2
6 #edges
11 5
1 4
5 1
0 11
0 3
0 2
6 #edges
11 5
5 4
4 1
0 11
0 3
0 2
6 #edges
11 1
1 4
4 5
0 11
0 3
0 2
6 #edges
11 1
1 5
5 4
0 11
0 3
0 2
18 #trees for patient 47
6 #edges
11 4
1 11
5 1
0 3
0 5
0 2
6 #edges
11 1
1 4
5 11
0 3
0 5
0 2
6 #edges
11 4
1 5
5 11
0 1
0 3
0 2
6 #edges
11 5
1 11
5 4
0 1
0 3
0 2
6 #edges
11 5
1 4
5 1
0 11
0 3
0 2
6 #edges
11 1
1 5
5 4
0 11
0 3
0 2
6 #edges
11 1
1 3
1 4
5 11
0 5
0 2
6 #edges
11 1
1 4
5 11
4 3
0 5
0 2
6 #edges
11 3
11 4
1 11
5 1
0 5
0 2
6 #edges
11 4
1 11
5 1
4 3
0 5
0 2
6 #edges
11 5
1 11
5 3
5 4
0 1
0 2
6 #edges
11 5
1 11
5 4
4 3
0 1
0 2
6 #edges
11 3
11 4
1 5
5 11
0 1
0 2
6 #edges
11 4
1 5
5 11
4 3
0 1
0 2
6 #edges
11 1
1 5
5 3
5 4
0 11
0 2
6 #edges
11 1
1 5
5 4
4 3
0 11
0 2
6 #edges
11 5
1 3
1 4
5 1
0 11
0 2
6 #edges
11 5
1 4
5 1
4 3
0 11
0 2
12 #trees for patient 48
6 #edges
11 1
1 4
5 11
0 3
0 5
0 2
6 #edges
11 4
1 11
5 1
0 3
0 5
0 2
6 #edges
11 5
1 11
5 4
0 1
0 3
0 2
6 #edges
11 4
1 5
5 11
0 1
0 3
0 2
6 #edges
11 5
1 4
5 1
0 11
0 3
0 2
6 #edges
11 1
1 5
5 4
0 11
0 3
0 2
6 #edges
11 3
11 4
1 5
5 11
0 1
0 2
6 #edges
11 5
1 11
5 3
5 4
0 1
0 2
6 #edges
11 3
11 4
1 11
5 1
0 5
0 2
6 #edges
11 1
1 3
1 4
5 11
0 5
0 2
6 #edges
11 5
1 3
1 4
5 1
0 11
0 2
6 #edges
11 1
1 5
5 3
5 4
0 11
0 2
12 #trees for patient 49
6 #edges
11 5
1 4
5 1
0 11
0 3
0 2
6 #edges
11 5
1 4
5 1
4 2
0 11
0 3
6 #edges
11 1
1 5
5 4
0 11
0 3
0 2
6 #edges
11 1
1 5
5 4
4 2
0 11
0 3
6 #edges
11 5
1 4
5 1
0 11
0 2
2 3
6 #edges
11 1
1 5
5 4
0 11
0 2
2 3
6 #edges
11 1
1 5
5 4
4 3
0 11
0 2
6 #edges
11 5
1 4
5 1
4 3
0 11
0 2
6 #edges
11 5
1 4
5 1
4 2
0 11
2 3
6 #edges
11 5
1 4
5 1
4 3
4 2
0 11
6 #edges
11 1
1 5
5 4
4 2
0 11
2 3
6 #edges
11 1
1 5
5 4
4 3
4 2
0 11
