50 # patients
4 #trees for patient 0
6 #edges
0 6
9 3
6 9
6 7
6 1
1 11
6 #edges
0 6
6 7
6 3
6 1
3 9
1 11
6 #edges
0 6
9 3
6 9
6 7
6 11
11 1
6 #edges
0 6
6 7
6 3
6 11
3 9
11 1
13 #trees for patient 1
6 #edges
0 6
6 7
6 3
6 1
3 9
3 11
6 #edges
0 6
6 7
6 3
6 1
3 9
1 11
6 #edges
0 6
6 3
6 1
3 9
3 7
3 11
6 #edges
0 6
6 3
6 1
3 9
3 7
1 11
6 #edges
0 6
6 7
6 3
6 11
3 9
11 1
6 #edges
0 6
6 7
6 3
6 11
3 9
3 1
6 #edges
0 6
6 3
6 11
3 9
3 7
11 1
6 #edges
0 6
6 3
6 11
3 9
3 7
3 1
6 #edges
0 6
6 7
6 3
3 9
3 11
11 1
6 #edges
0 6
6 7
6 3
3 9
3 1
3 11
6 #edges
0 6
6 7
6 3
3 9
3 1
1 11
6 #edges
0 6
6 3
3 9
3 7
3 11
11 1
6 #edges
0 6
6 3
3 9
3 7
3 1
1 11
12 #trees for patient 2
6 #edges
0 6
6 7
6 3
6 11
3 9
11 1
6 #edges
0 6
6 7
6 3
6 11
7 1
3 9
6 #edges
0 6
9 1
6 7
6 3
6 11
3 9
6 #edges
0 6
6 7
6 3
6 1
3 9
1 11
6 #edges
0 6
9 11
6 7
6 3
6 1
3 9
6 #edges
0 6
6 7
6 3
6 1
7 11
3 9
6 #edges
0 6
6 7
6 3
7 1
3 9
1 11
6 #edges
0 6
9 11
6 7
6 3
7 1
3 9
6 #edges
0 6
6 7
6 3
7 11
3 9
11 1
6 #edges
0 6
9 1
6 7
6 3
7 11
3 9
6 #edges
0 6
9 11
6 7
6 3
3 9
11 1
6 #edges
0 6
9 1
6 7
6 3
3 9
1 11
8 #trees for patient 3
6 #edges
0 6
6 7
6 3
6 1
3 9
1 11
6 #edges
0 6
6 3
6 1
6 11
3 9
1 7
6 #edges
0 6
6 3
6 1
7 11
3 9
1 7
6 #edges
0 6
6 7
6 3
6 1
7 11
3 9
6 #edges
0 6
9 3
6 9
6 7
6 1
1 11
6 #edges
0 6
9 3
6 9
6 7
6 1
7 11
6 #edges
0 6
9 3
6 9
6 1
6 11
1 7
6 #edges
0 6
9 3
6 9
6 1
7 11
1 7
2 #trees for patient 4
6 #edges
0 6
6 7
6 3
6 1
3 9
1 11
6 #edges
0 6
6 7
6 3
6 1
7 9
1 11
4 #trees for patient 5
6 #edges
0 6
6 7
6 3
6 11
3 9
11 1
6 #edges
0 6
6 3
6 11
3 9
3 7
11 1
6 #edges
0 6
6 3
6 1
3 9
3 7
1 11
6 #edges
0 6
6 7
6 3
6 1
3 9
1 11
2 #trees for patient 6
6 #edges
0 6
6 7
6 3
6 1
3 9
1 11
6 #edges
0 6
9 3
6 9
6 7
6 1
1 11
26 #trees for patient 7
6 #edges
0 6
0 11
9 3
6 9
6 7
11 1
6 #edges
0 6
0 11
6 7
6 3
3 9
11 1
6 #edges
0 6
0 11
6 7
6 3
6 1
3 9
6 #edges
0 6
0 11
9 3
6 9
6 7
6 1
6 #edges
0 6
0 11
6 7
6 3
7 1
3 9
6 #edges
0 6
0 11
9 3
6 9
6 7
7 1
6 #edges
0 6
0 1
9 3
6 9
6 7
1 11
6 #edges
0 6
0 1
9 3
6 9
6 7
7 11
6 #edges
0 6
0 1
9 3
6 9
6 7
6 11
6 #edges
0 6
0 1
6 7
6 3
6 11
3 9
6 #edges
0 6
0 1
6 7
6 3
3 9
1 11
6 #edges
0 6
0 1
6 7
6 3
7 11
3 9
6 #edges
0 6
6 7
6 3
6 11
7 1
3 9
6 #edges
0 6
6 7
6 3
6 11
3 9
11 1
6 #edges
0 6
6 7
6 3
7 1
3 9
1 11
6 #edges
0 6
6 7
6 3
7 1
7 11
3 9
6 #edges
0 6
6 7
6 3
6 1
7 11
3 9
6 #edges
0 6
6 7
6 3
6 1
3 9
1 11
6 #edges
0 6
6 7
6 3
7 11
3 9
11 1
6 #edges
0 6
9 3
6 9
6 7
6 11
7 1
6 #edges
0 6
9 3
6 9
6 7
6 11
11 1
6 #edges
0 6
9 3
6 9
6 7
6 1
1 11
6 #edges
0 6
9 3
6 9
6 7
6 1
7 11
6 #edges
0 6
9 3
6 9
6 7
7 1
1 11
6 #edges
0 6
9 3
6 9
6 7
7 1
7 11
6 #edges
0 6
9 3
6 9
6 7
7 11
11 1
4 #trees for patient 8
6 #edges
0 6
9 3
6 9
6 7
6 1
1 11
6 #edges
0 6
9 3
6 9
6 1
1 7
1 11
6 #edges
0 6
6 3
6 1
3 9
1 7
1 11
6 #edges
0 6
6 7
6 3
6 1
3 9
1 11
12 #trees for patient 9
6 #edges
0 6
6 7
6 3
6 11
7 9
11 1
6 #edges
0 6
6 7
6 3
6 11
3 9
11 1
6 #edges
0 6
6 7
6 3
6 11
3 9
3 1
6 #edges
0 6
6 7
6 3
6 11
7 9
3 1
6 #edges
0 6
6 7
6 3
6 1
3 9
3 11
6 #edges
0 6
6 7
6 3
6 1
7 9
3 11
6 #edges
0 6
6 7
6 3
6 1
7 9
1 11
6 #edges
0 6
6 7
6 3
6 1
3 9
1 11
6 #edges
0 6
6 7
6 3
7 9
3 1
1 11
6 #edges
0 6
6 7
6 3
3 9
3 1
1 11
6 #edges
0 6
6 7
6 3
3 9
3 11
11 1
6 #edges
0 6
6 7
6 3
7 9
3 11
11 1
2 #trees for patient 10
6 #edges
0 6
6 7
6 3
6 1
3 9
1 11
6 #edges
0 6
6 3
6 1
3 9
1 11
11 7
4 #trees for patient 11
6 #edges
0 6
6 7
6 3
6 1
3 9
1 11
6 #edges
0 6
9 11
6 7
6 3
6 1
3 9
6 #edges
0 6
9 11
6 3
6 1
3 9
3 7
6 #edges
0 6
6 3
6 1
3 9
3 7
1 11
2 #trees for patient 12
6 #edges
0 6
6 7
6 3
6 1
3 9
1 11
6 #edges
0 6
9 3
6 9
6 7
6 1
1 11
14 #trees for patient 13
6 #edges
0 6
9 3
6 9
6 7
6 1
7 11
6 #edges
0 6
9 3
6 9
6 7
6 1
1 11
6 #edges
0 6
6 9
6 7
6 1
7 11
1 3
6 #edges
0 6
6 9
6 7
6 1
1 3
1 11
6 #edges
0 6
6 7
6 1
7 11
3 9
1 3
6 #edges
0 6
6 7
6 1
7 11
1 9
1 3
6 #edges
0 6
6 7
6 3
6 1
7 11
3 9
6 #edges
0 6
6 7
6 3
6 1
7 11
1 9
6 #edges
0 6
9 3
6 7
6 1
7 11
1 9
6 #edges
0 6
6 7
6 3
6 1
1 9
1 11
6 #edges
0 6
6 7
6 3
6 1
3 9
1 11
6 #edges
0 6
6 7
6 1
1 9
1 3
1 11
6 #edges
0 6
9 3
6 7
6 1
1 9
1 11
6 #edges
0 6
6 7
6 1
3 9
1 3
1 11
30 #trees for patient 14
6 #edges
0 6
0 3
6 7
6 1
1 9
1 11
6 #edges
0 6
0 3
6 7
6 1
1 11
11 9
6 #edges
0 6
0 3
6 7
6 1
3 9
1 11
6 #edges
0 6
0 3
6 7
6 1
7 9
1 11
6 #edges
0 6
0 3
6 9
6 7
6 1
1 11
6 #edges
0 9
0 6
9 3
6 7
6 1
1 11
6 #edges
0 9
0 6
6 7
6 1
1 3
1 11
6 #edges
0 9
0 6
6 7
6 1
7 3
1 11
6 #edges
0 9
0 6
6 7
6 3
6 1
1 11
6 #edges
0 9
0 6
6 7
6 1
1 11
11 3
6 #edges
0 6
6 9
6 7
6 1
1 3
1 11
6 #edges
0 6
9 3
6 9
6 7
6 1
1 11
6 #edges
0 6
6 9
6 7
6 1
7 3
1 11
6 #edges
0 6
6 9
6 7
6 1
1 11
11 3
6 #edges
0 6
6 7
6 3
6 1
3 9
1 11
6 #edges
0 6
6 7
6 3
6 1
1 11
11 9
6 #edges
0 6
6 7
6 3
6 1
1 9
1 11
6 #edges
0 6
6 7
6 3
6 1
7 9
1 11
6 #edges
0 6
9 3
6 7
6 1
1 9
1 11
6 #edges
0 6
6 7
6 1
1 9
1 11
11 3
6 #edges
0 6
6 7
6 1
7 3
1 9
1 11
6 #edges
0 6
6 7
6 1
7 3
3 9
1 11
6 #edges
0 6
6 7
6 1
7 3
1 11
11 9
6 #edges
0 6
9 3
6 7
6 1
7 9
1 11
6 #edges
0 6
6 7
6 1
7 9
1 3
1 11
6 #edges
0 6
6 7
6 1
7 9
1 11
11 3
6 #edges
0 6
6 7
6 1
3 9
1 3
1 11
6 #edges
0 6
6 7
6 1
1 3
1 11
11 9
6 #edges
0 6
9 3
6 7
6 1
1 11
11 9
6 #edges
0 6
6 7
6 1
3 9
1 11
11 3
4 #trees for patient 15
6 #edges
0 6
9 11
6 7
6 3
6 1
3 9
6 #edges
0 6
6 7
6 3
6 1
3 9
1 11
6 #edges
0 6
9 3
6 9
6 7
6 1
1 11
6 #edges
0 6
9 3
6 9
6 7
6 1
3 11
4 #trees for patient 16
6 #edges
0 6
9 3
6 9
6 7
6 1
1 11
6 #edges
0 6
6 7
6 3
6 1
3 9
1 11
6 #edges
0 6
9 3
6 9
6 7
6 11
11 1
6 #edges
0 6
6 7
6 3
6 11
3 9
11 1
4 #trees for patient 17
6 #edges
0 6
6 7
6 3
6 1
3 9
1 11
6 #edges
0 6
6 7
6 3
6 1
6 11
3 9
6 #edges
0 6
6 7
6 3
6 1
3 11
1 9
6 #edges
0 6
6 7
6 3
6 1
6 11
1 9
6 #trees for patient 18
6 #edges
0 6
6 7
6 3
6 1
1 9
1 11
6 #edges
0 6
6 7
6 3
6 1
3 9
1 11
6 #edges
0 6
6 9
6 7
6 1
1 3
1 11
6 #edges
0 6
6 7
6 1
3 9
1 3
1 11
6 #edges
0 6
9 3
6 7
6 1
1 9
1 11
6 #edges
0 6
9 3
6 9
6 7
6 1
1 11
2 #trees for patient 19
6 #edges
0 6
9 3
6 9
6 7
6 1
1 11
6 #edges
0 6
6 7
6 3
6 1
3 9
1 11
6 #trees for patient 20
6 #edges
0 6
6 7
6 3
6 1
3 9
1 11
6 #edges
0 6
6 7
6 3
6 1
3 9
3 11
6 #edges
0 6
6 7
6 3
6 11
3 9
11 1
6 #edges
0 6
6 7
6 3
6 11
3 9
3 1
6 #edges
0 6
6 7
6 3
3 9
3 11
11 1
6 #edges
0 6
6 7
6 3
3 9
3 1
1 11
4 #trees for patient 21
6 #edges
0 6
6 7
6 3
6 1
3 9
1 11
6 #edges
0 6
6 7
6 3
6 11
3 9
11 1
6 #edges
0 6
6 3
6 11
3 9
1 7
11 1
6 #edges
0 6
6 3
6 1
3 9
1 11
11 7
2 #trees for patient 22
6 #edges
0 6
6 7
6 3
6 1
1 9
1 11
6 #edges
0 6
6 7
6 3
6 1
3 9
1 11
3 #trees for patient 23
6 #edges
0 6
6 7
6 3
6 1
3 9
1 11
6 #edges
0 6
9 7
6 3
6 1
3 9
1 11
6 #edges
0 6
6 3
6 1
3 9
3 7
1 11
9 #trees for patient 24
6 #edges
0 6
6 7
6 3
6 1
1 9
1 11
6 #edges
0 6
6 7
6 3
6 1
7 9
1 11
6 #edges
0 6
6 7
6 3
6 1
3 9
1 11
6 #edges
0 6
6 7
6 3
6 1
1 11
11 9
6 #edges
0 6
6 9
6 3
6 1
1 11
11 7
6 #edges
0 6
6 3
6 1
1 11
11 9
11 7
6 #edges
0 6
6 3
6 1
3 9
1 11
11 7
6 #edges
0 6
6 3
6 1
7 9
1 11
11 7
6 #edges
0 6
6 3
6 1
1 9
1 11
11 7
14 #trees for patient 25
6 #edges
0 6
0 11
9 3
6 9
6 7
6 1
6 #edges
0 6
0 11
6 9
6 7
6 1
1 3
6 #edges
0 6
0 11
6 7
6 3
6 1
3 9
6 #edges
0 6
0 11
6 7
6 3
6 1
1 9
6 #edges
0 6
0 11
6 7
6 1
1 9
1 3
6 #edges
0 6
0 11
9 3
6 7
6 1
1 9
6 #edges
0 6
0 11
6 7
6 1
3 9
1 3
6 #edges
0 6
9 3
6 9
6 7
6 1
1 11
6 #edges
0 6
6 9
6 7
6 1
1 3
1 11
6 #edges
0 6
6 7
6 3
6 1
3 9
1 11
6 #edges
0 6
6 7
6 3
6 1
1 9
1 11
6 #edges
0 6
9 3
6 7
6 1
1 9
1 11
6 #edges
0 6
6 7
6 1
1 9
1 3
1 11
6 #edges
0 6
6 7
6 1
3 9
1 3
1 11
12 #trees for patient 26
6 #edges
0 6
6 7
6 3
6 1
7 11
3 9
6 #edges
0 6
6 7
6 3
6 1
3 9
1 11
6 #edges
0 6
9 3
6 9
6 7
6 1
1 11
6 #edges
0 6
9 3
6 9
6 7
6 1
7 11
6 #edges
0 6
9 3
6 9
6 7
6 11
7 1
6 #edges
0 6
9 3
6 9
6 7
7 1
1 11
6 #edges
0 6
9 3
6 9
6 7
7 11
11 1
6 #edges
0 6
9 3
6 9
6 7
6 11
11 1
6 #edges
0 6
6 7
6 3
7 1
3 9
1 11
6 #edges
0 6
6 7
6 3
6 11
7 1
3 9
6 #edges
0 6
6 7
6 3
7 11
3 9
11 1
6 #edges
0 6
6 7
6 3
6 11
3 9
11 1
3 #trees for patient 27
6 #edges
0 6
6 9
6 7
6 3
6 1
1 11
6 #edges
0 6
9 3
6 9
6 7
6 1
1 11
6 #edges
0 6
6 7
6 3
6 1
3 9
1 11
14 #trees for patient 28
6 #edges
0 6
6 7
6 1
7 9
7 3
1 11
6 #edges
0 6
6 7
6 3
6 1
7 9
1 11
6 #edges
0 6
9 3
6 7
6 1
7 9
1 11
6 #edges
0 6
6 7
6 1
7 3
3 9
1 11
6 #edges
0 6
6 9
6 7
6 1
7 3
1 11
6 #edges
0 6
9 3
6 9
6 7
6 1
1 11
6 #edges
0 6
6 7
6 3
6 1
3 9
1 11
6 #edges
0 6
6 7
6 11
7 9
7 3
11 1
6 #edges
0 6
6 7
6 11
7 3
3 9
11 1
6 #edges
0 6
6 9
6 7
6 11
7 3
11 1
6 #edges
0 6
9 3
6 7
6 11
7 9
11 1
6 #edges
0 6
6 7
6 3
6 11
7 9
11 1
6 #edges
0 6
9 3
6 9
6 7
6 11
11 1
6 #edges
0 6
6 7
6 3
6 11
3 9
11 1
21 #trees for patient 29
6 #edges
0 6
0 7
6 3
6 11
3 9
11 1
6 #edges
0 6
0 7
9 1
6 3
6 11
3 9
6 #edges
0 6
0 7
6 3
6 1
3 9
1 11
6 #edges
0 6
0 7
9 11
6 3
6 1
3 9
6 #edges
0 6
0 7
9 1
9 11
6 3
3 9
6 #edges
0 6
0 7
9 1
6 3
3 9
1 11
6 #edges
0 6
0 7
9 11
6 3
3 9
11 1
6 #edges
0 6
6 7
6 3
6 1
3 9
1 11
6 #edges
0 6
9 11
6 7
6 3
6 1
3 9
6 #edges
0 6
6 7
6 3
6 11
3 9
11 1
6 #edges
0 6
9 1
6 7
6 3
6 11
3 9
6 #edges
0 6
9 1
6 7
6 3
3 9
1 11
6 #edges
0 6
9 1
9 11
6 7
6 3
3 9
6 #edges
0 6
9 11
6 7
6 3
3 9
11 1
6 #edges
0 6
9 7
6 3
6 1
3 9
1 11
6 #edges
0 6
9 7
9 11
6 3
6 1
3 9
6 #edges
0 6
9 7
9 1
6 3
6 11
3 9
6 #edges
0 6
9 7
6 3
6 11
3 9
11 1
6 #edges
0 6
9 7
9 1
6 3
3 9
1 11
6 #edges
0 6
9 7
9 1
9 11
6 3
3 9
6 #edges
0 6
9 7
9 11
6 3
3 9
11 1
14 #trees for patient 30
6 #edges
0 6
6 7
6 3
6 11
3 9
11 1
6 #edges
0 6
9 1
6 7
6 3
6 11
3 9
6 #edges
0 6
6 7
6 3
6 1
3 9
1 11
6 #edges
0 6
9 11
6 7
6 3
6 1
3 9
6 #edges
0 6
9 1
9 11
6 9
6 3
3 7
6 #edges
0 6
9 11
6 9
6 3
3 7
3 1
6 #edges
0 6
9 11
6 9
6 3
3 7
11 1
6 #edges
0 6
9 1
6 9
6 3
3 7
1 11
6 #edges
0 6
9 1
6 9
6 3
3 7
3 11
6 #edges
0 6
6 9
6 3
3 7
3 1
1 11
6 #edges
0 6
6 9
6 3
3 7
3 11
11 1
6 #edges
0 6
9 1
9 11
6 7
6 3
3 9
6 #edges
0 6
9 1
6 7
6 3
3 9
1 11
6 #edges
0 6
9 11
6 7
6 3
3 9
11 1
2 #trees for patient 31
6 #edges
0 6
6 7
6 3
6 1
3 9
1 11
6 #edges
0 6
9 3
6 9
6 7
6 1
1 11
14 #trees for patient 32
6 #edges
0 6
6 3
6 11
3 7
1 9
11 1
6 #edges
0 6
6 3
6 1
3 7
1 11
11 9
6 #edges
0 6
6 7
6 3
6 1
3 9
1 11
6 #edges
0 6
6 7
6 3
6 1
1 11
11 9
6 #edges
0 6
6 7
6 3
6 11
1 9
11 1
6 #edges
0 6
6 7
6 3
6 11
3 9
11 1
6 #edges
0 6
9 7
6 3
6 11
3 9
11 1
6 #edges
0 6
6 3
6 11
3 9
1 7
11 1
6 #edges
0 6
6 3
6 11
1 9
1 7
11 1
6 #edges
0 6
9 7
6 3
6 11
1 9
11 1
6 #edges
0 6
9 7
6 3
6 1
3 9
1 11
6 #edges
0 6
6 3
6 1
3 9
1 11
11 7
6 #edges
0 6
6 3
6 1
1 11
11 9
11 7
6 #edges
0 6
9 7
6 3
6 1
1 11
11 9
3 #trees for patient 33
6 #edges
0 6
0 7
6 3
6 1
3 9
1 11
6 #edges
0 6
6 3
6 1
3 9
1 7
1 11
6 #edges
0 6
6 7
6 3
6 1
3 9
1 11
6 #trees for patient 34
6 #edges
0 6
6 7
6 3
6 1
7 11
3 9
6 #edges
0 6
6 7
6 3
6 1
3 9
1 11
6 #edges
0 6
9 11
6 7
6 3
6 1
3 9
6 #edges
0 6
9 7
6 3
6 1
6 11
3 9
6 #edges
0 6
9 7
6 3
6 1
3 9
1 11
6 #edges
0 6
9 7
6 3
6 1
7 11
3 9
8 #trees for patient 35
6 #edges
0 6
0 7
6 3
6 11
3 9
11 1
6 #edges
0 6
0 7
9 3
6 9
6 11
11 1
6 #edges
0 6
0 7
9 3
6 9
6 1
1 11
6 #edges
0 6
0 7
6 3
6 1
3 9
1 11
6 #edges
0 6
9 3
6 9
6 7
6 11
11 1
6 #edges
0 6
6 7
6 3
6 11
3 9
11 1
6 #edges
0 6
6 7
6 3
6 1
3 9
1 11
6 #edges
0 6
9 3
6 9
6 7
6 1
1 11
7 #trees for patient 36
6 #edges
0 6
6 7
6 3
6 1
3 9
1 11
6 #edges
0 6
6 7
6 3
6 1
1 11
11 9
6 #edges
0 6
6 3
6 1
3 7
1 11
11 9
6 #edges
0 6
9 7
6 3
6 1
3 9
1 11
6 #edges
0 6
6 3
6 1
3 9
1 11
11 7
6 #edges
0 6
6 3
6 1
1 11
11 9
11 7
6 #edges
0 6
9 7
6 3
6 1
1 11
11 9
20 #trees for patient 37
6 #edges
0 6
6 7
6 3
6 1
7 9
7 11
6 #edges
0 6
6 7
6 3
6 1
7 9
3 11
6 #edges
0 6
6 7
6 3
6 1
7 9
1 11
6 #edges
0 6
9 11
6 7
6 3
6 1
7 9
6 #edges
0 6
6 7
6 3
6 1
3 9
1 11
6 #edges
0 6
6 7
6 3
6 1
7 11
3 9
6 #edges
0 6
9 11
6 7
6 3
6 1
3 9
6 #edges
0 6
6 7
6 1
6 11
7 9
7 3
6 #edges
0 6
6 7
6 1
6 11
7 3
3 9
6 #edges
0 6
6 7
6 1
7 9
7 3
1 11
6 #edges
0 6
6 9
6 7
6 1
7 3
1 11
6 #edges
0 6
6 7
6 1
7 3
3 9
1 11
6 #edges
0 6
6 7
6 1
7 9
7 3
7 11
6 #edges
0 6
6 7
6 1
7 3
7 11
3 9
6 #edges
0 6
6 9
6 7
6 1
7 3
7 11
6 #edges
0 6
6 9
6 7
6 1
7 3
3 11
6 #edges
0 6
6 7
6 1
7 9
7 3
3 11
6 #edges
0 6
9 11
6 7
6 1
7 3
3 9
6 #edges
0 6
9 11
6 7
6 1
7 9
7 3
6 #edges
0 6
9 11
6 9
6 7
6 1
7 3
12 #trees for patient 38
6 #edges
0 6
0 11
6 7
6 3
6 1
3 9
6 #edges
0 6
0 11
6 7
6 3
6 1
7 9
6 #edges
0 6
0 11
6 9
6 7
6 1
7 3
6 #edges
0 6
0 11
6 7
6 1
7 3
3 9
6 #edges
0 6
6 7
6 3
6 1
7 11
3 9
6 #edges
0 6
6 7
6 3
6 1
3 9
1 11
6 #edges
0 6
6 7
6 3
6 1
7 9
1 11
6 #edges
0 6
6 7
6 3
6 1
7 9
7 11
6 #edges
0 6
6 9
6 7
6 1
7 3
7 11
6 #edges
0 6
6 9
6 7
6 1
7 3
1 11
6 #edges
0 6
6 7
6 1
7 3
7 11
3 9
6 #edges
0 6
6 7
6 1
7 3
3 9
1 11
4 #trees for patient 39
6 #edges
0 6
6 7
6 3
6 1
3 9
1 11
6 #edges
0 6
6 7
6 3
6 1
1 11
11 9
6 #edges
0 6
6 7
6 3
6 11
1 9
11 1
6 #edges
0 6
6 7
6 3
6 11
3 9
11 1
14 #trees for patient 40
6 #edges
0 6
9 3
6 9
6 7
6 1
3 11
6 #edges
0 6
9 3
6 9
6 7
6 1
1 11
6 #edges
0 6
6 7
6 3
6 1
3 9
1 11
6 #edges
0 6
9 11
6 7
6 3
6 1
3 9
6 #edges
0 6
9 1
9 11
6 7
6 3
3 9
6 #edges
0 6
9 1
6 7
6 3
6 11
3 9
6 #edges
0 6
9 1
6 7
6 3
3 9
1 11
6 #edges
0 6
6 7
6 3
6 11
3 9
11 1
6 #edges
0 6
9 11
6 7
6 3
3 9
11 1
6 #edges
0 6
9 3
6 9
6 7
3 1
1 11
6 #edges
0 6
9 3
6 9
6 7
3 1
3 11
6 #edges
0 6
9 3
6 9
6 7
6 11
3 1
6 #edges
0 6
9 3
6 9
6 7
3 11
11 1
6 #edges
0 6
9 3
6 9
6 7
6 11
11 1
5 #trees for patient 41
6 #edges
0 6
6 7
6 3
6 1
3 9
1 11
6 #edges
0 6
9 11
6 7
6 3
6 1
3 9
6 #edges
0 6
6 7
6 3
6 1
3 9
3 11
6 #edges
0 6
6 7
6 3
6 1
3 11
1 9
6 #edges
0 6
9 11
6 7
6 3
6 1
1 9
56 #trees for patient 42
6 #edges
0 6
0 11
6 7
6 3
3 9
11 1
6 #edges
0 6
0 11
6 7
6 3
7 9
11 1
6 #edges
0 6
0 1
0 11
6 7
6 3
3 9
6 #edges
0 6
0 1
0 11
6 7
6 3
7 9
6 #edges
0 6
0 11
6 7
6 3
6 1
3 9
6 #edges
0 6
0 11
6 7
6 3
6 1
7 9
6 #edges
0 6
0 11
9 3
6 9
6 7
6 1
6 #edges
0 6
0 11
6 9
6 7
6 1
7 3
6 #edges
0 6
0 11
9 3
6 7
6 1
7 9
6 #edges
0 6
0 11
6 7
6 1
7 9
7 3
6 #edges
0 6
0 11
6 7
6 1
7 3
3 9
6 #edges
0 6
0 1
0 11
9 3
6 7
7 9
6 #edges
0 6
0 11
9 3
6 7
7 9
11 1
6 #edges
0 6
0 1
0 11
6 7
7 9
7 3
6 #edges
0 6
0 11
6 7
7 9
7 3
11 1
6 #edges
0 6
0 11
6 9
6 7
7 3
11 1
6 #edges
0 6
0 11
9 3
6 9
6 7
11 1
6 #edges
0 6
0 11
6 7
7 3
3 9
11 1
6 #edges
0 6
0 1
0 11
9 3
6 9
6 7
6 #edges
0 6
0 1
0 11
6 9
6 7
7 3
6 #edges
0 6
0 1
0 11
6 7
7 3
3 9
6 #edges
0 6
0 1
6 9
6 7
6 11
7 3
6 #edges
0 6
0 1
6 9
6 7
7 3
1 11
6 #edges
0 6
0 1
6 7
6 11
7 3
3 9
6 #edges
0 6
0 1
6 7
7 3
3 9
1 11
6 #edges
0 6
0 1
6 7
6 11
7 9
7 3
6 #edges
0 6
0 1
6 7
7 9
7 3
1 11
6 #edges
0 6
0 1
6 7
6 3
6 11
7 9
6 #edges
0 6
0 1
6 7
6 3
6 11
3 9
6 #edges
0 6
0 1
6 7
6 3
7 9
1 11
6 #edges
0 6
0 1
6 7
6 3
3 9
1 11
6 #edges
0 6
0 1
9 3
6 7
6 11
7 9
6 #edges
0 6
0 1
9 3
6 9
6 7
6 11
6 #edges
0 6
0 1
9 3
6 7
7 9
1 11
6 #edges
0 6
0 1
9 3
6 9
6 7
1 11
6 #edges
0 6
9 3
6 9
6 7
6 1
6 11
6 #edges
0 6
9 3
6 9
6 7
6 1
1 11
6 #edges
0 6
6 9
6 7
6 1
7 3
1 11
6 #edges
0 6
6 9
6 7
6 1
6 11
7 3
6 #edges
0 6
9 3
6 9
6 7
6 11
11 1
6 #edges
0 6
6 9
6 7
6 11
7 3
11 1
6 #edges
0 6
6 7
6 3
6 1
6 11
7 9
6 #edges
0 6
6 7
6 1
6 11
7 9
7 3
6 #edges
0 6
9 3
6 7
6 1
6 11
7 9
6 #edges
0 6
6 7
6 3
6 1
6 11
3 9
6 #edges
0 6
6 7
6 1
6 11
7 3
3 9
6 #edges
0 6
6 7
6 3
6 11
7 9
11 1
6 #edges
0 6
6 7
6 3
6 11
3 9
11 1
6 #edges
0 6
9 3
6 7
6 11
7 9
11 1
6 #edges
0 6
6 7
6 11
7 9
7 3
11 1
6 #edges
0 6
6 7
6 11
7 3
3 9
11 1
6 #edges
0 6
6 7
6 1
7 9
7 3
1 11
6 #edges
0 6
6 7
6 3
6 1
7 9
1 11
6 #edges
0 6
9 3
6 7
6 1
7 9
1 11
6 #edges
0 6
6 7
6 3
6 1
3 9
1 11
6 #edges
0 6
6 7
6 1
7 3
3 9
1 11
2 #trees for patient 43
6 #edges
0 6
6 7
6 3
6 1
3 9
1 11
6 #edges
0 6
9 3
6 9
6 7
6 1
1 11
6 #trees for patient 44
6 #edges
0 6
6 7
6 3
6 1
3 9
1 11
6 #edges
0 6
6 7
6 3
6 1
7 9
1 11
6 #edges
0 6
9 3
6 7
6 1
7 9
1 11
6 #edges
0 6
6 9
6 7
6 1
7 3
1 11
6 #edges
0 6
9 3
6 9
6 7
6 1
1 11
6 #edges
0 6
6 7
6 1
7 3
3 9
1 11
4 #trees for patient 45
6 #edges
0 6
6 9
6 7
6 3
6 1
1 11
6 #edges
0 6
6 7
6 3
6 1
3 9
1 11
6 #edges
0 6
6 9
6 7
6 3
6 11
11 1
6 #edges
0 6
6 7
6 3
6 11
3 9
11 1
2 #trees for patient 46
6 #edges
0 6
6 7
6 3
6 1
7 9
1 11
6 #edges
0 6
6 7
6 3
6 1
3 9
1 11
6 #trees for patient 47
6 #edges
0 6
6 7
6 3
6 1
3 9
1 11
6 #edges
0 6
6 7
6 3
6 11
3 9
11 1
6 #edges
0 6
6 3
6 11
3 9
3 7
11 1
6 #edges
0 6
6 3
6 11
3 9
1 7
11 1
6 #edges
0 6
6 3
6 1
3 9
1 11
11 7
6 #edges
0 6
6 3
6 1
3 9
3 7
1 11
2 #trees for patient 48
6 #edges
0 6
6 7
6 3
6 1
3 9
1 11
6 #edges
0 6
6 7
6 3
6 11
3 9
11 1
8 #trees for patient 49
6 #edges
0 6
6 7
6 3
6 1
3 9
1 11
6 #edges
0 6
6 7
6 3
6 1
7 9
1 11
6 #edges
0 6
6 9
6 7
6 1
7 3
1 11
6 #edges
0 6
6 7
6 1
7 3
3 9
1 11
6 #edges
0 6
6 7
6 3
6 11
3 9
11 1
6 #edges
0 6
6 7
6 3
6 11
7 9
11 1
6 #edges
0 6
6 9
6 7
6 11
7 3
11 1
6 #edges
0 6
6 7
6 11
7 3
3 9
11 1
