50 # patients
7 #trees for patient 0
6 #edges
6 1
11 3
11 7
0 6
0 11
1 9
6 #edges
6 3
6 1
11 7
0 6
0 11
1 9
6 #edges
6 1
11 7
0 6
0 11
1 9
7 3
6 #edges
6 1
11 3
3 7
0 6
0 11
1 9
6 #edges
6 1
6 7
11 3
0 6
0 11
1 9
6 #edges
6 1
6 7
0 6
0 11
1 9
7 3
6 #edges
6 3
6 1
3 7
0 6
0 11
1 9
8 #trees for patient 1
6 #edges
6 3
6 1
3 7
0 6
0 11
1 9
6 #edges
6 3
6 1
0 6
0 11
1 9
9 7
6 #edges
6 3
6 9
3 7
0 6
0 11
9 1
6 #edges
6 3
6 9
0 6
0 11
1 7
9 1
6 #edges
6 3
6 1
3 11
3 7
0 6
1 9
6 #edges
6 3
6 1
3 11
0 6
1 9
9 7
6 #edges
6 3
6 9
3 11
3 7
0 6
9 1
6 #edges
6 3
6 9
3 11
0 6
1 7
9 1
3 #trees for patient 2
6 #edges
6 3
6 1
11 9
3 7
0 6
0 11
6 #edges
6 3
6 1
3 7
0 6
0 11
1 9
6 #edges
6 3
6 1
3 7
0 6
0 11
7 9
8 #trees for patient 3
6 #edges
6 3
6 1
6 7
3 9
0 6
0 11
6 #edges
6 3
6 1
6 7
0 6
0 11
1 9
6 #edges
6 3
6 1
3 7
3 9
0 6
0 11
6 #edges
6 3
6 1
3 7
0 6
0 11
1 9
6 #edges
6 3
6 1
6 7
0 6
1 11
1 9
6 #edges
6 3
6 1
6 7
3 9
0 6
1 11
6 #edges
6 3
6 1
3 7
0 6
1 11
1 9
6 #edges
6 3
6 1
3 7
3 9
0 6
1 11
2 #trees for patient 4
6 #edges
6 3
6 1
3 7
0 6
0 11
1 9
6 #edges
6 3
6 1
3 7
0 6
0 11
7 9
13 #trees for patient 5
6 #edges
6 3
11 1
11 9
3 7
0 6
0 11
6 #edges
6 3
11 1
3 7
0 6
0 11
1 9
6 #edges
6 3
6 9
11 1
3 7
0 6
0 11
6 #edges
6 3
11 1
3 7
0 6
0 11
7 9
6 #edges
6 3
6 1
11 9
3 7
0 6
0 11
6 #edges
6 3
11 9
3 7
0 6
0 11
7 1
6 #edges
6 3
11 9
3 7
0 6
0 11
9 1
6 #edges
6 3
3 7
0 6
0 11
1 9
7 1
6 #edges
6 3
6 9
3 7
0 6
0 11
7 1
6 #edges
6 3
6 1
3 7
0 6
0 11
1 9
6 #edges
6 3
6 1
3 7
0 6
0 11
7 9
6 #edges
6 3
6 9
3 7
0 6
0 11
9 1
6 #edges
6 3
3 7
0 6
0 11
7 9
9 1
4 #trees for patient 6
6 #edges
6 3
6 9
3 7
0 6
0 11
9 1
6 #edges
6 3
6 1
3 7
0 6
0 11
1 9
6 #edges
6 3
6 1
3 7
0 6
1 9
9 11
6 #edges
6 3
6 9
3 7
0 6
1 11
9 1
12 #trees for patient 7
6 #edges
6 3
6 9
3 7
0 6
0 11
9 1
6 #edges
6 3
6 9
3 7
0 6
0 11
7 1
6 #edges
6 3
3 7
0 6
0 11
1 9
7 1
6 #edges
6 3
6 1
3 7
0 6
0 11
7 9
6 #edges
6 3
3 7
0 6
0 11
7 9
9 1
6 #edges
6 3
6 1
3 7
0 6
0 11
1 9
6 #edges
6 7
6 9
0 6
0 11
7 3
9 1
6 #edges
6 7
6 9
3 1
0 6
0 11
7 3
6 #edges
6 1
6 7
3 9
0 6
0 11
7 3
6 #edges
6 1
6 7
0 6
0 11
1 9
7 3
6 #edges
6 7
3 9
0 6
0 11
7 3
9 1
6 #edges
6 7
3 1
0 6
0 11
1 9
7 3
33 #trees for patient 8
6 #edges
6 3
0 6
0 11
0 7
0 9
7 1
6 #edges
6 3
0 6
0 11
0 7
0 9
9 1
6 #edges
6 3
3 1
0 6
0 11
0 7
0 9
6 #edges
6 3
6 1
0 6
0 11
0 7
0 9
6 #edges
6 3
3 7
0 6
0 11
0 9
9 1
6 #edges
6 3
3 7
0 6
0 11
0 1
0 9
6 #edges
6 3
6 1
3 7
0 6
0 11
0 9
6 #edges
6 3
3 7
0 6
0 11
0 9
7 1
6 #edges
6 3
0 6
0 11
0 1
0 7
1 9
6 #edges
6 3
3 7
0 6
0 11
0 1
1 9
6 #edges
6 3
6 9
0 6
0 11
0 1
0 7
6 #edges
6 3
3 9
0 6
0 11
0 1
0 7
6 #edges
6 3
0 6
0 11
0 1
0 7
7 9
6 #edges
6 3
6 9
3 7
0 6
0 11
0 1
6 #edges
6 3
3 7
0 6
0 11
0 1
7 9
6 #edges
6 3
0 6
0 11
0 7
1 9
7 1
6 #edges
6 3
6 9
0 6
0 11
0 7
7 1
6 #edges
6 3
3 9
0 6
0 11
0 7
7 1
6 #edges
6 3
6 1
0 6
0 11
0 7
7 9
6 #edges
6 3
0 6
0 11
0 7
7 9
9 1
6 #edges
6 3
3 1
0 6
0 11
0 7
7 9
6 #edges
6 3
6 9
3 1
0 6
0 11
0 7
6 #edges
6 3
6 9
0 6
0 11
0 7
9 1
6 #edges
6 3
3 9
0 6
0 11
0 7
9 1
6 #edges
6 3
6 1
3 9
0 6
0 11
0 7
6 #edges
6 3
3 1
0 6
0 11
0 7
1 9
6 #edges
6 3
6 1
0 6
0 11
0 7
1 9
6 #edges
6 3
6 1
3 7
0 6
0 11
7 9
6 #edges
6 3
6 1
3 7
0 6
0 11
1 9
6 #edges
6 3
6 9
3 7
0 6
0 11
9 1
6 #edges
6 3
6 9
3 7
0 6
0 11
7 1
6 #edges
6 3
3 7
0 6
0 11
1 9
7 1
6 #edges
6 3
3 7
0 6
0 11
7 9
9 1
6 #trees for patient 9
6 #edges
6 3
6 1
3 7
0 6
0 11
0 9
6 #edges
6 3
3 7
0 6
0 11
0 9
9 1
6 #edges
6 3
3 7
0 6
0 11
0 1
1 9
6 #edges
6 3
6 9
3 7
0 6
0 11
0 1
6 #edges
6 3
6 9
3 7
0 6
0 11
9 1
6 #edges
6 3
6 1
3 7
0 6
0 11
1 9
6 #trees for patient 10
6 #edges
6 1
6 7
6 9
0 6
0 11
7 3
6 #edges
6 1
6 7
0 6
0 11
1 9
7 3
6 #edges
6 1
6 7
3 9
0 6
0 11
7 3
6 #edges
6 3
6 1
3 7
0 6
0 11
7 9
6 #edges
6 3
6 1
6 9
3 7
0 6
0 11
6 #edges
6 3
6 1
3 7
0 6
0 11
1 9
16 #trees for patient 11
6 #edges
6 7
6 9
3 1
0 6
0 11
7 3
6 #edges
6 1
6 7
3 9
0 6
0 11
7 3
6 #edges
6 1
6 7
0 6
0 11
1 9
7 3
6 #edges
6 7
3 1
0 6
0 11
1 9
7 3
6 #edges
6 3
6 9
3 7
0 6
0 11
7 1
6 #edges
6 3
3 7
0 6
0 11
1 9
7 1
6 #edges
6 3
6 1
3 7
0 6
0 11
7 9
6 #edges
6 3
6 1
3 7
0 6
0 11
1 9
6 #edges
6 11
6 7
6 9
3 1
0 6
7 3
6 #edges
6 11
6 1
6 7
3 9
0 6
7 3
6 #edges
6 11
6 1
6 7
0 6
1 9
7 3
6 #edges
6 11
6 7
3 1
0 6
1 9
7 3
6 #edges
6 11
6 3
6 1
3 7
0 6
1 9
6 #edges
6 11
6 3
6 1
3 7
0 6
7 9
6 #edges
6 11
6 3
6 9
3 7
0 6
7 1
6 #edges
6 11
6 3
3 7
0 6
1 9
7 1
26 #trees for patient 12
6 #edges
6 3
6 1
0 6
0 11
0 7
1 9
6 #edges
6 1
0 6
0 11
0 7
1 9
7 3
6 #edges
6 1
0 6
0 11
0 7
1 9
9 3
6 #edges
6 1
6 7
0 6
0 11
0 3
1 9
6 #edges
6 1
3 7
0 6
0 11
0 3
1 9
6 #edges
6 1
0 6
0 11
0 3
1 9
9 7
6 #edges
6 3
6 1
0 6
0 11
1 9
9 7
6 #edges
6 3
6 1
3 7
0 6
0 11
1 9
6 #edges
6 1
3 7
0 6
0 11
1 9
9 3
6 #edges
6 1
0 6
0 11
1 9
9 3
9 7
6 #edges
6 1
6 7
0 6
0 11
1 9
9 3
6 #edges
6 1
6 7
0 6
0 11
1 9
7 3
6 #edges
6 1
0 6
0 11
1 9
7 3
9 7
6 #edges
6 3
6 1
0 6
0 7
1 11
1 9
6 #edges
6 1
0 6
0 7
1 11
1 9
7 3
6 #edges
6 1
0 6
0 7
1 11
1 9
9 3
6 #edges
6 1
3 7
0 6
0 3
1 11
1 9
6 #edges
6 1
6 7
0 6
0 3
1 11
1 9
6 #edges
6 1
0 6
0 3
1 11
1 9
9 7
6 #edges
6 3
6 1
3 7
0 6
1 11
1 9
6 #edges
6 3
6 1
0 6
1 11
1 9
9 7
6 #edges
6 1
6 7
0 6
1 11
1 9
7 3
6 #edges
6 1
6 7
0 6
1 11
1 9
9 3
6 #edges
6 1
0 6
1 11
1 9
9 3
9 7
6 #edges
6 1
0 6
1 11
1 9
7 3
9 7
6 #edges
6 1
3 7
0 6
1 11
1 9
9 3
4 #trees for patient 13
6 #edges
6 3
6 1
3 7
0 6
0 11
0 9
6 #edges
6 3
6 1
3 11
3 7
0 6
0 9
6 #edges
6 3
6 1
3 7
0 6
0 11
1 9
6 #edges
6 3
6 1
3 11
3 7
0 6
1 9
4 #trees for patient 14
6 #edges
6 3
6 1
3 7
0 6
0 9
1 11
6 #edges
6 3
6 1
11 9
3 7
0 6
0 11
6 #edges
6 3
6 1
3 7
0 6
0 11
1 9
6 #edges
6 3
6 1
11 9
3 7
0 6
1 11
4 #trees for patient 15
6 #edges
6 3
6 9
3 7
0 6
0 11
9 1
6 #edges
6 3
6 9
0 6
0 11
1 7
9 1
6 #edges
6 3
6 1
3 7
0 6
0 11
1 9
6 #edges
6 3
6 1
0 6
0 11
1 9
9 7
18 #trees for patient 16
6 #edges
6 3
6 9
0 6
0 11
0 7
9 1
6 #edges
6 3
6 9
11 1
0 6
0 11
0 7
6 #edges
6 3
6 1
0 6
0 11
0 7
1 9
6 #edges
6 3
6 1
11 9
0 6
0 11
0 7
6 #edges
6 3
11 9
0 6
0 11
0 7
9 1
6 #edges
6 3
11 1
0 6
0 11
0 7
1 9
6 #edges
6 3
6 1
6 7
11 9
0 6
0 11
6 #edges
6 3
6 1
6 7
0 6
0 11
1 9
6 #edges
6 3
6 7
11 9
0 6
0 11
9 1
6 #edges
6 3
6 7
6 9
0 6
0 11
9 1
6 #edges
6 3
6 7
6 9
11 1
0 6
0 11
6 #edges
6 3
6 7
11 1
0 6
0 11
1 9
6 #edges
6 3
6 1
3 7
0 6
0 11
1 9
6 #edges
6 3
6 1
11 9
3 7
0 6
0 11
6 #edges
6 3
6 9
11 1
3 7
0 6
0 11
6 #edges
6 3
11 1
3 7
0 6
0 11
1 9
6 #edges
6 3
6 9
3 7
0 6
0 11
9 1
6 #edges
6 3
11 9
3 7
0 6
0 11
9 1
26 #trees for patient 17
6 #edges
6 1
6 7
0 6
0 11
1 9
7 3
6 #edges
6 1
6 7
0 6
0 11
1 9
9 3
6 #edges
6 3
6 1
3 7
0 6
0 11
1 9
6 #edges
6 3
6 1
0 6
0 11
1 9
9 7
6 #edges
6 1
0 6
0 11
1 9
9 3
9 7
6 #edges
6 1
0 6
0 11
1 9
7 3
9 7
6 #edges
6 1
3 7
0 6
0 11
1 9
9 3
6 #edges
6 3
6 1
3 11
0 6
1 9
9 7
6 #edges
6 3
6 1
3 7
0 6
1 9
7 11
6 #edges
6 3
6 1
3 7
0 6
1 9
9 11
6 #edges
6 3
6 1
0 6
1 9
9 11
9 7
6 #edges
6 3
6 1
0 6
1 9
7 11
9 7
6 #edges
6 1
6 7
0 6
1 9
7 11
9 3
6 #edges
6 1
6 7
0 6
1 9
7 3
9 11
6 #edges
6 1
6 7
3 11
0 6
1 9
7 3
6 #edges
6 1
6 7
3 11
0 6
1 9
9 3
6 #edges
6 1
6 7
0 6
1 9
9 11
9 3
6 #edges
6 11
6 1
3 7
0 6
1 9
9 3
6 #edges
6 1
3 7
0 6
1 9
9 11
9 3
6 #edges
6 1
3 7
0 6
1 9
7 11
9 3
6 #edges
6 1
3 11
0 6
1 9
9 3
9 7
6 #edges
6 11
6 1
0 6
1 9
9 3
9 7
6 #edges
6 1
0 6
1 9
7 11
9 3
9 7
6 #edges
6 1
0 6
1 9
7 3
9 11
9 7
6 #edges
6 11
6 1
0 6
1 9
7 3
9 7
6 #edges
6 1
3 11
0 6
1 9
7 3
9 7
14 #trees for patient 18
6 #edges
6 3
6 1
11 9
3 7
0 6
0 11
6 #edges
6 1
6 7
11 9
0 6
0 11
7 3
6 #edges
6 7
11 9
0 6
0 11
7 3
9 1
6 #edges
6 7
11 1
11 9
0 6
0 11
7 3
6 #edges
6 3
11 9
3 7
0 6
0 11
9 1
6 #edges
6 3
11 1
11 9
3 7
0 6
0 11
6 #edges
6 3
6 9
11 1
3 7
0 6
0 11
6 #edges
6 3
6 9
3 7
0 6
0 11
9 1
6 #edges
6 7
6 9
11 1
0 6
0 11
7 3
6 #edges
6 7
6 9
0 6
0 11
7 3
9 1
6 #edges
6 1
6 7
0 6
0 11
1 9
7 3
6 #edges
6 7
11 1
0 6
0 11
1 9
7 3
6 #edges
6 3
6 1
3 7
0 6
0 11
1 9
6 #edges
6 3
11 1
3 7
0 6
0 11
1 9
36 #trees for patient 19
6 #edges
6 1
6 7
0 6
0 11
1 9
9 3
6 #edges
6 1
6 7
0 6
0 11
1 9
7 3
6 #edges
6 7
6 9
0 6
0 11
7 3
9 1
6 #edges
6 7
6 9
0 6
0 11
1 3
9 1
6 #edges
6 9
0 6
0 11
1 7
7 3
9 1
6 #edges
6 3
6 9
0 6
0 11
1 7
9 1
6 #edges
6 9
3 7
0 6
0 11
1 3
9 1
6 #edges
6 3
6 9
3 7
0 6
0 11
9 1
6 #edges
6 3
6 1
3 7
0 6
0 11
1 9
6 #edges
6 3
6 1
0 6
0 11
1 9
9 7
6 #edges
6 1
0 6
0 11
1 9
7 3
9 7
6 #edges
6 1
3 7
0 6
0 11
1 9
9 3
6 #edges
6 11
6 1
3 7
0 6
1 9
9 3
6 #edges
6 11
6 1
0 6
1 9
7 3
9 7
6 #edges
6 11
6 9
0 6
1 7
7 3
9 1
6 #edges
6 11
6 9
3 7
0 6
1 3
9 1
6 #edges
6 3
6 9
0 6
1 7
7 11
9 1
6 #edges
6 3
6 9
3 11
0 6
1 7
9 1
6 #edges
6 9
3 11
0 6
1 7
7 3
9 1
6 #edges
6 7
6 9
0 6
1 11
7 3
9 1
6 #edges
6 3
6 9
3 7
0 6
1 11
9 1
6 #edges
6 7
6 9
0 6
1 3
7 11
9 1
6 #edges
6 7
6 9
3 11
0 6
1 3
9 1
6 #edges
6 7
6 9
3 11
0 6
7 3
9 1
6 #edges
6 3
6 9
3 7
0 6
7 11
9 1
6 #edges
6 9
3 7
0 6
1 3
7 11
9 1
6 #edges
6 1
6 7
0 6
1 9
7 11
9 3
6 #edges
6 1
6 7
3 11
0 6
1 9
9 3
6 #edges
6 1
6 7
0 6
1 9
7 3
9 11
6 #edges
6 1
6 7
3 11
0 6
1 9
7 3
6 #edges
6 3
6 1
3 11
0 6
1 9
9 7
6 #edges
6 3
6 1
3 7
0 6
1 9
9 11
6 #edges
6 3
6 1
0 6
1 9
7 11
9 7
6 #edges
6 3
6 1
3 7
0 6
1 9
7 11
6 #edges
6 1
3 11
0 6
1 9
7 3
9 7
6 #edges
6 1
3 7
0 6
1 9
7 11
9 3
12 #trees for patient 20
6 #edges
6 3
6 1
3 7
0 6
0 11
1 9
6 #edges
6 3
6 1
0 6
0 11
1 9
9 7
6 #edges
6 1
6 7
0 6
0 11
1 9
9 3
6 #edges
6 1
6 7
0 6
0 11
1 9
7 3
6 #edges
6 1
0 6
0 11
1 9
7 3
9 7
6 #edges
6 1
3 7
0 6
0 11
1 9
9 3
6 #edges
6 11
6 1
6 7
0 6
1 9
7 3
6 #edges
6 11
6 1
6 7
0 6
1 9
9 3
6 #edges
6 11
6 3
6 1
3 7
0 6
1 9
6 #edges
6 11
6 3
6 1
0 6
1 9
9 7
6 #edges
6 11
6 1
0 6
1 9
7 3
9 7
6 #edges
6 11
6 1
3 7
0 6
1 9
9 3
14 #trees for patient 21
6 #edges
6 1
6 7
0 6
0 11
1 9
7 3
6 #edges
6 1
6 7
3 9
0 6
0 11
7 3
6 #edges
6 7
6 9
3 1
0 6
0 11
7 3
6 #edges
6 7
3 1
3 9
0 6
0 11
7 3
6 #edges
6 7
3 1
0 6
0 11
1 9
7 3
6 #edges
6 7
3 9
0 6
0 11
7 3
9 1
6 #edges
6 7
6 9
0 6
0 11
7 3
9 1
6 #edges
6 3
6 1
3 7
0 6
0 11
1 9
6 #edges
6 3
6 1
3 7
0 6
0 11
7 9
6 #edges
6 3
6 9
3 7
0 6
0 11
9 1
6 #edges
6 3
6 9
3 7
0 6
0 11
7 1
6 #edges
6 3
3 7
0 6
0 11
7 1
7 9
6 #edges
6 3
3 7
0 6
0 11
7 9
9 1
6 #edges
6 3
3 7
0 6
0 11
1 9
7 1
7 #trees for patient 22
6 #edges
6 1
0 6
0 11
0 3
0 7
1 9
6 #edges
6 1
0 6
0 11
0 7
1 9
7 3
6 #edges
6 3
6 1
0 6
0 11
0 7
1 9
6 #edges
6 1
3 7
0 6
0 11
0 3
1 9
6 #edges
6 1
6 7
0 6
0 11
0 3
1 9
6 #edges
6 3
6 1
3 7
0 6
0 11
1 9
6 #edges
6 1
6 7
0 6
0 11
1 9
7 3
4 #trees for patient 23
6 #edges
6 5
6 9
11 1
0 10
10 6
5 11
6 #edges
6 11
6 9
11 5
0 10
10 6
5 1
6 #edges
6 10
11 1
0 6
10 5
10 9
5 11
6 #edges
6 10
11 5
0 6
10 11
10 9
5 1
2 #trees for patient 24
6 #edges
6 10
11 5
0 6
10 11
10 9
5 1
6 #edges
6 10
11 1
0 6
10 5
10 9
5 11
1 #trees for patient 25
6 #edges
6 10
11 1
0 6
10 5
10 9
5 11
2 #trees for patient 26
6 #edges
6 10
11 1
0 6
10 5
10 9
5 11
6 #edges
6 10
0 6
1 11
10 5
10 9
5 1
4 #trees for patient 27
6 #edges
6 10
11 1
0 6
10 5
10 9
5 11
6 #edges
6 10
11 1
0 6
1 9
10 5
5 11
6 #edges
6 10
11 5
0 6
10 11
10 9
5 1
6 #edges
6 10
11 5
0 6
1 9
10 11
5 1
12 #trees for patient 28
6 #edges
6 10
11 1
0 6
0 9
10 5
5 11
6 #edges
6 10
0 6
0 9
1 11
10 5
5 1
6 #edges
6 5
11 1
0 10
0 9
10 6
5 11
6 #edges
6 5
0 10
0 9
1 11
10 6
5 1
6 #edges
6 5
6 9
0 10
1 11
10 6
5 1
6 #edges
6 5
6 9
11 1
0 10
10 6
5 11
6 #edges
6 5
11 9
0 10
1 11
10 6
5 1
6 #edges
6 5
11 1
0 10
1 9
10 6
5 11
6 #edges
6 10
0 6
1 11
10 5
10 9
5 1
6 #edges
6 10
11 1
0 6
10 5
10 9
5 11
6 #edges
6 10
11 1
0 6
1 9
10 5
5 11
6 #edges
6 10
11 9
0 6
1 11
10 5
5 1
8 #trees for patient 29
6 #edges
6 5
11 1
0 10
0 9
10 6
5 11
6 #edges
6 5
0 10
0 9
1 11
10 6
5 1
6 #edges
6 10
11 1
0 6
0 9
10 5
5 11
6 #edges
6 10
0 6
0 9
1 11
10 5
5 1
6 #edges
6 5
6 9
11 1
0 10
10 6
5 11
6 #edges
6 5
6 9
0 10
1 11
10 6
5 1
6 #edges
6 10
0 6
1 11
10 5
10 9
5 1
6 #edges
6 10
11 1
0 6
10 5
10 9
5 11
12 #trees for patient 30
6 #edges
6 1
6 10
11 5
0 6
10 11
5 9
6 #edges
6 1
6 10
11 5
0 6
10 11
10 9
6 #edges
6 1
6 10
0 6
10 5
10 9
5 11
6 #edges
6 1
6 10
11 9
0 6
10 5
5 11
6 #edges
6 10
0 6
10 1
10 5
10 9
5 11
6 #edges
6 10
11 9
0 6
10 1
10 5
5 11
6 #edges
6 10
11 1
0 6
10 5
10 9
5 11
6 #edges
6 10
11 1
11 9
0 6
10 5
5 11
6 #edges
6 10
11 5
0 6
10 11
10 1
10 9
6 #edges
6 10
11 5
0 6
10 11
10 1
5 9
6 #edges
6 10
11 5
0 6
10 11
10 9
5 1
6 #edges
6 10
11 5
0 6
10 11
5 1
5 9
6 #trees for patient 31
6 #edges
6 5
6 9
0 1
0 10
10 6
5 11
6 #edges
6 5
11 9
0 1
0 10
10 6
5 11
6 #edges
6 10
0 6
0 1
10 5
10 9
5 11
6 #edges
6 10
11 9
0 6
0 1
10 5
5 11
6 #edges
6 5
6 9
11 1
0 10
10 6
5 11
6 #edges
6 10
11 1
0 6
10 5
10 9
5 11
2 #trees for patient 32
6 #edges
6 10
11 1
0 6
10 5
10 9
5 11
6 #edges
6 10
11 1
11 9
0 6
10 5
5 11
8 #trees for patient 33
6 #edges
6 5
6 9
11 1
0 10
10 6
5 11
6 #edges
6 5
11 1
11 9
0 10
10 6
5 11
6 #edges
6 11
11 5
0 10
10 6
5 1
5 9
6 #edges
6 11
6 9
11 5
0 10
10 6
5 1
6 #edges
6 10
11 1
0 6
10 5
10 9
5 11
6 #edges
6 10
11 5
0 6
10 11
10 9
5 1
6 #edges
6 10
11 5
0 6
10 11
5 1
5 9
6 #edges
6 10
11 1
11 9
0 6
10 5
5 11
8 #trees for patient 34
6 #edges
6 5
11 1
11 9
0 10
10 6
5 11
6 #edges
6 5
6 9
11 1
0 10
10 6
5 11
6 #edges
6 11
6 9
11 5
0 10
10 6
5 1
6 #edges
6 11
11 5
0 10
10 6
5 1
5 9
6 #edges
6 10
11 1
11 9
0 6
10 5
5 11
6 #edges
6 10
11 1
0 6
10 5
10 9
5 11
6 #edges
6 10
11 5
0 6
10 11
5 1
5 9
6 #edges
6 10
11 5
0 6
10 11
10 9
5 1
12 #trees for patient 35
6 #edges
6 10
6 9
0 6
1 11
10 5
5 1
6 #edges
6 10
6 9
11 1
0 6
10 5
5 11
6 #edges
6 10
11 1
0 6
10 5
10 9
5 11
6 #edges
6 10
0 6
1 11
10 5
10 9
5 1
6 #edges
6 10
6 9
11 5
0 6
1 11
10 1
6 #edges
6 10
6 9
0 6
1 5
10 1
5 11
6 #edges
6 10
6 9
11 1
0 6
1 5
10 11
6 #edges
6 10
6 9
11 5
0 6
10 11
5 1
6 #edges
6 10
11 5
0 6
1 11
10 1
10 9
6 #edges
6 10
0 6
1 5
10 1
10 9
5 11
6 #edges
6 10
11 5
0 6
10 11
10 9
5 1
6 #edges
6 10
11 1
0 6
1 5
10 11
10 9
16 #trees for patient 36
6 #edges
6 7
6 8
0 1
0 10
1 9
10 6
6 #edges
6 7
0 1
0 10
1 9
10 6
9 8
6 #edges
0 1
0 10
1 9
10 6
9 7
9 8
6 #edges
0 1
0 10
1 9
10 6
9 8
8 7
6 #edges
0 1
0 10
1 7
1 9
10 6
9 8
6 #edges
6 8
0 1
0 10
1 7
1 9
10 6
6 #edges
6 8
0 1
0 10
1 9
10 6
9 7
6 #edges
6 8
0 1
0 10
1 9
10 6
8 7
6 #edges
6 10
0 6
0 1
1 7
1 9
10 8
6 #edges
6 10
0 6
0 1
1 7
1 9
9 8
6 #edges
6 10
0 6
0 1
1 9
10 8
9 7
6 #edges
6 10
0 6
0 1
1 9
9 7
9 8
6 #edges
6 10
0 6
0 1
1 9
10 7
10 8
6 #edges
6 10
0 6
0 1
1 9
10 8
8 7
6 #edges
6 10
0 6
0 1
1 9
10 7
9 8
6 #edges
6 10
0 6
0 1
1 9
9 8
8 7
4 #trees for patient 37
6 #edges
0 1
0 10
1 7
1 8
10 6
8 9
6 #edges
0 1
0 10
1 7
1 9
10 6
9 8
6 #edges
6 10
0 6
0 1
1 7
1 8
8 9
6 #edges
6 10
0 6
0 1
1 7
1 9
9 8
4 #trees for patient 38
6 #edges
6 10
0 6
0 1
1 7
1 9
9 8
6 #edges
6 10
0 6
0 1
1 7
1 8
8 9
6 #edges
0 6
0 1
1 7
1 8
7 10
8 9
6 #edges
0 6
0 1
1 7
1 9
7 10
9 8
4 #trees for patient 39
6 #edges
6 10
0 6
0 1
1 7
1 9
10 8
6 #edges
6 10
0 6
0 1
1 7
1 9
9 8
6 #edges
6 10
6 7
0 6
0 1
1 9
9 8
6 #edges
6 10
6 7
0 6
0 1
1 9
10 8
7 #trees for patient 40
6 #edges
6 10
0 6
0 1
1 7
1 9
9 8
6 #edges
6 10
0 6
0 1
1 7
1 9
7 8
6 #edges
6 10
0 6
0 1
1 7
1 8
8 9
6 #edges
6 10
0 6
0 1
1 7
1 8
7 9
6 #edges
6 10
0 6
0 1
1 7
7 9
9 8
6 #edges
6 10
0 6
0 1
1 7
7 9
7 8
6 #edges
6 10
0 6
0 1
1 7
7 8
8 9
4 #trees for patient 41
6 #edges
0 1
0 10
1 7
1 9
10 6
9 8
6 #edges
0 1
0 10
1 9
10 6
9 8
8 7
6 #edges
6 10
0 6
0 1
1 7
1 9
9 8
6 #edges
6 10
0 6
0 1
1 9
9 8
8 7
2 #trees for patient 42
6 #edges
6 10
0 6
0 1
1 7
1 9
9 8
6 #edges
6 10
0 6
0 1
1 7
1 8
8 9
1 #trees for patient 43
6 #edges
6 10
0 6
0 1
1 7
1 9
9 8
4 #trees for patient 44
6 #edges
6 10
0 6
0 1
1 7
1 9
9 8
6 #edges
6 10
6 7
0 6
0 1
1 9
9 8
6 #edges
6 10
6 7
0 6
0 1
1 8
8 9
6 #edges
6 10
0 6
0 1
1 7
1 8
8 9
6 #trees for patient 45
6 #edges
6 10
0 6
0 1
0 7
1 8
8 9
6 #edges
6 10
0 6
0 1
0 7
1 9
9 8
6 #edges
6 10
0 6
0 1
1 7
1 8
8 9
6 #edges
6 10
0 6
0 1
1 8
9 7
8 9
6 #edges
6 10
0 6
0 1
1 7
1 9
9 8
6 #edges
6 10
0 6
0 1
1 9
9 8
8 7
1 #trees for patient 46
6 #edges
6 10
0 6
0 1
1 7
1 9
9 8
2 #trees for patient 47
6 #edges
6 10
0 6
0 1
1 7
1 9
9 8
6 #edges
0 6
0 1
1 7
1 9
7 10
9 8
1 #trees for patient 48
6 #edges
6 10
0 6
0 1
1 7
1 9
9 8
4 #trees for patient 49
6 #edges
0 1
0 10
1 7
1 9
10 6
9 8
6 #edges
0 1
0 10
1 7
1 8
10 6
8 9
6 #edges
6 10
0 6
0 1
1 7
1 9
9 8
6 #edges
6 10
0 6
0 1
1 7
1 8
8 9
