50 # patients
12 #trees for patient 0
6 #edges
6 11
6 3
11 9
0 6
0 7
0 1
6 #edges
6 11
11 9
0 6
0 7
0 1
1 3
6 #edges
6 11
11 9
0 6
0 7
0 1
7 3
6 #edges
6 11
11 9
3 1
0 6
0 3
0 7
6 #edges
6 11
11 9
0 6
0 3
0 7
7 1
6 #edges
6 11
6 1
11 9
0 6
0 3
0 7
6 #edges
6 11
11 9
3 1
0 6
0 7
7 3
6 #edges
6 11
6 1
11 9
0 6
0 7
7 3
6 #edges
6 11
6 3
11 9
0 6
0 7
7 1
6 #edges
6 11
11 9
0 6
0 7
7 1
1 3
6 #edges
6 11
6 3
11 9
3 1
0 6
0 7
6 #edges
6 11
6 1
11 9
0 6
0 7
1 3
2 #trees for patient 1
6 #edges
6 11
6 1
11 9
0 6
0 7
1 3
6 #edges
6 11
6 1
11 9
0 6
0 7
9 3
6 #trees for patient 2
6 #edges
6 11
6 1
0 6
0 9
0 7
7 3
6 #edges
6 11
6 1
0 6
0 9
0 7
1 3
6 #edges
6 11
6 1
0 6
0 7
7 3
1 9
6 #edges
6 11
6 1
11 9
0 6
0 7
7 3
6 #edges
6 11
6 1
11 9
0 6
0 7
1 3
6 #edges
6 11
6 1
0 6
0 7
1 3
1 9
14 #trees for patient 3
6 #edges
6 11
6 3
11 9
3 1
0 6
0 7
6 #edges
6 11
6 3
3 1
0 6
0 7
1 9
6 #edges
6 3
11 9
3 1
0 6
0 7
1 11
6 #edges
6 3
3 1
0 6
0 7
1 11
1 9
6 #edges
6 3
6 9
3 1
0 6
0 7
1 11
6 #edges
6 3
6 9
3 1
0 6
0 7
9 11
6 #edges
6 3
3 1
0 6
0 7
9 11
1 9
6 #edges
6 9
6 1
3 11
0 6
0 7
1 3
6 #edges
6 9
6 1
0 6
0 7
9 11
1 3
6 #edges
6 11
6 1
11 9
0 6
0 7
1 3
6 #edges
6 11
6 1
3 9
0 6
0 7
1 3
6 #edges
6 1
3 11
3 9
0 6
0 7
1 3
6 #edges
6 1
3 9
0 6
0 7
9 11
1 3
6 #edges
6 1
11 9
3 11
0 6
0 7
1 3
6 #trees for patient 4
6 #edges
6 11
6 1
11 9
0 6
0 7
1 3
6 #edges
6 9
6 1
0 6
0 7
9 11
1 3
6 #edges
6 11
6 1
11 9
0 6
1 3
1 7
6 #edges
6 11
6 1
11 9
3 7
0 6
1 3
6 #edges
6 9
6 1
0 6
9 11
1 3
1 7
6 #edges
6 9
6 1
3 7
0 6
9 11
1 3
4 #trees for patient 5
6 #edges
6 11
6 1
11 9
0 6
0 7
1 3
6 #edges
6 11
6 1
11 9
0 6
0 7
9 3
6 #edges
6 9
6 1
0 6
0 7
9 11
1 3
6 #edges
6 9
6 1
11 3
0 6
0 7
9 11
2 #trees for patient 6
6 #edges
6 11
6 1
11 9
0 6
0 7
1 3
6 #edges
6 11
6 1
11 9
3 7
0 6
1 3
6 #trees for patient 7
6 #edges
6 11
6 3
3 1
0 6
0 7
7 9
6 #edges
6 11
6 3
3 1
0 6
0 7
1 9
6 #edges
6 11
6 3
11 9
3 1
0 6
0 7
6 #edges
6 11
6 1
11 9
0 6
0 7
1 3
6 #edges
6 11
6 1
0 6
0 7
7 9
1 3
6 #edges
6 11
6 1
3 9
0 6
0 7
1 3
26 #trees for patient 8
6 #edges
6 9
0 6
0 7
0 1
9 11
1 3
6 #edges
6 11
11 9
0 6
0 7
0 1
1 3
6 #edges
6 3
6 9
0 6
0 7
0 1
9 11
6 #edges
6 9
0 6
0 7
0 1
9 11
7 3
6 #edges
6 11
6 3
11 9
0 6
0 7
0 1
6 #edges
6 11
11 9
0 6
0 7
0 1
7 3
6 #edges
6 11
11 9
3 1
0 6
0 3
0 7
6 #edges
6 9
3 1
0 6
0 3
0 7
9 11
6 #edges
6 11
6 1
11 9
0 6
0 3
0 7
6 #edges
6 9
6 1
0 6
0 3
0 7
9 11
6 #edges
6 9
0 6
0 3
0 7
9 11
7 1
6 #edges
6 11
11 9
0 6
0 3
0 7
7 1
6 #edges
6 11
11 9
0 6
0 7
7 1
1 3
6 #edges
6 9
0 6
0 7
9 11
7 1
1 3
6 #edges
6 9
0 6
0 7
9 11
7 3
7 1
6 #edges
6 3
6 9
0 6
0 7
9 11
7 1
6 #edges
6 11
6 3
11 9
0 6
0 7
7 1
6 #edges
6 11
11 9
0 6
0 7
7 3
7 1
6 #edges
6 11
11 9
3 1
0 6
0 7
7 3
6 #edges
6 9
3 1
0 6
0 7
9 11
7 3
6 #edges
6 9
6 1
0 6
0 7
9 11
7 3
6 #edges
6 11
6 1
11 9
0 6
0 7
7 3
6 #edges
6 9
6 1
0 6
0 7
9 11
1 3
6 #edges
6 11
6 1
11 9
0 6
0 7
1 3
6 #edges
6 3
6 9
3 1
0 6
0 7
9 11
6 #edges
6 11
6 3
11 9
3 1
0 6
0 7
28 #trees for patient 9
6 #edges
6 11
6 1
3 9
0 6
0 7
1 3
6 #edges
6 11
6 1
11 9
0 6
0 7
1 3
6 #edges
6 11
6 3
11 9
3 1
0 6
0 7
6 #edges
6 11
6 3
3 1
0 6
0 7
1 9
6 #edges
6 9
6 1
3 11
0 6
0 7
1 3
6 #edges
6 9
6 1
0 6
0 7
9 11
1 3
6 #edges
6 1
3 9
0 6
0 7
9 11
1 3
6 #edges
6 1
3 11
3 9
0 6
0 7
1 3
6 #edges
6 1
11 9
3 11
0 6
0 7
1 3
6 #edges
6 3
6 9
3 1
0 6
0 7
1 11
6 #edges
6 3
6 9
3 1
0 6
0 7
9 11
6 #edges
6 3
11 9
3 1
0 6
0 7
1 11
6 #edges
6 3
3 1
0 6
0 7
1 11
1 9
6 #edges
6 3
3 1
0 6
0 7
9 11
1 9
6 #edges
6 11
6 3
11 9
3 1
0 6
1 7
6 #edges
6 11
6 3
3 1
0 6
1 9
1 7
6 #edges
6 11
6 1
11 9
3 7
0 6
1 3
6 #edges
6 11
6 1
3 9
3 7
0 6
1 3
6 #edges
6 9
6 1
3 7
0 6
9 11
1 3
6 #edges
6 9
6 1
3 11
3 7
0 6
1 3
6 #edges
6 3
6 9
3 1
0 6
9 11
1 7
6 #edges
6 3
6 9
3 1
0 6
1 11
1 7
6 #edges
6 1
3 11
3 9
3 7
0 6
1 3
6 #edges
6 1
11 9
3 11
3 7
0 6
1 3
6 #edges
6 1
3 9
3 7
0 6
9 11
1 3
6 #edges
6 3
3 1
0 6
1 11
1 9
1 7
6 #edges
6 3
3 1
0 6
9 11
1 9
1 7
6 #edges
6 3
11 9
3 1
0 6
1 11
1 7
8 #trees for patient 10
6 #edges
6 11
6 3
11 9
0 6
0 7
9 1
6 #edges
6 11
6 1
11 9
0 6
0 7
1 3
6 #edges
6 11
6 1
11 9
0 6
0 7
9 3
6 #edges
6 11
11 9
0 6
0 7
9 1
1 3
6 #edges
6 11
6 3
11 9
11 7
0 6
9 1
6 #edges
6 11
6 1
11 9
11 7
0 6
1 3
6 #edges
6 11
6 1
11 9
11 7
0 6
9 3
6 #edges
6 11
11 9
11 7
0 6
9 1
1 3
6 #trees for patient 11
6 #edges
6 11
6 1
11 7
0 6
0 9
1 3
6 #edges
6 11
6 1
0 6
0 7
7 9
1 3
6 #edges
6 11
6 1
0 6
0 7
1 3
1 9
6 #edges
6 11
6 1
11 9
0 6
0 7
1 3
6 #edges
6 11
6 1
11 7
0 6
1 3
1 9
6 #edges
6 11
6 1
11 7
0 6
7 9
1 3
4 #trees for patient 12
6 #edges
6 9
6 1
0 6
0 7
9 11
1 3
6 #edges
6 11
6 1
11 9
0 6
0 7
1 3
6 #edges
6 9
6 1
3 7
0 6
9 11
1 3
6 #edges
6 11
6 1
11 9
3 7
0 6
1 3
10 #trees for patient 13
6 #edges
10 11
10 9
10 1
0 10
5 6
1 5
6 #edges
10 11
10 9
10 1
0 10
9 6
1 5
6 #edges
10 6
10 11
10 9
10 1
0 10
1 5
6 #edges
10 6
10 11
10 1
0 10
5 9
1 5
6 #edges
10 11
10 1
0 10
9 6
5 9
1 5
6 #edges
10 11
10 9
10 5
0 10
9 6
5 1
6 #edges
10 6
10 11
10 9
10 5
0 10
5 1
6 #edges
10 11
10 9
10 5
0 10
5 1
1 6
6 #edges
10 6
10 11
10 5
0 10
5 1
1 9
6 #edges
10 11
10 5
0 10
9 6
5 1
1 9
4 #trees for patient 14
6 #edges
10 6
10 11
10 5
0 10
5 1
1 9
6 #edges
10 6
10 5
6 11
0 10
5 1
1 9
6 #edges
10 6
10 11
10 1
0 10
5 9
1 5
6 #edges
10 6
10 1
6 11
0 10
5 9
1 5
2 #trees for patient 15
6 #edges
10 6
10 11
10 1
0 10
5 9
1 5
6 #edges
10 11
10 1
0 10
5 6
5 9
1 5
4 #trees for patient 16
6 #edges
10 6
10 1
0 10
0 11
5 9
1 5
6 #edges
10 6
10 1
0 10
0 11
9 5
1 9
6 #edges
10 6
10 11
10 1
0 10
9 5
1 9
6 #edges
10 6
10 11
10 1
0 10
5 9
1 5
21 #trees for patient 17
6 #edges
10 11
10 1
0 10
0 6
0 9
1 5
6 #edges
10 1
0 10
0 6
0 9
1 11
1 5
6 #edges
10 1
0 10
0 6
0 9
5 11
1 5
6 #edges
10 6
10 11
10 1
0 10
0 9
1 5
6 #edges
10 6
10 1
0 10
0 9
1 11
1 5
6 #edges
10 6
10 1
0 10
0 9
5 11
1 5
6 #edges
10 11
10 1
6 9
0 10
0 6
1 5
6 #edges
10 1
6 9
0 10
0 6
5 11
1 5
6 #edges
10 1
6 9
0 10
0 6
1 11
1 5
6 #edges
10 11
10 9
10 1
0 10
0 6
1 5
6 #edges
10 11
10 1
0 10
0 6
5 9
1 5
6 #edges
10 9
10 1
0 10
0 6
1 11
1 5
6 #edges
10 9
10 1
0 10
0 6
5 11
1 5
6 #edges
10 1
0 10
0 6
5 9
1 11
1 5
6 #edges
10 1
0 10
0 6
5 11
5 9
1 5
6 #edges
10 6
10 11
10 1
0 10
5 9
1 5
6 #edges
10 6
10 11
10 1
6 9
0 10
1 5
6 #edges
10 6
10 1
6 9
0 10
1 11
1 5
6 #edges
10 6
10 1
0 10
5 9
1 11
1 5
6 #edges
10 6
10 1
0 10
5 11
5 9
1 5
6 #edges
10 6
10 1
6 9
0 10
5 11
1 5
2 #trees for patient 18
6 #edges
10 6
10 11
10 1
0 10
5 9
1 5
6 #edges
10 11
10 1
11 6
0 10
5 9
1 5
73 #trees for patient 19
6 #edges
10 6
10 11
0 10
0 1
9 5
1 9
6 #edges
10 6
10 11
6 5
0 10
0 1
1 9
6 #edges
10 6
10 11
10 5
0 10
0 1
1 9
6 #edges
10 6
10 11
6 9
0 10
0 1
1 5
6 #edges
10 6
10 11
0 10
0 1
5 9
1 5
6 #edges
10 6
10 11
10 9
0 10
0 1
1 5
6 #edges
10 6
10 11
10 5
6 9
0 10
0 1
6 #edges
10 6
10 11
6 9
0 10
0 1
9 5
6 #edges
10 6
10 11
6 9
6 5
0 10
0 1
6 #edges
10 6
10 11
6 5
0 10
0 1
5 9
6 #edges
10 6
10 11
10 9
6 5
0 10
0 1
6 #edges
10 6
10 11
10 9
0 10
0 1
9 5
6 #edges
10 6
10 11
10 5
0 10
0 1
5 9
6 #edges
10 6
10 11
0 10
0 5
9 1
5 9
6 #edges
10 6
10 11
10 1
0 10
0 5
5 9
6 #edges
10 6
10 11
6 1
0 10
0 5
5 9
6 #edges
10 6
10 11
0 10
0 5
5 1
1 9
6 #edges
10 6
10 11
10 9
0 10
0 5
5 1
6 #edges
10 6
10 11
6 9
0 10
0 5
5 1
6 #edges
10 6
10 11
10 1
6 9
0 10
0 5
6 #edges
10 6
10 11
6 9
0 10
0 5
9 1
6 #edges
10 6
10 11
6 9
6 1
0 10
0 5
6 #edges
10 6
10 11
10 9
6 1
0 10
0 5
6 #edges
10 6
10 11
6 1
0 10
0 5
1 9
6 #edges
10 6
10 11
10 1
0 10
0 5
1 9
6 #edges
10 6
10 11
10 9
0 10
0 5
9 1
6 #edges
10 6
10 11
10 1
0 10
0 9
9 5
6 #edges
10 6
10 11
0 10
0 9
9 5
5 1
6 #edges
10 6
10 11
6 1
0 10
0 9
9 5
6 #edges
10 6
10 11
0 10
0 9
9 1
1 5
6 #edges
10 6
10 11
6 5
0 10
0 9
9 1
6 #edges
10 6
10 11
10 5
0 10
0 9
9 1
6 #edges
10 6
10 11
10 5
0 10
0 9
5 1
6 #edges
10 6
10 11
10 5
6 1
0 10
0 9
6 #edges
10 6
10 11
6 1
0 10
0 9
1 5
6 #edges
10 6
10 11
6 5
6 1
0 10
0 9
6 #edges
10 6
10 11
10 1
6 5
0 10
0 9
6 #edges
10 6
10 11
10 1
0 10
0 9
1 5
6 #edges
10 6
10 11
6 5
0 10
0 9
5 1
6 #edges
10 6
10 11
10 1
0 10
5 9
1 5
6 #edges
10 6
10 11
10 1
6 9
0 10
1 5
6 #edges
10 6
10 11
10 1
0 10
9 5
1 9
6 #edges
10 6
10 11
10 1
6 5
0 10
1 9
6 #edges
10 6
10 11
10 1
6 9
6 5
0 10
6 #edges
10 6
10 11
10 1
6 9
0 10
9 5
6 #edges
10 6
10 11
10 1
6 5
0 10
5 9
6 #edges
10 6
10 11
10 9
6 5
0 10
9 1
6 #edges
10 6
10 11
10 9
0 10
9 1
1 5
6 #edges
10 6
10 11
10 9
6 1
0 10
9 5
6 #edges
10 6
10 11
10 9
0 10
9 5
5 1
6 #edges
10 6
10 11
10 9
6 5
6 1
0 10
6 #edges
10 6
10 11
10 9
6 5
0 10
5 1
6 #edges
10 6
10 11
10 9
6 1
0 10
1 5
6 #edges
10 6
10 11
10 5
0 10
9 1
5 9
6 #edges
10 6
10 11
10 5
6 1
0 10
5 9
6 #edges
10 6
10 11
10 5
6 9
6 1
0 10
6 #edges
10 6
10 11
10 5
6 9
0 10
9 1
6 #edges
10 6
10 11
10 5
6 9
0 10
5 1
6 #edges
10 6
10 11
10 5
6 1
0 10
1 9
6 #edges
10 6
10 11
10 5
0 10
5 1
1 9
6 #edges
10 6
10 11
6 9
6 1
0 10
1 5
6 #edges
10 6
10 11
6 9
6 1
0 10
9 5
6 #edges
10 6
10 11
6 9
6 5
6 1
0 10
6 #edges
10 6
10 11
6 9
6 5
0 10
5 1
6 #edges
10 6
10 11
6 9
6 5
0 10
9 1
6 #edges
10 6
10 11
6 9
0 10
9 5
5 1
6 #edges
10 6
10 11
6 9
0 10
9 1
1 5
6 #edges
10 6
10 11
6 5
6 1
0 10
1 9
6 #edges
10 6
10 11
6 5
6 1
0 10
5 9
6 #edges
10 6
10 11
6 1
0 10
9 5
1 9
6 #edges
10 6
10 11
6 1
0 10
5 9
1 5
6 #edges
10 6
10 11
6 5
0 10
9 1
5 9
6 #edges
10 6
10 11
6 5
0 10
5 1
1 9
24 #trees for patient 20
6 #edges
10 6
10 1
0 10
0 11
0 5
5 9
6 #edges
10 1
0 10
0 11
0 5
5 9
1 6
6 #edges
10 6
10 11
10 1
0 10
0 5
5 9
6 #edges
10 11
10 1
0 10
0 5
5 9
1 6
6 #edges
10 6
10 1
0 10
0 11
0 5
1 9
6 #edges
10 1
0 10
0 11
0 5
1 6
1 9
6 #edges
10 6
10 11
10 1
0 10
0 5
1 9
6 #edges
10 11
10 1
0 10
0 5
1 6
1 9
6 #edges
10 11
10 1
0 10
0 9
9 5
1 6
6 #edges
10 6
10 11
10 1
0 10
0 9
9 5
6 #edges
10 6
10 1
0 10
0 11
0 9
9 5
6 #edges
10 1
0 10
0 11
0 9
9 5
1 6
6 #edges
10 6
10 1
0 10
0 11
0 9
1 5
6 #edges
10 1
0 10
0 11
0 9
1 6
1 5
6 #edges
10 11
10 1
0 10
0 9
1 6
1 5
6 #edges
10 6
10 11
10 1
0 10
0 9
1 5
6 #edges
10 6
10 1
0 10
0 11
5 9
1 5
6 #edges
10 6
10 1
0 10
0 11
9 5
1 9
6 #edges
10 1
0 10
0 11
5 9
1 6
1 5
6 #edges
10 1
0 10
0 11
9 5
1 6
1 9
6 #edges
10 6
10 11
10 1
0 10
5 9
1 5
6 #edges
10 6
10 11
10 1
0 10
9 5
1 9
6 #edges
10 11
10 1
0 10
5 9
1 6
1 5
6 #edges
10 11
10 1
0 10
9 5
1 6
1 9
2 #trees for patient 21
6 #edges
6 8
6 9
0 6
0 1
9 10
1 7
6 #edges
10 9
6 10
6 8
0 6
0 1
1 7
42 #trees for patient 22
6 #edges
8 7
6 8
0 10
0 6
0 9
0 1
6 #edges
8 7
8 1
6 8
0 10
0 6
0 9
6 #edges
8 7
6 8
0 6
0 9
0 1
9 10
6 #edges
8 7
6 10
6 8
0 6
0 9
0 1
6 #edges
8 7
8 1
6 10
6 8
0 6
0 9
6 #edges
8 7
8 1
6 8
0 6
0 9
9 10
6 #edges
8 1
6 8
0 6
0 9
9 10
1 7
6 #edges
8 1
6 8
0 10
0 6
0 9
1 7
6 #edges
8 1
6 10
6 8
0 6
0 9
1 7
6 #edges
8 1
6 8
0 10
0 6
0 9
0 7
6 #edges
8 1
6 10
6 8
0 6
0 9
0 7
6 #edges
8 1
6 8
0 6
0 9
0 7
9 10
6 #edges
6 8
0 10
0 6
0 9
0 7
0 1
6 #edges
6 8
0 10
0 6
0 9
0 1
1 7
6 #edges
6 8
0 6
0 9
0 7
0 1
9 10
6 #edges
6 8
0 6
0 9
0 1
9 10
1 7
6 #edges
6 10
6 8
0 6
0 9
0 7
0 1
6 #edges
6 10
6 8
0 6
0 9
0 1
1 7
6 #edges
10 9
8 7
6 8
0 10
0 6
0 1
6 #edges
10 9
8 7
8 1
6 8
0 10
0 6
6 #edges
10 9
6 8
0 10
0 6
0 1
1 7
6 #edges
10 9
6 8
0 10
0 6
0 7
0 1
6 #edges
10 9
8 1
6 8
0 10
0 6
1 7
6 #edges
10 9
8 1
6 8
0 10
0 6
0 7
6 #edges
8 7
8 1
6 8
6 9
0 10
0 6
6 #edges
8 7
6 8
6 9
0 10
0 6
0 1
6 #edges
8 1
6 8
6 9
0 10
0 6
0 7
6 #edges
8 1
6 8
6 9
0 10
0 6
1 7
6 #edges
6 8
6 9
0 10
0 6
0 7
0 1
6 #edges
6 8
6 9
0 10
0 6
0 1
1 7
6 #edges
10 9
6 10
6 8
0 6
0 7
0 1
6 #edges
6 8
6 9
0 6
0 7
0 1
9 10
6 #edges
8 1
6 8
6 9
0 6
0 7
9 10
6 #edges
10 9
8 1
6 10
6 8
0 6
0 7
6 #edges
8 7
6 8
6 9
0 6
0 1
9 10
6 #edges
6 8
6 9
0 6
0 1
9 10
1 7
6 #edges
10 9
6 10
6 8
0 6
0 1
1 7
6 #edges
10 9
8 7
6 10
6 8
0 6
0 1
6 #edges
10 9
8 7
8 1
6 10
6 8
0 6
6 #edges
10 9
8 1
6 10
6 8
0 6
1 7
6 #edges
8 7
8 1
6 8
6 9
0 6
9 10
6 #edges
8 1
6 8
6 9
0 6
9 10
1 7
16 #trees for patient 23
6 #edges
6 8
6 9
0 6
0 1
9 10
1 7
6 #edges
10 9
6 10
6 8
0 6
0 1
1 7
6 #edges
6 8
6 9
0 6
0 7
0 1
9 10
6 #edges
10 9
6 10
6 8
0 6
0 7
0 1
6 #edges
10 7
6 8
6 9
0 6
0 1
9 10
6 #edges
10 9
6 10
6 8
0 6
0 1
9 7
6 #edges
10 9
6 10
6 8
0 6
0 7
7 1
6 #edges
6 8
6 9
0 6
0 7
9 10
7 1
6 #edges
10 9
6 10
6 8
0 6
0 7
9 1
6 #edges
10 1
6 8
6 9
0 6
0 7
9 10
6 #edges
10 1
6 8
6 9
0 6
9 10
1 7
6 #edges
10 7
10 1
6 8
6 9
0 6
9 10
6 #edges
10 7
6 8
6 9
0 6
9 10
7 1
6 #edges
10 9
6 10
6 8
0 6
9 7
7 1
6 #edges
10 9
6 10
6 8
0 6
9 7
9 1
6 #edges
10 9
6 10
6 8
0 6
9 1
1 7
14 #trees for patient 24
6 #edges
6 8
6 9
0 6
0 1
9 10
1 7
6 #edges
6 8
6 9
0 6
0 1
7 10
1 7
6 #edges
6 8
0 6
0 1
9 10
7 9
1 7
6 #edges
6 8
0 6
0 1
7 10
7 9
1 7
6 #edges
6 10
6 8
0 6
0 1
7 9
1 7
6 #edges
10 9
6 10
6 8
0 6
0 1
1 7
6 #edges
10 9
6 8
0 6
0 1
7 10
1 7
6 #edges
10 9
6 10
0 6
0 1
1 8
1 7
6 #edges
6 10
0 6
0 1
7 9
1 8
1 7
6 #edges
6 9
0 6
0 1
9 10
1 8
1 7
6 #edges
6 9
0 6
0 1
7 10
1 8
1 7
6 #edges
0 6
0 1
9 10
7 9
1 8
1 7
6 #edges
0 6
0 1
7 10
7 9
1 8
1 7
6 #edges
10 9
0 6
0 1
7 10
1 8
1 7
7 #trees for patient 25
6 #edges
10 9
10 7
6 10
6 8
0 6
0 1
6 #edges
10 9
6 10
6 8
0 6
0 1
1 7
6 #edges
10 9
6 10
6 8
0 6
0 7
7 1
6 #edges
10 9
10 1
6 10
6 8
0 6
0 7
6 #edges
10 9
10 1
6 10
6 8
0 6
1 7
6 #edges
10 9
10 7
10 1
6 10
6 8
0 6
6 #edges
10 9
10 7
6 10
6 8
0 6
7 1
12 #trees for patient 26
6 #edges
10 9
6 10
0 8
0 6
0 1
1 7
6 #edges
6 9
0 8
0 6
0 1
9 10
1 7
6 #edges
10 9
6 10
0 8
0 6
0 7
7 1
6 #edges
6 9
0 8
0 6
0 7
9 10
7 1
6 #edges
10 9
6 10
6 8
0 6
0 1
1 7
6 #edges
10 9
6 10
0 6
0 1
9 8
1 7
6 #edges
6 8
6 9
0 6
0 1
9 10
1 7
6 #edges
10 8
6 9
0 6
0 1
9 10
1 7
6 #edges
6 8
6 9
0 6
0 7
9 10
7 1
6 #edges
10 9
6 10
6 8
0 6
0 7
7 1
6 #edges
10 8
6 9
0 6
0 7
9 10
7 1
6 #edges
10 9
6 10
0 6
0 7
9 8
7 1
22 #trees for patient 27
6 #edges
10 9
10 7
6 10
0 8
0 6
7 1
6 #edges
10 9
10 1
6 10
0 8
0 6
1 7
6 #edges
10 9
6 10
0 6
0 1
7 8
1 7
6 #edges
10 9
6 10
6 8
0 6
0 1
1 7
6 #edges
10 8
10 9
6 10
0 6
0 1
1 7
6 #edges
10 9
10 7
6 10
0 6
0 1
1 8
6 #edges
10 9
10 7
6 10
6 8
0 6
0 1
6 #edges
10 9
10 7
6 10
0 6
0 1
7 8
6 #edges
10 8
10 9
10 7
6 10
0 6
0 1
6 #edges
10 9
10 1
6 10
6 8
0 6
0 7
6 #edges
10 9
6 10
6 8
0 6
0 7
7 1
6 #edges
10 9
10 1
6 10
0 6
0 7
7 8
6 #edges
10 8
10 9
10 1
6 10
0 6
0 7
6 #edges
10 9
10 1
6 10
0 6
0 7
1 8
6 #edges
10 8
10 9
6 10
0 6
0 7
7 1
6 #edges
10 9
6 10
0 6
0 7
7 1
1 8
6 #edges
10 9
10 1
6 10
6 8
0 6
1 7
6 #edges
10 9
10 7
6 10
6 8
0 6
7 1
6 #edges
10 8
10 9
10 7
6 10
0 6
7 1
6 #edges
10 8
10 9
10 1
6 10
0 6
1 7
6 #edges
10 9
10 7
6 10
0 6
7 1
1 8
6 #edges
10 9
10 1
6 10
0 6
7 8
1 7
12 #trees for patient 28
6 #edges
10 9
6 10
6 8
0 6
0 1
1 7
6 #edges
10 8
10 9
6 10
0 6
0 1
1 7
6 #edges
10 9
6 10
6 8
0 6
0 1
9 7
6 #edges
10 8
10 9
6 10
0 6
0 1
9 7
6 #edges
10 9
6 10
6 8
0 6
0 7
9 1
6 #edges
10 9
6 10
6 8
0 6
0 7
7 1
6 #edges
10 8
10 9
6 10
0 6
0 7
7 1
6 #edges
10 8
10 9
6 10
0 6
0 7
9 1
6 #edges
10 9
6 10
6 8
0 6
9 7
7 1
6 #edges
10 9
6 10
6 8
0 6
9 1
1 7
6 #edges
10 8
10 9
6 10
0 6
9 1
1 7
6 #edges
10 8
10 9
6 10
0 6
9 7
7 1
8 #trees for patient 29
6 #edges
8 3
3 6
3 1
0 8
0 9
1 4
6 #edges
4 1
8 3
3 4
3 6
0 8
0 9
6 #edges
4 1
8 4
8 6
3 8
0 3
0 9
6 #edges
8 6
8 1
3 8
0 3
0 9
1 4
6 #edges
4 1
8 4
8 6
6 9
3 8
0 3
6 #edges
8 6
8 1
6 9
3 8
0 3
1 4
6 #edges
8 3
6 9
3 6
3 1
0 8
1 4
6 #edges
4 1
8 3
6 9
3 4
3 6
0 8
16 #trees for patient 30
6 #edges
8 9
8 1
3 8
0 3
9 6
1 4
6 #edges
8 6
8 9
8 1
3 8
0 3
1 4
6 #edges
8 9
8 1
3 8
0 3
1 4
1 6
6 #edges
8 6
8 1
3 8
0 3
1 4
1 9
6 #edges
8 6
8 1
6 9
3 8
0 3
1 4
6 #edges
8 1
6 9
3 8
0 3
1 4
1 6
6 #edges
8 1
3 8
0 3
1 4
1 6
1 9
6 #edges
8 1
3 8
0 3
9 6
1 4
1 9
6 #edges
8 3
6 9
3 6
3 1
0 8
1 4
6 #edges
8 3
3 6
3 9
3 1
0 8
1 4
6 #edges
8 3
3 6
3 1
0 8
1 4
1 9
6 #edges
8 3
3 9
3 1
0 8
9 6
1 4
6 #edges
8 3
3 9
3 1
0 8
1 4
1 6
6 #edges
8 3
6 9
3 1
0 8
1 4
1 6
6 #edges
8 3
3 1
0 8
1 4
1 6
1 9
6 #edges
8 3
3 1
0 8
9 6
1 4
1 9
24 #trees for patient 31
6 #edges
4 1
8 4
3 8
0 3
9 6
1 9
6 #edges
4 1
8 4
8 6
3 8
0 3
1 9
6 #edges
4 1
8 4
8 6
6 9
3 8
0 3
6 #edges
4 1
8 4
6 9
3 8
0 3
1 6
6 #edges
4 1
8 4
8 9
3 8
0 3
1 6
6 #edges
4 1
8 4
8 9
3 8
0 3
9 6
6 #edges
8 9
8 1
3 8
0 3
9 6
1 4
6 #edges
4 6
8 9
8 1
3 8
0 3
1 4
6 #edges
8 6
8 1
6 9
3 8
0 3
1 4
6 #edges
4 9
8 6
8 1
3 8
0 3
1 4
6 #edges
4 9
8 1
3 8
0 3
9 6
1 4
6 #edges
4 6
8 1
6 9
3 8
0 3
1 4
6 #edges
4 9
8 3
3 6
3 1
0 8
1 4
6 #edges
8 3
6 9
3 6
3 1
0 8
1 4
6 #edges
8 3
3 9
3 1
0 8
9 6
1 4
6 #edges
4 6
8 3
3 9
3 1
0 8
1 4
6 #edges
4 9
8 3
3 1
0 8
9 6
1 4
6 #edges
4 6
8 3
6 9
3 1
0 8
1 4
6 #edges
4 1
8 3
6 9
3 4
3 6
0 8
6 #edges
4 1
8 3
3 4
3 6
0 8
1 9
6 #edges
4 1
8 3
3 4
3 9
0 8
9 6
6 #edges
4 1
8 3
3 4
3 9
0 8
1 6
6 #edges
4 1
8 3
3 4
0 8
9 6
1 9
6 #edges
4 1
8 3
6 9
3 4
0 8
1 6
1 #trees for patient 32
6 #edges
8 6
8 1
6 9
3 8
0 3
1 4
2 #trees for patient 33
6 #edges
8 9
8 1
3 8
0 3
9 6
1 4
6 #edges
8 6
8 1
6 9
3 8
0 3
1 4
6 #trees for patient 34
6 #edges
8 6
8 1
6 9
3 8
0 3
1 4
6 #edges
8 6
8 9
8 1
3 8
0 3
1 4
6 #edges
8 9
8 1
3 8
0 3
9 6
1 4
6 #edges
8 3
3 9
3 1
0 8
9 6
1 4
6 #edges
8 3
3 6
3 9
3 1
0 8
1 4
6 #edges
8 3
6 9
3 6
3 1
0 8
1 4
4 #trees for patient 35
6 #edges
4 1
8 4
8 6
8 9
3 8
0 3
6 #edges
8 6
8 9
8 1
3 8
0 3
1 4
6 #edges
8 6
8 1
6 9
3 8
0 3
1 4
6 #edges
4 1
8 4
8 6
6 9
3 8
0 3
4 #trees for patient 36
6 #edges
8 9
8 1
6 4
3 8
0 3
9 6
6 #edges
8 9
8 1
3 8
0 3
9 6
1 4
6 #edges
8 6
8 1
6 9
3 8
0 3
1 4
6 #edges
8 6
8 1
6 9
3 8
0 3
9 4
8 #trees for patient 37
6 #edges
4 1
8 4
8 6
6 9
3 8
0 3
6 #edges
8 6
8 1
6 9
3 8
0 3
1 4
6 #edges
4 1
8 4
8 9
3 8
0 3
9 6
6 #edges
8 9
8 1
3 8
0 3
9 6
1 4
6 #edges
4 1
8 3
3 4
3 9
0 8
9 6
6 #edges
8 3
3 9
3 1
0 8
9 6
1 4
6 #edges
4 1
8 3
6 9
3 4
3 6
0 8
6 #edges
8 3
6 9
3 6
3 1
0 8
1 4
2 #trees for patient 38
6 #edges
8 6
8 1
6 9
3 8
0 3
1 4
6 #edges
8 3
6 9
3 6
3 1
0 8
1 4
8 #trees for patient 39
6 #edges
8 6
8 1
6 4
6 9
3 8
0 3
6 #edges
8 6
8 1
6 9
3 8
0 3
1 4
6 #edges
8 6
8 9
8 1
3 8
0 3
1 4
6 #edges
8 6
8 9
8 1
6 4
3 8
0 3
6 #edges
8 3
6 4
6 9
3 6
3 1
0 8
6 #edges
8 3
6 9
3 6
3 1
0 8
1 4
6 #edges
8 3
6 4
3 6
3 9
3 1
0 8
6 #edges
8 3
3 6
3 9
3 1
0 8
1 4
42 #trees for patient 40
6 #edges
11 9
0 11
0 5
9 1
1 8
5 4
6 #edges
8 1
11 9
0 11
0 5
9 8
5 4
6 #edges
8 9
11 8
0 11
0 5
9 1
5 4
6 #edges
8 1
11 8
0 11
0 5
1 9
5 4
6 #edges
11 1
0 11
0 5
9 8
1 9
5 4
6 #edges
8 9
11 1
0 11
0 5
1 8
5 4
6 #edges
11 4
11 9
0 11
0 5
9 1
1 8
6 #edges
8 1
11 4
11 9
0 11
0 5
9 8
6 #edges
8 9
11 4
11 1
0 11
0 5
1 8
6 #edges
11 4
11 1
0 11
0 5
9 8
1 9
6 #edges
8 1
11 4
11 8
0 11
0 5
1 9
6 #edges
8 9
11 4
11 8
0 11
0 5
9 1
6 #edges
4 5
8 9
11 8
0 4
0 11
9 1
6 #edges
4 5
8 1
11 8
0 4
0 11
1 9
6 #edges
4 5
11 9
0 4
0 11
9 1
1 8
6 #edges
4 5
8 1
11 9
0 4
0 11
9 8
6 #edges
4 5
11 1
0 4
0 11
9 8
1 9
6 #edges
4 5
8 9
11 1
0 4
0 11
1 8
6 #edges
8 1
11 8
11 5
0 4
0 11
1 9
6 #edges
8 9
11 8
11 5
0 4
0 11
9 1
6 #edges
8 9
11 1
11 5
0 4
0 11
1 8
6 #edges
11 1
11 5
0 4
0 11
9 8
1 9
6 #edges
11 9
11 5
0 4
0 11
9 1
1 8
6 #edges
8 1
11 9
11 5
0 4
0 11
9 8
6 #edges
8 1
11 4
11 9
11 5
0 11
9 8
6 #edges
8 1
11 9
11 5
0 11
9 8
5 4
6 #edges
4 5
8 1
11 4
11 9
0 11
9 8
6 #edges
11 9
11 5
0 11
9 1
1 8
5 4
6 #edges
11 4
11 9
11 5
0 11
9 1
1 8
6 #edges
4 5
11 4
11 9
0 11
9 1
1 8
6 #edges
8 1
11 4
11 8
11 5
0 11
1 9
6 #edges
8 9
11 4
11 8
11 5
0 11
9 1
6 #edges
8 9
11 4
11 1
11 5
0 11
1 8
6 #edges
11 4
11 1
11 5
0 11
9 8
1 9
6 #edges
8 9
11 8
11 5
0 11
9 1
5 4
6 #edges
8 1
11 8
11 5
0 11
1 9
5 4
6 #edges
8 9
11 1
11 5
0 11
1 8
5 4
6 #edges
11 1
11 5
0 11
9 8
1 9
5 4
6 #edges
4 5
8 1
11 4
11 8
0 11
1 9
6 #edges
4 5
8 9
11 4
11 8
0 11
9 1
6 #edges
4 5
8 9
11 4
11 1
0 11
1 8
6 #edges
4 5
11 4
11 1
0 11
9 8
1 9
7 #trees for patient 41
6 #edges
8 1
11 8
0 11
0 5
1 9
5 4
6 #edges
8 1
11 8
0 11
0 5
1 4
1 9
6 #edges
4 5
8 1
11 8
0 4
0 11
1 9
6 #edges
8 1
11 8
0 4
0 11
1 9
1 5
6 #edges
4 5
8 1
11 8
0 11
1 4
1 9
6 #edges
8 1
11 8
0 11
1 4
1 9
1 5
6 #edges
8 1
11 8
0 11
1 9
1 5
5 4
4 #trees for patient 42
6 #edges
4 5
8 1
11 8
0 4
0 11
1 9
6 #edges
8 1
11 8
0 11
0 5
1 9
5 4
6 #edges
8 11
11 1
0 8
0 5
1 9
5 4
6 #edges
4 5
8 11
11 1
0 4
0 8
1 9
8 #trees for patient 43
6 #edges
8 1
11 8
11 9
0 4
0 11
0 5
6 #edges
8 1
11 8
0 4
0 11
0 5
1 9
6 #edges
11 9
11 1
0 4
0 11
0 5
1 8
6 #edges
8 9
11 1
0 4
0 11
0 5
1 8
6 #edges
4 5
11 9
11 1
0 4
0 11
1 8
6 #edges
4 5
8 1
11 8
11 9
0 4
0 11
6 #edges
4 5
8 9
11 1
0 4
0 11
1 8
6 #edges
4 5
8 1
11 8
0 4
0 11
1 9
6 #trees for patient 44
6 #edges
8 9
11 8
0 11
0 5
9 1
5 4
6 #edges
8 1
11 8
0 11
0 5
1 9
5 4
6 #edges
8 1
11 8
0 4
0 11
0 5
1 9
6 #edges
8 9
11 8
0 4
0 11
0 5
9 1
6 #edges
4 5
8 9
11 8
0 4
0 11
9 1
6 #edges
4 5
8 1
11 8
0 4
0 11
1 9
132 #trees for patient 45
6 #edges
4 11
4 9
4 1
0 4
0 8
0 5
6 #edges
4 9
4 1
11 8
0 4
0 11
0 5
6 #edges
4 8
4 9
4 1
0 4
0 11
0 5
6 #edges
4 11
4 9
4 1
11 8
0 4
0 5
6 #edges
4 11
4 9
0 4
0 8
0 5
9 1
6 #edges
4 8
4 11
4 9
0 4
0 5
9 1
6 #edges
4 11
4 9
11 8
0 4
0 5
9 1
6 #edges
4 8
4 11
4 9
11 1
0 4
0 5
6 #edges
4 11
4 9
11 1
0 4
0 8
0 5
6 #edges
4 8
4 11
4 9
8 1
0 4
0 5
6 #edges
4 8
4 11
4 9
0 4
0 1
0 5
6 #edges
4 11
4 9
11 8
0 4
0 1
0 5
6 #edges
4 11
4 9
8 1
0 4
0 8
0 5
6 #edges
4 11
4 9
8 1
11 8
0 4
0 5
6 #edges
4 8
4 9
0 4
0 11
0 5
9 1
6 #edges
4 9
11 8
0 4
0 11
0 5
9 1
6 #edges
4 8
4 9
11 1
0 4
0 11
0 5
6 #edges
4 8
4 9
8 1
0 4
0 11
0 5
6 #edges
4 9
8 1
11 8
0 4
0 11
0 5
6 #edges
4 11
8 9
0 4
0 8
0 5
9 1
6 #edges
4 11
8 9
11 1
0 4
0 8
0 5
6 #edges
4 11
4 1
8 9
0 4
0 8
0 5
6 #edges
4 11
4 1
11 9
0 4
0 8
0 5
6 #edges
4 11
4 1
0 4
0 8
0 5
1 9
6 #edges
4 11
11 1
0 4
0 8
0 5
1 9
6 #edges
4 11
8 1
0 4
0 8
0 5
1 9
6 #edges
4 11
8 1
11 9
0 4
0 8
0 5
6 #edges
4 11
11 9
0 4
0 8
0 5
9 1
6 #edges
4 11
11 8
0 4
0 1
0 5
1 9
6 #edges
4 8
4 11
0 4
0 1
0 5
1 9
6 #edges
4 11
8 9
11 8
0 4
0 1
0 5
6 #edges
4 8
4 11
8 9
0 4
0 1
0 5
6 #edges
4 8
4 11
11 9
0 4
0 1
0 5
6 #edges
4 11
11 8
0 4
0 9
0 5
9 1
6 #edges
4 11
8 1
11 8
0 4
0 9
0 5
6 #edges
4 11
4 1
11 8
0 4
0 9
0 5
6 #edges
4 8
4 11
11 1
0 4
0 9
0 5
6 #edges
4 8
4 11
8 1
0 4
0 9
0 5
6 #edges
4 8
4 11
0 4
0 9
0 5
9 1
6 #edges
4 8
4 11
4 1
0 4
0 9
0 5
6 #edges
4 11
4 1
8 9
11 8
0 4
0 5
6 #edges
4 11
4 1
11 8
0 4
0 5
1 9
6 #edges
4 11
8 1
11 8
0 4
0 5
1 9
6 #edges
4 11
8 9
11 8
0 4
0 5
9 1
6 #edges
4 8
4 11
8 1
11 9
0 4
0 5
6 #edges
4 8
4 11
11 9
0 4
0 5
9 1
6 #edges
4 8
4 11
4 1
11 9
0 4
0 5
6 #edges
4 8
4 11
11 1
0 4
0 5
1 9
6 #edges
4 8
4 11
8 9
11 1
0 4
0 5
6 #edges
4 8
4 11
8 9
0 4
0 5
9 1
6 #edges
4 8
4 11
4 1
8 9
0 4
0 5
6 #edges
4 8
4 11
8 1
0 4
0 5
1 9
6 #edges
4 8
4 11
4 1
0 4
0 5
1 9
6 #edges
4 8
4 1
0 4
0 11
0 5
1 9
6 #edges
4 8
4 1
8 9
0 4
0 11
0 5
6 #edges
4 8
4 1
11 9
0 4
0 11
0 5
6 #edges
4 1
11 8
0 4
0 11
0 5
1 9
6 #edges
4 1
8 9
11 8
0 4
0 11
0 5
6 #edges
4 8
8 9
0 4
0 11
0 5
9 1
6 #edges
4 8
8 9
11 1
0 4
0 11
0 5
6 #edges
4 8
11 9
0 4
0 11
0 5
9 1
6 #edges
4 8
8 1
11 9
0 4
0 11
0 5
6 #edges
4 8
8 1
0 4
0 11
0 5
1 9
6 #edges
4 8
11 1
0 4
0 11
0 5
1 9
6 #edges
8 1
11 8
0 4
0 11
0 5
1 9
6 #edges
8 9
11 8
0 4
0 11
0 5
9 1
6 #edges
4 8
4 11
4 5
0 4
0 1
1 9
6 #edges
4 11
4 5
11 8
0 4
0 1
1 9
6 #edges
4 8
4 11
4 9
4 5
0 4
0 1
6 #edges
4 11
4 9
4 5
11 8
0 4
0 1
6 #edges
4 8
4 11
4 5
11 9
0 4
0 1
6 #edges
4 11
4 5
8 9
11 8
0 4
0 1
6 #edges
4 8
4 11
4 5
8 9
0 4
0 1
6 #edges
4 8
4 11
4 5
0 4
0 9
9 1
6 #edges
4 11
4 5
11 8
0 4
0 9
9 1
6 #edges
4 8
4 11
4 5
8 1
0 4
0 9
6 #edges
4 8
4 11
4 1
4 5
0 4
0 9
6 #edges
4 8
4 11
4 5
11 1
0 4
0 9
6 #edges
4 11
4 5
8 1
11 8
0 4
0 9
6 #edges
4 11
4 1
4 5
11 8
0 4
0 9
6 #edges
4 11
4 5
8 1
0 4
0 8
1 9
6 #edges
4 11
4 9
4 5
8 1
0 4
0 8
6 #edges
4 11
4 5
8 1
11 9
0 4
0 8
6 #edges
4 11
4 1
4 5
0 4
0 8
1 9
6 #edges
4 11
4 9
4 1
4 5
0 4
0 8
6 #edges
4 11
4 1
4 5
8 9
0 4
0 8
6 #edges
4 11
4 1
4 5
11 9
0 4
0 8
6 #edges
4 11
4 5
8 9
11 1
0 4
0 8
6 #edges
4 11
4 9
4 5
11 1
0 4
0 8
6 #edges
4 11
4 5
11 1
0 4
0 8
1 9
6 #edges
4 11
4 5
8 9
0 4
0 8
9 1
6 #edges
4 11
4 5
11 9
0 4
0 8
9 1
6 #edges
4 11
4 9
4 5
0 4
0 8
9 1
6 #edges
4 8
4 9
4 1
4 5
0 4
0 11
6 #edges
4 9
4 1
4 5
11 8
0 4
0 11
6 #edges
4 8
4 1
4 5
0 4
0 11
1 9
6 #edges
4 8
4 1
4 5
8 9
0 4
0 11
6 #edges
4 8
4 1
4 5
11 9
0 4
0 11
6 #edges
4 1
4 5
11 8
0 4
0 11
1 9
6 #edges
4 1
4 5
8 9
11 8
0 4
0 11
6 #edges
4 8
4 9
4 5
11 1
0 4
0 11
6 #edges
4 8
4 9
4 5
0 4
0 11
9 1
6 #edges
4 9
4 5
11 8
0 4
0 11
9 1
6 #edges
4 9
4 5
8 1
11 8
0 4
0 11
6 #edges
4 8
4 9
4 5
8 1
0 4
0 11
6 #edges
4 8
4 5
8 9
11 1
0 4
0 11
6 #edges
4 8
4 5
11 1
0 4
0 11
1 9
6 #edges
4 8
4 5
8 1
11 9
0 4
0 11
6 #edges
4 8
4 5
11 9
0 4
0 11
9 1
6 #edges
4 8
4 5
8 9
0 4
0 11
9 1
6 #edges
4 8
4 5
8 1
0 4
0 11
1 9
6 #edges
4 5
8 9
11 8
0 4
0 11
9 1
6 #edges
4 5
8 1
11 8
0 4
0 11
1 9
6 #edges
4 8
4 11
4 1
4 5
11 9
0 4
6 #edges
4 8
4 11
4 1
4 5
0 4
1 9
6 #edges
4 8
4 11
4 1
4 5
8 9
0 4
6 #edges
4 8
4 11
4 5
11 9
0 4
9 1
6 #edges
4 8
4 11
4 5
8 1
11 9
0 4
6 #edges
4 8
4 11
4 9
4 5
8 1
0 4
6 #edges
4 8
4 11
4 5
8 1
0 4
1 9
6 #edges
4 8
4 11
4 9
4 5
11 1
0 4
6 #edges
4 8
4 11
4 9
4 5
0 4
9 1
6 #edges
4 8
4 11
4 5
11 1
0 4
1 9
6 #edges
4 8
4 11
4 5
8 9
11 1
0 4
6 #edges
4 8
4 11
4 5
8 9
0 4
9 1
6 #edges
4 11
4 1
4 5
11 8
0 4
1 9
6 #edges
4 11
4 1
4 5
8 9
11 8
0 4
6 #edges
4 11
4 9
4 1
4 5
11 8
0 4
6 #edges
4 11
4 9
4 5
8 1
11 8
0 4
6 #edges
4 11
4 9
4 5
11 8
0 4
9 1
6 #edges
4 11
4 5
8 9
11 8
0 4
9 1
6 #edges
4 11
4 5
8 1
11 8
0 4
1 9
4 #trees for patient 46
6 #edges
4 5
11 9
11 1
0 4
0 11
1 8
6 #edges
4 5
8 9
11 1
0 4
0 11
1 8
6 #edges
4 5
8 1
11 8
11 9
0 4
0 11
6 #edges
4 5
8 1
11 8
0 4
0 11
1 9
12 #trees for patient 47
6 #edges
4 5
8 9
11 8
0 4
0 1
1 11
6 #edges
4 9
4 5
11 8
0 4
0 1
1 11
6 #edges
4 9
4 5
8 11
0 4
0 1
1 8
6 #edges
4 5
8 11
11 9
0 4
0 1
1 8
6 #edges
4 5
8 9
11 1
0 4
0 11
1 8
6 #edges
4 9
4 5
11 1
0 4
0 11
1 8
6 #edges
4 9
4 5
8 1
11 8
0 4
0 11
6 #edges
4 5
8 1
11 8
0 4
0 11
1 9
6 #edges
4 9
4 5
8 1
0 4
0 8
1 11
6 #edges
4 9
4 5
8 11
11 1
0 4
0 8
6 #edges
4 5
8 11
11 1
0 4
0 8
1 9
6 #edges
4 5
8 1
11 9
0 4
0 8
1 11
28 #trees for patient 48
6 #edges
11 9
11 1
0 11
0 5
1 8
5 4
6 #edges
8 1
11 8
11 9
0 11
0 5
5 4
6 #edges
8 9
11 1
0 11
0 5
1 8
5 4
6 #edges
8 1
11 8
0 11
0 5
1 9
5 4
6 #edges
11 9
11 1
0 4
0 11
0 5
1 8
6 #edges
8 9
11 1
0 4
0 11
0 5
1 8
6 #edges
8 4
11 9
11 1
0 11
0 5
1 8
6 #edges
8 4
8 9
11 1
0 11
0 5
1 8
6 #edges
8 1
11 8
11 9
0 4
0 11
0 5
6 #edges
8 1
11 8
11 9
0 11
0 5
1 4
6 #edges
8 1
11 8
0 4
0 11
0 5
1 9
6 #edges
8 1
11 8
0 11
0 5
1 4
1 9
6 #edges
4 5
8 1
11 8
11 9
0 4
0 11
6 #edges
4 5
11 9
11 1
0 4
0 11
1 8
6 #edges
4 5
8 9
11 1
0 4
0 11
1 8
6 #edges
4 5
8 1
11 8
0 4
0 11
1 9
6 #edges
8 5
11 9
11 1
0 4
0 11
1 8
6 #edges
8 1
11 8
11 9
0 4
0 11
1 5
6 #edges
8 9
8 5
11 1
0 4
0 11
1 8
6 #edges
8 1
11 8
0 4
0 11
1 9
1 5
6 #edges
8 1
11 8
11 9
0 11
1 5
5 4
6 #edges
4 5
8 1
11 8
11 9
0 11
1 4
6 #edges
8 1
11 8
0 11
1 9
1 5
5 4
6 #edges
4 5
8 1
11 8
0 11
1 4
1 9
6 #edges
8 5
11 9
11 1
0 11
1 8
5 4
6 #edges
4 5
8 4
11 9
11 1
0 11
1 8
6 #edges
4 5
8 4
8 9
11 1
0 11
1 8
6 #edges
8 9
8 5
11 1
0 11
1 8
5 4
8 #trees for patient 49
6 #edges
4 5
8 1
11 8
0 4
0 11
1 9
6 #edges
4 5
8 9
11 8
0 4
0 11
9 1
6 #edges
8 9
11 8
0 4
0 11
9 1
1 5
6 #edges
8 1
11 8
0 4
0 11
9 5
1 9
6 #edges
4 5
8 11
11 9
0 4
0 8
9 1
6 #edges
4 5
8 11
11 1
0 4
0 8
1 9
6 #edges
8 11
11 1
0 4
0 8
9 5
1 9
6 #edges
8 11
11 9
0 4
0 8
9 1
1 5
