50 # patients
6 #trees for patient 0
6 #edges
6 8
0 3
3 2
3 4
2 6
8 7
6 #edges
6 7
0 3
3 2
3 4
2 6
7 8
6 #edges
6 8
0 3
3 2
3 4
2 7
7 6
6 #edges
0 3
3 2
3 4
2 7
7 8
8 6
6 #edges
0 3
3 2
3 4
2 8
7 6
8 7
6 #edges
6 7
0 3
3 2
3 4
2 8
8 6
2 #trees for patient 1
6 #edges
0 3
3 2
3 4
2 8
7 6
8 7
6 #edges
0 3
3 8
3 4
2 7
7 6
8 2
2 #trees for patient 2
6 #edges
0 3
3 2
3 4
2 8
7 6
8 7
6 #edges
0 3
3 2
3 4
2 8
8 7
4 6
2 #trees for patient 3
6 #edges
0 3
3 8
3 4
2 7
7 6
8 2
6 #edges
0 3
3 2
3 4
2 8
7 6
8 7
6 #trees for patient 4
6 #edges
0 3
3 2
3 4
2 8
7 6
8 7
6 #edges
0 3
3 2
3 4
2 7
7 8
8 6
6 #edges
0 3
3 2
2 8
2 4
7 6
8 7
6 #edges
0 3
3 2
2 8
7 6
7 4
8 7
6 #edges
0 3
3 2
2 7
2 4
7 8
8 6
6 #edges
0 3
3 2
2 7
7 8
8 6
8 4
3 #trees for patient 5
6 #edges
0 3
3 2
3 4
2 8
7 6
8 7
6 #edges
0 3
3 2
3 4
2 8
8 6
8 7
6 #edges
6 7
0 3
3 2
3 4
2 8
8 6
8 #trees for patient 6
6 #edges
6 7
0 3
3 2
3 4
2 8
8 6
6 #edges
6 7
0 3
3 2
2 8
7 4
8 6
6 #edges
0 3
3 2
3 4
2 8
7 6
8 7
6 #edges
6 4
0 3
3 2
2 8
7 6
8 7
6 #edges
6 7
0 3
3 8
3 4
2 6
8 2
6 #edges
0 3
3 8
3 4
2 7
7 6
8 2
6 #edges
6 4
0 3
3 8
2 7
7 6
8 2
6 #edges
6 7
0 3
3 8
2 6
7 4
8 2
24 #trees for patient 7
6 #edges
6 7
0 3
3 6
3 4
2 8
7 2
6 #edges
6 7
0 3
3 6
3 4
7 8
8 2
6 #edges
6 8
0 3
3 6
3 4
2 7
8 2
6 #edges
6 8
0 3
3 6
3 4
7 2
8 7
6 #edges
6 2
0 3
3 6
3 4
2 7
7 8
6 #edges
6 2
0 3
3 6
3 4
2 8
8 7
6 #edges
6 7
0 3
3 8
3 4
2 6
8 2
6 #edges
0 3
3 8
3 4
2 7
7 6
8 2
6 #edges
0 3
3 8
3 4
2 6
7 2
8 7
6 #edges
6 2
0 3
3 8
3 4
7 6
8 7
6 #edges
6 7
0 3
3 8
3 4
7 2
8 6
6 #edges
6 2
0 3
3 8
3 4
2 7
8 6
6 #edges
6 8
0 3
3 7
3 4
2 6
7 2
6 #edges
0 3
3 7
3 4
2 8
7 2
8 6
6 #edges
6 8
0 3
3 7
3 4
7 6
8 2
6 #edges
6 2
0 3
3 7
3 4
2 8
7 6
6 #edges
6 2
0 3
3 7
3 4
7 8
8 6
6 #edges
0 3
3 7
3 4
2 6
7 8
8 2
6 #edges
6 7
0 3
3 2
3 4
2 6
7 8
6 #edges
6 8
0 3
3 2
3 4
2 6
8 7
6 #edges
6 8
0 3
3 2
3 4
2 7
7 6
6 #edges
0 3
3 2
3 4
2 7
7 8
8 6
6 #edges
6 7
0 3
3 2
3 4
2 8
8 6
6 #edges
0 3
3 2
3 4
2 8
7 6
8 7
6 #trees for patient 8
6 #edges
0 3
3 2
3 4
2 7
7 8
8 6
6 #edges
0 3
3 2
3 4
2 8
7 6
8 7
6 #edges
0 3
3 7
3 4
2 6
7 8
8 2
6 #edges
0 3
3 7
3 4
2 8
7 2
8 6
6 #edges
0 3
3 8
3 4
2 7
7 6
8 2
6 #edges
0 3
3 8
3 4
2 6
7 2
8 7
2 #trees for patient 9
6 #edges
0 3
3 2
3 4
2 6
2 8
8 7
6 #edges
0 3
3 2
3 4
2 8
7 6
8 7
6 #trees for patient 10
6 #edges
0 3
3 2
3 4
2 7
7 8
8 6
6 #edges
6 8
0 3
3 2
3 4
2 7
7 6
6 #edges
0 3
3 2
3 4
2 8
7 6
8 7
6 #edges
6 7
0 3
3 2
3 4
2 8
8 6
6 #edges
6 7
0 3
3 2
3 4
2 6
7 8
6 #edges
6 8
0 3
3 2
3 4
2 6
8 7
4 #trees for patient 11
6 #edges
0 3
3 8
3 4
2 7
8 2
4 6
6 #edges
0 3
3 8
3 4
2 7
7 6
8 2
6 #edges
0 3
3 2
3 4
2 8
8 7
4 6
6 #edges
0 3
3 2
3 4
2 8
7 6
8 7
28 #trees for patient 12
6 #edges
6 7
0 3
3 8
3 4
2 6
8 2
6 #edges
0 3
3 7
3 8
3 4
2 6
8 2
6 #edges
0 3
3 8
3 4
2 6
8 2
4 7
6 #edges
0 3
3 7
3 8
3 4
7 6
8 2
6 #edges
0 3
3 6
3 7
3 8
3 4
8 2
6 #edges
0 3
3 7
3 8
3 4
8 2
4 6
6 #edges
0 3
3 8
3 4
7 6
8 2
4 7
6 #edges
0 3
3 6
3 8
3 4
8 2
4 7
6 #edges
0 3
3 8
3 4
8 2
4 6
4 7
6 #edges
0 3
3 8
3 4
2 7
8 2
4 6
6 #edges
0 3
3 8
3 4
2 7
7 6
8 2
6 #edges
0 3
3 6
3 8
3 4
2 7
8 2
6 #edges
6 7
0 3
3 8
3 4
8 2
4 6
6 #edges
6 7
0 3
3 6
3 8
3 4
8 2
6 #edges
6 7
0 3
3 6
3 2
3 4
2 8
6 #edges
0 3
3 6
3 2
3 7
3 4
2 8
6 #edges
0 3
3 6
3 2
3 4
2 8
8 7
6 #edges
0 3
3 6
3 2
3 4
2 8
4 7
6 #edges
0 3
3 2
3 7
3 4
2 8
7 6
6 #edges
0 3
3 2
3 7
3 4
2 8
4 6
6 #edges
0 3
3 2
3 7
3 4
2 8
8 6
6 #edges
6 7
0 3
3 2
3 4
2 8
8 6
6 #edges
0 3
3 2
3 4
2 8
8 6
4 7
6 #edges
0 3
3 2
3 4
2 8
8 7
4 6
6 #edges
0 3
3 2
3 4
2 8
4 6
4 7
6 #edges
6 7
0 3
3 2
3 4
2 8
4 6
6 #edges
0 3
3 2
3 4
2 8
7 6
8 7
6 #edges
0 3
3 2
3 4
2 8
7 6
4 7
2 #trees for patient 13
6 #edges
0 10
0 4
9 1
9 8
10 5
4 9
6 #edges
0 10
0 4
8 5
9 1
9 8
4 9
14 #trees for patient 14
6 #edges
0 5
0 8
0 10
0 4
9 1
4 9
6 #edges
0 5
0 8
0 9
0 10
9 4
4 1
6 #edges
0 8
0 9
0 10
8 5
9 4
4 1
6 #edges
0 8
0 9
0 10
9 4
4 5
4 1
6 #edges
0 8
0 10
0 4
8 5
9 1
4 9
6 #edges
0 8
0 10
0 4
9 5
9 1
4 9
6 #edges
0 5
0 10
0 4
9 1
9 8
4 9
6 #edges
5 8
0 5
0 10
0 4
9 1
4 9
6 #edges
5 8
0 5
0 9
0 10
9 4
4 1
6 #edges
0 5
0 9
0 10
9 4
4 1
4 8
6 #edges
0 10
0 4
8 5
9 1
9 8
4 9
6 #edges
5 8
0 10
0 4
9 5
9 1
4 9
6 #edges
5 8
0 9
0 10
9 4
4 5
4 1
6 #edges
0 9
0 10
8 5
9 4
4 1
4 8
12 #trees for patient 15
6 #edges
0 9
0 10
8 5
9 4
10 8
4 1
6 #edges
0 9
0 10
9 4
10 8
4 5
4 1
6 #edges
0 9
0 10
9 4
10 5
4 1
4 8
6 #edges
5 8
0 9
0 10
9 4
10 5
4 1
6 #edges
0 9
0 10
8 5
9 4
4 1
4 8
6 #edges
5 8
0 9
0 10
9 4
4 5
4 1
6 #edges
0 10
0 4
8 5
9 1
10 8
4 9
6 #edges
0 10
0 4
9 5
9 1
10 8
4 9
6 #edges
5 8
0 10
0 4
9 1
10 5
4 9
6 #edges
0 10
0 4
9 1
9 8
10 5
4 9
6 #edges
0 10
0 4
8 5
9 1
9 8
4 9
6 #edges
5 8
0 10
0 4
9 5
9 1
4 9
8 #trees for patient 16
6 #edges
0 5
0 4
8 10
9 1
9 8
4 9
6 #edges
0 5
0 9
8 10
9 4
4 1
4 8
6 #edges
0 9
0 10
9 4
10 5
4 1
4 8
6 #edges
0 9
0 10
8 5
9 4
4 1
4 8
6 #edges
0 10
0 4
9 1
9 8
10 5
4 9
6 #edges
0 10
0 4
8 5
9 1
9 8
4 9
6 #edges
0 4
8 10
9 1
9 8
10 5
4 9
6 #edges
0 9
8 10
9 4
10 5
4 1
4 8
2 #trees for patient 17
6 #edges
0 1
0 10
0 4
8 5
9 8
4 9
6 #edges
0 10
0 4
8 5
9 1
9 8
4 9
4 #trees for patient 18
6 #edges
0 10
0 4
8 5
9 1
9 8
4 9
6 #edges
5 8
0 10
0 4
9 5
9 1
4 9
6 #edges
5 8
0 9
0 10
9 4
4 5
4 1
6 #edges
0 9
0 10
8 5
9 4
4 1
4 8
12 #trees for patient 19
6 #edges
0 5
0 3
3 6
8 9
9 7
6 8
6 #edges
0 5
0 3
3 6
7 9
8 7
6 8
6 #edges
0 5
0 3
3 6
7 8
8 9
6 7
6 #edges
0 5
0 3
3 6
7 9
9 8
6 7
6 #edges
0 5
0 3
3 6
7 8
9 7
6 9
6 #edges
0 5
0 3
3 6
8 7
9 8
6 9
6 #edges
0 3
3 5
3 6
7 8
8 9
6 7
6 #edges
0 3
3 5
3 6
7 9
9 8
6 7
6 #edges
0 3
3 5
3 6
7 9
8 7
6 8
6 #edges
0 3
3 5
3 6
8 9
9 7
6 8
6 #edges
0 3
3 5
3 6
7 8
9 7
6 9
6 #edges
0 3
3 5
3 6
8 7
9 8
6 9
24 #trees for patient 20
6 #edges
0 5
0 3
3 7
3 6
9 8
6 9
6 #edges
0 5
0 3
3 7
3 6
7 8
6 9
6 #edges
0 5
0 3
3 7
3 9
7 8
9 6
6 #edges
0 5
0 3
3 7
3 9
9 6
6 8
6 #edges
0 5
0 3
3 8
3 9
8 7
9 6
6 #edges
0 5
0 3
3 8
3 9
9 6
6 7
6 #edges
0 5
0 3
3 9
7 8
9 6
6 7
6 #edges
0 5
0 3
3 9
8 7
9 6
6 8
6 #edges
0 5
0 3
3 8
3 6
8 7
6 9
6 #edges
0 5
0 3
3 8
3 6
9 7
6 9
6 #edges
0 5
0 3
3 6
8 7
9 8
6 9
6 #edges
0 5
0 3
3 6
7 8
9 7
6 9
6 #edges
0 3
3 5
3 7
3 9
9 6
6 8
6 #edges
0 3
3 5
3 7
3 9
7 8
9 6
6 #edges
0 3
3 5
3 7
3 6
7 8
6 9
6 #edges
0 3
3 5
3 7
3 6
9 8
6 9
6 #edges
0 3
3 5
3 8
3 6
8 7
6 9
6 #edges
0 3
3 5
3 8
3 6
9 7
6 9
6 #edges
0 3
3 5
3 6
8 7
9 8
6 9
6 #edges
0 3
3 5
3 6
7 8
9 7
6 9
6 #edges
0 3
3 5
3 8
3 9
8 7
9 6
6 #edges
0 3
3 5
3 8
3 9
9 6
6 7
6 #edges
0 3
3 5
3 9
7 8
9 6
6 7
6 #edges
0 3
3 5
3 9
8 7
9 6
6 8
8 #trees for patient 21
6 #edges
0 5
0 3
3 6
9 7
9 8
6 9
6 #edges
0 5
0 3
3 6
8 7
9 8
6 9
6 #edges
0 5
0 3
3 9
9 6
6 7
6 8
6 #edges
0 5
0 3
3 9
8 7
9 6
6 8
6 #edges
0 3
3 6
9 5
9 7
9 8
6 9
6 #edges
0 3
3 6
8 7
9 5
9 8
6 9
6 #edges
0 3
3 9
8 7
9 6
6 5
6 8
6 #edges
0 3
3 9
9 6
6 5
6 7
6 8
24 #trees for patient 22
6 #edges
0 5
0 3
3 7
7 6
9 8
6 9
6 #edges
0 5
0 3
3 7
7 6
8 9
6 8
6 #edges
0 5
0 3
3 7
7 9
9 6
6 8
6 #edges
0 5
0 3
3 7
7 9
8 6
9 8
6 #edges
0 5
0 3
3 7
7 8
8 6
6 9
6 #edges
0 5
0 3
3 7
7 8
8 9
9 6
6 #edges
0 5
0 3
3 8
7 6
8 7
6 9
6 #edges
0 5
0 3
3 8
7 9
8 7
9 6
6 #edges
0 5
0 3
3 8
8 6
9 7
6 9
6 #edges
0 5
0 3
3 8
7 9
8 6
6 7
6 #edges
0 5
0 3
3 8
8 9
9 6
6 7
6 #edges
0 5
0 3
3 8
7 6
8 9
9 7
6 #edges
0 5
0 3
3 6
7 9
9 8
6 7
6 #edges
0 5
0 3
3 6
7 8
8 9
6 7
6 #edges
0 5
0 3
3 6
7 8
9 7
6 9
6 #edges
0 5
0 3
3 6
8 7
9 8
6 9
6 #edges
0 5
0 3
3 6
8 9
9 7
6 8
6 #edges
0 5
0 3
3 6
7 9
8 7
6 8
6 #edges
0 5
0 3
3 9
8 6
9 8
6 7
6 #edges
0 5
0 3
3 9
7 6
8 7
9 8
6 #edges
0 5
0 3
3 9
7 8
8 6
9 7
6 #edges
0 5
0 3
3 9
7 6
9 7
6 8
6 #edges
0 5
0 3
3 9
7 8
9 6
6 7
6 #edges
0 5
0 3
3 9
8 7
9 6
6 8
4 #trees for patient 23
6 #edges
0 5
0 3
3 6
7 8
9 7
6 9
6 #edges
0 5
0 3
3 6
8 7
9 8
6 9
6 #edges
0 3
3 6
7 5
8 7
9 8
6 9
6 #edges
0 3
3 6
7 8
8 5
9 7
6 9
34 #trees for patient 24
6 #edges
0 5
0 3
3 7
3 6
7 9
9 8
6 #edges
0 5
0 3
3 7
3 6
7 9
6 8
6 #edges
0 5
0 3
3 7
3 6
6 8
6 9
6 #edges
0 5
0 3
3 7
3 6
8 9
6 8
6 #edges
0 5
0 3
3 7
3 6
9 8
6 9
6 #edges
0 5
0 3
3 7
3 6
7 8
6 9
6 #edges
0 5
0 3
3 7
3 6
7 8
8 9
6 #edges
0 5
0 3
3 8
3 6
8 9
6 7
6 #edges
0 5
0 3
3 8
3 6
8 9
9 7
6 #edges
0 5
0 3
3 8
3 6
6 7
6 9
6 #edges
0 5
0 3
3 8
3 6
7 9
6 7
6 #edges
0 5
0 3
3 8
3 6
7 9
8 7
6 #edges
0 5
0 3
3 8
3 6
8 7
6 9
6 #edges
0 5
0 3
3 8
3 6
9 7
6 9
6 #edges
0 5
0 3
3 9
3 6
8 7
9 8
6 #edges
0 5
0 3
3 9
3 6
9 8
6 7
6 #edges
0 5
0 3
3 9
3 6
7 8
9 7
6 #edges
0 5
0 3
3 9
3 6
9 7
6 8
6 #edges
0 5
0 3
3 9
3 6
8 7
6 8
6 #edges
0 5
0 3
3 9
3 6
6 7
6 8
6 #edges
0 5
0 3
3 9
3 6
7 8
6 7
6 #edges
0 5
0 3
3 6
7 9
9 8
6 7
6 #edges
0 5
0 3
3 6
7 9
6 7
6 8
6 #edges
0 5
0 3
3 6
9 8
6 7
6 9
6 #edges
0 5
0 3
3 6
6 7
6 8
6 9
6 #edges
0 5
0 3
3 6
7 8
6 7
6 9
6 #edges
0 5
0 3
3 6
7 8
8 9
6 7
6 #edges
0 5
0 3
3 6
8 9
6 7
6 8
6 #edges
0 5
0 3
3 6
9 7
6 8
6 9
6 #edges
0 5
0 3
3 6
8 7
6 8
6 9
6 #edges
0 5
0 3
3 6
7 8
9 7
6 9
6 #edges
0 5
0 3
3 6
8 7
9 8
6 9
6 #edges
0 5
0 3
3 6
7 9
8 7
6 8
6 #edges
0 5
0 3
3 6
8 9
9 7
6 8
12 #trees for patient 25
6 #edges
0 5
0 7
0 6
3 9
9 8
6 3
6 #edges
0 5
0 7
0 6
3 8
8 9
6 3
6 #edges
0 5
0 3
0 7
3 6
9 8
6 9
6 #edges
0 5
0 3
0 7
3 6
8 9
6 8
6 #edges
5 7
0 5
0 6
3 8
8 9
6 3
6 #edges
5 7
0 5
0 6
3 9
9 8
6 3
6 #edges
5 7
0 5
0 3
3 6
8 9
6 8
6 #edges
5 7
0 5
0 3
3 6
9 8
6 9
6 #edges
0 5
0 6
3 9
8 7
9 8
6 3
6 #edges
0 5
0 6
3 8
8 9
9 7
6 3
6 #edges
0 5
0 3
3 6
8 9
9 7
6 8
6 #edges
0 5
0 3
3 6
8 7
9 8
6 9
12 #trees for patient 26
6 #edges
0 5
0 3
3 6
8 9
9 7
6 8
6 #edges
0 5
0 3
3 6
8 9
6 7
6 8
6 #edges
0 5
0 3
3 6
9 7
6 8
6 9
6 #edges
0 5
0 3
3 6
8 7
6 8
6 9
6 #edges
0 5
0 3
3 6
7 9
6 7
6 8
6 #edges
0 5
0 3
3 6
7 9
8 7
6 8
6 #edges
0 5
0 3
3 6
7 8
6 7
6 9
6 #edges
0 5
0 3
3 6
7 8
8 9
6 7
6 #edges
0 5
0 3
3 6
7 9
9 8
6 7
6 #edges
0 5
0 3
3 6
9 8
6 7
6 9
6 #edges
0 5
0 3
3 6
8 7
9 8
6 9
6 #edges
0 5
0 3
3 6
7 8
9 7
6 9
36 #trees for patient 27
6 #edges
0 7
0 8
0 6
3 5
9 3
6 9
6 #edges
0 7
0 8
0 6
3 9
9 5
6 3
6 #edges
0 3
0 7
0 8
3 9
9 6
6 5
6 #edges
0 3
0 7
0 8
3 6
9 5
6 9
6 #edges
0 7
0 8
0 9
3 6
9 3
6 5
6 #edges
0 7
0 8
0 9
3 5
9 6
6 3
6 #edges
0 8
0 6
3 9
8 7
9 5
6 3
6 #edges
0 8
0 6
3 5
8 7
9 3
6 9
6 #edges
5 7
0 8
0 6
3 9
9 5
6 3
6 #edges
5 7
0 8
0 6
3 5
9 3
6 9
6 #edges
0 3
0 8
3 6
8 7
9 5
6 9
6 #edges
0 3
0 8
3 9
8 7
9 6
6 5
6 #edges
0 8
0 9
3 6
8 7
9 3
6 5
6 #edges
0 8
0 9
3 5
8 7
9 6
6 3
6 #edges
5 7
0 8
0 9
3 6
9 3
6 5
6 #edges
5 7
0 8
0 9
3 5
9 6
6 3
6 #edges
5 7
0 3
0 8
3 6
9 5
6 9
6 #edges
5 7
0 3
0 8
3 9
9 6
6 5
6 #edges
5 7
0 5
0 3
3 6
9 8
6 9
6 #edges
0 5
0 3
3 6
9 7
9 8
6 9
6 #edges
0 5
0 3
3 6
8 7
9 8
6 9
6 #edges
0 5
0 3
3 9
9 6
6 7
6 8
6 #edges
5 7
0 5
0 3
3 9
9 6
6 8
6 #edges
0 5
0 3
3 9
8 7
9 6
6 8
6 #edges
5 7
0 5
0 6
3 8
9 3
6 9
6 #edges
5 7
0 5
0 6
3 9
9 8
6 3
6 #edges
5 7
0 5
0 9
3 6
9 3
6 8
6 #edges
5 7
0 5
0 9
3 8
9 6
6 3
6 #edges
0 5
0 6
3 9
9 7
9 8
6 3
6 #edges
0 5
0 6
3 9
8 7
9 8
6 3
6 #edges
0 5
0 6
3 7
3 8
9 3
6 9
6 #edges
0 5
0 6
3 8
8 7
9 3
6 9
6 #edges
0 5
0 9
3 6
9 3
6 7
6 8
6 #edges
0 5
0 9
3 6
8 7
9 3
6 8
6 #edges
0 5
0 9
3 7
3 8
9 6
6 3
6 #edges
0 5
0 9
3 8
8 7
9 6
6 3
8 #trees for patient 28
6 #edges
0 5
0 3
3 6
9 7
9 8
6 9
6 #edges
0 5
0 3
3 6
8 7
9 8
6 9
6 #edges
0 5
0 3
3 9
9 6
6 7
6 8
6 #edges
0 5
0 3
3 9
8 7
9 6
6 8
6 #edges
0 3
3 6
9 5
9 7
9 8
6 9
6 #edges
0 3
3 6
8 7
9 5
9 8
6 9
6 #edges
0 3
3 9
9 6
6 5
6 7
6 8
6 #edges
0 3
3 9
8 7
9 6
6 5
6 8
120 #trees for patient 29
6 #edges
5 8
0 5
0 3
3 6
7 9
6 7
6 #edges
5 8
0 5
0 3
3 6
8 9
6 7
6 #edges
5 9
0 5
0 3
3 6
7 8
6 7
6 #edges
5 9
0 5
0 3
3 6
9 8
6 7
6 #edges
0 5
0 3
3 6
7 8
8 9
6 7
6 #edges
0 5
0 3
3 6
7 9
9 8
6 7
6 #edges
5 8
0 5
0 3
3 6
8 7
6 9
6 #edges
5 8
0 5
0 3
3 6
9 7
6 9
6 #edges
5 8
0 5
0 3
3 6
7 9
8 7
6 #edges
5 8
0 5
0 3
3 6
8 9
9 7
6 #edges
5 7
0 5
0 3
3 6
7 9
6 8
6 #edges
5 7
0 5
0 3
3 6
8 9
6 8
6 #edges
5 7
0 5
0 3
3 6
7 9
9 8
6 #edges
5 7
0 5
0 3
3 6
7 8
6 9
6 #edges
5 7
0 5
0 3
3 6
7 8
8 9
6 #edges
5 7
0 5
0 3
3 6
9 8
6 9
6 #edges
0 5
0 3
3 6
7 8
9 7
6 9
6 #edges
0 5
0 3
3 6
8 7
9 8
6 9
6 #edges
5 9
0 5
0 3
3 6
9 7
6 8
6 #edges
5 9
0 5
0 3
3 6
8 7
6 8
6 #edges
0 5
0 3
3 6
7 9
8 7
6 8
6 #edges
0 5
0 3
3 6
8 9
9 7
6 8
6 #edges
5 9
0 5
0 3
3 6
8 7
9 8
6 #edges
5 9
0 5
0 3
3 6
7 8
9 7
6 #edges
0 5
0 3
3 7
7 9
8 6
9 8
6 #edges
5 6
0 5
0 3
3 7
7 9
9 8
6 #edges
5 8
0 5
0 3
3 7
7 9
9 6
6 #edges
0 5
0 3
3 7
7 9
9 6
6 8
6 #edges
5 6
0 5
0 3
3 7
7 9
6 8
6 #edges
5 8
0 5
0 3
3 7
7 9
8 6
6 #edges
0 5
0 3
3 7
7 6
9 8
6 9
6 #edges
5 8
0 5
0 3
3 7
7 6
6 9
6 #edges
5 9
0 5
0 3
3 7
7 6
9 8
6 #edges
5 9
0 5
0 3
3 7
7 6
6 8
6 #edges
5 8
0 5
0 3
3 7
7 6
8 9
6 #edges
0 5
0 3
3 7
7 6
8 9
6 8
6 #edges
5 6
0 5
0 3
3 7
8 9
6 8
6 #edges
5 6
0 5
0 3
3 7
7 8
6 9
6 #edges
5 6
0 5
0 3
3 7
9 8
6 9
6 #edges
5 6
0 5
0 3
3 7
7 8
8 9
6 #edges
5 9
0 5
0 3
3 7
7 8
8 6
6 #edges
0 5
0 3
3 7
7 8
8 6
6 9
6 #edges
5 9
0 5
0 3
3 7
7 8
9 6
6 #edges
0 5
0 3
3 7
7 8
8 9
9 6
6 #edges
5 9
0 5
0 3
3 7
9 6
6 8
6 #edges
5 9
0 5
0 3
3 7
8 6
9 8
6 #edges
5 8
0 5
0 3
3 7
8 9
9 6
6 #edges
5 8
0 5
0 3
3 7
8 6
6 9
6 #edges
5 9
0 5
0 3
3 8
9 6
6 7
6 #edges
5 9
0 5
0 3
7 8
9 6
6 7
6 #edges
5 9
0 5
0 3
8 7
9 6
6 8
6 #edges
5 9
0 5
0 3
3 8
8 7
9 6
6 #edges
5 9
0 5
0 3
7 6
8 7
9 8
6 #edges
5 9
0 5
0 3
8 6
9 8
6 7
6 #edges
5 9
0 5
0 3
7 8
8 6
9 7
6 #edges
5 9
0 5
0 3
7 6
9 7
6 8
6 #edges
5 9
0 5
0 3
3 8
7 6
9 7
6 #edges
5 9
0 5
0 3
3 8
8 6
9 7
6 #edges
5 9
0 5
0 3
3 8
8 6
6 7
6 #edges
5 9
0 5
0 3
3 8
7 6
8 7
6 #edges
5 6
0 5
0 3
8 9
9 7
6 8
6 #edges
5 6
0 5
0 3
3 9
8 7
6 8
6 #edges
5 6
0 5
0 3
3 9
9 7
6 8
6 #edges
5 6
0 5
0 3
7 9
8 7
6 8
6 #edges
5 6
0 5
0 3
3 8
9 7
6 9
6 #edges
5 6
0 5
0 3
3 8
8 7
6 9
6 #edges
5 6
0 5
0 3
3 8
8 9
9 7
6 #edges
5 6
0 5
0 3
3 8
8 9
6 7
6 #edges
5 6
0 5
0 3
3 8
7 9
6 7
6 #edges
5 6
0 5
0 3
3 8
7 9
8 7
6 #edges
5 6
0 5
0 3
7 8
9 7
6 9
6 #edges
5 6
0 5
0 3
8 7
9 8
6 9
6 #edges
5 6
0 5
0 3
7 9
9 8
6 7
6 #edges
5 6
0 5
0 3
3 9
7 8
6 7
6 #edges
5 6
0 5
0 3
3 9
9 8
6 7
6 #edges
5 6
0 5
0 3
7 8
8 9
6 7
6 #edges
5 6
0 5
0 3
3 9
7 8
9 7
6 #edges
5 6
0 5
0 3
3 9
8 7
9 8
6 #edges
5 7
0 5
0 3
3 9
7 8
9 6
6 #edges
5 7
0 5
0 3
3 9
9 6
6 8
6 #edges
5 7
0 5
0 3
3 9
7 6
9 8
6 #edges
5 7
0 5
0 3
3 9
8 6
9 8
6 #edges
5 7
0 5
0 3
3 9
7 6
6 8
6 #edges
5 7
0 5
0 3
3 9
7 8
8 6
6 #edges
5 8
0 5
0 3
3 9
7 6
9 7
6 #edges
5 8
0 5
0 3
3 9
8 6
9 7
6 #edges
0 5
0 3
3 9
7 6
9 7
6 8
6 #edges
0 5
0 3
3 9
7 8
8 6
9 7
6 #edges
5 8
0 5
0 3
3 9
9 6
6 7
6 #edges
0 5
0 3
3 9
7 8
9 6
6 7
6 #edges
5 8
0 5
0 3
3 9
8 7
9 6
6 #edges
0 5
0 3
3 9
8 7
9 6
6 8
6 #edges
5 8
0 5
0 3
3 9
7 6
8 7
6 #edges
5 8
0 5
0 3
3 9
8 6
6 7
6 #edges
0 5
0 3
3 9
8 6
9 8
6 7
6 #edges
0 5
0 3
3 9
7 6
8 7
9 8
6 #edges
5 7
0 5
0 3
3 8
7 6
8 9
6 #edges
5 7
0 5
0 3
3 8
7 6
6 9
6 #edges
5 7
0 5
0 3
7 6
9 8
6 9
6 #edges
5 7
0 5
0 3
7 6
8 9
6 8
6 #edges
5 7
0 5
0 3
7 8
8 6
6 9
6 #edges
5 7
0 5
0 3
7 8
8 9
9 6
6 #edges
5 7
0 5
0 3
7 9
8 6
9 8
6 #edges
5 7
0 5
0 3
3 8
7 9
8 6
6 #edges
5 7
0 5
0 3
3 8
7 9
9 6
6 #edges
5 7
0 5
0 3
7 9
9 6
6 8
6 #edges
5 7
0 5
0 3
3 8
8 6
6 9
6 #edges
5 7
0 5
0 3
3 8
8 9
9 6
6 #edges
5 8
0 5
0 3
8 6
9 7
6 9
6 #edges
5 8
0 5
0 3
7 9
8 6
6 7
6 #edges
5 8
0 5
0 3
8 9
9 6
6 7
6 #edges
5 8
0 5
0 3
7 6
8 9
9 7
6 #edges
5 8
0 5
0 3
7 9
8 7
9 6
6 #edges
5 8
0 5
0 3
7 6
8 7
6 9
6 #edges
0 5
0 3
3 8
7 9
8 6
6 7
6 #edges
0 5
0 3
3 8
8 6
9 7
6 9
6 #edges
0 5
0 3
3 8
7 6
8 9
9 7
6 #edges
0 5
0 3
3 8
8 9
9 6
6 7
6 #edges
0 5
0 3
3 8
7 9
8 7
9 6
6 #edges
0 5
0 3
3 8
7 6
8 7
6 9
6 #trees for patient 30
6 #edges
0 7
0 6
3 9
9 5
9 8
6 3
6 #edges
0 3
0 7
3 6
9 5
9 8
6 9
6 #edges
0 5
0 3
3 6
8 7
9 8
6 9
6 #edges
0 5
0 6
3 9
8 7
9 8
6 3
6 #edges
0 6
3 9
8 7
9 5
9 8
6 3
6 #edges
0 3
3 6
8 7
9 5
9 8
6 9
12 #trees for patient 31
6 #edges
0 5
0 3
3 6
7 9
9 8
6 7
6 #edges
0 5
0 3
3 6
7 8
8 9
6 7
6 #edges
0 5
0 3
3 6
7 8
9 7
6 9
6 #edges
0 5
0 3
3 6
8 7
9 8
6 9
6 #edges
0 5
0 3
3 6
8 9
9 7
6 8
6 #edges
0 5
0 3
3 6
7 9
8 7
6 8
6 #edges
0 5
0 6
3 9
7 8
9 7
6 3
6 #edges
0 5
0 6
3 9
8 7
9 8
6 3
6 #edges
0 5
0 6
3 8
8 9
9 7
6 3
6 #edges
0 5
0 6
3 8
7 9
8 7
6 3
6 #edges
0 5
0 6
3 7
7 8
8 9
6 3
6 #edges
0 5
0 6
3 7
7 9
9 8
6 3
6 #trees for patient 32
6 #edges
0 5
0 3
0 7
3 6
9 8
6 9
6 #edges
0 5
0 3
0 7
3 9
9 6
6 8
6 #edges
0 5
0 3
3 7
3 6
9 8
6 9
6 #edges
0 5
0 3
3 6
8 7
9 8
6 9
6 #edges
0 5
0 3
3 7
3 9
9 6
6 8
6 #edges
0 5
0 3
3 9
8 7
9 6
6 8
86 #trees for patient 33
6 #edges
0 3
0 1
0 9
0 4
7 11
4 7
6 #edges
11 3
0 1
0 9
0 4
7 11
4 7
6 #edges
0 1
0 9
0 4
1 3
7 11
4 7
6 #edges
11 9
0 3
0 1
0 4
7 11
4 7
6 #edges
11 9
0 1
0 7
0 4
7 3
4 11
6 #edges
0 1
0 7
0 4
7 3
7 9
4 11
6 #edges
11 9
0 1
0 7
0 4
1 3
7 11
6 #edges
11 3
11 9
0 1
0 7
0 4
7 11
6 #edges
11 9
0 1
0 7
0 4
7 11
4 3
6 #edges
11 3
0 1
0 7
0 4
7 11
4 9
6 #edges
0 1
0 7
0 4
7 11
4 3
4 9
6 #edges
0 1
0 7
0 4
1 3
7 11
4 9
6 #edges
0 1
0 7
0 4
1 3
7 9
4 11
6 #edges
11 9
0 1
0 7
0 4
1 3
4 11
6 #edges
11 3
0 1
0 7
0 4
7 9
4 11
6 #edges
11 3
11 9
0 1
0 7
0 4
4 11
6 #edges
11 3
0 11
0 1
0 4
7 9
4 7
6 #edges
0 11
0 1
0 4
1 3
7 9
4 7
6 #edges
0 11
0 1
0 4
7 3
7 9
4 7
6 #edges
11 9
0 11
0 1
0 4
7 3
4 7
6 #edges
11 3
11 9
0 11
0 1
0 4
4 7
6 #edges
11 9
0 11
0 1
0 4
1 3
4 7
6 #edges
11 9
0 1
0 4
1 3
7 11
4 7
6 #edges
11 3
11 9
0 1
0 4
7 11
4 7
6 #edges
0 3
0 7
0 4
3 1
7 9
4 11
6 #edges
0 3
0 7
0 4
7 1
7 9
4 11
6 #edges
11 1
0 3
0 7
0 4
7 9
4 11
6 #edges
0 3
0 7
0 4
3 1
7 11
4 9
6 #edges
11 9
0 3
0 7
0 4
3 1
7 11
6 #edges
11 9
0 3
0 7
0 4
3 1
4 11
6 #edges
11 9
0 3
0 7
0 4
7 1
4 11
6 #edges
0 3
0 7
0 4
7 11
4 1
4 9
6 #edges
11 9
0 3
0 7
0 4
7 11
4 1
6 #edges
11 1
0 3
0 7
0 4
7 11
4 9
6 #edges
11 1
11 9
0 3
0 7
0 4
4 11
6 #edges
11 1
11 9
0 3
0 7
0 4
7 11
6 #edges
11 1
0 3
0 9
0 4
7 11
4 7
6 #edges
0 3
0 9
0 4
3 1
7 11
4 7
6 #edges
11 1
11 9
0 11
0 3
0 4
4 7
6 #edges
11 1
0 11
0 3
0 4
7 9
4 7
6 #edges
11 9
0 11
0 3
0 4
3 1
4 7
6 #edges
0 11
0 3
0 4
3 1
7 9
4 7
6 #edges
11 9
0 11
0 3
0 4
7 1
4 7
6 #edges
0 11
0 3
0 4
7 1
7 9
4 7
6 #edges
11 9
0 3
0 4
3 1
7 11
4 7
6 #edges
11 1
11 9
0 3
0 4
7 11
4 7
6 #edges
11 1
0 9
0 4
1 3
7 11
4 7
6 #edges
11 3
0 9
0 4
3 1
7 11
4 7
6 #edges
11 1
11 9
0 11
0 4
1 3
4 7
6 #edges
11 1
11 9
0 11
0 4
7 3
4 7
6 #edges
11 1
0 11
0 4
7 3
7 9
4 7
6 #edges
11 1
0 11
0 4
1 3
7 9
4 7
6 #edges
11 9
0 11
0 4
3 1
7 3
4 7
6 #edges
0 11
0 4
3 1
7 3
7 9
4 7
6 #edges
11 3
0 11
0 4
7 1
7 9
4 7
6 #edges
11 3
0 11
0 4
3 1
7 9
4 7
6 #edges
0 11
0 4
1 3
7 1
7 9
4 7
6 #edges
11 9
0 11
0 4
1 3
7 1
4 7
6 #edges
11 3
11 9
0 11
0 4
7 1
4 7
6 #edges
11 3
11 9
0 11
0 4
3 1
4 7
6 #edges
0 7
0 4
1 3
7 1
7 9
4 11
6 #edges
11 3
0 7
0 4
7 1
7 9
4 11
6 #edges
0 7
0 4
3 1
7 3
7 9
4 11
6 #edges
11 1
0 7
0 4
7 3
7 9
4 11
6 #edges
11 3
0 7
0 4
3 1
7 9
4 11
6 #edges
11 1
0 7
0 4
1 3
7 9
4 11
6 #edges
11 9
0 7
0 4
3 1
7 3
4 11
6 #edges
11 1
11 9
0 7
0 4
7 3
4 11
6 #edges
11 9
0 7
0 4
1 3
7 1
4 11
6 #edges
11 3
11 9
0 7
0 4
7 1
4 11
6 #edges
11 3
11 9
0 7
0 4
7 11
4 1
6 #edges
11 3
11 9
0 7
0 4
3 1
7 11
6 #edges
11 3
0 7
0 4
7 11
4 1
4 9
6 #edges
11 3
0 7
0 4
3 1
7 11
4 9
6 #edges
0 7
0 4
1 3
7 11
4 1
4 9
6 #edges
11 1
0 7
0 4
7 11
4 3
4 9
6 #edges
11 1
0 7
0 4
1 3
7 11
4 9
6 #edges
0 7
0 4
3 1
7 11
4 3
4 9
6 #edges
11 9
0 7
0 4
1 3
7 11
4 1
6 #edges
11 1
11 9
0 7
0 4
7 11
4 3
6 #edges
11 9
0 7
0 4
3 1
7 11
4 3
6 #edges
11 1
11 9
0 7
0 4
1 3
7 11
6 #edges
11 3
11 9
0 7
0 4
3 1
4 11
6 #edges
11 1
11 9
0 7
0 4
1 3
4 11
6 #edges
11 3
11 9
0 4
3 1
7 11
4 7
6 #edges
11 1
11 9
0 4
1 3
7 11
4 7
2 #trees for patient 34
6 #edges
11 3
11 9
0 4
3 1
7 11
4 7
6 #edges
11 3
11 9
0 7
3 1
7 4
4 11
18 #trees for patient 35
6 #edges
11 7
0 4
3 1
7 3
7 9
4 11
6 #edges
11 7
0 4
3 1
3 9
7 3
4 11
6 #edges
11 7
0 4
3 1
1 9
7 3
4 11
6 #edges
11 3
11 9
0 4
3 1
7 11
4 7
6 #edges
11 3
0 4
3 1
1 9
7 11
4 7
6 #edges
11 3
0 4
3 1
3 9
7 11
4 7
6 #edges
11 3
11 9
0 7
3 1
7 4
4 11
6 #edges
11 3
0 7
3 1
3 9
7 4
4 11
6 #edges
11 3
0 7
3 1
1 9
7 4
4 11
6 #edges
11 4
0 7
3 1
7 11
4 3
4 9
6 #edges
11 4
0 7
3 1
3 9
7 11
4 3
6 #edges
11 4
0 7
3 1
1 9
7 11
4 3
6 #edges
11 4
0 11
3 1
7 3
7 9
4 7
6 #edges
11 4
0 11
3 1
3 9
7 3
4 7
6 #edges
11 4
0 11
3 1
1 9
7 3
4 7
6 #edges
11 7
0 11
3 1
7 4
4 3
4 9
6 #edges
11 7
0 11
3 1
1 9
7 4
4 3
6 #edges
11 7
0 11
3 1
3 9
7 4
4 3
2 #trees for patient 36
6 #edges
11 3
11 9
0 4
3 1
7 11
4 7
6 #edges
11 3
11 9
0 4
7 11
9 1
4 7
7 #trees for patient 37
6 #edges
11 9
0 4
3 1
7 11
7 3
4 7
6 #edges
11 9
0 4
7 11
7 3
7 1
4 7
6 #edges
11 1
11 9
0 4
7 11
7 3
4 7
6 #edges
11 9
0 4
1 3
7 11
7 1
4 7
6 #edges
11 3
11 9
0 4
7 11
7 1
4 7
6 #edges
11 1
11 9
0 4
1 3
7 11
4 7
6 #edges
11 3
11 9
0 4
3 1
7 11
4 7
6 #trees for patient 38
6 #edges
11 7
0 4
3 1
7 3
7 9
4 11
6 #edges
11 3
11 9
0 4
3 1
7 11
4 7
6 #edges
11 3
11 9
0 7
3 1
7 4
4 11
6 #edges
11 4
0 7
3 1
7 11
4 3
4 9
6 #edges
11 7
0 11
3 1
7 4
4 3
4 9
6 #edges
11 4
0 11
3 1
7 3
7 9
4 7
14 #trees for patient 39
6 #edges
11 3
11 9
0 4
7 11
7 1
4 7
6 #edges
11 3
11 1
11 9
0 4
7 11
4 7
6 #edges
11 3
11 1
0 4
7 11
7 9
4 7
6 #edges
11 3
0 4
7 11
7 9
9 1
4 7
6 #edges
11 3
0 4
3 1
7 11
7 9
4 7
6 #edges
11 3
11 9
0 4
3 1
7 11
4 7
6 #edges
11 3
11 9
0 4
7 11
9 1
4 7
6 #edges
11 3
11 1
0 7
7 4
4 11
4 9
6 #edges
11 3
0 7
7 4
9 1
4 11
4 9
6 #edges
11 3
0 7
3 1
7 4
4 11
4 9
6 #edges
11 3
11 1
11 9
0 7
7 4
4 11
6 #edges
11 3
11 9
0 7
7 4
4 11
4 1
6 #edges
11 3
11 9
0 7
3 1
7 4
4 11
6 #edges
11 3
11 9
0 7
7 4
9 1
4 11
4 #trees for patient 40
6 #edges
11 7
0 9
0 4
3 1
7 3
4 11
6 #edges
11 3
0 9
0 4
3 1
7 11
4 7
6 #edges
11 7
0 4
3 1
7 3
7 9
4 11
6 #edges
11 3
11 9
0 4
3 1
7 11
4 7
4 #trees for patient 41
6 #edges
11 3
0 4
3 1
7 11
7 9
4 7
6 #edges
11 3
11 9
0 4
3 1
7 11
4 7
6 #edges
11 3
0 7
3 1
7 4
4 11
4 9
6 #edges
11 3
11 9
0 7
3 1
7 4
4 11
13 #trees for patient 42
6 #edges
11 3
11 9
0 4
7 11
7 1
4 7
6 #edges
11 9
0 4
1 3
7 11
7 1
4 7
6 #edges
11 9
0 4
7 11
7 1
9 3
4 7
6 #edges
11 1
11 9
0 4
7 11
7 3
4 7
6 #edges
11 1
11 9
0 4
1 3
7 11
4 7
6 #edges
11 3
11 1
11 9
0 4
7 11
4 7
6 #edges
11 1
11 9
0 4
7 11
9 3
4 7
6 #edges
11 3
11 9
0 4
3 1
7 11
4 7
6 #edges
11 3
11 9
0 4
7 11
9 1
4 7
6 #edges
11 9
0 4
3 1
7 11
7 3
4 7
6 #edges
11 9
0 4
7 11
7 3
9 1
4 7
6 #edges
11 9
0 4
3 1
7 11
9 3
4 7
6 #edges
11 9
0 4
1 3
7 11
9 1
4 7
2 #trees for patient 43
6 #edges
11 3
11 9
0 4
3 1
7 11
4 7
6 #edges
11 3
0 4
3 1
3 9
7 11
4 7
2 #trees for patient 44
6 #edges
11 3
11 9
0 4
3 1
7 11
4 7
6 #edges
11 3
11 9
0 7
3 1
7 4
4 11
8 #trees for patient 45
6 #edges
11 7
0 9
0 4
3 1
7 3
4 11
6 #edges
11 7
0 9
0 4
1 3
7 1
4 11
6 #edges
11 3
0 9
0 4
3 1
7 11
4 7
6 #edges
11 1
0 9
0 4
1 3
7 11
4 7
6 #edges
11 3
11 9
0 4
3 1
7 11
4 7
6 #edges
11 1
11 9
0 4
1 3
7 11
4 7
6 #edges
11 7
0 4
3 1
7 3
7 9
4 11
6 #edges
11 7
0 4
1 3
7 1
7 9
4 11
12 #trees for patient 46
6 #edges
11 7
0 4
7 3
7 9
9 1
4 11
6 #edges
11 7
0 4
3 1
7 3
7 9
4 11
6 #edges
11 3
11 9
0 4
7 11
9 1
4 7
6 #edges
11 3
11 9
0 4
3 1
7 11
4 7
6 #edges
11 3
11 9
0 7
3 1
7 4
4 11
6 #edges
11 3
11 9
0 7
7 4
9 1
4 11
6 #edges
11 4
0 7
3 1
7 11
4 3
4 9
6 #edges
11 4
0 7
7 11
9 1
4 3
4 9
6 #edges
11 4
0 11
7 3
7 9
9 1
4 7
6 #edges
11 4
0 11
3 1
7 3
7 9
4 7
6 #edges
11 7
0 11
7 4
9 1
4 3
4 9
6 #edges
11 7
0 11
3 1
7 4
4 3
4 9
4 #trees for patient 47
6 #edges
11 1
11 9
0 4
1 3
7 11
4 7
6 #edges
11 3
11 9
0 4
3 1
7 11
4 7
6 #edges
11 7
0 4
3 1
7 3
7 9
4 11
6 #edges
11 7
0 4
1 3
7 1
7 9
4 11
1 #trees for patient 48
6 #edges
11 3
11 9
0 4
3 1
7 11
4 7
2 #trees for patient 49
6 #edges
11 3
11 9
0 4
3 1
7 11
4 7
6 #edges
11 7
0 4
3 1
7 3
7 9
4 11
