100 # patients
6 #trees for patient 0
6 #edges
0 3
2 7
3 2
3 4
7 6
6 8
6 #edges
0 3
2 7
8 6
3 2
3 4
7 8
6 #edges
0 3
2 6
8 7
3 2
3 4
6 8
6 #edges
0 3
2 6
3 2
3 4
7 8
6 7
6 #edges
0 3
2 8
8 6
3 2
3 4
6 7
6 #edges
0 3
2 8
8 7
3 2
3 4
7 6
2 #trees for patient 1
6 #edges
0 3
2 7
8 2
3 8
3 4
7 6
6 #edges
0 3
2 8
8 7
3 2
3 4
7 6
2 #trees for patient 2
6 #edges
0 3
2 8
8 7
3 2
3 4
4 6
6 #edges
0 3
2 8
8 7
3 2
3 4
7 6
2 #trees for patient 3
6 #edges
0 3
2 8
8 7
3 2
3 4
7 6
6 #edges
0 3
2 7
8 2
3 8
3 4
7 6
6 #trees for patient 4
6 #edges
0 3
2 8
8 7
3 2
3 4
7 6
6 #edges
0 3
2 7
8 6
3 2
3 4
7 8
6 #edges
0 3
2 4
2 7
8 6
3 2
7 8
6 #edges
0 3
2 7
8 4
8 6
3 2
7 8
6 #edges
0 3
2 8
2 4
8 7
3 2
7 6
6 #edges
0 3
2 8
8 7
3 2
7 4
7 6
3 #trees for patient 5
6 #edges
0 3
2 8
8 7
8 6
3 2
3 4
6 #edges
0 3
2 8
8 7
3 2
3 4
7 6
6 #edges
0 3
2 8
8 6
3 2
3 4
6 7
8 #trees for patient 6
6 #edges
0 3
2 7
8 2
3 8
3 4
7 6
6 #edges
0 3
2 6
8 2
3 8
3 4
6 7
6 #edges
0 3
2 6
8 2
3 8
7 4
6 7
6 #edges
0 3
2 7
8 2
3 8
7 6
6 4
6 #edges
0 3
2 8
8 6
3 2
3 4
6 7
6 #edges
0 3
2 8
8 7
3 2
3 4
7 6
6 #edges
0 3
2 8
8 7
3 2
7 6
6 4
6 #edges
0 3
2 8
8 6
3 2
7 4
6 7
24 #trees for patient 7
6 #edges
0 3
8 2
3 4
3 6
7 8
6 7
6 #edges
0 3
2 8
3 4
3 6
7 2
6 7
6 #edges
0 3
8 7
3 4
3 6
7 2
6 8
6 #edges
0 3
2 7
8 2
3 4
3 6
6 8
6 #edges
0 3
2 8
8 7
3 4
3 6
6 2
6 #edges
0 3
2 7
3 4
3 6
7 8
6 2
6 #edges
0 3
2 6
8 7
3 8
3 4
7 2
6 #edges
0 3
8 7
3 8
3 4
7 6
6 2
6 #edges
0 3
2 7
8 6
3 8
3 4
6 2
6 #edges
0 3
8 6
3 8
3 4
7 2
6 7
6 #edges
0 3
2 6
8 2
3 8
3 4
6 7
6 #edges
0 3
2 7
8 2
3 8
3 4
7 6
6 #edges
0 3
2 7
3 2
3 4
7 6
6 8
6 #edges
0 3
2 7
8 6
3 2
3 4
7 8
6 #edges
0 3
2 8
8 6
3 2
3 4
6 7
6 #edges
0 3
2 8
8 7
3 2
3 4
7 6
6 #edges
0 3
2 6
8 7
3 2
3 4
6 8
6 #edges
0 3
2 6
3 2
3 4
7 8
6 7
6 #edges
0 3
2 8
3 4
3 7
7 6
6 2
6 #edges
0 3
8 2
3 4
3 7
7 6
6 8
6 #edges
0 3
2 6
3 4
3 7
7 2
6 8
6 #edges
0 3
2 8
8 6
3 4
3 7
7 2
6 #edges
0 3
8 6
3 4
3 7
7 8
6 2
6 #edges
0 3
2 6
8 2
3 4
3 7
7 8
6 #trees for patient 8
6 #edges
0 3
2 6
8 2
3 4
3 7
7 8
6 #edges
0 3
2 8
8 6
3 4
3 7
7 2
6 #edges
0 3
2 8
8 7
3 2
3 4
7 6
6 #edges
0 3
2 7
8 6
3 2
3 4
7 8
6 #edges
0 3
2 7
8 2
3 8
3 4
7 6
6 #edges
0 3
2 6
8 7
3 8
3 4
7 2
2 #trees for patient 9
6 #edges
0 3
2 8
2 6
8 7
3 2
3 4
6 #edges
0 3
2 8
8 7
3 2
3 4
7 6
6 #trees for patient 10
6 #edges
0 3
2 8
8 7
3 2
3 4
7 6
6 #edges
0 3
2 8
8 6
3 2
3 4
6 7
6 #edges
0 3
2 7
8 6
3 2
3 4
7 8
6 #edges
0 3
2 7
3 2
3 4
7 6
6 8
6 #edges
0 3
2 6
8 7
3 2
3 4
6 8
6 #edges
0 3
2 6
3 2
3 4
7 8
6 7
4 #trees for patient 11
6 #edges
0 3
2 8
8 7
3 2
3 4
4 6
6 #edges
0 3
2 8
8 7
3 2
3 4
7 6
6 #edges
0 3
2 7
8 2
3 8
3 4
4 6
6 #edges
0 3
2 7
8 2
3 8
3 4
7 6
28 #trees for patient 12
6 #edges
0 3
8 2
3 8
3 4
3 6
6 7
6 #edges
0 3
8 2
3 8
3 4
3 7
3 6
6 #edges
0 3
2 7
8 2
3 8
3 4
3 6
6 #edges
0 3
8 2
3 8
3 4
3 6
4 7
6 #edges
0 3
8 2
3 8
3 4
4 7
7 6
6 #edges
0 3
2 6
8 2
3 8
3 4
4 7
6 #edges
0 3
8 2
3 8
3 4
4 7
4 6
6 #edges
0 3
2 7
8 2
3 8
3 4
7 6
6 #edges
0 3
2 7
8 2
3 8
3 4
4 6
6 #edges
0 3
8 2
3 8
3 4
3 7
7 6
6 #edges
0 3
8 2
3 8
3 4
3 7
4 6
6 #edges
0 3
2 6
8 2
3 8
3 4
3 7
6 #edges
0 3
8 2
3 8
3 4
4 6
6 7
6 #edges
0 3
2 6
8 2
3 8
3 4
6 7
6 #edges
0 3
2 8
3 2
3 4
3 7
7 6
6 #edges
0 3
2 8
3 2
3 4
3 7
4 6
6 #edges
0 3
2 8
3 2
3 4
3 7
3 6
6 #edges
0 3
2 8
8 6
3 2
3 4
3 7
6 #edges
0 3
2 8
3 2
3 4
3 6
6 7
6 #edges
0 3
2 8
8 7
3 2
3 4
3 6
6 #edges
0 3
2 8
3 2
3 4
3 6
4 7
6 #edges
0 3
2 8
8 6
3 2
3 4
6 7
6 #edges
0 3
2 8
8 6
3 2
3 4
4 7
6 #edges
0 3
2 8
8 7
3 2
3 4
4 6
6 #edges
0 3
2 8
8 7
3 2
3 4
7 6
6 #edges
0 3
2 8
3 2
3 4
4 7
4 6
6 #edges
0 3
2 8
3 2
3 4
4 7
7 6
6 #edges
0 3
2 8
3 2
3 4
4 6
6 7
6 #trees for patient 13
6 #edges
0 3
0 4
2 8
8 7
3 2
7 6
6 #edges
0 3
0 4
2 7
8 6
3 2
7 8
6 #edges
0 3
2 7
8 6
3 2
3 4
7 8
6 #edges
0 3
2 8
8 7
3 2
3 4
7 6
6 #edges
0 3
2 8
2 4
8 7
3 2
7 6
6 #edges
0 3
2 4
2 7
8 6
3 2
7 8
2 #trees for patient 14
6 #edges
0 3
2 8
8 7
3 2
3 4
4 6
6 #edges
0 3
2 8
8 7
3 2
3 4
7 6
12 #trees for patient 15
6 #edges
0 3
2 7
8 2
3 8
3 4
4 6
6 #edges
0 3
2 7
8 2
3 8
3 4
7 6
6 #edges
0 3
8 7
3 8
3 4
4 6
7 2
6 #edges
0 3
2 6
8 7
3 8
3 4
7 2
6 #edges
0 3
2 8
8 6
3 4
3 7
7 2
6 #edges
0 3
2 8
3 4
3 7
4 6
7 2
6 #edges
0 3
8 2
3 4
3 7
4 6
7 8
6 #edges
0 3
2 6
8 2
3 4
3 7
7 8
6 #edges
0 3
2 8
8 7
3 2
3 4
4 6
6 #edges
0 3
2 7
3 2
3 4
4 6
7 8
6 #edges
0 3
2 8
8 7
3 2
3 4
7 6
6 #edges
0 3
2 7
8 6
3 2
3 4
7 8
7 #trees for patient 16
6 #edges
0 3
0 6
2 8
3 2
3 4
6 7
6 #edges
0 3
0 7
0 6
2 8
3 2
3 4
6 #edges
0 3
0 6
2 8
8 7
3 2
3 4
6 #edges
0 3
0 7
2 8
3 2
3 4
7 6
6 #edges
0 3
0 7
2 8
8 6
3 2
3 4
6 #edges
0 3
2 8
8 6
3 2
3 4
6 7
6 #edges
0 3
2 8
8 7
3 2
3 4
7 6
12 #trees for patient 17
6 #edges
0 3
2 7
8 2
3 8
3 4
7 6
6 #edges
0 3
2 7
8 2
3 8
3 4
4 6
6 #edges
0 3
8 2
3 8
3 4
4 6
6 7
6 #edges
0 3
2 6
8 2
3 8
3 4
4 7
6 #edges
0 3
8 2
3 8
3 4
4 7
7 6
6 #edges
0 3
2 6
8 2
3 8
3 4
6 7
6 #edges
0 3
2 8
3 2
3 4
4 6
6 7
6 #edges
0 3
2 8
8 7
3 2
3 4
4 6
6 #edges
0 3
2 8
8 6
3 2
3 4
6 7
6 #edges
0 3
2 8
8 6
3 2
3 4
4 7
6 #edges
0 3
2 8
3 2
3 4
4 7
7 6
6 #edges
0 3
2 8
8 7
3 2
3 4
7 6
4 #trees for patient 18
6 #edges
0 3
2 8
8 7
3 2
3 4
3 6
6 #edges
0 3
2 7
3 2
3 4
3 6
7 8
6 #edges
0 3
2 7
8 6
3 2
3 4
7 8
6 #edges
0 3
2 8
8 7
3 2
3 4
7 6
4 #trees for patient 19
6 #edges
0 3
2 8
8 7
3 2
3 6
7 4
6 #edges
0 3
2 8
8 7
3 2
3 4
7 6
6 #edges
0 3
2 8
8 7
3 2
3 4
4 6
6 #edges
0 3
2 8
8 7
3 2
4 6
7 4
1 #trees for patient 20
6 #edges
0 3
2 8
8 7
3 2
3 4
7 6
6 #trees for patient 21
6 #edges
0 3
2 8
8 7
3 2
3 4
7 6
6 #edges
0 3
2 8
8 6
3 2
3 4
6 7
6 #edges
0 3
2 7
8 6
3 2
3 4
7 8
6 #edges
0 3
2 7
3 2
3 4
7 6
6 8
6 #edges
0 3
2 6
8 7
3 2
3 4
6 8
6 #edges
0 3
2 6
3 2
3 4
7 8
6 7
2 #trees for patient 22
6 #edges
0 3
2 8
8 7
3 2
3 4
7 6
6 #edges
0 3
2 8
8 6
3 2
3 4
6 7
4 #trees for patient 23
6 #edges
0 3
2 7
8 2
3 8
3 4
7 6
6 #edges
0 3
2 8
8 7
3 2
3 4
7 6
6 #edges
0 3
2 4
2 7
8 2
3 8
7 6
6 #edges
0 3
2 8
8 4
8 7
3 2
7 6
8 #trees for patient 24
6 #edges
0 3
2 8
8 7
3 2
3 4
7 6
6 #edges
0 3
2 8
8 7
3 2
3 4
3 6
6 #edges
0 3
2 7
8 6
3 2
3 4
7 8
6 #edges
0 3
2 7
3 2
3 4
3 6
7 8
6 #edges
0 3
2 7
8 4
3 2
3 6
7 8
6 #edges
0 3
2 7
8 4
8 6
3 2
7 8
6 #edges
0 3
2 8
8 7
3 2
7 4
7 6
6 #edges
0 3
2 8
8 7
3 2
3 6
7 4
2 #trees for patient 25
6 #edges
0 3
2 8
8 7
3 2
3 4
7 6
6 #edges
0 3
2 8
8 7
3 2
7 6
6 4
4 #trees for patient 26
6 #edges
0 4
0 10
9 1
9 5
5 8
4 9
6 #edges
0 4
0 10
8 5
9 8
9 1
4 9
6 #edges
0 4
9 1
9 5
5 8
4 9
4 10
6 #edges
0 4
8 5
9 8
9 1
4 9
4 10
4 #trees for patient 27
6 #edges
0 4
0 10
9 1
9 5
5 8
4 9
6 #edges
0 4
0 10
8 5
9 8
9 1
4 9
6 #edges
0 9
0 10
8 5
9 4
4 8
4 1
6 #edges
0 9
0 10
9 4
5 8
4 1
4 5
6 #trees for patient 28
6 #edges
0 9
0 10
8 5
9 4
4 8
4 1
6 #edges
0 4
0 10
8 5
9 8
9 1
4 9
6 #edges
0 4
8 5
9 8
9 1
1 10
4 9
6 #edges
0 4
8 5
8 10
9 8
9 1
4 9
6 #edges
0 9
8 5
8 10
9 4
4 8
4 1
6 #edges
0 9
8 5
9 4
1 10
4 8
4 1
3 #trees for patient 29
6 #edges
0 1
0 4
0 10
8 5
9 8
4 9
6 #edges
0 4
0 10
8 5
9 8
4 9
10 1
6 #edges
0 4
0 10
8 5
9 8
9 1
4 9
16 #trees for patient 30
6 #edges
0 4
0 10
9 1
5 8
4 9
10 5
6 #edges
0 4
0 10
9 1
4 9
10 8
10 5
6 #edges
0 4
0 10
9 8
9 1
4 9
10 5
6 #edges
0 4
0 10
8 5
9 1
4 9
10 8
6 #edges
0 4
0 10
9 1
9 5
4 9
10 8
6 #edges
0 4
0 10
9 1
9 5
5 8
4 9
6 #edges
0 4
0 10
9 8
9 1
9 5
4 9
6 #edges
0 4
0 10
8 5
9 8
9 1
4 9
6 #edges
0 9
0 10
8 5
9 4
4 1
10 8
6 #edges
0 9
0 10
9 4
4 1
10 8
10 5
6 #edges
0 9
0 10
9 4
4 1
4 5
10 8
6 #edges
0 9
0 10
9 4
4 8
4 1
4 5
6 #edges
0 9
0 10
9 4
5 8
4 1
4 5
6 #edges
0 9
0 10
8 5
9 4
4 8
4 1
6 #edges
0 9
0 10
9 4
4 8
4 1
10 5
6 #edges
0 9
0 10
9 4
5 8
4 1
10 5
2 #trees for patient 31
6 #edges
0 9
0 10
8 5
9 4
4 8
4 1
6 #edges
0 4
0 10
8 5
9 8
9 1
4 9
6 #trees for patient 32
6 #edges
0 4
0 10
8 5
9 8
9 1
4 9
6 #edges
0 9
0 10
8 5
9 4
4 8
4 1
6 #edges
0 4
8 5
9 8
9 1
5 10
4 9
6 #edges
0 4
8 5
8 10
9 8
9 1
4 9
6 #edges
0 9
8 5
8 10
9 4
4 8
4 1
6 #edges
0 9
8 5
9 4
5 10
4 8
4 1
4 #trees for patient 33
6 #edges
0 4
0 10
9 8
4 9
10 1
10 5
6 #edges
0 4
0 10
9 8
9 1
4 9
10 5
6 #edges
0 4
0 10
8 5
9 8
9 1
4 9
6 #edges
0 4
0 10
8 5
9 8
4 9
10 1
26 #trees for patient 34
6 #edges
0 5
0 4
9 8
9 1
9 10
4 9
6 #edges
0 5
0 4
9 8
9 1
1 10
4 9
6 #edges
0 9
0 5
9 4
4 8
4 1
4 10
6 #edges
0 9
0 5
9 4
1 10
4 8
4 1
6 #edges
0 4
0 10
9 8
9 1
4 9
10 5
6 #edges
0 9
0 10
9 4
4 8
4 1
10 5
6 #edges
0 4
0 10
9 8
9 1
9 5
4 9
6 #edges
0 4
0 10
9 8
9 1
1 5
4 9
6 #edges
0 4
0 10
8 5
9 8
9 1
4 9
6 #edges
0 9
0 10
9 4
4 8
4 1
4 5
6 #edges
0 9
0 10
9 4
1 5
4 8
4 1
6 #edges
0 9
0 10
8 5
9 4
4 8
4 1
6 #edges
0 4
9 8
9 1
9 5
1 10
4 9
6 #edges
0 4
9 8
9 1
9 10
1 5
4 9
6 #edges
0 4
9 8
9 1
1 5
1 10
4 9
6 #edges
0 4
8 5
9 8
9 1
1 10
4 9
6 #edges
0 4
8 5
9 8
9 1
9 10
4 9
6 #edges
0 4
9 8
9 1
1 10
4 9
10 5
6 #edges
0 4
9 8
9 1
9 10
4 9
10 5
6 #edges
0 9
9 4
1 10
4 8
4 1
4 5
6 #edges
0 9
8 5
9 4
4 8
4 1
4 10
6 #edges
0 9
9 4
4 8
4 1
4 10
10 5
6 #edges
0 9
9 4
1 5
4 8
4 1
4 10
6 #edges
0 9
8 5
9 4
1 10
4 8
4 1
6 #edges
0 9
9 4
1 5
1 10
4 8
4 1
6 #edges
0 9
9 4
1 10
4 8
4 1
10 5
4 #trees for patient 35
6 #edges
0 9
0 10
8 5
9 4
4 8
4 1
6 #edges
0 4
0 10
8 5
9 8
9 1
4 9
6 #edges
0 4
8 5
9 8
9 1
9 10
4 9
6 #edges
0 9
8 5
9 4
4 8
4 1
4 10
49 #trees for patient 36
6 #edges
0 5
0 4
9 1
9 10
5 8
4 9
6 #edges
0 5
0 4
9 1
1 10
5 8
4 9
6 #edges
0 5
0 4
9 8
9 1
1 10
4 9
6 #edges
0 5
0 4
9 1
9 10
4 9
10 8
6 #edges
0 5
0 4
9 1
9 10
1 8
4 9
6 #edges
0 5
0 4
9 1
1 8
1 10
4 9
6 #edges
0 5
0 4
9 1
1 10
4 9
10 8
6 #edges
0 8
0 4
9 1
9 5
1 10
4 9
6 #edges
0 8
0 4
8 5
9 1
1 10
4 9
6 #edges
0 8
0 4
9 1
1 5
1 10
4 9
6 #edges
0 8
0 4
9 1
1 10
4 9
10 5
6 #edges
0 8
0 4
9 1
9 10
1 5
4 9
6 #edges
0 8
0 4
9 1
9 10
4 9
10 5
6 #edges
0 8
0 4
8 5
9 1
9 10
4 9
6 #edges
0 4
0 10
8 5
9 1
4 9
10 8
6 #edges
0 4
0 10
9 1
1 5
4 9
10 8
6 #edges
0 4
0 10
9 1
9 5
4 9
10 8
6 #edges
0 4
0 10
9 1
5 8
4 9
10 5
6 #edges
0 4
0 10
9 8
9 1
4 9
10 5
6 #edges
0 4
0 10
9 1
1 8
4 9
10 5
6 #edges
0 4
0 10
9 1
9 5
1 8
4 9
6 #edges
0 4
0 10
8 5
9 1
1 8
4 9
6 #edges
0 4
0 10
9 1
1 8
1 5
4 9
6 #edges
0 4
0 10
8 5
9 8
9 1
4 9
6 #edges
0 4
0 10
9 8
9 1
9 5
4 9
6 #edges
0 4
0 10
9 8
9 1
1 5
4 9
6 #edges
0 4
0 10
9 1
1 5
5 8
4 9
6 #edges
0 4
0 10
9 1
9 5
5 8
4 9
6 #edges
0 4
8 5
9 1
9 10
4 9
10 8
6 #edges
0 4
9 1
9 10
1 5
4 9
10 8
6 #edges
0 4
9 1
9 10
1 8
1 5
4 9
6 #edges
0 4
9 1
9 10
1 8
4 9
10 5
6 #edges
0 4
8 5
9 1
9 10
1 8
4 9
6 #edges
0 4
9 1
9 10
5 8
4 9
10 5
6 #edges
0 4
9 1
9 10
1 5
5 8
4 9
6 #edges
0 4
9 1
9 5
1 8
1 10
4 9
6 #edges
0 4
9 1
1 8
1 5
1 10
4 9
6 #edges
0 4
9 1
1 8
1 10
4 9
10 5
6 #edges
0 4
8 5
9 1
1 8
1 10
4 9
6 #edges
0 4
9 8
9 1
9 5
1 10
4 9
6 #edges
0 4
9 1
9 5
1 10
4 9
10 8
6 #edges
0 4
9 1
9 5
1 10
5 8
4 9
6 #edges
0 4
8 5
9 8
9 1
1 10
4 9
6 #edges
0 4
9 8
9 1
1 5
1 10
4 9
6 #edges
0 4
9 8
9 1
1 10
4 9
10 5
6 #edges
0 4
9 1
1 5
1 10
4 9
10 8
6 #edges
0 4
9 1
1 5
1 10
5 8
4 9
6 #edges
0 4
8 5
9 1
1 10
4 9
10 8
6 #edges
0 4
9 1
1 10
5 8
4 9
10 5
3 #trees for patient 37
6 #edges
0 4
0 10
8 5
9 8
9 1
4 9
6 #edges
0 4
8 5
9 8
9 1
1 10
4 9
6 #edges
0 4
8 5
8 10
9 8
9 1
4 9
6 #trees for patient 38
6 #edges
0 5
0 3
8 7
9 8
3 6
6 9
6 #edges
0 5
0 3
9 7
3 6
7 8
6 9
6 #edges
0 5
0 3
9 8
3 6
7 9
6 7
6 #edges
0 5
0 3
8 9
3 6
7 8
6 7
6 #edges
0 5
0 3
8 9
9 7
3 6
6 8
6 #edges
0 5
0 3
8 7
3 6
7 9
6 8
2 #trees for patient 39
6 #edges
0 5
0 3
8 7
9 8
3 6
6 9
6 #edges
0 5
0 3
9 7
3 6
7 8
6 9
4 #trees for patient 40
6 #edges
0 5
0 3
9 7
3 6
7 8
6 9
6 #edges
0 5
0 3
8 7
9 8
3 6
6 9
6 #edges
0 5
0 3
8 7
9 6
3 9
6 8
6 #edges
0 5
0 3
9 6
3 9
7 8
6 7
24 #trees for patient 41
6 #edges
0 5
0 7
0 6
9 8
3 9
6 3
6 #edges
0 5
0 7
0 6
8 9
3 8
6 3
6 #edges
0 5
0 6
9 8
3 9
3 7
6 3
6 #edges
0 5
0 6
8 7
9 8
3 9
6 3
6 #edges
0 5
0 6
8 9
3 8
3 7
6 3
6 #edges
0 5
0 6
8 9
9 7
3 8
6 3
6 #edges
0 5
0 3
0 7
9 8
3 6
6 9
6 #edges
0 5
0 3
0 7
8 9
3 6
6 8
6 #edges
0 5
0 3
8 9
3 6
6 8
6 7
6 #edges
0 5
0 3
8 9
9 7
3 6
6 8
6 #edges
0 5
0 3
9 8
3 6
6 9
6 7
6 #edges
0 5
0 3
8 7
9 8
3 6
6 9
6 #edges
0 7
0 6
8 9
9 5
3 8
6 3
6 #edges
0 7
0 6
8 5
9 8
3 9
6 3
6 #edges
0 3
0 7
8 5
9 8
3 6
6 9
6 #edges
0 3
0 7
8 9
9 5
3 6
6 8
6 #edges
0 6
8 5
9 8
3 9
3 7
6 3
6 #edges
0 6
8 5
8 7
9 8
3 9
6 3
6 #edges
0 6
8 9
9 5
9 7
3 8
6 3
6 #edges
0 6
8 9
9 5
3 8
3 7
6 3
6 #edges
0 3
8 5
8 7
9 8
3 6
6 9
6 #edges
0 3
8 5
9 8
3 6
6 9
6 7
6 #edges
0 3
8 9
9 5
3 6
6 8
6 7
6 #edges
0 3
8 9
9 5
9 7
3 6
6 8
8 #trees for patient 42
6 #edges
0 5
0 3
9 7
3 6
7 8
6 9
6 #edges
0 5
0 3
8 7
9 8
3 6
6 9
6 #edges
0 5
0 3
8 7
9 6
3 9
6 8
6 #edges
0 5
0 3
9 6
3 9
7 8
6 7
6 #edges
0 3
8 7
9 6
3 9
6 8
6 5
6 #edges
0 3
9 6
3 9
7 8
6 5
6 7
6 #edges
0 3
9 5
9 7
3 6
7 8
6 9
6 #edges
0 3
8 7
9 8
9 5
3 6
6 9
24 #trees for patient 43
6 #edges
0 8
0 5
8 6
9 7
3 9
6 3
6 #edges
0 8
0 5
8 6
9 3
3 7
6 9
6 #edges
0 8
0 5
8 9
9 6
3 7
6 3
6 #edges
0 8
0 5
8 9
9 3
3 6
6 7
6 #edges
0 8
0 5
8 3
9 6
3 9
6 7
6 #edges
0 8
0 5
8 3
9 7
3 6
6 9
6 #edges
0 5
0 6
8 3
9 7
3 9
6 8
6 #edges
0 5
0 6
8 9
9 3
3 7
6 8
6 #edges
0 5
0 6
8 3
9 8
3 7
6 9
6 #edges
0 5
0 6
8 7
9 3
3 8
6 9
6 #edges
0 5
0 6
8 9
9 7
3 8
6 3
6 #edges
0 5
0 6
8 7
9 8
3 9
6 3
6 #edges
0 9
0 5
8 3
9 6
3 7
6 8
6 #edges
0 9
0 5
8 7
9 6
3 8
6 3
6 #edges
0 9
0 5
8 7
9 3
3 6
6 8
6 #edges
0 9
0 5
8 6
9 3
3 8
6 7
6 #edges
0 9
0 5
8 6
9 8
3 7
6 3
6 #edges
0 9
0 5
8 3
9 8
3 6
6 7
6 #edges
0 5
0 3
8 7
9 8
3 6
6 9
6 #edges
0 5
0 3
8 9
9 7
3 6
6 8
6 #edges
0 5
0 3
8 6
9 8
3 9
6 7
6 #edges
0 5
0 3
8 7
9 6
3 9
6 8
6 #edges
0 5
0 3
8 9
9 6
3 8
6 7
6 #edges
0 5
0 3
8 6
9 7
3 8
6 9
2 #trees for patient 44
6 #edges
0 5
0 3
8 7
9 8
3 6
6 9
6 #edges
0 3
8 7
9 8
9 5
3 6
6 9
24 #trees for patient 45
6 #edges
0 5
0 3
8 7
9 6
3 9
6 8
6 #edges
0 5
0 3
8 7
9 8
3 6
6 9
6 #edges
0 9
0 5
8 7
9 6
3 8
6 3
6 #edges
0 9
0 5
8 7
9 3
3 6
6 8
6 #edges
0 5
0 6
8 7
9 3
3 8
6 9
6 #edges
0 5
0 6
8 7
9 8
3 9
6 3
6 #edges
0 9
0 7
9 3
3 6
7 5
6 8
6 #edges
0 9
0 7
8 5
9 3
3 6
6 8
6 #edges
0 9
0 7
9 6
3 8
7 5
6 3
6 #edges
0 9
0 7
8 5
9 6
3 8
6 3
6 #edges
0 3
0 7
9 6
3 9
7 5
6 8
6 #edges
0 3
0 7
9 8
3 6
7 5
6 9
6 #edges
0 7
0 6
9 8
3 9
7 5
6 3
6 #edges
0 7
0 6
9 3
3 8
7 5
6 9
6 #edges
0 7
0 6
8 5
9 3
3 8
6 9
6 #edges
0 7
0 6
8 5
9 8
3 9
6 3
6 #edges
0 3
0 7
8 5
9 6
3 9
6 8
6 #edges
0 3
0 7
8 5
9 8
3 6
6 9
6 #edges
0 6
8 7
9 3
3 8
7 5
6 9
6 #edges
0 6
8 7
9 8
3 9
7 5
6 3
6 #edges
0 3
8 7
9 8
3 6
7 5
6 9
6 #edges
0 3
8 7
9 6
3 9
7 5
6 8
6 #edges
0 9
8 7
9 3
3 6
7 5
6 8
6 #edges
0 9
8 7
9 6
3 8
7 5
6 3
12 #trees for patient 46
6 #edges
0 5
0 3
0 7
8 9
3 6
6 8
6 #edges
0 5
0 3
0 7
9 8
3 6
6 9
6 #edges
0 5
0 3
8 7
9 8
3 6
6 9
6 #edges
0 5
0 3
8 9
9 7
3 6
6 8
6 #edges
0 3
0 7
8 9
9 5
3 6
6 8
6 #edges
0 3
0 7
8 9
3 6
6 8
6 5
6 #edges
0 3
0 7
9 8
3 6
6 9
6 5
6 #edges
0 3
0 7
8 5
9 8
3 6
6 9
6 #edges
0 3
8 9
9 5
9 7
3 6
6 8
6 #edges
0 3
8 9
9 7
3 6
6 8
6 5
6 #edges
0 3
8 7
9 8
3 6
6 9
6 5
6 #edges
0 3
8 5
8 7
9 8
3 6
6 9
8 #trees for patient 47
6 #edges
0 5
0 3
8 9
5 7
3 6
6 8
6 #edges
0 5
0 3
9 8
5 7
3 6
6 9
6 #edges
0 5
0 6
8 9
5 7
3 8
6 3
6 #edges
0 5
0 6
9 8
5 7
3 9
6 3
6 #edges
0 5
0 6
8 7
9 8
3 9
6 3
6 #edges
0 5
0 6
8 9
9 7
3 8
6 3
6 #edges
0 5
0 3
8 9
9 7
3 6
6 8
6 #edges
0 5
0 3
8 7
9 8
3 6
6 9
6 #trees for patient 48
6 #edges
0 5
0 3
8 7
3 6
7 9
6 8
6 #edges
0 5
0 3
8 9
9 7
3 6
6 8
6 #edges
0 5
0 3
9 8
3 6
7 9
6 7
6 #edges
0 5
0 3
8 9
3 6
7 8
6 7
6 #edges
0 5
0 3
9 7
3 6
7 8
6 9
6 #edges
0 5
0 3
8 7
9 8
3 6
6 9
6 #trees for patient 49
6 #edges
0 5
0 3
8 7
9 8
3 6
6 9
6 #edges
0 5
0 3
9 7
3 6
7 8
6 9
6 #edges
0 3
9 7
3 5
3 6
7 8
6 9
6 #edges
0 3
8 7
9 8
3 5
3 6
6 9
6 #edges
0 3
8 7
9 8
3 6
6 9
6 5
6 #edges
0 3
9 7
3 6
7 8
6 9
6 5
6 #trees for patient 50
6 #edges
0 5
0 3
9 7
3 6
7 8
6 9
6 #edges
0 5
0 3
8 7
9 8
3 6
6 9
6 #edges
0 3
8 7
9 8
3 6
6 9
6 5
6 #edges
0 3
9 7
3 6
7 8
6 9
6 5
6 #edges
0 3
9 7
3 5
3 6
7 8
6 9
6 #edges
0 3
8 7
9 8
3 5
3 6
6 9
2 #trees for patient 51
6 #edges
0 5
0 6
8 7
9 8
3 9
6 3
6 #edges
0 5
0 3
8 7
9 8
3 6
6 9
38 #trees for patient 52
6 #edges
0 3
0 7
9 6
3 9
7 8
6 5
6 #edges
0 3
0 7
9 5
3 6
7 8
6 9
6 #edges
0 3
0 7
9 8
9 5
3 6
6 9
6 #edges
0 3
0 7
9 5
5 8
3 6
6 9
6 #edges
0 3
0 7
9 6
3 9
6 8
6 5
6 #edges
0 3
0 7
9 6
5 8
3 9
6 5
6 #edges
0 8
0 3
8 7
9 5
3 6
6 9
6 #edges
0 8
0 3
8 7
9 6
3 9
6 5
6 #edges
0 8
0 3
9 6
3 9
6 5
6 7
6 #edges
0 8
0 3
9 6
5 7
3 9
6 5
6 #edges
0 8
0 3
9 5
9 7
3 6
6 9
6 #edges
0 8
0 3
9 5
5 7
3 6
6 9
6 #edges
0 5
0 3
9 6
5 7
3 9
7 8
6 #edges
0 5
0 3
5 7
3 6
7 8
6 9
6 #edges
0 5
0 3
9 8
5 7
3 6
6 9
6 #edges
0 5
0 3
9 6
5 7
3 9
6 8
6 #edges
0 5
0 3
8 7
5 8
3 6
6 9
6 #edges
0 5
0 3
8 7
9 6
5 8
3 9
6 #edges
0 5
0 3
9 6
5 8
3 9
6 7
6 #edges
0 5
0 3
9 7
5 8
3 6
6 9
6 #edges
0 5
0 3
9 6
3 9
7 8
6 7
6 #edges
0 5
0 3
9 6
3 9
6 8
6 7
6 #edges
0 5
0 3
8 7
9 6
3 9
6 8
6 #edges
0 5
0 3
9 8
9 7
3 6
6 9
6 #edges
0 5
0 3
9 7
3 6
7 8
6 9
6 #edges
0 5
0 3
8 7
9 8
3 6
6 9
6 #edges
0 3
8 7
9 6
3 9
6 8
6 5
6 #edges
0 3
9 6
5 7
3 9
6 8
6 5
6 #edges
0 3
9 6
5 8
3 9
6 5
6 7
6 #edges
0 3
9 6
3 9
7 8
6 5
6 7
6 #edges
0 3
8 7
9 6
5 8
3 9
6 5
6 #edges
0 3
9 6
5 7
3 9
7 8
6 5
6 #edges
0 3
9 5
9 7
5 8
3 6
6 9
6 #edges
0 3
9 5
9 7
3 6
7 8
6 9
6 #edges
0 3
8 7
9 5
5 8
3 6
6 9
6 #edges
0 3
8 7
9 8
9 5
3 6
6 9
6 #edges
0 3
9 8
9 5
5 7
3 6
6 9
6 #edges
0 3
9 5
5 7
3 6
7 8
6 9
24 #trees for patient 53
6 #edges
0 5
0 3
9 8
3 6
7 9
6 7
6 #edges
0 5
0 3
8 9
3 6
7 8
6 7
6 #edges
0 5
0 3
9 7
3 6
7 8
6 9
6 #edges
0 5
0 3
8 7
9 8
3 6
6 9
6 #edges
0 5
0 3
8 9
9 7
3 6
6 8
6 #edges
0 5
0 3
8 7
3 6
7 9
6 8
6 #edges
0 5
0 3
8 7
9 6
3 8
7 9
6 #edges
0 5
0 3
8 7
3 8
7 6
6 9
6 #edges
0 5
0 3
8 6
9 7
3 8
6 9
6 #edges
0 5
0 3
8 6
3 8
7 9
6 7
6 #edges
0 5
0 3
8 9
9 6
3 8
6 7
6 #edges
0 5
0 3
8 9
9 7
3 8
7 6
6 #edges
0 5
0 3
8 7
9 8
3 9
7 6
6 #edges
0 5
0 3
8 6
9 8
3 9
6 7
6 #edges
0 5
0 3
8 7
9 6
3 9
6 8
6 #edges
0 5
0 3
9 6
3 9
7 8
6 7
6 #edges
0 5
0 3
9 7
3 9
7 6
6 8
6 #edges
0 5
0 3
8 6
9 7
3 9
7 8
6 #edges
0 5
0 3
9 8
3 7
7 6
6 9
6 #edges
0 5
0 3
8 9
3 7
7 6
6 8
6 #edges
0 5
0 3
8 6
9 8
3 7
7 9
6 #edges
0 5
0 3
9 6
3 7
7 9
6 8
6 #edges
0 5
0 3
8 9
9 6
3 7
7 8
6 #edges
0 5
0 3
8 6
3 7
7 8
6 9
4 #trees for patient 54
6 #edges
0 5
0 6
8 7
9 8
3 9
6 3
6 #edges
0 5
0 3
8 7
9 8
3 6
6 9
6 #edges
0 6
8 5
8 7
9 8
3 9
6 3
6 #edges
0 3
8 5
8 7
9 8
3 6
6 9
12 #trees for patient 55
6 #edges
0 5
0 6
9 3
3 7
7 8
6 9
6 #edges
0 5
0 6
8 7
9 3
3 8
6 9
6 #edges
0 5
0 6
9 7
3 9
7 8
6 3
6 #edges
0 5
0 6
8 7
9 8
3 9
6 3
6 #edges
0 9
0 5
8 7
9 3
3 6
6 8
6 #edges
0 9
0 5
9 3
3 6
7 8
6 7
6 #edges
0 9
0 5
8 7
9 6
3 8
6 3
6 #edges
0 9
0 5
9 6
3 7
7 8
6 3
6 #edges
0 5
0 3
9 7
3 6
7 8
6 9
6 #edges
0 5
0 3
8 7
9 8
3 6
6 9
6 #edges
0 5
0 3
8 7
9 6
3 9
6 8
6 #edges
0 5
0 3
9 6
3 9
7 8
6 7
14 #trees for patient 56
6 #edges
0 5
0 3
3 7
3 6
7 8
6 9
6 #edges
0 5
0 3
3 8
3 7
3 6
6 9
6 #edges
0 5
0 3
9 8
3 7
3 6
6 9
6 #edges
0 5
0 3
9 6
3 8
3 9
3 7
6 #edges
0 5
0 3
9 6
3 9
3 7
7 8
6 #edges
0 5
0 3
9 6
3 9
3 7
6 8
6 #edges
0 5
0 3
8 7
3 8
3 6
6 9
6 #edges
0 5
0 3
9 7
3 8
3 6
6 9
6 #edges
0 5
0 3
9 7
3 6
7 8
6 9
6 #edges
0 5
0 3
8 7
9 8
3 6
6 9
6 #edges
0 5
0 3
9 6
3 8
3 9
6 7
6 #edges
0 5
0 3
9 6
3 9
7 8
6 7
6 #edges
0 5
0 3
8 7
9 6
3 8
3 9
6 #edges
0 5
0 3
8 7
9 6
3 9
6 8
8 #trees for patient 57
6 #edges
0 5
0 3
9 7
3 6
7 8
6 9
6 #edges
0 5
0 3
8 7
9 8
3 6
6 9
6 #edges
0 5
0 3
8 7
9 6
3 9
6 8
6 #edges
0 5
0 3
9 6
3 9
7 8
6 7
6 #edges
0 3
8 7
9 8
3 5
3 6
6 9
6 #edges
0 3
9 7
3 5
3 6
7 8
6 9
6 #edges
0 3
8 7
9 6
3 9
3 5
6 8
6 #edges
0 3
9 6
3 9
3 5
7 8
6 7
120 #trees for patient 58
6 #edges
0 9
0 5
9 3
3 6
7 8
6 7
6 #edges
0 9
0 5
8 7
9 3
3 6
6 8
6 #edges
0 9
0 5
8 7
9 3
3 8
7 6
6 #edges
0 9
0 5
8 6
9 3
3 8
6 7
6 #edges
0 9
0 5
9 3
3 7
7 6
6 8
6 #edges
0 9
0 5
8 6
9 3
3 7
7 8
6 #edges
0 9
0 5
8 6
9 8
7 3
6 7
6 #edges
0 9
0 5
8 6
9 8
3 7
6 3
6 #edges
0 9
0 5
8 7
9 8
7 6
6 3
6 #edges
0 9
0 5
8 7
9 8
3 6
7 3
6 #edges
0 9
0 5
8 3
9 8
3 7
7 6
6 #edges
0 9
0 5
8 3
9 8
3 6
6 7
6 #edges
0 9
0 5
8 6
9 7
3 8
7 3
6 #edges
0 9
0 5
9 7
3 6
7 3
6 8
6 #edges
0 9
0 5
8 6
9 7
7 8
6 3
6 #edges
0 9
0 5
8 3
9 7
3 6
7 8
6 #edges
0 9
0 5
9 7
3 8
7 6
6 3
6 #edges
0 9
0 5
8 3
9 7
7 6
6 8
6 #edges
0 9
0 5
8 3
9 6
3 7
6 8
6 #edges
0 9
0 5
8 7
9 6
7 3
6 8
6 #edges
0 9
0 5
8 3
9 6
7 8
6 7
6 #edges
0 9
0 5
9 6
3 8
7 3
6 7
6 #edges
0 9
0 5
9 6
3 7
7 8
6 3
6 #edges
0 9
0 5
8 7
9 6
3 8
6 3
6 #edges
0 5
0 3
8 6
9 8
3 7
7 9
6 #edges
0 5
0 3
9 6
3 7
7 9
6 8
6 #edges
0 5
0 3
9 8
3 7
7 6
6 9
6 #edges
0 5
0 3
8 9
3 7
7 6
6 8
6 #edges
0 5
0 3
8 9
9 6
3 7
7 8
6 #edges
0 5
0 3
8 6
3 7
7 8
6 9
6 #edges
0 5
0 3
8 9
3 6
7 8
6 7
6 #edges
0 5
0 3
9 8
3 6
7 9
6 7
6 #edges
0 5
0 3
9 7
3 6
7 8
6 9
6 #edges
0 5
0 3
8 7
9 8
3 6
6 9
6 #edges
0 5
0 3
8 9
9 7
3 6
6 8
6 #edges
0 5
0 3
8 7
3 6
7 9
6 8
6 #edges
0 5
0 3
8 9
9 7
3 8
7 6
6 #edges
0 5
0 3
8 9
9 6
3 8
6 7
6 #edges
0 5
0 3
8 6
3 8
7 9
6 7
6 #edges
0 5
0 3
8 6
9 7
3 8
6 9
6 #edges
0 5
0 3
8 7
9 6
3 8
7 9
6 #edges
0 5
0 3
8 7
3 8
7 6
6 9
6 #edges
0 5
0 3
8 6
9 7
3 9
7 8
6 #edges
0 5
0 3
9 7
3 9
7 6
6 8
6 #edges
0 5
0 3
8 7
9 6
3 9
6 8
6 #edges
0 5
0 3
9 6
3 9
7 8
6 7
6 #edges
0 5
0 3
8 7
9 8
3 9
7 6
6 #edges
0 5
0 3
8 6
9 8
3 9
6 7
6 #edges
0 5
0 7
9 3
3 6
7 9
6 8
6 #edges
0 5
0 7
8 6
9 3
3 8
7 9
6 #edges
0 5
0 7
8 3
9 8
3 6
7 9
6 #edges
0 5
0 7
8 6
9 8
7 9
6 3
6 #edges
0 5
0 7
9 6
3 8
7 9
6 3
6 #edges
0 5
0 7
8 3
9 6
7 9
6 8
6 #edges
0 5
0 7
8 6
3 8
7 3
6 9
6 #edges
0 5
0 7
8 9
9 6
3 8
7 3
6 #edges
0 5
0 7
9 6
3 9
7 3
6 8
6 #edges
0 5
0 7
8 6
9 8
3 9
7 3
6 #edges
0 5
0 7
8 9
3 6
7 3
6 8
6 #edges
0 5
0 7
9 8
3 6
7 3
6 9
6 #edges
0 5
0 7
9 8
3 9
7 6
6 3
6 #edges
0 5
0 7
8 9
3 8
7 6
6 3
6 #edges
0 5
0 7
8 3
3 9
7 6
6 8
6 #edges
0 5
0 7
8 9
9 3
7 6
6 8
6 #edges
0 5
0 7
8 3
9 8
7 6
6 9
6 #edges
0 5
0 7
9 3
3 8
7 6
6 9
6 #edges
0 5
0 7
8 3
3 6
7 8
6 9
6 #edges
0 5
0 7
8 3
9 6
3 9
7 8
6 #edges
0 5
0 7
8 6
3 9
7 8
6 3
6 #edges
0 5
0 7
8 6
9 3
7 8
6 9
6 #edges
0 5
0 7
8 9
9 3
3 6
7 8
6 #edges
0 5
0 7
8 9
9 6
7 8
6 3
6 #edges
0 8
0 5
8 3
9 7
3 9
7 6
6 #edges
0 8
0 5
8 3
9 6
3 9
6 7
6 #edges
0 8
0 5
8 3
3 6
7 9
6 7
6 #edges
0 8
0 5
8 3
9 7
3 6
6 9
6 #edges
0 8
0 5
8 3
9 6
3 7
7 9
6 #edges
0 8
0 5
8 3
3 7
7 6
6 9
6 #edges
0 8
0 5
8 6
9 3
3 7
6 9
6 #edges
0 8
0 5
8 6
9 7
7 3
6 9
6 #edges
0 8
0 5
8 6
3 7
7 9
6 3
6 #edges
0 8
0 5
8 6
9 7
3 9
6 3
6 #edges
0 8
0 5
8 6
3 9
7 3
6 7
6 #edges
0 8
0 5
8 6
9 3
7 9
6 7
6 #edges
0 8
0 5
8 7
9 3
7 6
6 9
6 #edges
0 8
0 5
8 7
3 9
7 6
6 3
6 #edges
0 8
0 5
8 7
9 6
7 9
6 3
6 #edges
0 8
0 5
8 7
9 3
3 6
7 9
6 #edges
0 8
0 5
8 7
3 6
7 3
6 9
6 #edges
0 8
0 5
8 7
9 6
3 9
7 3
6 #edges
0 8
0 5
8 9
9 6
7 3
6 7
6 #edges
0 8
0 5
8 9
9 6
3 7
6 3
6 #edges
0 8
0 5
8 9
9 7
3 6
7 3
6 #edges
0 8
0 5
8 9
9 7
7 6
6 3
6 #edges
0 8
0 5
8 9
9 3
3 7
7 6
6 #edges
0 8
0 5
8 9
9 3
3 6
6 7
6 #edges
0 5
0 6
9 8
3 9
7 3
6 7
6 #edges
0 5
0 6
8 9
3 8
7 3
6 7
6 #edges
0 5
0 6
8 3
9 8
7 9
6 7
6 #edges
0 5
0 6
9 3
3 8
7 9
6 7
6 #edges
0 5
0 6
8 3
3 9
7 8
6 7
6 #edges
0 5
0 6
8 9
9 3
7 8
6 7
6 #edges
0 5
0 6
8 7
9 8
3 9
6 3
6 #edges
0 5
0 6
9 7
3 9
7 8
6 3
6 #edges
0 5
0 6
8 9
9 7
3 8
6 3
6 #edges
0 5
0 6
8 7
3 8
7 9
6 3
6 #edges
0 5
0 6
8 9
3 7
7 8
6 3
6 #edges
0 5
0 6
9 8
3 7
7 9
6 3
6 #edges
0 5
0 6
8 3
9 7
7 8
6 9
6 #edges
0 5
0 6
9 7
3 8
7 3
6 9
6 #edges
0 5
0 6
8 3
9 8
3 7
6 9
6 #edges
0 5
0 6
8 7
9 8
7 3
6 9
6 #edges
0 5
0 6
8 7
9 3
3 8
6 9
6 #edges
0 5
0 6
9 3
3 7
7 8
6 9
6 #edges
0 5
0 6
8 3
9 7
3 9
6 8
6 #edges
0 5
0 6
8 3
3 7
7 9
6 8
6 #edges
0 5
0 6
8 7
3 9
7 3
6 8
6 #edges
0 5
0 6
8 7
9 3
7 9
6 8
6 #edges
0 5
0 6
8 9
9 7
7 3
6 8
6 #edges
0 5
0 6
8 9
9 3
3 7
6 8
18 #trees for patient 59
6 #edges
0 5
0 3
9 6
3 9
6 8
6 7
6 #edges
0 5
0 3
9 6
3 9
7 8
6 7
6 #edges
0 5
0 3
8 7
9 6
3 9
6 8
6 #edges
0 5
0 3
8 7
9 8
3 6
6 9
6 #edges
0 5
0 3
9 8
9 7
3 6
6 9
6 #edges
0 5
0 3
9 7
3 6
7 8
6 9
6 #edges
0 5
0 6
8 7
9 3
3 8
6 9
6 #edges
0 5
0 6
9 3
3 8
3 7
6 9
6 #edges
0 5
0 6
9 3
3 7
7 8
6 9
6 #edges
0 5
0 6
9 8
9 7
3 9
6 3
6 #edges
0 5
0 6
9 7
3 9
7 8
6 3
6 #edges
0 5
0 6
8 7
9 8
3 9
6 3
6 #edges
0 9
0 5
9 6
3 8
3 7
6 3
6 #edges
0 9
0 5
8 7
9 6
3 8
6 3
6 #edges
0 9
0 5
9 6
3 7
7 8
6 3
6 #edges
0 9
0 5
9 3
3 6
6 8
6 7
6 #edges
0 9
0 5
8 7
9 3
3 6
6 8
6 #edges
0 9
0 5
9 3
3 6
7 8
6 7
14 #trees for patient 60
6 #edges
0 5
0 6
8 7
5 8
3 9
6 3
6 #edges
0 5
0 6
5 8
5 7
3 9
6 3
6 #edges
0 5
0 6
9 7
5 8
3 9
6 3
6 #edges
0 5
0 6
5 7
3 9
7 8
6 3
6 #edges
0 5
0 6
9 8
5 7
3 9
6 3
6 #edges
0 5
0 6
8 7
9 8
3 9
6 3
6 #edges
0 5
0 6
9 7
3 9
7 8
6 3
6 #edges
0 5
0 3
8 7
5 8
3 6
6 9
6 #edges
0 5
0 3
9 7
5 8
3 6
6 9
6 #edges
0 5
0 3
5 8
5 7
3 6
6 9
6 #edges
0 5
0 3
9 8
5 7
3 6
6 9
6 #edges
0 5
0 3
5 7
3 6
7 8
6 9
6 #edges
0 5
0 3
9 7
3 6
7 8
6 9
6 #edges
0 5
0 3
8 7
9 8
3 6
6 9
4 #trees for patient 61
6 #edges
0 5
0 3
9 8
9 7
3 6
6 9
6 #edges
0 5
0 3
8 7
9 8
3 6
6 9
6 #edges
0 5
0 6
9 8
9 7
3 9
6 3
6 #edges
0 5
0 6
8 7
9 8
3 9
6 3
6 #trees for patient 62
6 #edges
0 9
0 5
8 7
9 3
3 6
6 8
6 #edges
0 9
0 5
8 7
9 6
3 8
6 3
6 #edges
0 5
0 3
8 7
9 6
3 9
6 8
6 #edges
0 5
0 3
8 7
9 8
3 6
6 9
6 #edges
0 5
0 6
8 7
9 8
3 9
6 3
6 #edges
0 5
0 6
8 7
9 3
3 8
6 9
6 #trees for patient 63
6 #edges
0 9
0 5
8 7
9 3
3 6
6 8
6 #edges
0 9
0 5
8 7
9 6
3 8
6 3
6 #edges
0 5
0 3
8 7
9 6
3 9
6 8
6 #edges
0 5
0 3
8 7
9 8
3 6
6 9
6 #edges
0 5
0 6
8 7
9 8
3 9
6 3
6 #edges
0 5
0 6
8 7
9 3
3 8
6 9
120 #trees for patient 64
6 #edges
0 9
0 5
9 3
3 6
7 8
6 7
6 #edges
0 9
0 5
8 7
9 3
3 6
6 8
6 #edges
0 9
0 5
8 7
9 3
3 8
7 6
6 #edges
0 9
0 5
8 6
9 3
3 8
6 7
6 #edges
0 9
0 5
9 3
3 7
7 6
6 8
6 #edges
0 9
0 5
8 6
9 3
3 7
7 8
6 #edges
0 9
0 5
8 6
9 8
7 3
6 7
6 #edges
0 9
0 5
8 6
9 8
3 7
6 3
6 #edges
0 9
0 5
8 7
9 8
7 6
6 3
6 #edges
0 9
0 5
8 7
9 8
3 6
7 3
6 #edges
0 9
0 5
8 3
9 8
3 7
7 6
6 #edges
0 9
0 5
8 3
9 8
3 6
6 7
6 #edges
0 9
0 5
8 6
9 7
3 8
7 3
6 #edges
0 9
0 5
9 7
3 6
7 3
6 8
6 #edges
0 9
0 5
8 6
9 7
7 8
6 3
6 #edges
0 9
0 5
8 3
9 7
3 6
7 8
6 #edges
0 9
0 5
9 7
3 8
7 6
6 3
6 #edges
0 9
0 5
8 3
9 7
7 6
6 8
6 #edges
0 9
0 5
8 3
9 6
3 7
6 8
6 #edges
0 9
0 5
8 7
9 6
7 3
6 8
6 #edges
0 9
0 5
8 3
9 6
7 8
6 7
6 #edges
0 9
0 5
9 6
3 8
7 3
6 7
6 #edges
0 9
0 5
9 6
3 7
7 8
6 3
6 #edges
0 9
0 5
8 7
9 6
3 8
6 3
6 #edges
0 5
0 3
8 6
9 8
3 7
7 9
6 #edges
0 5
0 3
9 6
3 7
7 9
6 8
6 #edges
0 5
0 3
9 8
3 7
7 6
6 9
6 #edges
0 5
0 3
8 9
3 7
7 6
6 8
6 #edges
0 5
0 3
8 9
9 6
3 7
7 8
6 #edges
0 5
0 3
8 6
3 7
7 8
6 9
6 #edges
0 5
0 3
8 9
3 6
7 8
6 7
6 #edges
0 5
0 3
9 8
3 6
7 9
6 7
6 #edges
0 5
0 3
9 7
3 6
7 8
6 9
6 #edges
0 5
0 3
8 7
9 8
3 6
6 9
6 #edges
0 5
0 3
8 9
9 7
3 6
6 8
6 #edges
0 5
0 3
8 7
3 6
7 9
6 8
6 #edges
0 5
0 3
8 9
9 7
3 8
7 6
6 #edges
0 5
0 3
8 9
9 6
3 8
6 7
6 #edges
0 5
0 3
8 6
3 8
7 9
6 7
6 #edges
0 5
0 3
8 6
9 7
3 8
6 9
6 #edges
0 5
0 3
8 7
9 6
3 8
7 9
6 #edges
0 5
0 3
8 7
3 8
7 6
6 9
6 #edges
0 5
0 3
8 6
9 7
3 9
7 8
6 #edges
0 5
0 3
9 7
3 9
7 6
6 8
6 #edges
0 5
0 3
8 7
9 6
3 9
6 8
6 #edges
0 5
0 3
9 6
3 9
7 8
6 7
6 #edges
0 5
0 3
8 7
9 8
3 9
7 6
6 #edges
0 5
0 3
8 6
9 8
3 9
6 7
6 #edges
0 5
0 7
9 3
3 6
7 9
6 8
6 #edges
0 5
0 7
8 6
9 3
3 8
7 9
6 #edges
0 5
0 7
8 3
9 8
3 6
7 9
6 #edges
0 5
0 7
8 6
9 8
7 9
6 3
6 #edges
0 5
0 7
9 6
3 8
7 9
6 3
6 #edges
0 5
0 7
8 3
9 6
7 9
6 8
6 #edges
0 5
0 7
8 6
3 8
7 3
6 9
6 #edges
0 5
0 7
8 9
9 6
3 8
7 3
6 #edges
0 5
0 7
9 6
3 9
7 3
6 8
6 #edges
0 5
0 7
8 6
9 8
3 9
7 3
6 #edges
0 5
0 7
8 9
3 6
7 3
6 8
6 #edges
0 5
0 7
9 8
3 6
7 3
6 9
6 #edges
0 5
0 7
9 8
3 9
7 6
6 3
6 #edges
0 5
0 7
8 9
3 8
7 6
6 3
6 #edges
0 5
0 7
8 3
3 9
7 6
6 8
6 #edges
0 5
0 7
8 9
9 3
7 6
6 8
6 #edges
0 5
0 7
8 3
9 8
7 6
6 9
6 #edges
0 5
0 7
9 3
3 8
7 6
6 9
6 #edges
0 5
0 7
8 3
3 6
7 8
6 9
6 #edges
0 5
0 7
8 3
9 6
3 9
7 8
6 #edges
0 5
0 7
8 6
3 9
7 8
6 3
6 #edges
0 5
0 7
8 6
9 3
7 8
6 9
6 #edges
0 5
0 7
8 9
9 3
3 6
7 8
6 #edges
0 5
0 7
8 9
9 6
7 8
6 3
6 #edges
0 8
0 5
8 3
9 7
3 9
7 6
6 #edges
0 8
0 5
8 3
9 6
3 9
6 7
6 #edges
0 8
0 5
8 3
3 6
7 9
6 7
6 #edges
0 8
0 5
8 3
9 7
3 6
6 9
6 #edges
0 8
0 5
8 3
9 6
3 7
7 9
6 #edges
0 8
0 5
8 3
3 7
7 6
6 9
6 #edges
0 8
0 5
8 6
9 3
3 7
6 9
6 #edges
0 8
0 5
8 6
9 7
7 3
6 9
6 #edges
0 8
0 5
8 6
3 7
7 9
6 3
6 #edges
0 8
0 5
8 6
9 7
3 9
6 3
6 #edges
0 8
0 5
8 6
3 9
7 3
6 7
6 #edges
0 8
0 5
8 6
9 3
7 9
6 7
6 #edges
0 8
0 5
8 7
9 3
7 6
6 9
6 #edges
0 8
0 5
8 7
3 9
7 6
6 3
6 #edges
0 8
0 5
8 7
9 6
7 9
6 3
6 #edges
0 8
0 5
8 7
9 3
3 6
7 9
6 #edges
0 8
0 5
8 7
3 6
7 3
6 9
6 #edges
0 8
0 5
8 7
9 6
3 9
7 3
6 #edges
0 8
0 5
8 9
9 6
7 3
6 7
6 #edges
0 8
0 5
8 9
9 6
3 7
6 3
6 #edges
0 8
0 5
8 9
9 7
3 6
7 3
6 #edges
0 8
0 5
8 9
9 7
7 6
6 3
6 #edges
0 8
0 5
8 9
9 3
3 7
7 6
6 #edges
0 8
0 5
8 9
9 3
3 6
6 7
6 #edges
0 5
0 6
9 8
3 9
7 3
6 7
6 #edges
0 5
0 6
8 9
3 8
7 3
6 7
6 #edges
0 5
0 6
8 3
9 8
7 9
6 7
6 #edges
0 5
0 6
9 3
3 8
7 9
6 7
6 #edges
0 5
0 6
8 3
3 9
7 8
6 7
6 #edges
0 5
0 6
8 9
9 3
7 8
6 7
6 #edges
0 5
0 6
8 7
9 8
3 9
6 3
6 #edges
0 5
0 6
9 7
3 9
7 8
6 3
6 #edges
0 5
0 6
8 9
9 7
3 8
6 3
6 #edges
0 5
0 6
8 7
3 8
7 9
6 3
6 #edges
0 5
0 6
8 9
3 7
7 8
6 3
6 #edges
0 5
0 6
9 8
3 7
7 9
6 3
6 #edges
0 5
0 6
8 3
9 7
7 8
6 9
6 #edges
0 5
0 6
9 7
3 8
7 3
6 9
6 #edges
0 5
0 6
8 3
9 8
3 7
6 9
6 #edges
0 5
0 6
8 7
9 8
7 3
6 9
6 #edges
0 5
0 6
8 7
9 3
3 8
6 9
6 #edges
0 5
0 6
9 3
3 7
7 8
6 9
6 #edges
0 5
0 6
8 3
9 7
3 9
6 8
6 #edges
0 5
0 6
8 3
3 7
7 9
6 8
6 #edges
0 5
0 6
8 7
3 9
7 3
6 8
6 #edges
0 5
0 6
8 7
9 3
7 9
6 8
6 #edges
0 5
0 6
8 9
9 7
7 3
6 8
6 #edges
0 5
0 6
8 9
9 3
3 7
6 8
8 #trees for patient 65
6 #edges
0 5
0 6
8 7
9 8
3 9
6 3
6 #edges
0 5
0 6
8 9
9 7
3 8
6 3
6 #edges
0 5
0 3
8 9
9 7
3 6
6 8
6 #edges
0 5
0 3
8 7
9 8
3 6
6 9
6 #edges
0 6
8 9
9 7
3 8
3 5
6 3
6 #edges
0 6
8 7
9 8
3 9
3 5
6 3
6 #edges
0 3
8 9
9 7
3 6
6 8
6 5
6 #edges
0 3
8 7
9 8
3 6
6 9
6 5
4 #trees for patient 66
6 #edges
0 5
0 6
8 7
9 8
3 9
6 3
6 #edges
0 5
0 6
9 7
3 9
7 8
6 3
6 #edges
0 5
0 3
9 7
3 6
7 8
6 9
6 #edges
0 5
0 3
8 7
9 8
3 6
6 9
4 #trees for patient 67
6 #edges
0 4
11 9
11 3
3 1
4 7
7 11
6 #edges
0 4
11 3
1 9
3 1
4 7
7 11
6 #edges
0 4
11 7
3 1
4 11
7 9
7 3
6 #edges
0 4
11 7
1 9
3 1
4 11
7 3
2 #trees for patient 68
6 #edges
0 4
11 9
11 3
9 1
4 7
7 11
6 #edges
0 4
11 9
11 3
3 1
4 7
7 11
12 #trees for patient 69
6 #edges
0 7
11 9
11 1
1 3
4 11
7 4
6 #edges
0 7
11 9
11 3
3 1
4 11
7 4
6 #edges
0 7
11 4
3 1
4 9
4 3
7 11
6 #edges
0 7
11 4
1 3
4 9
4 1
7 11
6 #edges
0 4
11 9
11 1
1 3
4 7
7 11
6 #edges
0 4
11 9
11 3
3 1
4 7
7 11
6 #edges
0 4
11 7
3 1
4 11
7 9
7 3
6 #edges
0 4
11 7
1 3
4 11
7 9
7 1
6 #edges
0 11
11 7
3 1
4 9
4 3
7 4
6 #edges
0 11
11 7
1 3
4 9
4 1
7 4
6 #edges
0 11
11 4
1 3
4 7
7 9
7 1
6 #edges
0 11
11 4
3 1
4 7
7 9
7 3
12 #trees for patient 70
6 #edges
0 7
11 9
11 1
1 3
4 11
7 4
6 #edges
0 7
11 9
11 1
9 3
4 11
7 4
6 #edges
0 7
11 9
11 3
9 1
4 11
7 4
6 #edges
0 7
11 9
11 3
3 1
4 11
7 4
6 #edges
0 7
11 9
9 1
1 3
4 11
7 4
6 #edges
0 7
11 9
9 3
3 1
4 11
7 4
6 #edges
0 4
11 9
11 1
1 3
4 7
7 11
6 #edges
0 4
11 9
11 1
9 3
4 7
7 11
6 #edges
0 4
11 9
11 3
9 1
4 7
7 11
6 #edges
0 4
11 9
11 3
3 1
4 7
7 11
6 #edges
0 4
11 9
9 1
1 3
4 7
7 11
6 #edges
0 4
11 9
9 3
3 1
4 7
7 11
4 #trees for patient 71
6 #edges
0 7
11 3
3 1
4 11
4 9
7 4
6 #edges
0 7
11 9
11 3
3 1
4 11
7 4
6 #edges
0 4
11 3
3 1
4 7
7 11
7 9
6 #edges
0 4
11 9
11 3
3 1
4 7
7 11
12 #trees for patient 72
6 #edges
0 7
11 9
11 1
1 3
4 11
7 4
6 #edges
0 7
11 9
11 3
3 1
4 11
7 4
6 #edges
0 7
11 4
3 1
4 9
4 3
7 11
6 #edges
0 7
11 4
1 3
4 9
4 1
7 11
6 #edges
0 4
11 9
11 1
1 3
4 7
7 11
6 #edges
0 4
11 9
11 3
3 1
4 7
7 11
6 #edges
0 4
11 7
1 3
4 11
7 9
7 1
6 #edges
0 4
11 7
3 1
4 11
7 9
7 3
6 #edges
0 11
11 7
1 3
4 9
4 1
7 4
6 #edges
0 11
11 7
3 1
4 9
4 3
7 4
6 #edges
0 11
11 4
3 1
4 7
7 9
7 3
6 #edges
0 11
11 4
1 3
4 7
7 9
7 1
12 #trees for patient 73
6 #edges
0 7
11 9
11 1
1 3
4 11
7 4
6 #edges
0 7
11 9
11 3
3 1
4 11
7 4
6 #edges
0 7
11 4
3 1
4 9
4 3
7 11
6 #edges
0 7
11 4
1 3
4 9
4 1
7 11
6 #edges
0 4
11 9
11 1
1 3
4 7
7 11
6 #edges
0 4
11 9
11 3
3 1
4 7
7 11
6 #edges
0 4
11 7
1 3
4 11
7 9
7 1
6 #edges
0 4
11 7
3 1
4 11
7 9
7 3
6 #edges
0 11
11 7
1 3
4 9
4 1
7 4
6 #edges
0 11
11 7
3 1
4 9
4 3
7 4
6 #edges
0 11
11 4
3 1
4 7
7 9
7 3
6 #edges
0 11
11 4
1 3
4 7
7 9
7 1
4 #trees for patient 74
6 #edges
0 7
11 3
3 1
4 11
4 9
7 4
6 #edges
0 7
11 9
11 3
3 1
4 11
7 4
6 #edges
0 4
11 3
3 1
4 7
7 11
7 9
6 #edges
0 4
11 9
11 3
3 1
4 7
7 11
4 #trees for patient 75
6 #edges
0 7
11 9
11 3
3 1
4 11
7 4
6 #edges
0 7
11 3
1 9
3 1
4 11
7 4
6 #edges
0 4
11 9
11 3
3 1
4 7
7 11
6 #edges
0 4
11 3
1 9
3 1
4 7
7 11
2 #trees for patient 76
6 #edges
0 4
11 9
11 1
1 3
4 7
7 11
6 #edges
0 4
11 9
11 3
3 1
4 7
7 11
2 #trees for patient 77
6 #edges
0 4
11 9
11 1
1 3
4 7
7 11
6 #edges
0 4
11 9
11 3
3 1
4 7
7 11
12 #trees for patient 78
6 #edges
0 7
11 9
11 1
1 3
4 11
7 4
6 #edges
0 7
11 9
11 3
3 1
4 11
7 4
6 #edges
0 7
11 4
3 1
4 9
4 3
7 11
6 #edges
0 7
11 4
1 3
4 9
4 1
7 11
6 #edges
0 4
11 9
11 1
1 3
4 7
7 11
6 #edges
0 4
11 9
11 3
3 1
4 7
7 11
6 #edges
0 4
11 7
3 1
4 11
7 9
7 3
6 #edges
0 4
11 7
1 3
4 11
7 9
7 1
6 #edges
0 11
11 7
3 1
4 9
4 3
7 4
6 #edges
0 11
11 7
1 3
4 9
4 1
7 4
6 #edges
0 11
11 4
1 3
4 7
7 9
7 1
6 #edges
0 11
11 4
3 1
4 7
7 9
7 3
24 #trees for patient 79
6 #edges
0 7
11 9
11 3
3 1
4 11
7 4
6 #edges
0 7
11 9
11 3
9 1
4 11
7 4
6 #edges
0 7
11 9
11 1
9 3
4 11
7 4
6 #edges
0 7
11 9
9 3
3 1
4 11
7 4
6 #edges
0 7
11 4
3 1
4 9
4 3
7 11
6 #edges
0 7
11 4
9 1
4 9
4 3
7 11
6 #edges
0 7
11 4
9 3
4 9
4 1
7 11
6 #edges
0 7
11 4
9 3
3 1
4 9
7 11
6 #edges
0 4
11 9
11 1
9 3
4 7
7 11
6 #edges
0 4
11 9
11 3
3 1
4 7
7 11
6 #edges
0 4
11 9
11 3
9 1
4 7
7 11
6 #edges
0 4
11 9
9 3
3 1
4 7
7 11
6 #edges
0 4
11 7
9 1
4 11
7 9
7 3
6 #edges
0 4
11 7
3 1
4 11
7 9
7 3
6 #edges
0 4
11 7
9 3
4 11
7 9
7 1
6 #edges
0 4
11 7
9 3
3 1
4 11
7 9
6 #edges
0 11
11 7
3 1
4 9
4 3
7 4
6 #edges
0 11
11 7
9 1
4 9
4 3
7 4
6 #edges
0 11
11 7
9 3
3 1
4 9
7 4
6 #edges
0 11
11 7
9 3
4 9
4 1
7 4
6 #edges
0 11
11 4
3 1
4 7
7 9
7 3
6 #edges
0 11
11 4
9 1
4 7
7 9
7 3
6 #edges
0 11
11 4
9 3
4 7
7 9
7 1
6 #edges
0 11
11 4
9 3
3 1
4 7
7 9
4 #trees for patient 80
6 #edges
0 7
11 9
11 1
1 3
4 11
7 4
6 #edges
0 7
11 9
11 3
3 1
4 11
7 4
6 #edges
0 4
11 9
11 1
1 3
4 7
7 11
6 #edges
0 4
11 9
11 3
3 1
4 7
7 11
2 #trees for patient 81
6 #edges
0 4
11 9
11 1
1 3
4 7
7 11
6 #edges
0 4
11 9
11 3
3 1
4 7
7 11
42 #trees for patient 82
6 #edges
0 7
11 4
3 1
4 9
4 3
7 11
6 #edges
0 7
11 4
9 1
4 9
4 3
7 11
6 #edges
0 7
11 4
9 3
4 9
4 1
7 11
6 #edges
0 7
11 4
1 3
4 9
4 1
7 11
6 #edges
0 7
11 4
9 3
3 1
4 9
7 11
6 #edges
0 7
11 4
9 1
9 3
4 9
7 11
6 #edges
0 7
11 4
9 1
1 3
4 9
7 11
6 #edges
0 7
11 9
11 3
3 1
4 11
7 4
6 #edges
0 7
11 9
11 3
9 1
4 11
7 4
6 #edges
0 7
11 9
11 1
1 3
4 11
7 4
6 #edges
0 7
11 9
11 1
9 3
4 11
7 4
6 #edges
0 7
11 9
9 1
9 3
4 11
7 4
6 #edges
0 7
11 9
9 1
1 3
4 11
7 4
6 #edges
0 7
11 9
9 3
3 1
4 11
7 4
6 #edges
0 4
11 7
3 1
4 11
7 9
7 3
6 #edges
0 4
11 7
9 1
4 11
7 9
7 3
6 #edges
0 4
11 7
9 3
4 11
7 9
7 1
6 #edges
0 4
11 7
1 3
4 11
7 9
7 1
6 #edges
0 4
11 7
9 3
3 1
4 11
7 9
6 #edges
0 4
11 7
9 1
9 3
4 11
7 9
6 #edges
0 4
11 7
9 1
1 3
4 11
7 9
6 #edges
0 4
11 9
11 1
1 3
4 7
7 11
6 #edges
0 4
11 9
11 1
9 3
4 7
7 11
6 #edges
0 4
11 9
11 3
3 1
4 7
7 11
6 #edges
0 4
11 9
11 3
9 1
4 7
7 11
6 #edges
0 4
11 9
9 1
9 3
4 7
7 11
6 #edges
0 4
11 9
9 3
3 1
4 7
7 11
6 #edges
0 4
11 9
9 1
1 3
4 7
7 11
6 #edges
0 11
11 7
1 3
4 9
4 1
7 4
6 #edges
0 11
11 7
9 3
4 9
4 1
7 4
6 #edges
0 11
11 7
3 1
4 9
4 3
7 4
6 #edges
0 11
11 7
9 1
4 9
4 3
7 4
6 #edges
0 11
11 7
9 3
3 1
4 9
7 4
6 #edges
0 11
11 7
9 1
9 3
4 9
7 4
6 #edges
0 11
11 7
9 1
1 3
4 9
7 4
6 #edges
0 11
11 4
9 1
9 3
4 7
7 9
6 #edges
0 11
11 4
9 3
3 1
4 7
7 9
6 #edges
0 11
11 4
9 3
4 7
7 9
7 1
6 #edges
0 11
11 4
3 1
4 7
7 9
7 3
6 #edges
0 11
11 4
9 1
4 7
7 9
7 3
6 #edges
0 11
11 4
9 1
1 3
4 7
7 9
6 #edges
0 11
11 4
1 3
4 7
7 9
7 1
2 #trees for patient 83
6 #edges
0 4
11 9
11 3
9 1
4 7
7 11
6 #edges
0 4
11 9
11 3
3 1
4 7
7 11
4 #trees for patient 84
6 #edges
0 7
11 9
11 3
3 1
4 11
7 4
6 #edges
0 7
11 3
1 9
3 1
4 11
7 4
6 #edges
0 4
11 9
11 3
3 1
4 7
7 11
6 #edges
0 4
11 3
1 9
3 1
4 7
7 11
2 #trees for patient 85
6 #edges
0 7
11 9
11 3
3 1
4 11
7 4
6 #edges
0 4
11 9
11 3
3 1
4 7
7 11
4 #trees for patient 86
6 #edges
0 7
11 9
11 3
3 1
4 11
7 4
6 #edges
0 7
11 3
3 9
3 1
4 11
7 4
6 #edges
0 4
11 9
11 3
3 1
4 7
7 11
6 #edges
0 4
11 3
3 9
3 1
4 7
7 11
4 #trees for patient 87
6 #edges
0 4
11 7
3 1
4 11
7 9
7 3
6 #edges
0 4
11 7
1 3
4 11
7 9
7 1
6 #edges
0 4
11 9
11 1
1 3
4 7
7 11
6 #edges
0 4
11 9
11 3
3 1
4 7
7 11
2 #trees for patient 88
6 #edges
0 4
11 9
11 1
1 3
4 7
7 11
6 #edges
0 4
11 9
11 3
3 1
4 7
7 11
6 #trees for patient 89
6 #edges
0 7
11 4
3 1
4 9
4 3
7 11
6 #edges
0 7
11 9
11 3
3 1
4 11
7 4
6 #edges
0 4
11 9
11 3
3 1
4 7
7 11
6 #edges
0 4
11 7
3 1
4 11
7 9
7 3
6 #edges
0 11
11 7
3 1
4 9
4 3
7 4
6 #edges
0 11
11 4
3 1
4 7
7 9
7 3
12 #trees for patient 90
6 #edges
0 7
11 9
11 3
9 1
4 11
7 4
6 #edges
0 7
11 9
11 3
3 1
4 11
7 4
6 #edges
0 7
11 4
3 1
4 9
4 3
7 11
6 #edges
0 7
11 4
9 1
4 9
4 3
7 11
6 #edges
0 4
11 9
11 3
3 1
4 7
7 11
6 #edges
0 4
11 9
11 3
9 1
4 7
7 11
6 #edges
0 4
11 7
3 1
4 11
7 9
7 3
6 #edges
0 4
11 7
9 1
4 11
7 9
7 3
6 #edges
0 11
11 4
3 1
4 7
7 9
7 3
6 #edges
0 11
11 4
9 1
4 7
7 9
7 3
6 #edges
0 11
11 7
9 1
4 9
4 3
7 4
6 #edges
0 11
11 7
3 1
4 9
4 3
7 4
4 #trees for patient 91
6 #edges
0 4
11 9
11 3
3 1
4 7
7 11
6 #edges
0 4
11 9
11 3
4 1
4 7
7 11
6 #edges
0 4
11 7
4 11
4 1
7 9
7 3
6 #edges
0 4
11 7
3 1
4 11
7 9
7 3
2 #trees for patient 92
6 #edges
0 7
11 9
11 3
3 1
4 11
7 4
6 #edges
0 4
11 9
11 3
3 1
4 7
7 11
3 #trees for patient 93
6 #edges
0 4
11 3
3 1
4 7
7 11
7 9
6 #edges
0 4
11 3
1 9
3 1
4 7
7 11
6 #edges
0 4
11 9
11 3
3 1
4 7
7 11
2 #trees for patient 94
6 #edges
0 4
11 3
3 1
4 7
7 11
7 9
6 #edges
0 4
11 9
11 3
3 1
4 7
7 11
28 #trees for patient 95
6 #edges
0 9
0 4
11 7
1 3
4 11
7 1
6 #edges
0 9
0 4
11 7
4 11
4 3
7 1
6 #edges
0 9
0 4
11 7
4 11
4 1
7 3
6 #edges
0 9
0 4
11 7
1 3
4 11
4 1
6 #edges
0 9
0 4
11 7
4 11
4 1
4 3
6 #edges
0 9
0 4
11 7
3 1
4 11
4 3
6 #edges
0 9
0 4
11 7
3 1
4 11
7 3
6 #edges
0 9
0 4
4 1
4 3
4 7
7 11
6 #edges
0 9
0 4
3 1
4 3
4 7
7 11
6 #edges
0 9
0 4
11 1
4 3
4 7
7 11
6 #edges
0 9
0 4
1 3
4 1
4 7
7 11
6 #edges
0 9
0 4
11 3
4 1
4 7
7 11
6 #edges
0 9
0 4
11 3
3 1
4 7
7 11
6 #edges
0 9
0 4
11 1
1 3
4 7
7 11
6 #edges
0 4
11 9
4 1
4 3
4 7
7 11
6 #edges
0 4
11 9
11 3
4 1
4 7
7 11
6 #edges
0 4
11 9
1 3
4 1
4 7
7 11
6 #edges
0 4
11 9
11 3
3 1
4 7
7 11
6 #edges
0 4
11 9
11 1
1 3
4 7
7 11
6 #edges
0 4
11 9
11 1
4 3
4 7
7 11
6 #edges
0 4
11 9
3 1
4 3
4 7
7 11
6 #edges
0 4
11 7
4 11
4 1
4 3
7 9
6 #edges
0 4
11 7
1 3
4 11
4 1
7 9
6 #edges
0 4
11 7
4 11
4 1
7 9
7 3
6 #edges
0 4
11 7
3 1
4 11
4 3
7 9
6 #edges
0 4
11 7
4 11
4 3
7 9
7 1
6 #edges
0 4
11 7
3 1
4 11
7 9
7 3
6 #edges
0 4
11 7
1 3
4 11
7 9
7 1
7 #trees for patient 96
6 #edges
0 4
11 9
4 1
4 3
4 7
7 11
6 #edges
0 4
11 9
1 3
4 1
4 7
7 11
6 #edges
0 4
11 9
11 3
4 1
4 7
7 11
6 #edges
0 4
11 9
3 1
4 3
4 7
7 11
6 #edges
0 4
11 9
11 1
4 3
4 7
7 11
6 #edges
0 4
11 9
11 1
1 3
4 7
7 11
6 #edges
0 4
11 9
11 3
3 1
4 7
7 11
8 #trees for patient 97
6 #edges
0 4
11 9
11 3
3 1
4 7
7 11
6 #edges
0 4
11 9
11 1
1 3
4 7
7 11
6 #edges
0 4
11 1
1 3
4 9
4 7
7 11
6 #edges
0 4
11 3
3 1
4 9
4 7
7 11
6 #edges
0 4
11 7
1 3
4 11
7 9
7 1
6 #edges
0 4
11 7
3 1
4 11
7 9
7 3
6 #edges
0 4
11 7
1 3
4 11
4 9
7 1
6 #edges
0 4
11 7
3 1
4 11
4 9
7 3
6 #trees for patient 98
6 #edges
0 4
11 9
11 1
11 3
4 7
7 11
6 #edges
0 4
11 9
11 1
1 3
4 7
7 11
6 #edges
0 4
11 9
11 3
3 1
4 7
7 11
6 #edges
0 4
11 7
4 11
7 9
7 1
7 3
6 #edges
0 4
11 7
1 3
4 11
7 9
7 1
6 #edges
0 4
11 7
3 1
4 11
7 9
7 3
6 #trees for patient 99
6 #edges
0 7
11 9
11 3
4 11
4 1
7 4
6 #edges
0 7
11 9
11 3
9 1
4 11
7 4
6 #edges
0 7
11 9
11 3
3 1
4 11
7 4
6 #edges
0 4
11 9
11 3
4 7
7 11
7 1
6 #edges
0 4
11 9
11 3
3 1
4 7
7 11
6 #edges
0 4
11 9
11 3
9 1
4 7
7 11
