100 # patients
12 #trees for patient 0
6 #edges
2 6
2 7
0 1
5 9
7 5
1 2
6 #edges
2 5
2 6
0 1
5 7
7 9
1 2
6 #edges
2 5
0 1
5 7
7 9
7 6
1 2
6 #edges
2 5
9 6
0 1
5 7
7 9
1 2
6 #edges
2 7
0 1
5 9
5 6
7 5
1 2
6 #edges
2 7
9 6
0 1
5 9
7 5
1 2
6 #edges
2 1
0 2
5 9
5 6
7 5
1 7
6 #edges
2 1
0 2
5 9
7 5
1 6
1 7
6 #edges
2 1
9 6
0 2
5 9
7 5
1 7
6 #edges
2 1
0 2
5 7
7 9
1 5
1 6
6 #edges
2 1
0 2
5 7
7 9
7 6
1 5
6 #edges
2 1
9 6
0 2
5 7
7 9
1 5
52 #trees for patient 1
6 #edges
2 1
0 2
0 9
0 7
1 5
1 6
6 #edges
2 1
0 2
0 9
0 7
5 6
1 5
6 #edges
2 1
0 2
0 7
5 6
7 9
1 5
6 #edges
2 1
0 2
0 7
7 9
1 5
1 6
6 #edges
2 1
0 2
0 7
5 9
1 5
1 6
6 #edges
2 1
0 2
0 7
5 9
5 6
1 5
6 #edges
2 1
0 2
0 7
5 6
1 9
1 5
6 #edges
2 1
0 2
0 7
1 9
1 5
1 6
6 #edges
2 5
2 6
0 7
0 1
7 9
1 2
6 #edges
2 5
0 7
0 1
5 6
7 9
1 2
6 #edges
2 9
2 5
2 6
0 7
0 1
1 2
6 #edges
2 5
2 6
0 7
0 1
5 9
1 2
6 #edges
2 5
2 6
0 9
0 7
0 1
1 2
6 #edges
2 9
2 5
0 7
0 1
5 6
1 2
6 #edges
2 5
0 9
0 7
0 1
5 6
1 2
6 #edges
2 5
0 7
0 1
5 9
5 6
1 2
6 #edges
2 5
2 6
9 7
0 9
0 1
1 2
6 #edges
2 5
9 7
0 9
0 1
5 6
1 2
6 #edges
2 1
9 7
0 2
0 9
1 5
1 6
6 #edges
2 1
9 7
0 2
0 9
5 6
1 5
6 #edges
2 1
0 2
0 9
5 7
1 5
1 6
6 #edges
2 1
0 2
0 9
1 5
1 6
1 7
6 #edges
2 1
0 2
0 9
5 6
5 7
1 5
6 #edges
2 1
0 2
0 9
5 6
1 5
1 7
6 #edges
2 5
2 6
2 7
0 9
0 1
1 2
6 #edges
2 5
2 6
0 9
0 1
5 7
1 2
6 #edges
2 5
2 7
0 9
0 1
5 6
1 2
6 #edges
2 5
0 9
0 1
5 6
5 7
1 2
6 #edges
2 5
9 7
0 1
5 9
5 6
1 2
6 #edges
2 5
2 7
0 1
5 9
5 6
1 2
6 #edges
2 9
2 5
0 1
5 6
5 7
1 2
6 #edges
2 5
0 1
5 6
5 7
7 9
1 2
6 #edges
2 5
2 7
0 1
5 6
7 9
1 2
6 #edges
2 9
2 5
9 7
0 1
5 6
1 2
6 #edges
2 9
2 5
2 6
0 1
5 7
1 2
6 #edges
2 5
2 6
0 1
5 7
7 9
1 2
6 #edges
2 9
2 5
2 6
9 7
0 1
1 2
6 #edges
2 5
2 6
9 7
0 1
5 9
1 2
6 #edges
2 5
2 6
2 7
0 1
5 9
1 2
6 #edges
2 5
2 6
2 7
0 1
7 9
1 2
6 #edges
2 1
9 7
0 2
1 9
1 5
1 6
6 #edges
2 1
0 2
5 7
1 9
1 5
1 6
6 #edges
2 1
0 2
7 9
1 5
1 6
1 7
6 #edges
2 1
0 2
5 9
1 5
1 6
1 7
6 #edges
2 1
9 7
0 2
5 9
1 5
1 6
6 #edges
2 1
0 2
5 7
7 9
1 5
1 6
6 #edges
2 1
0 2
5 6
7 9
1 5
1 7
6 #edges
2 1
0 2
5 9
5 6
1 5
1 7
6 #edges
2 1
0 2
5 6
5 7
7 9
1 5
6 #edges
2 1
0 2
5 6
5 7
1 9
1 5
6 #edges
2 1
9 7
0 2
5 6
1 9
1 5
6 #edges
2 1
9 7
0 2
5 9
5 6
1 5
6 #trees for patient 2
6 #edges
2 1
9 7
0 2
5 9
1 5
1 6
6 #edges
2 1
0 2
5 7
7 9
1 5
1 6
6 #edges
2 1
9 7
0 2
5 9
5 6
1 5
6 #edges
2 1
9 7
0 2
5 9
7 6
1 5
6 #edges
2 1
0 2
5 6
5 7
7 9
1 5
6 #edges
2 1
9 6
0 2
5 7
7 9
1 5
2 #trees for patient 3
6 #edges
2 1
0 2
5 7
7 9
1 5
1 6
6 #edges
2 1
0 2
5 9
7 5
1 6
1 7
4 #trees for patient 4
6 #edges
2 1
9 6
0 2
5 7
7 9
1 5
6 #edges
2 1
0 2
5 7
7 9
1 5
1 6
6 #edges
2 1
9 7
0 2
5 9
1 5
1 6
6 #edges
2 1
9 7
0 2
5 9
7 6
1 5
4 #trees for patient 5
6 #edges
2 5
2 6
0 1
5 7
7 9
1 2
6 #edges
2 6
2 7
0 1
5 9
7 5
1 2
6 #edges
2 1
0 2
5 7
7 9
1 5
1 6
6 #edges
2 1
0 2
5 9
7 5
1 6
1 7
12 #trees for patient 6
6 #edges
2 1
9 7
0 2
7 5
1 9
1 6
6 #edges
2 1
9 5
0 2
5 7
1 9
1 6
6 #edges
2 1
9 5
0 2
5 7
7 6
1 9
6 #edges
2 1
9 7
0 2
5 6
7 5
1 9
6 #edges
2 1
0 2
5 9
7 5
1 6
1 7
6 #edges
2 1
9 5
0 2
7 9
1 6
1 7
6 #edges
2 1
9 6
0 2
5 9
7 5
1 7
6 #edges
2 1
9 5
0 2
5 6
7 9
1 7
6 #edges
2 1
9 7
0 2
5 9
1 5
1 6
6 #edges
2 1
0 2
5 7
7 9
1 5
1 6
6 #edges
2 1
9 7
0 2
5 9
7 6
1 5
6 #edges
2 1
9 6
0 2
5 7
7 9
1 5
4 #trees for patient 7
6 #edges
2 5
2 6
9 7
0 1
5 9
1 2
6 #edges
2 5
2 6
0 1
5 7
7 9
1 2
6 #edges
2 1
9 7
0 2
5 9
1 5
1 6
6 #edges
2 1
0 2
5 7
7 9
1 5
1 6
4 #trees for patient 8
6 #edges
2 6
2 1
0 2
5 9
7 5
1 7
6 #edges
2 6
2 1
0 2
5 7
7 9
1 5
6 #edges
2 1
0 2
5 9
7 5
1 6
1 7
6 #edges
2 1
0 2
5 7
7 9
1 5
1 6
4 #trees for patient 9
6 #edges
2 5
2 6
0 1
5 7
7 9
1 2
6 #edges
2 5
0 1
5 7
7 9
7 6
1 2
6 #edges
2 1
0 2
5 7
7 9
1 5
1 6
6 #edges
2 1
0 2
5 7
7 9
7 6
1 5
2 #trees for patient 10
6 #edges
2 1
9 7
0 2
5 9
1 5
1 6
6 #edges
2 1
0 2
5 7
7 9
1 5
1 6
2 #trees for patient 11
6 #edges
2 1
0 2
5 7
7 9
1 5
1 6
6 #edges
2 1
0 2
5 7
6 9
1 5
1 6
44 #trees for patient 12
6 #edges
2 5
2 7
2 1
0 2
5 9
1 6
6 #edges
2 9
2 5
2 7
2 1
0 2
1 6
6 #edges
2 5
2 7
2 1
0 2
7 9
1 6
6 #edges
2 5
2 7
2 1
0 2
1 9
1 6
6 #edges
2 9
2 7
2 1
9 5
0 2
1 6
6 #edges
2 9
2 7
2 1
0 2
1 5
1 6
6 #edges
2 9
2 7
2 1
0 2
7 5
1 6
6 #edges
2 7
2 1
0 2
1 9
1 5
1 6
6 #edges
2 7
2 1
9 5
0 2
1 9
1 6
6 #edges
2 7
2 1
0 2
7 5
1 9
1 6
6 #edges
2 7
2 1
0 2
5 9
1 5
1 6
6 #edges
2 7
2 1
0 2
7 9
1 5
1 6
6 #edges
2 7
2 1
9 5
0 2
7 9
1 6
6 #edges
2 7
2 1
0 2
5 9
7 5
1 6
6 #edges
2 9
2 5
2 1
0 2
5 7
1 6
6 #edges
2 5
2 1
0 2
5 7
7 9
1 6
6 #edges
2 5
2 1
0 2
5 7
1 9
1 6
6 #edges
2 9
2 5
2 1
0 2
1 6
1 7
6 #edges
2 9
2 5
2 1
9 7
0 2
1 6
6 #edges
2 5
2 1
0 2
5 9
1 6
1 7
6 #edges
2 5
2 1
0 2
1 9
1 6
1 7
6 #edges
2 5
2 1
0 2
7 9
1 6
1 7
6 #edges
2 5
2 1
9 7
0 2
1 9
1 6
6 #edges
2 5
2 1
9 7
0 2
5 9
1 6
6 #edges
2 9
2 1
0 2
5 7
1 5
1 6
6 #edges
2 9
2 1
9 7
0 2
1 5
1 6
6 #edges
2 9
2 1
0 2
1 5
1 6
1 7
6 #edges
2 9
2 1
9 5
0 2
1 6
1 7
6 #edges
2 9
2 1
9 5
0 2
5 7
1 6
6 #edges
2 9
2 1
0 2
7 5
1 6
1 7
6 #edges
2 9
2 1
9 7
0 2
7 5
1 6
6 #edges
2 1
0 2
5 9
1 5
1 6
1 7
6 #edges
2 1
0 2
7 9
1 5
1 6
1 7
6 #edges
2 1
0 2
1 9
1 5
1 6
1 7
6 #edges
2 1
0 2
7 5
1 9
1 6
1 7
6 #edges
2 1
0 2
5 9
7 5
1 6
1 7
6 #edges
2 1
9 5
0 2
7 9
1 6
1 7
6 #edges
2 1
9 5
0 2
1 9
1 6
1 7
6 #edges
2 1
9 7
0 2
7 5
1 9
1 6
6 #edges
2 1
9 7
0 2
1 9
1 5
1 6
6 #edges
2 1
9 5
0 2
5 7
1 9
1 6
6 #edges
2 1
0 2
5 7
1 9
1 5
1 6
6 #edges
2 1
9 7
0 2
5 9
1 5
1 6
6 #edges
2 1
0 2
5 7
7 9
1 5
1 6
2 #trees for patient 13
6 #edges
2 1
0 2
5 7
7 9
1 5
1 6
6 #edges
2 1
9 6
0 2
5 7
7 9
1 5
4 #trees for patient 14
6 #edges
2 1
0 2
5 7
7 9
1 5
1 6
6 #edges
2 1
9 6
0 2
5 7
7 9
1 5
6 #edges
2 1
0 2
5 9
7 5
1 6
1 7
6 #edges
2 1
9 6
0 2
5 9
7 5
1 7
8 #trees for patient 15
6 #edges
2 1
0 2
7 5
1 9
1 6
1 7
6 #edges
2 1
0 2
5 6
7 5
1 9
1 7
6 #edges
2 1
0 2
5 7
7 6
1 9
1 5
6 #edges
2 1
0 2
5 7
1 9
1 5
1 6
6 #edges
2 1
0 2
5 9
7 5
1 6
1 7
6 #edges
2 1
0 2
5 9
5 6
7 5
1 7
6 #edges
2 1
0 2
5 7
7 9
1 5
1 6
6 #edges
2 1
0 2
5 7
7 9
7 6
1 5
8 #trees for patient 16
6 #edges
2 9
2 1
0 2
5 7
1 5
1 6
6 #edges
2 1
0 2
5 7
7 9
1 5
1 6
6 #edges
2 9
2 1
0 2
7 5
1 6
1 7
6 #edges
2 1
0 2
5 9
7 5
1 6
1 7
6 #edges
2 9
2 1
0 2
5 6
7 5
1 7
6 #edges
2 9
2 1
0 2
5 7
7 6
1 5
6 #edges
2 1
0 2
5 9
5 6
7 5
1 7
6 #edges
2 1
0 2
5 7
7 9
7 6
1 5
2 #trees for patient 17
6 #edges
2 1
0 2
5 7
7 9
1 5
1 6
6 #edges
2 1
0 2
5 9
7 5
1 6
1 7
6 #trees for patient 18
6 #edges
2 1
0 2
5 7
7 9
1 5
1 6
6 #edges
2 1
0 2
5 9
5 7
1 5
1 6
6 #edges
2 1
9 7
0 2
5 9
1 5
1 6
6 #edges
2 1
0 2
5 9
5 6
5 7
1 5
6 #edges
2 1
0 2
5 6
5 7
7 9
1 5
6 #edges
2 1
9 7
0 2
5 9
5 6
1 5
12 #trees for patient 19
6 #edges
2 5
5 1
0 4
4 2
4 9
4 7
6 #edges
2 1
0 4
4 2
4 9
4 7
1 5
6 #edges
5 7
0 4
4 2
4 9
4 1
1 5
6 #edges
2 7
0 4
4 2
4 9
4 1
1 5
6 #edges
2 5
0 4
4 2
4 9
4 1
1 7
6 #edges
2 5
5 7
0 4
4 2
4 9
4 1
6 #edges
2 1
5 7
0 4
4 2
4 5
4 9
6 #edges
2 7
5 1
0 4
4 2
4 5
4 9
6 #edges
5 1
0 4
4 2
4 5
4 9
1 7
6 #edges
2 1
0 4
4 2
4 5
4 9
1 7
6 #edges
2 1
5 7
0 4
4 2
4 9
1 5
6 #edges
2 5
5 1
0 4
4 2
4 9
1 7
6 #trees for patient 20
6 #edges
0 4
0 7
9 5
4 2
4 9
4 1
6 #edges
0 4
0 7
4 2
4 9
4 1
1 5
6 #edges
2 7
0 4
4 2
4 9
4 1
1 5
6 #edges
0 4
4 2
4 9
4 1
1 5
1 7
6 #edges
0 4
9 5
4 2
4 9
4 1
1 7
6 #edges
2 7
0 4
9 5
4 2
4 9
4 1
14 #trees for patient 21
6 #edges
5 1
0 4
4 5
4 9
4 7
7 2
6 #edges
5 1
0 4
9 2
4 5
4 9
4 7
6 #edges
5 1
0 4
9 7
4 2
4 5
4 9
6 #edges
2 7
5 1
0 4
4 2
4 5
4 9
6 #edges
5 1
0 4
9 2
9 7
4 5
4 9
6 #edges
2 7
5 1
0 4
9 2
4 5
4 9
6 #edges
5 1
0 4
9 7
4 5
4 9
7 2
6 #edges
0 4
9 7
4 2
4 9
4 1
1 5
6 #edges
2 7
0 4
4 2
4 9
4 1
1 5
6 #edges
0 4
4 9
4 7
4 1
7 2
1 5
6 #edges
0 4
9 2
4 9
4 7
4 1
1 5
6 #edges
0 4
9 2
9 7
4 9
4 1
1 5
6 #edges
0 4
9 7
4 9
4 1
7 2
1 5
6 #edges
2 7
0 4
9 2
4 9
4 1
1 5
7 #trees for patient 22
6 #edges
0 2
0 4
0 7
4 9
4 1
1 5
6 #edges
0 4
0 7
4 2
4 9
4 1
1 5
6 #edges
0 4
0 7
4 9
4 1
7 2
1 5
6 #edges
2 7
0 2
0 4
4 9
4 1
1 5
6 #edges
0 2
0 4
4 9
4 7
4 1
1 5
6 #edges
0 4
4 9
4 7
4 1
7 2
1 5
6 #edges
2 7
0 4
4 2
4 9
4 1
1 5
4 #trees for patient 23
6 #edges
2 7
0 5
0 4
4 2
4 9
4 1
6 #edges
0 5
0 4
4 9
4 7
4 1
7 2
6 #edges
0 4
4 9
4 7
4 1
7 2
1 5
6 #edges
2 7
0 4
4 2
4 9
4 1
1 5
7 #trees for patient 24
6 #edges
0 4
4 2
4 9
4 7
4 1
1 5
6 #edges
0 4
4 9
4 7
4 1
7 2
1 5
6 #edges
0 4
4 9
4 7
4 1
1 2
1 5
6 #edges
2 7
0 4
4 9
4 1
1 2
1 5
6 #edges
2 7
0 4
4 2
4 9
4 1
1 5
6 #edges
0 4
4 2
4 9
4 1
1 5
1 7
6 #edges
0 4
4 9
4 1
7 2
1 5
1 7
4 #trees for patient 25
6 #edges
5 1
0 4
4 5
4 9
4 7
7 2
6 #edges
2 7
5 1
0 4
4 2
4 5
4 9
6 #edges
0 4
4 9
4 7
4 1
7 2
1 5
6 #edges
2 7
0 4
4 2
4 9
4 1
1 5
3 #trees for patient 26
6 #edges
2 7
0 4
4 2
4 9
4 1
1 5
6 #edges
2 7
5 9
0 4
4 2
4 1
1 5
6 #edges
2 7
0 4
4 2
4 1
7 9
1 5
2 #trees for patient 27
6 #edges
0 4
4 9
4 7
4 1
7 2
1 5
6 #edges
2 7
0 4
4 2
4 9
4 1
1 5
4 #trees for patient 28
6 #edges
5 1
0 4
4 5
4 9
4 7
7 2
6 #edges
0 4
4 9
4 7
4 1
7 2
1 5
6 #edges
2 7
0 4
4 2
4 9
4 1
1 5
6 #edges
2 7
5 1
0 4
4 2
4 5
4 9
4 #trees for patient 29
6 #edges
2 7
0 4
4 2
4 9
4 1
1 5
6 #edges
2 7
5 9
0 4
4 2
4 1
1 5
6 #edges
0 4
4 9
4 7
4 1
7 2
1 5
6 #edges
5 9
0 4
4 7
4 1
7 2
1 5
2 #trees for patient 30
6 #edges
2 7
0 4
4 2
4 9
4 1
1 5
6 #edges
2 7
0 4
4 2
4 1
7 9
1 5
2 #trees for patient 31
6 #edges
2 7
0 4
4 2
4 9
4 1
1 5
6 #edges
5 7
0 4
4 2
4 9
4 1
1 5
127 #trees for patient 32
6 #edges
2 7
0 4
9 2
9 5
4 9
4 1
6 #edges
2 7
0 4
9 2
4 9
4 1
1 5
6 #edges
0 4
9 2
4 9
4 7
4 1
1 5
6 #edges
0 4
9 2
9 5
4 9
4 7
4 1
6 #edges
5 7
0 4
9 2
9 5
4 9
4 1
6 #edges
0 4
9 2
9 5
9 7
4 9
4 1
6 #edges
0 4
9 2
9 5
4 9
4 1
1 7
6 #edges
0 4
9 2
9 7
4 9
4 1
1 5
6 #edges
5 7
0 4
9 2
4 9
4 1
1 5
6 #edges
0 4
9 5
9 7
4 9
4 1
7 2
6 #edges
0 4
9 7
4 9
4 1
7 2
1 5
6 #edges
0 4
9 5
9 7
4 9
4 1
1 2
6 #edges
0 4
9 7
4 2
4 9
4 1
1 5
6 #edges
5 2
0 4
9 7
4 9
4 1
1 5
6 #edges
0 4
9 5
9 7
4 2
4 9
4 1
6 #edges
5 2
0 4
9 5
9 7
4 9
4 1
6 #edges
5 2
5 7
0 4
4 9
4 1
1 5
6 #edges
5 7
0 4
4 9
4 1
7 2
1 5
6 #edges
5 7
0 4
4 2
4 9
4 1
1 5
6 #edges
5 2
0 4
4 9
4 7
4 1
1 5
6 #edges
2 7
5 2
0 4
4 9
4 1
1 5
6 #edges
2 7
0 4
4 2
4 9
4 1
1 5
6 #edges
0 4
4 9
4 7
4 1
7 2
1 5
6 #edges
0 4
9 5
4 9
4 1
1 2
1 7
6 #edges
0 4
9 5
4 9
4 7
4 1
1 2
6 #edges
2 7
0 4
9 5
4 9
4 1
1 2
6 #edges
5 7
0 4
9 5
4 9
4 1
1 2
6 #edges
0 4
9 5
4 2
4 9
4 1
1 7
6 #edges
0 4
9 5
4 9
4 1
7 2
1 7
6 #edges
5 2
0 4
9 5
4 9
4 1
1 7
6 #edges
2 7
5 2
0 4
9 5
4 9
4 1
6 #edges
5 2
0 4
9 5
4 9
4 7
4 1
6 #edges
5 2
5 7
0 4
9 5
4 9
4 1
6 #edges
5 7
0 4
9 5
4 9
4 1
7 2
6 #edges
5 7
0 4
9 5
4 2
4 9
4 1
6 #edges
0 4
9 5
4 9
4 7
4 1
7 2
6 #edges
2 7
0 4
9 5
4 2
4 9
4 1
6 #edges
0 4
9 1
4 2
4 5
4 9
1 7
6 #edges
2 7
0 4
9 1
4 2
4 5
4 9
6 #edges
0 4
9 7
9 1
4 2
4 5
4 9
6 #edges
5 7
0 4
9 1
4 2
4 5
4 9
6 #edges
0 4
9 1
4 2
4 9
4 7
1 5
6 #edges
0 4
9 7
9 1
4 2
4 9
1 5
6 #edges
5 7
0 4
9 1
4 2
4 9
1 5
6 #edges
2 7
0 4
9 1
4 2
4 9
1 5
6 #edges
0 4
9 5
9 7
9 1
4 2
4 9
6 #edges
0 4
9 5
9 1
4 2
4 9
4 7
6 #edges
5 7
0 4
9 5
9 1
4 2
4 9
6 #edges
0 4
9 5
9 1
4 2
4 9
1 7
6 #edges
2 7
0 4
9 5
9 1
4 2
4 9
6 #edges
2 7
5 1
0 4
9 5
4 2
4 9
6 #edges
2 7
5 1
0 4
4 2
4 5
4 9
6 #edges
5 1
0 4
9 7
4 2
4 5
4 9
6 #edges
5 1
0 4
4 2
4 5
4 9
1 7
6 #edges
5 1
0 4
9 5
4 2
4 9
4 7
6 #edges
5 1
0 4
9 5
9 7
4 2
4 9
6 #edges
5 1
0 4
9 5
4 2
4 9
1 7
6 #edges
2 7
5 2
0 4
9 1
4 5
4 9
6 #edges
5 2
0 4
9 1
4 5
4 9
4 7
6 #edges
5 2
5 7
0 4
9 1
4 5
4 9
6 #edges
5 2
0 4
9 7
9 1
4 5
4 9
6 #edges
5 2
0 4
9 1
4 5
4 9
1 7
6 #edges
5 1
0 4
9 2
9 7
4 5
4 9
6 #edges
0 4
9 2
9 7
9 1
4 5
4 9
6 #edges
2 7
5 1
0 4
9 2
4 5
4 9
6 #edges
2 7
0 4
9 2
9 1
4 5
4 9
6 #edges
5 1
0 4
9 2
4 5
4 9
4 7
6 #edges
5 1
0 4
9 2
4 5
4 9
1 7
6 #edges
5 7
0 4
9 2
9 1
4 5
4 9
6 #edges
0 4
9 2
9 1
4 5
4 9
4 7
6 #edges
0 4
9 2
9 1
4 5
4 9
1 7
6 #edges
5 1
0 4
9 7
4 5
4 9
1 2
6 #edges
5 1
0 4
9 7
4 5
4 9
7 2
6 #edges
0 4
9 7
9 1
4 5
4 9
7 2
6 #edges
0 4
9 7
9 1
4 5
4 9
1 2
6 #edges
5 7
0 4
9 1
4 5
4 9
7 2
6 #edges
5 7
0 4
9 1
4 5
4 9
1 2
6 #edges
5 1
0 4
4 5
4 9
4 7
7 2
6 #edges
0 4
9 1
4 5
4 9
4 7
7 2
6 #edges
5 1
0 4
4 5
4 9
4 7
1 2
6 #edges
0 4
9 1
4 5
4 9
4 7
1 2
6 #edges
5 1
0 4
4 5
4 9
1 2
1 7
6 #edges
2 7
5 1
0 4
4 5
4 9
1 2
6 #edges
5 1
0 4
4 5
4 9
7 2
1 7
6 #edges
2 7
0 4
9 1
4 5
4 9
1 2
6 #edges
0 4
9 1
4 5
4 9
1 2
1 7
6 #edges
0 4
9 1
4 5
4 9
7 2
1 7
6 #edges
5 2
0 4
9 1
4 9
4 7
1 5
6 #edges
0 4
9 1
4 9
4 7
7 2
1 5
6 #edges
0 4
9 2
9 1
4 9
4 7
1 5
6 #edges
0 4
9 2
9 5
9 1
4 9
4 7
6 #edges
0 4
9 5
9 1
4 9
4 7
7 2
6 #edges
0 4
9 5
9 1
4 9
4 7
1 2
6 #edges
5 2
0 4
9 5
9 1
4 9
4 7
6 #edges
0 4
9 7
9 1
4 9
7 2
1 5
6 #edges
0 4
9 2
9 7
9 1
4 9
1 5
6 #edges
5 2
0 4
9 7
9 1
4 9
1 5
6 #edges
5 2
5 7
0 4
9 1
4 9
1 5
6 #edges
5 7
0 4
9 1
4 9
7 2
1 5
6 #edges
5 7
0 4
9 2
9 1
4 9
1 5
6 #edges
2 7
0 4
9 2
9 1
4 9
1 5
6 #edges
2 7
5 2
0 4
9 1
4 9
1 5
6 #edges
0 4
9 5
9 7
9 1
4 9
1 2
6 #edges
0 4
9 5
9 7
9 1
4 9
7 2
6 #edges
5 2
0 4
9 5
9 7
9 1
4 9
6 #edges
0 4
9 5
9 1
4 9
1 2
1 7
6 #edges
5 7
0 4
9 5
9 1
4 9
1 2
6 #edges
2 7
0 4
9 5
9 1
4 9
1 2
6 #edges
5 2
0 4
9 5
9 1
4 9
1 7
6 #edges
0 4
9 2
9 5
9 1
4 9
1 7
6 #edges
0 4
9 5
9 1
4 9
7 2
1 7
6 #edges
5 2
5 7
0 4
9 5
9 1
4 9
6 #edges
5 7
0 4
9 5
9 1
4 9
7 2
6 #edges
5 7
0 4
9 2
9 5
9 1
4 9
6 #edges
2 7
0 4
9 2
9 5
9 1
4 9
6 #edges
2 7
5 2
0 4
9 5
9 1
4 9
6 #edges
5 1
0 4
9 2
9 5
9 7
4 9
6 #edges
5 1
0 4
9 5
9 7
4 9
7 2
6 #edges
5 1
0 4
9 5
9 7
4 9
1 2
6 #edges
5 1
0 4
9 5
4 9
4 7
1 2
6 #edges
5 1
0 4
9 2
9 5
4 9
4 7
6 #edges
5 1
0 4
9 5
4 9
4 7
7 2
6 #edges
2 7
5 1
0 4
9 2
9 5
4 9
6 #edges
5 1
0 4
9 2
9 5
4 9
1 7
6 #edges
5 1
0 4
9 5
4 9
1 2
1 7
6 #edges
2 7
5 1
0 4
9 5
4 9
1 2
6 #edges
5 1
0 4
9 5
4 9
7 2
1 7
4 #trees for patient 33
6 #edges
2 7
0 9
0 4
4 2
4 1
1 5
6 #edges
2 7
5 1
0 9
0 4
4 2
4 5
6 #edges
2 7
5 1
0 4
4 2
4 5
4 9
6 #edges
2 7
0 4
4 2
4 9
4 1
1 5
6 #trees for patient 34
6 #edges
5 7
0 4
4 2
4 9
4 1
1 5
6 #edges
2 7
0 4
4 2
4 9
4 1
1 5
6 #edges
2 7
5 9
0 4
4 2
4 1
1 5
6 #edges
2 9
2 7
0 4
4 2
4 1
1 5
6 #edges
2 9
5 7
0 4
4 2
4 1
1 5
6 #edges
5 9
5 7
0 4
4 2
4 1
1 5
3 #trees for patient 35
6 #edges
2 7
0 4
4 2
4 9
4 1
1 5
6 #edges
2 7
0 4
4 2
4 1
7 9
1 5
6 #edges
2 7
0 4
4 2
4 1
1 5
1 9
14 #trees for patient 36
6 #edges
2 5
0 4
4 2
4 9
4 7
4 1
6 #edges
0 4
4 2
4 9
4 7
4 1
1 5
6 #edges
2 5
2 7
0 4
4 2
4 9
4 1
6 #edges
2 7
0 4
4 2
4 9
4 1
1 5
6 #edges
5 1
0 4
4 2
4 5
4 9
4 7
6 #edges
2 1
0 4
4 2
4 5
4 9
4 7
6 #edges
2 5
2 1
0 4
4 2
4 9
4 7
6 #edges
2 5
5 1
0 4
4 2
4 9
4 7
6 #edges
2 1
0 4
4 2
4 9
4 7
1 5
6 #edges
2 7
5 1
0 4
4 2
4 5
4 9
6 #edges
2 7
2 1
0 4
4 2
4 5
4 9
6 #edges
2 5
2 7
2 1
0 4
4 2
4 9
6 #edges
2 5
2 7
5 1
0 4
4 2
4 9
6 #edges
2 7
2 1
0 4
4 2
4 9
1 5
6 #trees for patient 37
6 #edges
0 4
4 2
4 9
4 7
4 1
1 5
6 #edges
2 9
0 4
4 2
4 7
4 1
1 5
6 #edges
2 9
5 7
0 4
4 2
4 1
1 5
6 #edges
2 9
2 7
0 4
4 2
4 1
1 5
6 #edges
5 7
0 4
4 2
4 9
4 1
1 5
6 #edges
2 7
0 4
4 2
4 9
4 1
1 5
7 #trees for patient 38
6 #edges
2 5
2 7
2 1
0 4
4 2
4 9
6 #edges
2 7
2 1
0 4
4 2
4 9
1 5
6 #edges
2 7
2 1
0 4
4 2
4 5
4 9
6 #edges
2 7
5 1
0 4
4 2
4 5
4 9
6 #edges
2 7
0 4
4 2
4 9
4 1
1 5
6 #edges
2 5
2 7
0 4
4 2
4 9
4 1
6 #edges
2 5
2 7
5 1
0 4
4 2
4 9
16 #trees for patient 39
6 #edges
5 9
0 4
0 7
4 2
4 5
4 1
6 #edges
0 4
0 7
4 2
4 5
4 1
1 9
6 #edges
2 9
0 4
0 7
4 2
4 5
4 1
6 #edges
0 4
0 7
4 2
4 5
4 9
4 1
6 #edges
0 4
0 7
4 2
4 9
4 1
1 5
6 #edges
0 4
0 7
4 2
4 1
1 5
1 9
6 #edges
2 9
0 4
0 7
4 2
4 1
1 5
6 #edges
5 9
0 4
0 7
4 2
4 1
1 5
6 #edges
2 9
2 7
0 4
4 2
4 5
4 1
6 #edges
2 7
5 9
0 4
4 2
4 5
4 1
6 #edges
2 7
0 4
4 2
4 5
4 1
1 9
6 #edges
2 7
0 4
4 2
4 5
4 9
4 1
6 #edges
2 9
2 7
0 4
4 2
4 1
1 5
6 #edges
2 7
0 4
4 2
4 9
4 1
1 5
6 #edges
2 7
0 4
4 2
4 1
1 5
1 9
6 #edges
2 7
5 9
0 4
4 2
4 1
1 5
3 #trees for patient 40
6 #edges
2 7
0 4
4 2
4 9
4 1
1 5
6 #edges
2 9
2 7
0 4
4 2
4 1
1 5
6 #edges
2 7
0 4
4 2
4 1
7 9
1 5
6 #trees for patient 41
6 #edges
2 7
0 4
4 2
4 9
4 1
1 5
6 #edges
2 7
0 4
9 5
4 2
4 9
4 1
6 #edges
2 7
0 4
4 2
4 9
4 1
7 5
6 #edges
0 4
4 9
4 7
4 1
7 2
1 5
6 #edges
2 5
0 4
4 9
4 7
4 1
7 2
6 #edges
0 4
9 5
4 9
4 7
4 1
7 2
2 #trees for patient 42
6 #edges
2 7
0 4
4 2
4 9
4 1
1 5
6 #edges
2 7
0 4
4 2
4 1
1 5
1 9
2 #trees for patient 43
6 #edges
2 7
5 1
0 4
4 2
4 5
4 9
6 #edges
2 7
0 4
4 2
4 9
4 1
1 5
3 #trees for patient 44
6 #edges
2 7
0 4
4 2
4 9
4 1
1 5
6 #edges
2 7
0 4
9 5
4 2
4 9
4 1
6 #edges
2 7
0 4
4 2
4 9
4 1
7 5
2 #trees for patient 45
6 #edges
2 7
0 4
4 2
4 9
4 1
1 5
6 #edges
0 4
4 9
4 7
4 1
7 2
1 5
14 #trees for patient 46
6 #edges
5 1
0 4
9 5
4 9
4 7
7 2
6 #edges
0 4
9 5
4 9
4 7
4 1
7 2
6 #edges
0 4
9 5
9 1
4 9
4 7
7 2
6 #edges
0 4
9 1
4 5
4 9
4 7
7 2
6 #edges
0 4
9 1
4 9
4 7
7 2
1 5
6 #edges
0 4
4 9
4 7
4 1
7 2
1 5
6 #edges
5 1
0 4
4 5
4 9
4 7
7 2
6 #edges
2 7
5 1
0 4
4 2
4 5
4 9
6 #edges
2 7
0 4
9 1
4 2
4 5
4 9
6 #edges
2 7
0 4
4 2
4 9
4 1
1 5
6 #edges
2 7
0 4
9 5
4 2
4 9
4 1
6 #edges
2 7
0 4
9 5
9 1
4 2
4 9
6 #edges
2 7
5 1
0 4
9 5
4 2
4 9
6 #edges
2 7
0 4
9 1
4 2
4 9
1 5
7 #trees for patient 47
6 #edges
2 7
0 4
4 2
4 9
4 1
1 5
6 #edges
5 7
0 4
4 2
4 9
4 1
1 5
6 #edges
5 7
0 4
4 9
4 1
7 2
1 5
6 #edges
5 2
5 7
0 4
4 9
4 1
1 5
6 #edges
2 7
5 2
0 4
4 9
4 1
1 5
6 #edges
5 2
0 4
4 9
4 7
4 1
1 5
6 #edges
0 4
4 9
4 7
4 1
7 2
1 5
7 #trees for patient 48
6 #edges
2 7
0 4
4 2
4 9
4 1
1 5
6 #edges
5 7
0 4
4 2
4 9
4 1
1 5
6 #edges
5 2
0 4
4 9
4 7
4 1
1 5
6 #edges
0 4
4 9
4 7
4 1
7 2
1 5
6 #edges
5 2
5 7
0 4
4 9
4 1
1 5
6 #edges
2 7
5 2
0 4
4 9
4 1
1 5
6 #edges
5 7
0 4
4 9
4 1
7 2
1 5
21 #trees for patient 49
6 #edges
2 5
2 1
0 4
4 2
4 9
4 7
6 #edges
2 5
5 1
0 4
4 2
4 9
4 7
6 #edges
2 5
0 4
4 2
4 9
4 7
4 1
6 #edges
2 5
5 1
0 4
9 7
4 2
4 9
6 #edges
2 5
2 7
5 1
0 4
4 2
4 9
6 #edges
2 5
2 1
0 4
9 7
4 2
4 9
6 #edges
2 5
2 7
2 1
0 4
4 2
4 9
6 #edges
2 5
0 4
9 7
4 2
4 9
4 1
6 #edges
2 5
2 7
0 4
4 2
4 9
4 1
6 #edges
2 7
0 4
4 2
4 9
4 1
1 5
6 #edges
0 4
4 2
4 9
4 7
4 1
1 5
6 #edges
0 4
9 7
4 2
4 9
4 1
1 5
6 #edges
2 1
0 4
4 2
4 9
4 7
1 5
6 #edges
2 1
0 4
4 2
4 5
4 9
4 7
6 #edges
5 1
0 4
4 2
4 5
4 9
4 7
6 #edges
2 7
2 1
0 4
4 2
4 5
4 9
6 #edges
2 7
2 1
0 4
4 2
4 9
1 5
6 #edges
2 1
0 4
9 7
4 2
4 5
4 9
6 #edges
2 1
0 4
9 7
4 2
4 9
1 5
6 #edges
2 7
5 1
0 4
4 2
4 5
4 9
6 #edges
5 1
0 4
9 7
4 2
4 5
4 9
4 #trees for patient 50
6 #edges
2 7
0 4
4 2
4 9
4 1
1 5
6 #edges
2 9
2 7
0 4
4 2
4 1
1 5
6 #edges
2 7
5 9
0 4
4 2
4 1
1 5
6 #edges
2 7
0 4
4 2
4 1
7 9
1 5
19 #trees for patient 51
6 #edges
0 4
4 2
4 7
4 1
1 5
1 9
6 #edges
2 7
0 4
4 2
4 9
4 1
1 5
6 #edges
2 7
0 4
4 2
4 1
1 5
1 9
6 #edges
0 4
9 7
4 2
4 9
4 1
1 5
6 #edges
0 4
4 2
4 9
4 1
1 5
1 7
6 #edges
0 4
9 7
4 2
4 1
1 5
1 9
6 #edges
0 4
9 2
4 9
4 7
4 1
1 5
6 #edges
0 4
4 9
4 7
4 1
1 2
1 5
6 #edges
0 4
4 9
4 7
4 1
7 2
1 5
6 #edges
0 4
4 7
4 1
7 2
1 5
1 9
6 #edges
0 4
9 2
4 7
4 1
1 5
1 9
6 #edges
0 4
9 2
4 9
4 1
1 5
1 7
6 #edges
2 7
0 4
9 2
4 9
4 1
1 5
6 #edges
0 4
9 7
4 9
4 1
7 2
1 5
6 #edges
0 4
9 7
4 9
4 1
1 2
1 5
6 #edges
0 4
4 9
4 1
7 2
1 5
1 7
6 #edges
2 7
0 4
4 9
4 1
1 2
1 5
6 #edges
2 7
0 4
9 2
4 1
1 5
1 9
6 #edges
0 4
9 7
4 1
7 2
1 5
1 9
14 #trees for patient 52
6 #edges
0 5
0 4
4 2
4 9
4 7
4 1
6 #edges
2 7
0 5
0 4
4 2
4 9
4 1
6 #edges
0 5
0 4
4 2
4 9
4 1
1 7
6 #edges
0 5
0 4
4 9
4 7
4 1
1 2
6 #edges
2 7
0 5
0 4
4 9
4 1
1 2
6 #edges
0 5
0 4
4 9
4 1
7 2
1 7
6 #edges
0 5
0 4
4 9
4 7
4 1
7 2
6 #edges
0 4
4 9
4 7
4 1
7 2
1 5
6 #edges
0 4
4 9
4 7
4 1
1 2
1 5
6 #edges
0 4
4 2
4 9
4 7
4 1
1 5
6 #edges
2 7
0 4
4 9
4 1
1 2
1 5
6 #edges
0 4
4 9
4 1
7 2
1 5
1 7
6 #edges
0 4
4 2
4 9
4 1
1 5
1 7
6 #edges
2 7
0 4
4 2
4 9
4 1
1 5
8 #trees for patient 53
6 #edges
0 4
4 9
4 7
4 1
7 2
1 5
6 #edges
2 7
0 4
4 2
4 9
4 1
1 5
6 #edges
2 7
5 1
0 4
4 2
4 5
4 9
6 #edges
5 1
0 4
4 5
4 9
4 7
7 2
6 #edges
5 9
0 4
4 7
4 1
7 2
1 5
6 #edges
2 7
5 9
0 4
4 2
4 1
1 5
6 #edges
5 1
0 4
4 5
4 7
7 2
1 9
6 #edges
2 7
5 1
0 4
4 2
4 5
1 9
7 #trees for patient 54
6 #edges
2 7
0 4
4 2
4 9
4 1
1 5
6 #edges
2 7
0 4
9 5
4 2
4 9
4 1
6 #edges
2 7
0 4
9 1
4 2
4 5
4 9
6 #edges
2 7
5 1
0 4
4 2
4 5
4 9
6 #edges
2 7
0 4
9 5
9 1
4 2
4 9
6 #edges
2 7
0 4
9 1
4 2
4 9
1 5
6 #edges
2 7
5 1
0 4
9 5
4 2
4 9
4 #trees for patient 55
6 #edges
2 8
0 10
0 9
9 4
4 2
4 5
6 #edges
0 10
0 9
9 4
8 2
4 5
4 8
6 #edges
0 10
0 4
9 5
9 8
8 2
4 9
6 #edges
2 8
0 10
0 4
9 2
9 5
4 9
4 #trees for patient 56
6 #edges
0 10
0 9
9 4
8 2
4 5
4 8
6 #edges
2 8
0 10
0 9
9 4
4 2
4 5
6 #edges
2 8
5 10
0 9
9 4
4 2
4 5
6 #edges
5 10
0 9
9 4
8 2
4 5
4 8
1 #trees for patient 57
6 #edges
2 8
0 10
0 9
9 4
4 2
4 5
6 #trees for patient 58
6 #edges
5 8
0 10
0 9
9 4
4 2
4 5
6 #edges
2 8
0 10
0 9
9 4
4 2
4 5
6 #edges
5 8
0 10
0 9
9 4
8 2
4 5
6 #edges
2 8
5 2
0 10
0 9
9 4
4 5
6 #edges
5 2
0 10
0 9
9 4
4 5
4 8
6 #edges
0 10
0 9
9 4
8 2
4 5
4 8
8 #trees for patient 59
6 #edges
0 10
0 9
9 8
9 4
4 2
4 5
6 #edges
2 5
0 10
0 9
9 8
9 4
4 2
6 #edges
2 5
2 8
0 10
0 9
9 4
4 2
6 #edges
2 8
0 10
0 9
9 4
4 2
4 5
6 #edges
2 8
0 9
9 10
9 4
4 2
4 5
6 #edges
0 9
9 10
9 8
9 4
4 2
4 5
6 #edges
2 5
0 9
9 10
9 8
9 4
4 2
6 #edges
2 5
2 8
0 9
9 10
9 4
4 2
1 #trees for patient 60
6 #edges
2 8
0 10
0 9
9 4
4 2
4 5
7 #trees for patient 61
6 #edges
2 8
0 10
0 9
9 4
4 2
4 5
6 #edges
2 8
0 10
0 9
9 5
9 4
4 2
6 #edges
2 8
0 9
9 5
9 4
4 10
4 2
6 #edges
2 8
0 9
9 10
9 5
9 4
4 2
6 #edges
2 8
0 9
9 10
9 4
4 2
4 5
6 #edges
2 8
5 10
0 9
9 4
4 2
4 5
6 #edges
2 8
5 10
0 9
9 5
9 4
4 2
4 #trees for patient 62
6 #edges
0 10
0 9
9 4
8 2
4 5
4 8
6 #edges
2 8
0 10
0 9
9 4
4 2
4 5
6 #edges
0 9
9 10
9 4
8 2
4 5
4 8
6 #edges
2 8
0 9
9 10
9 4
4 2
4 5
12 #trees for patient 63
6 #edges
2 8
0 10
0 5
0 9
9 4
4 2
6 #edges
2 8
0 10
0 5
0 4
9 2
4 9
6 #edges
2 8
0 5
0 4
9 10
9 2
4 9
6 #edges
2 8
0 5
0 9
9 4
4 10
4 2
6 #edges
2 5
2 8
0 10
0 4
9 2
4 9
6 #edges
2 8
0 10
0 4
9 2
9 5
4 9
6 #edges
2 8
0 10
0 9
9 4
4 2
4 5
6 #edges
2 5
2 8
0 10
0 9
9 4
4 2
6 #edges
2 8
0 4
9 10
9 2
9 5
4 9
6 #edges
2 5
2 8
0 4
9 10
9 2
4 9
6 #edges
2 8
0 9
9 4
4 10
4 2
4 5
6 #edges
2 5
2 8
0 9
9 4
4 10
4 2
4 #trees for patient 64
6 #edges
2 8
0 10
0 9
9 4
8 5
4 2
6 #edges
2 8
0 10
0 9
9 4
4 2
4 5
6 #edges
0 10
0 9
9 4
8 2
4 5
4 8
6 #edges
2 5
0 10
0 9
9 4
8 2
4 8
4 #trees for patient 65
6 #edges
2 8
0 10
0 4
9 2
9 5
4 9
6 #edges
2 8
0 10
0 9
9 4
4 2
4 5
6 #edges
2 8
5 10
0 4
9 2
9 5
4 9
6 #edges
2 8
5 10
0 9
9 4
4 2
4 5
7 #trees for patient 66
6 #edges
2 8
5 2
0 10
0 9
9 4
4 5
6 #edges
5 2
5 8
0 10
0 9
9 4
4 5
6 #edges
5 2
0 10
0 9
9 4
4 5
4 8
6 #edges
5 8
0 10
0 9
9 4
4 2
4 5
6 #edges
2 8
0 10
0 9
9 4
4 2
4 5
6 #edges
5 8
0 10
0 9
9 4
8 2
4 5
6 #edges
0 10
0 9
9 4
8 2
4 5
4 8
8 #trees for patient 67
6 #edges
2 8
0 10
0 9
9 4
4 2
4 5
6 #edges
2 5
2 8
0 10
0 9
9 4
4 2
6 #edges
2 5
2 8
0 9
9 10
9 4
4 2
6 #edges
2 8
0 9
9 10
9 4
4 2
4 5
6 #edges
2 8
0 9
9 4
4 10
4 2
4 5
6 #edges
2 5
2 8
0 9
9 4
4 10
4 2
6 #edges
2 10
2 5
2 8
0 9
9 4
4 2
6 #edges
2 10
2 8
0 9
9 4
4 2
4 5
4 #trees for patient 68
6 #edges
2 8
0 10
0 4
9 2
9 5
4 9
6 #edges
0 10
0 4
9 5
9 8
8 2
4 9
6 #edges
0 10
0 9
9 4
8 2
4 5
4 8
6 #edges
2 8
0 10
0 9
9 4
4 2
4 5
4 #trees for patient 69
6 #edges
2 8
0 10
0 4
9 2
9 5
4 9
6 #edges
2 8
0 10
0 4
9 2
8 5
4 9
6 #edges
2 8
0 10
0 9
9 4
8 5
4 2
6 #edges
2 8
0 10
0 9
9 4
4 2
4 5
6 #trees for patient 70
6 #edges
0 10
0 4
9 2
9 5
9 8
4 9
6 #edges
5 8
0 10
0 4
9 2
9 5
4 9
6 #edges
2 8
0 10
0 4
9 2
9 5
4 9
6 #edges
0 10
0 9
9 4
4 2
4 5
4 8
6 #edges
2 8
0 10
0 9
9 4
4 2
4 5
6 #edges
5 8
0 10
0 9
9 4
4 2
4 5
6 #trees for patient 71
6 #edges
0 10
0 9
9 4
4 2
4 5
4 8
6 #edges
2 8
0 10
0 9
9 4
4 2
4 5
6 #edges
5 8
0 10
0 9
9 4
4 2
4 5
6 #edges
0 9
9 4
4 10
4 2
4 5
4 8
6 #edges
2 8
0 9
9 4
4 10
4 2
4 5
6 #edges
5 8
0 9
9 4
4 10
4 2
4 5
8 #trees for patient 72
6 #edges
2 8
0 10
0 9
9 4
4 2
4 5
6 #edges
2 8
0 10
0 9
9 4
8 5
4 2
6 #edges
2 8
0 10
0 4
9 2
8 5
4 9
6 #edges
2 8
0 10
0 4
9 2
9 5
4 9
6 #edges
2 8
0 4
9 10
9 2
9 5
4 9
6 #edges
2 8
0 4
9 10
9 2
8 5
4 9
6 #edges
2 8
0 9
9 4
4 10
4 2
4 5
6 #edges
2 8
0 9
9 4
8 5
4 10
4 2
2 #trees for patient 73
6 #edges
2 8
0 10
0 4
9 2
9 5
4 9
6 #edges
2 8
0 10
0 9
9 4
4 2
4 5
12 #trees for patient 74
6 #edges
10 8
0 10
0 4
9 5
8 2
4 9
6 #edges
10 8
0 10
0 4
9 2
9 5
4 9
6 #edges
2 8
0 10
0 4
9 2
9 5
4 9
6 #edges
10 2
2 8
0 10
0 4
9 5
4 9
6 #edges
10 2
0 10
0 4
9 5
9 8
4 9
6 #edges
0 10
0 4
9 5
9 8
8 2
4 9
6 #edges
10 8
0 10
0 9
9 4
8 2
4 5
6 #edges
10 8
0 10
0 9
9 4
4 2
4 5
6 #edges
2 8
0 10
0 9
9 4
4 2
4 5
6 #edges
10 2
2 8
0 10
0 9
9 4
4 5
6 #edges
10 2
0 10
0 9
9 4
4 5
4 8
6 #edges
0 10
0 9
9 4
8 2
4 5
4 8
4 #trees for patient 75
6 #edges
0 10
0 9
9 4
8 2
4 5
4 8
6 #edges
2 8
0 10
0 9
9 4
4 2
4 5
6 #edges
2 8
0 10
0 9
9 4
8 5
4 2
6 #edges
2 5
0 10
0 9
9 4
8 2
4 8
6 #trees for patient 76
6 #edges
0 10
0 5
0 9
9 8
9 4
4 2
6 #edges
2 8
0 10
0 5
0 9
9 4
4 2
6 #edges
10 5
0 10
0 9
9 8
9 4
4 2
6 #edges
10 5
2 8
0 10
0 9
9 4
4 2
6 #edges
0 10
0 9
9 8
9 4
4 2
4 5
6 #edges
2 8
0 10
0 9
9 4
4 2
4 5
12 #trees for patient 77
6 #edges
10 11
11 9
11 7
0 4
0 1
4 10
6 #edges
10 9
10 7
11 10
0 4
0 1
4 11
6 #edges
10 11
11 4
0 10
0 1
4 9
4 7
6 #edges
10 4
11 9
11 7
0 10
0 1
4 11
6 #edges
10 9
10 7
11 4
0 11
0 1
4 10
6 #edges
10 4
11 10
0 11
0 1
4 9
4 7
6 #edges
10 11
11 9
11 7
0 4
9 1
4 10
6 #edges
10 9
10 7
11 10
0 4
9 1
4 11
6 #edges
10 4
11 10
0 11
9 1
4 9
4 7
6 #edges
10 9
10 7
11 4
0 11
9 1
4 10
6 #edges
10 11
11 4
0 10
9 1
4 9
4 7
6 #edges
10 4
11 9
11 7
0 10
9 1
4 11
4 #trees for patient 78
6 #edges
10 11
11 7
11 1
0 4
4 10
1 9
6 #edges
10 11
11 9
11 7
0 4
9 1
4 10
6 #edges
10 4
11 9
11 7
0 10
9 1
4 11
6 #edges
10 4
11 7
11 1
0 10
4 11
1 9
12 #trees for patient 79
6 #edges
10 9
10 7
11 10
0 4
9 1
4 11
6 #edges
10 9
11 10
0 4
9 1
4 11
1 7
6 #edges
10 11
11 9
11 7
0 4
9 1
4 10
6 #edges
10 11
11 9
0 4
9 1
4 10
1 7
6 #edges
10 9
10 7
11 4
0 11
9 1
4 10
6 #edges
10 9
11 4
0 11
9 1
4 10
1 7
6 #edges
10 4
11 10
0 11
9 1
4 9
4 7
6 #edges
10 4
11 10
0 11
9 1
4 9
1 7
6 #edges
10 4
11 9
11 7
0 10
9 1
4 11
6 #edges
10 4
11 9
0 10
9 1
4 11
1 7
6 #edges
10 11
11 4
0 10
9 1
4 9
4 7
6 #edges
10 11
11 4
0 10
9 1
4 9
1 7
12 #trees for patient 80
6 #edges
10 9
10 7
11 10
0 4
9 1
4 11
6 #edges
10 7
10 1
11 10
0 4
4 11
1 9
6 #edges
10 11
11 9
11 7
0 4
9 1
4 10
6 #edges
10 11
11 7
11 1
0 4
4 10
1 9
6 #edges
10 4
11 10
0 11
9 1
4 9
4 7
6 #edges
10 4
11 10
0 11
4 7
4 1
1 9
6 #edges
10 9
10 7
11 4
0 11
9 1
4 10
6 #edges
10 7
10 1
11 4
0 11
4 10
1 9
6 #edges
10 11
11 4
0 10
4 7
4 1
1 9
6 #edges
10 11
11 4
0 10
9 1
4 9
4 7
6 #edges
10 4
11 7
11 1
0 10
4 11
1 9
6 #edges
10 4
11 9
11 7
0 10
9 1
4 11
2 #trees for patient 81
6 #edges
10 11
11 9
11 7
0 4
4 10
4 1
6 #edges
10 11
11 9
11 7
0 4
9 1
4 10
2 #trees for patient 82
6 #edges
10 11
11 9
11 7
0 4
9 1
4 10
6 #edges
10 9
10 7
11 10
0 4
9 1
4 11
6 #trees for patient 83
6 #edges
10 11
11 9
0 4
0 7
0 1
4 10
6 #edges
10 11
11 9
0 4
0 7
9 1
4 10
6 #edges
10 11
10 7
11 9
0 4
0 1
4 10
6 #edges
10 11
11 9
11 7
0 4
0 1
4 10
6 #edges
10 11
10 7
11 9
0 4
9 1
4 10
6 #edges
10 11
11 9
11 7
0 4
9 1
4 10
39 #trees for patient 84
6 #edges
10 11
0 4
0 7
9 1
4 10
4 9
6 #edges
10 11
11 1
0 4
0 7
4 10
4 9
6 #edges
10 11
0 4
0 7
0 1
4 10
4 9
6 #edges
10 11
0 9
0 4
0 7
0 1
4 10
6 #edges
10 11
0 4
0 7
0 1
4 10
1 9
6 #edges
10 11
11 9
0 4
0 7
0 1
4 10
6 #edges
10 11
0 9
0 4
0 7
9 1
4 10
6 #edges
10 11
11 1
0 9
0 4
0 7
4 10
6 #edges
10 11
0 9
0 4
0 7
4 10
4 1
6 #edges
10 11
11 9
0 4
0 7
4 10
4 1
6 #edges
10 11
11 9
0 4
0 7
9 1
4 10
6 #edges
10 11
11 1
0 4
0 7
4 10
1 9
6 #edges
10 11
0 4
0 7
4 10
4 1
1 9
6 #edges
10 11
10 7
0 9
0 4
0 1
4 10
6 #edges
10 11
11 7
0 9
0 4
0 1
4 10
6 #edges
10 11
10 7
0 4
0 1
4 10
1 9
6 #edges
10 11
11 7
0 4
0 1
4 10
1 9
6 #edges
10 11
10 7
11 9
0 4
0 1
4 10
6 #edges
10 11
10 7
0 4
0 1
4 10
4 9
6 #edges
10 11
11 9
11 7
0 4
0 1
4 10
6 #edges
10 11
11 7
0 4
0 1
4 10
4 9
6 #edges
10 11
11 7
0 9
0 4
9 1
4 10
6 #edges
10 11
10 7
0 9
0 4
9 1
4 10
6 #edges
10 11
10 7
0 9
0 4
4 10
4 1
6 #edges
10 11
10 7
11 1
0 9
0 4
4 10
6 #edges
10 11
11 7
0 9
0 4
4 10
4 1
6 #edges
10 11
11 7
11 1
0 9
0 4
4 10
6 #edges
10 11
11 7
0 4
9 1
4 10
4 9
6 #edges
10 11
11 7
11 1
0 4
4 10
4 9
6 #edges
10 11
10 7
0 4
9 1
4 10
4 9
6 #edges
10 11
10 7
11 1
0 4
4 10
4 9
6 #edges
10 11
10 7
0 4
4 10
4 1
1 9
6 #edges
10 11
11 7
0 4
4 10
4 1
1 9
6 #edges
10 11
11 9
11 7
0 4
4 10
4 1
6 #edges
10 11
10 7
11 9
0 4
4 10
4 1
6 #edges
10 11
11 7
11 1
0 4
4 10
1 9
6 #edges
10 11
10 7
11 1
0 4
4 10
1 9
6 #edges
10 11
10 7
11 9
0 4
9 1
4 10
6 #edges
10 11
11 9
11 7
0 4
9 1
4 10
2 #trees for patient 85
6 #edges
10 9
10 7
11 10
0 4
9 1
4 11
6 #edges
10 11
11 9
11 7
0 4
9 1
4 10
6 #trees for patient 86
6 #edges
10 11
11 9
11 7
11 1
0 4
4 10
6 #edges
10 11
11 7
11 1
0 4
4 10
1 9
6 #edges
10 11
11 9
11 7
0 4
9 1
4 10
6 #edges
10 4
11 7
11 1
0 10
4 11
1 9
6 #edges
10 4
11 9
11 7
11 1
0 10
4 11
6 #edges
10 4
11 9
11 7
0 10
9 1
4 11
2 #trees for patient 87
6 #edges
10 11
11 9
11 7
0 4
4 10
7 1
6 #edges
10 11
11 9
11 7
0 4
9 1
4 10
2 #trees for patient 88
6 #edges
10 11
11 9
11 7
0 4
9 1
4 10
6 #edges
10 4
11 9
11 7
0 10
9 1
4 11
2 #trees for patient 89
6 #edges
10 11
11 9
11 7
0 4
9 1
4 10
6 #edges
10 4
11 9
11 7
0 10
9 1
4 11
10 #trees for patient 90
6 #edges
10 11
10 1
11 9
11 7
0 4
4 10
6 #edges
10 11
11 9
11 7
0 4
9 1
4 10
6 #edges
10 11
11 9
11 7
11 1
0 4
4 10
6 #edges
10 11
10 9
11 7
11 1
0 4
4 10
6 #edges
10 11
10 9
11 7
0 4
9 1
4 10
6 #edges
10 4
11 9
11 7
0 10
4 11
4 1
6 #edges
10 4
11 7
0 10
9 1
4 11
4 9
6 #edges
10 4
11 7
11 1
0 10
4 11
4 9
6 #edges
10 4
11 9
11 7
11 1
0 10
4 11
6 #edges
10 4
11 9
11 7
0 10
9 1
4 11
6 #trees for patient 91
6 #edges
10 9
10 7
11 10
0 4
9 1
4 11
6 #edges
10 11
11 9
11 7
0 4
9 1
4 10
6 #edges
10 9
10 7
11 4
0 11
9 1
4 10
6 #edges
10 4
11 10
0 11
9 1
4 9
4 7
6 #edges
10 11
11 4
0 10
9 1
4 9
4 7
6 #edges
10 4
11 9
11 7
0 10
9 1
4 11
8 #trees for patient 92
6 #edges
10 9
11 10
0 4
9 1
4 11
1 7
6 #edges
10 9
10 7
11 10
0 4
9 1
4 11
6 #edges
10 7
10 1
11 10
0 4
4 11
1 9
6 #edges
10 1
11 10
0 4
9 7
4 11
1 9
6 #edges
10 11
11 7
11 1
0 4
4 10
1 9
6 #edges
10 11
11 1
0 4
9 7
4 10
1 9
6 #edges
10 11
11 9
0 4
9 1
4 10
1 7
6 #edges
10 11
11 9
11 7
0 4
9 1
4 10
16 #trees for patient 93
6 #edges
10 11
10 7
0 9
0 4
0 1
4 10
6 #edges
10 11
11 7
0 9
0 4
0 1
4 10
6 #edges
10 11
10 7
0 4
0 1
4 10
1 9
6 #edges
10 11
11 7
0 4
0 1
4 10
1 9
6 #edges
10 11
10 7
11 9
0 4
0 1
4 10
6 #edges
10 11
11 9
11 7
0 4
0 1
4 10
6 #edges
10 11
10 7
0 9
0 4
9 1
4 10
6 #edges
10 11
11 7
0 9
0 4
9 1
4 10
6 #edges
10 11
10 7
11 1
0 9
0 4
4 10
6 #edges
10 11
11 7
11 1
0 9
0 4
4 10
6 #edges
10 11
10 7
11 9
0 4
9 1
4 10
6 #edges
10 11
10 7
11 9
11 1
0 4
4 10
6 #edges
10 11
10 7
11 1
0 4
4 10
1 9
6 #edges
10 11
11 9
11 7
11 1
0 4
4 10
6 #edges
10 11
11 7
11 1
0 4
4 10
1 9
6 #edges
10 11
11 9
11 7
0 4
9 1
4 10
42 #trees for patient 94
6 #edges
10 11
11 9
11 7
0 4
4 10
7 1
6 #edges
10 11
11 9
11 7
0 4
9 1
4 10
6 #edges
10 11
11 7
11 1
0 4
4 10
7 9
6 #edges
10 11
11 7
11 1
0 4
4 10
1 9
6 #edges
10 11
11 7
0 4
4 10
7 1
1 9
6 #edges
10 11
11 7
0 4
4 10
7 9
7 1
6 #edges
10 11
11 7
0 4
9 1
4 10
7 9
6 #edges
10 7
10 1
11 10
0 4
4 11
1 9
6 #edges
10 7
10 1
11 10
0 4
4 11
7 9
6 #edges
10 9
10 7
11 10
0 4
9 1
4 11
6 #edges
10 9
10 7
11 10
0 4
4 11
7 1
6 #edges
10 7
11 10
0 4
9 1
4 11
7 9
6 #edges
10 7
11 10
0 4
4 11
7 9
7 1
6 #edges
10 7
11 10
0 4
4 11
7 1
1 9
6 #edges
10 4
11 10
0 11
4 7
4 1
7 9
6 #edges
10 4
11 10
0 11
4 7
4 1
1 9
6 #edges
10 4
11 10
0 11
4 7
7 9
7 1
6 #edges
10 4
11 10
0 11
9 1
4 7
7 9
6 #edges
10 4
11 10
0 11
9 1
4 9
4 7
6 #edges
10 4
11 10
0 11
4 9
4 7
7 1
6 #edges
10 4
11 10
0 11
4 7
7 1
1 9
6 #edges
10 9
10 7
11 4
0 11
9 1
4 10
6 #edges
10 9
10 7
11 4
0 11
4 10
7 1
6 #edges
10 7
10 1
11 4
0 11
4 10
7 9
6 #edges
10 7
10 1
11 4
0 11
4 10
1 9
6 #edges
10 7
11 4
0 11
4 10
7 9
7 1
6 #edges
10 7
11 4
0 11
4 10
7 1
1 9
6 #edges
10 7
11 4
0 11
9 1
4 10
7 9
6 #edges
10 4
11 7
11 1
0 10
4 11
7 9
6 #edges
10 4
11 7
11 1
0 10
4 11
1 9
6 #edges
10 4
11 9
11 7
0 10
9 1
4 11
6 #edges
10 4
11 9
11 7
0 10
4 11
7 1
6 #edges
10 4
11 7
0 10
4 11
7 9
7 1
6 #edges
10 4
11 7
0 10
4 11
7 1
1 9
6 #edges
10 4
11 7
0 10
9 1
4 11
7 9
6 #edges
10 11
11 4
0 10
4 9
4 7
7 1
6 #edges
10 11
11 4
0 10
9 1
4 9
4 7
6 #edges
10 11
11 4
0 10
4 7
7 1
1 9
6 #edges
10 11
11 4
0 10
4 7
7 9
7 1
6 #edges
10 11
11 4
0 10
9 1
4 7
7 9
6 #edges
10 11
11 4
0 10
4 7
4 1
7 9
6 #edges
10 11
11 4
0 10
4 7
4 1
1 9
6 #trees for patient 95
6 #edges
10 9
10 7
11 10
0 4
9 1
4 11
6 #edges
10 11
11 9
11 7
0 4
9 1
4 10
6 #edges
10 4
11 10
0 11
9 1
4 9
4 7
6 #edges
10 9
10 7
11 4
0 11
9 1
4 10
6 #edges
10 4
11 9
11 7
0 10
9 1
4 11
6 #edges
10 11
11 4
0 10
9 1
4 9
4 7
4 #trees for patient 96
6 #edges
10 11
11 9
11 7
0 4
9 1
4 10
6 #edges
10 11
11 9
11 7
0 4
4 10
7 1
6 #edges
10 9
10 7
11 10
0 4
4 11
7 1
6 #edges
10 9
10 7
11 10
0 4
9 1
4 11
3 #trees for patient 97
6 #edges
10 11
10 1
11 9
11 7
0 4
4 10
6 #edges
10 11
11 9
11 7
0 4
9 1
4 10
6 #edges
10 11
11 9
11 7
0 4
4 10
7 1
8 #trees for patient 98
6 #edges
10 9
10 7
11 10
0 4
9 1
4 11
6 #edges
10 9
11 10
0 4
9 1
4 11
1 7
6 #edges
10 7
10 1
11 10
0 4
4 11
1 9
6 #edges
10 1
11 10
0 4
9 7
4 11
1 9
6 #edges
10 11
11 7
11 1
0 4
4 10
1 9
6 #edges
10 11
11 1
0 4
9 7
4 10
1 9
6 #edges
10 11
11 9
11 7
0 4
9 1
4 10
6 #edges
10 11
11 9
0 4
9 1
4 10
1 7
2 #trees for patient 99
6 #edges
10 11
11 9
11 7
0 4
4 10
4 1
6 #edges
10 11
11 9
11 7
0 4
9 1
4 10
