100 # patients
7 #trees for patient 0
6 #edges
0 9
0 2
0 7
4 11
7 6
7 4
6 #edges
6 11
0 9
0 2
0 7
7 6
7 4
6 #edges
6 11
6 4
0 9
0 2
0 7
7 6
6 #edges
6 11
0 9
0 2
0 7
11 4
7 6
6 #edges
6 4
0 9
0 2
0 7
4 11
7 6
6 #edges
6 4
0 9
0 2
0 7
7 6
7 11
6 #edges
0 9
0 2
0 7
11 4
7 6
7 11
13 #trees for patient 1
6 #edges
0 9
0 2
0 4
0 7
4 11
7 6
6 #edges
0 9
0 2
0 11
0 4
0 7
7 6
6 #edges
0 9
0 2
0 4
0 7
7 6
7 11
6 #edges
6 11
0 9
0 2
0 4
0 7
7 6
6 #edges
0 9
0 2
0 11
0 7
11 4
7 6
6 #edges
6 4
0 9
0 2
0 11
0 7
7 6
6 #edges
0 9
0 2
0 11
0 7
7 6
7 4
6 #edges
0 9
0 2
0 7
11 4
7 6
7 11
6 #edges
6 4
0 9
0 2
0 7
7 6
7 11
6 #edges
6 4
0 9
0 2
0 7
4 11
7 6
6 #edges
6 11
0 9
0 2
0 7
7 6
7 4
6 #edges
6 11
0 9
0 2
0 7
11 4
7 6
6 #edges
0 9
0 2
0 7
4 11
7 6
7 4
4 #trees for patient 2
6 #edges
0 9
0 2
0 7
4 11
7 6
7 4
6 #edges
0 9
0 2
0 7
11 6
4 11
7 4
6 #edges
0 9
0 2
0 7
11 4
7 6
7 11
6 #edges
0 9
0 2
0 7
11 4
4 6
7 11
4 #trees for patient 3
6 #edges
6 4
0 9
0 2
0 7
7 6
7 11
6 #edges
0 9
0 2
0 7
11 4
7 6
7 11
6 #edges
2 9
6 4
0 2
0 7
7 6
7 11
6 #edges
2 9
0 2
0 7
11 4
7 6
7 11
21 #trees for patient 4
6 #edges
2 6
2 11
0 9
0 2
0 7
11 4
6 #edges
2 6
2 11
0 9
0 2
0 7
7 4
6 #edges
9 6
2 11
0 9
0 2
0 7
11 4
6 #edges
2 11
0 9
0 2
0 7
11 4
7 6
6 #edges
9 6
2 11
0 9
0 2
0 7
7 4
6 #edges
2 11
0 9
0 2
0 7
7 6
7 4
6 #edges
2 6
2 4
0 9
0 2
0 7
4 11
6 #edges
2 4
0 9
0 2
0 7
4 11
7 6
6 #edges
9 6
2 4
0 9
0 2
0 7
4 11
6 #edges
2 6
2 4
0 9
0 2
0 7
7 11
6 #edges
2 4
0 9
0 2
0 7
7 6
7 11
6 #edges
9 6
2 4
0 9
0 2
0 7
7 11
6 #edges
2 6
0 9
0 2
0 7
11 4
7 11
6 #edges
2 6
0 9
0 2
0 7
7 11
7 4
6 #edges
2 6
0 9
0 2
0 7
4 11
7 4
6 #edges
9 6
0 9
0 2
0 7
7 11
7 4
6 #edges
9 6
0 9
0 2
0 7
4 11
7 4
6 #edges
0 9
0 2
0 7
4 11
7 6
7 4
6 #edges
0 9
0 2
0 7
7 6
7 11
7 4
6 #edges
9 6
0 9
0 2
0 7
11 4
7 11
6 #edges
0 9
0 2
0 7
11 4
7 6
7 11
9 #trees for patient 5
6 #edges
2 6
0 9
0 11
0 4
0 7
7 2
6 #edges
2 6
0 9
0 11
0 7
11 4
7 2
6 #edges
2 6
6 4
0 9
0 11
0 7
7 2
6 #edges
2 4
0 9
0 2
0 7
7 6
7 11
6 #edges
2 6
0 9
0 2
0 7
7 11
7 4
6 #edges
2 6
6 4
0 9
0 2
0 7
7 11
6 #edges
2 6
0 9
0 2
0 7
11 4
7 11
6 #edges
6 4
0 9
0 2
0 7
7 6
7 11
6 #edges
0 9
0 2
0 7
11 4
7 6
7 11
4 #trees for patient 6
6 #edges
0 9
0 2
0 7
11 4
7 6
7 11
6 #edges
0 9
0 2
0 7
4 11
7 6
7 4
6 #edges
0 9
0 7
11 2
4 11
7 6
7 4
6 #edges
0 9
0 7
11 4
4 2
7 6
7 11
12 #trees for patient 7
6 #edges
0 9
0 2
0 7
11 4
7 6
7 11
6 #edges
9 6
0 9
0 2
0 7
11 4
7 11
6 #edges
0 9
0 2
0 7
11 4
4 6
7 11
6 #edges
0 9
0 2
0 7
4 11
7 6
7 4
6 #edges
9 6
0 9
0 2
0 7
4 11
7 4
6 #edges
0 9
0 2
0 7
11 6
4 11
7 4
6 #edges
9 6
0 9
0 7
11 4
4 2
7 11
6 #edges
0 9
0 7
11 4
4 2
4 6
7 11
6 #edges
0 9
0 7
11 4
4 2
7 6
7 11
6 #edges
9 6
0 9
0 7
11 2
4 11
7 4
6 #edges
0 9
0 7
11 2
4 11
7 6
7 4
6 #edges
0 9
0 7
11 2
11 6
4 11
7 4
4 #trees for patient 8
6 #edges
0 9
0 2
0 7
11 4
7 6
7 11
6 #edges
6 9
0 2
0 7
11 4
7 6
7 11
6 #edges
0 9
0 7
11 4
4 2
7 6
7 11
6 #edges
6 9
0 7
11 4
4 2
7 6
7 11
4 #trees for patient 9
6 #edges
0 9
0 2
0 7
11 4
7 6
7 11
6 #edges
0 9
0 2
0 7
11 4
4 6
7 11
6 #edges
9 2
0 9
0 7
11 4
7 6
7 11
6 #edges
9 2
0 9
0 7
11 4
4 6
7 11
4 #trees for patient 10
6 #edges
0 9
0 2
0 7
11 4
7 6
7 11
6 #edges
6 4
0 9
0 2
0 7
7 6
7 11
6 #edges
6 9
6 4
0 2
0 7
7 6
7 11
6 #edges
6 9
0 2
0 7
11 4
7 6
7 11
2 #trees for patient 11
6 #edges
0 9
0 2
0 7
11 6
11 4
7 11
6 #edges
0 9
0 2
0 7
11 4
7 6
7 11
5 #trees for patient 12
6 #edges
0 9
0 2
0 7
11 4
7 6
7 11
6 #edges
0 2
0 7
11 4
4 9
7 6
7 11
6 #edges
9 2
0 9
0 7
11 4
7 6
7 11
6 #edges
0 9
0 7
11 4
4 2
7 6
7 11
6 #edges
9 2
0 7
11 4
4 9
7 6
7 11
12 #trees for patient 13
6 #edges
6 4
0 9
0 2
0 7
7 6
7 11
6 #edges
0 9
0 2
0 7
11 4
7 6
7 11
6 #edges
6 9
0 2
0 7
11 4
7 6
7 11
6 #edges
6 9
6 4
0 2
0 7
7 6
7 11
6 #edges
9 2
6 4
0 9
0 7
7 6
7 11
6 #edges
9 2
0 9
0 7
11 4
7 6
7 11
6 #edges
6 2
6 4
0 9
0 7
7 6
7 11
6 #edges
6 2
0 9
0 7
11 4
7 6
7 11
6 #edges
6 9
6 2
6 4
0 7
7 6
7 11
6 #edges
9 2
6 9
6 4
0 7
7 6
7 11
6 #edges
9 2
6 9
0 7
11 4
7 6
7 11
6 #edges
6 9
6 2
0 7
11 4
7 6
7 11
24 #trees for patient 14
6 #edges
0 9
0 2
0 7
4 11
7 6
7 4
6 #edges
0 9
0 2
0 7
11 4
7 6
7 11
6 #edges
0 2
0 7
11 9
4 11
7 6
7 4
6 #edges
6 9
0 2
0 7
4 11
7 6
7 4
6 #edges
6 9
0 2
0 7
11 4
7 6
7 11
6 #edges
0 2
0 7
11 4
4 9
7 6
7 11
6 #edges
0 9
0 7
11 4
4 2
7 6
7 11
6 #edges
9 2
0 9
0 7
11 4
7 6
7 11
6 #edges
6 2
0 9
0 7
11 4
7 6
7 11
6 #edges
9 2
0 9
0 7
4 11
7 6
7 4
6 #edges
6 2
0 9
0 7
4 11
7 6
7 4
6 #edges
0 9
0 7
11 2
4 11
7 6
7 4
6 #edges
0 7
11 4
4 9
4 2
7 6
7 11
6 #edges
9 2
0 7
11 4
4 9
7 6
7 11
6 #edges
6 2
0 7
11 4
4 9
7 6
7 11
6 #edges
6 9
6 2
0 7
11 4
7 6
7 11
6 #edges
6 9
0 7
11 4
4 2
7 6
7 11
6 #edges
9 2
6 9
0 7
11 4
7 6
7 11
6 #edges
6 9
6 2
0 7
4 11
7 6
7 4
6 #edges
6 2
0 7
11 9
4 11
7 6
7 4
6 #edges
9 2
0 7
11 9
4 11
7 6
7 4
6 #edges
0 7
11 9
11 2
4 11
7 6
7 4
6 #edges
6 9
0 7
11 2
4 11
7 6
7 4
6 #edges
9 2
6 9
0 7
4 11
7 6
7 4
6 #trees for patient 15
6 #edges
0 9
0 2
0 7
11 4
7 6
7 11
6 #edges
0 2
0 7
11 9
11 4
7 6
7 11
6 #edges
6 2
0 9
0 7
11 4
7 6
7 11
6 #edges
0 9
0 7
11 4
4 2
7 6
7 11
6 #edges
6 2
0 7
11 9
11 4
7 6
7 11
6 #edges
0 7
11 9
11 4
4 2
7 6
7 11
4 #trees for patient 16
6 #edges
0 9
0 2
0 7
4 11
7 6
7 4
6 #edges
0 9
0 2
0 7
11 4
7 6
7 11
6 #edges
0 2
0 7
11 9
4 11
7 6
7 4
6 #edges
0 2
0 7
11 4
4 9
7 6
7 11
13 #trees for patient 17
6 #edges
0 9
0 2
0 7
11 4
4 6
7 11
6 #edges
0 9
0 2
0 7
11 4
7 6
7 11
6 #edges
0 9
0 2
0 7
11 6
11 4
7 11
6 #edges
0 9
0 7
11 6
11 4
4 2
7 11
6 #edges
0 9
0 7
11 6
11 4
7 2
7 11
6 #edges
6 2
0 9
0 7
11 6
11 4
7 11
6 #edges
0 9
0 7
11 2
11 4
7 6
7 11
6 #edges
0 9
0 7
11 2
11 4
4 6
7 11
6 #edges
0 9
0 7
11 4
4 6
7 2
7 11
6 #edges
6 2
0 9
0 7
11 4
7 6
7 11
6 #edges
0 9
0 7
11 4
4 2
7 6
7 11
6 #edges
0 9
0 7
11 4
4 2
4 6
7 11
6 #edges
6 2
0 9
0 7
11 4
4 6
7 11
14 #trees for patient 18
6 #edges
0 2
0 4
0 7
7 9
7 6
7 11
6 #edges
6 2
0 4
0 7
7 9
7 6
7 11
6 #edges
9 4
0 9
0 2
0 7
7 6
7 11
6 #edges
9 4
6 2
0 9
0 7
7 6
7 11
6 #edges
0 9
0 2
0 7
7 6
7 11
7 4
6 #edges
0 9
0 2
0 7
11 4
7 6
7 11
6 #edges
6 2
0 9
0 7
7 6
7 11
7 4
6 #edges
6 2
0 9
0 7
11 4
7 6
7 11
6 #edges
0 2
0 7
11 4
7 9
7 6
7 11
6 #edges
0 2
0 7
7 9
7 6
7 11
7 4
6 #edges
9 4
0 2
0 7
7 9
7 6
7 11
6 #edges
6 2
0 7
7 9
7 6
7 11
7 4
6 #edges
9 4
6 2
0 7
7 9
7 6
7 11
6 #edges
6 2
0 7
11 4
7 9
7 6
7 11
6 #trees for patient 19
6 #edges
0 9
0 2
0 7
11 4
7 6
7 11
6 #edges
9 6
0 9
0 2
0 7
11 4
7 11
6 #edges
0 9
0 2
0 7
11 4
4 6
7 11
6 #edges
0 9
0 2
0 7
4 11
7 6
7 4
6 #edges
0 9
0 2
0 7
11 6
4 11
7 4
6 #edges
9 6
0 9
0 2
0 7
4 11
7 4
4 #trees for patient 20
6 #edges
0 9
0 2
0 7
4 11
7 6
7 4
6 #edges
0 9
0 2
0 7
11 4
7 6
7 11
6 #edges
9 2
0 9
0 7
11 4
7 6
7 11
6 #edges
9 2
0 9
0 7
4 11
7 6
7 4
7 #trees for patient 21
6 #edges
2 11
0 9
0 2
0 7
7 6
7 4
6 #edges
0 9
0 2
0 7
4 11
7 6
7 4
6 #edges
2 11
2 4
0 9
0 2
0 7
7 6
6 #edges
2 11
0 9
0 2
0 7
11 4
7 6
6 #edges
2 4
0 9
0 2
0 7
4 11
7 6
6 #edges
2 4
0 9
0 2
0 7
7 6
7 11
6 #edges
0 9
0 2
0 7
11 4
7 6
7 11
4 #trees for patient 22
6 #edges
0 9
0 2
0 7
11 4
7 6
7 11
6 #edges
0 9
0 7
11 2
11 4
7 6
7 11
6 #edges
6 9
0 2
0 7
11 4
7 6
7 11
6 #edges
6 9
0 7
11 2
11 4
7 6
7 11
1 #trees for patient 23
6 #edges
0 9
0 2
0 7
11 4
7 6
7 11
4 #trees for patient 24
6 #edges
0 9
0 2
0 7
11 4
7 6
7 11
6 #edges
0 9
0 2
0 7
4 11
7 6
7 4
6 #edges
6 2
0 9
0 7
4 11
7 6
7 4
6 #edges
6 2
0 9
0 7
11 4
7 6
7 11
7 #trees for patient 25
6 #edges
9 11
0 9
0 2
0 7
11 4
7 6
6 #edges
9 11
0 9
0 2
0 7
7 6
7 4
6 #edges
9 11
9 4
0 9
0 2
0 7
7 6
6 #edges
9 4
0 9
0 2
0 7
7 6
7 11
6 #edges
0 9
0 2
0 7
11 4
7 6
7 11
6 #edges
0 9
0 2
0 7
4 11
7 6
7 4
6 #edges
9 4
0 9
0 2
0 7
4 11
7 6
2 #trees for patient 26
6 #edges
0 9
0 2
0 7
11 4
7 6
7 11
6 #edges
0 9
0 7
11 4
4 2
7 6
7 11
13 #trees for patient 27
6 #edges
2 6
0 9
0 2
0 4
0 7
7 11
6 #edges
0 9
0 2
0 4
0 7
7 6
7 11
6 #edges
6 4
0 9
0 2
0 6
0 7
7 11
6 #edges
0 9
0 2
0 6
0 7
11 4
7 11
6 #edges
0 9
0 2
0 6
0 7
7 11
7 4
6 #edges
2 4
0 9
0 2
0 6
0 7
7 11
6 #edges
2 6
2 4
0 9
0 2
0 7
7 11
6 #edges
2 6
0 9
0 2
0 7
7 11
7 4
6 #edges
2 6
6 4
0 9
0 2
0 7
7 11
6 #edges
2 6
0 9
0 2
0 7
11 4
7 11
6 #edges
6 4
0 9
0 2
0 7
7 6
7 11
6 #edges
2 4
0 9
0 2
0 7
7 6
7 11
6 #edges
0 9
0 2
0 7
11 4
7 6
7 11
12 #trees for patient 28
6 #edges
0 9
0 6
0 7
11 4
7 2
7 11
6 #edges
0 9
0 6
0 7
7 2
7 11
7 4
6 #edges
0 9
0 6
0 7
4 11
7 2
7 4
6 #edges
2 6
0 9
0 2
0 7
7 11
7 4
6 #edges
2 6
0 9
0 2
0 7
11 4
7 11
6 #edges
2 6
0 9
0 2
0 7
4 11
7 4
6 #edges
0 9
0 2
0 7
4 11
7 6
7 4
6 #edges
0 9
0 2
0 7
7 6
7 11
7 4
6 #edges
0 9
0 2
0 7
11 4
7 6
7 11
6 #edges
2 6
0 9
0 7
4 11
7 2
7 4
6 #edges
2 6
0 9
0 7
7 2
7 11
7 4
6 #edges
2 6
0 9
0 7
11 4
7 2
7 11
4 #trees for patient 29
6 #edges
2 4
0 9
0 2
0 7
7 6
7 11
6 #edges
0 9
0 2
0 7
11 4
7 6
7 11
6 #edges
2 4
0 2
0 7
11 9
7 6
7 11
6 #edges
0 2
0 7
11 9
11 4
7 6
7 11
4 #trees for patient 30
6 #edges
0 9
0 2
0 7
4 11
7 6
7 4
6 #edges
0 9
0 2
0 7
11 4
7 6
7 11
6 #edges
6 2
0 9
0 7
11 4
7 6
7 11
6 #edges
6 2
0 9
0 7
4 11
7 6
7 4
3 #trees for patient 31
6 #edges
0 9
0 2
0 7
11 4
7 6
7 11
6 #edges
0 2
0 7
11 9
11 4
7 6
7 11
6 #edges
0 2
0 7
11 4
4 9
7 6
7 11
4 #trees for patient 32
6 #edges
0 9
0 2
0 7
11 4
7 6
7 11
6 #edges
0 9
0 2
0 7
4 11
7 6
7 4
6 #edges
0 2
0 7
11 9
4 11
7 6
7 4
6 #edges
0 2
0 7
11 4
4 9
7 6
7 11
8 #trees for patient 33
6 #edges
9 4
0 9
0 2
0 7
7 6
7 11
6 #edges
9 4
0 9
0 2
0 7
11 6
7 11
6 #edges
0 9
0 2
0 7
11 4
7 6
7 11
6 #edges
0 9
0 2
0 7
11 6
11 4
7 11
6 #edges
9 4
0 9
0 7
7 2
7 6
7 11
6 #edges
0 9
0 7
11 4
7 2
7 6
7 11
6 #edges
0 9
0 7
11 6
11 4
7 2
7 11
6 #edges
9 4
0 9
0 7
11 6
7 2
7 11
38 #trees for patient 34
6 #edges
9 6
0 9
0 4
0 7
4 11
7 2
6 #edges
0 9
0 4
0 7
4 11
7 2
7 6
6 #edges
9 6
2 11
0 9
0 4
0 7
7 2
6 #edges
9 6
0 9
0 4
0 7
7 2
7 11
6 #edges
0 9
0 4
0 7
7 2
7 6
7 11
6 #edges
2 11
0 9
0 4
0 7
7 2
7 6
6 #edges
9 6
0 9
0 11
0 7
7 2
7 4
6 #edges
9 6
0 9
0 11
0 7
11 4
7 2
6 #edges
9 6
2 4
0 9
0 11
0 7
7 2
6 #edges
0 9
0 11
0 7
11 4
7 2
7 6
6 #edges
2 4
0 9
0 11
0 7
7 2
7 6
6 #edges
0 9
0 11
0 7
7 2
7 6
7 4
6 #edges
9 6
2 11
0 9
0 2
0 7
11 4
6 #edges
2 11
0 9
0 2
0 7
11 4
7 6
6 #edges
9 6
2 11
0 9
0 2
0 7
7 4
6 #edges
2 11
0 9
0 2
0 7
7 6
7 4
6 #edges
9 6
2 4
0 9
0 2
0 7
7 11
6 #edges
9 6
2 4
0 9
0 2
0 7
4 11
6 #edges
9 6
0 9
0 2
0 7
4 11
7 4
6 #edges
9 6
0 9
0 2
0 7
7 11
7 4
6 #edges
9 6
0 9
0 2
0 7
11 4
7 11
6 #edges
2 4
0 9
0 2
0 7
7 6
7 11
6 #edges
2 4
0 9
0 2
0 7
4 11
7 6
6 #edges
0 9
0 2
0 7
7 6
7 11
7 4
6 #edges
0 9
0 2
0 7
4 11
7 6
7 4
6 #edges
0 9
0 2
0 7
11 4
7 6
7 11
6 #edges
9 6
0 9
0 7
4 11
7 2
7 4
6 #edges
9 6
2 11
0 9
0 7
7 2
7 4
6 #edges
2 11
0 9
0 7
7 2
7 6
7 4
6 #edges
0 9
0 7
4 11
7 2
7 6
7 4
6 #edges
2 4
0 9
0 7
7 2
7 6
7 11
6 #edges
2 4
0 9
0 7
4 11
7 2
7 6
6 #edges
0 9
0 7
11 4
7 2
7 6
7 11
6 #edges
2 11
0 9
0 7
11 4
7 2
7 6
6 #edges
9 6
0 9
0 7
11 4
7 2
7 11
6 #edges
9 6
2 4
0 9
0 7
7 2
7 11
6 #edges
9 6
2 4
0 9
0 7
4 11
7 2
6 #edges
9 6
2 11
0 9
0 7
11 4
7 2
4 #trees for patient 35
6 #edges
0 9
0 2
0 7
11 4
7 6
7 11
6 #edges
0 9
0 2
0 7
4 11
7 6
7 4
6 #edges
6 9
0 2
0 7
11 4
7 6
7 11
6 #edges
6 9
0 2
0 7
4 11
7 6
7 4
12 #trees for patient 36
6 #edges
0 9
0 2
0 6
0 7
11 4
7 11
6 #edges
0 9
0 2
0 6
0 7
7 11
7 4
6 #edges
0 9
0 2
0 6
0 7
4 11
7 4
6 #edges
0 9
0 2
0 7
7 6
7 11
7 4
6 #edges
0 9
0 2
0 7
11 4
7 6
7 11
6 #edges
0 9
0 2
0 7
4 11
7 6
7 4
6 #edges
9 2
0 9
0 6
0 7
11 4
7 11
6 #edges
9 2
0 9
0 6
0 7
7 11
7 4
6 #edges
9 2
0 9
0 6
0 7
4 11
7 4
6 #edges
9 2
0 9
0 7
11 4
7 6
7 11
6 #edges
9 2
0 9
0 7
7 6
7 11
7 4
6 #edges
9 2
0 9
0 7
4 11
7 6
7 4
1 #trees for patient 37
6 #edges
0 9
0 2
0 7
11 4
7 6
7 11
28 #trees for patient 38
6 #edges
2 4
0 9
0 2
0 7
7 6
7 11
6 #edges
2 4
0 9
0 2
0 7
11 6
7 11
6 #edges
0 9
0 2
0 7
7 6
7 11
7 4
6 #edges
0 9
0 2
0 7
11 4
7 6
7 11
6 #edges
0 9
0 2
0 7
11 6
7 11
7 4
6 #edges
0 9
0 2
0 7
11 6
11 4
7 11
6 #edges
0 9
0 4
0 7
7 2
7 6
7 11
6 #edges
0 9
0 7
11 4
7 2
7 6
7 11
6 #edges
0 9
0 7
7 2
7 6
7 11
7 4
6 #edges
2 4
0 9
0 7
7 2
7 6
7 11
6 #edges
0 9
0 7
11 6
7 2
7 11
7 4
6 #edges
2 4
0 9
0 7
11 6
7 2
7 11
6 #edges
0 9
0 4
0 7
11 6
7 2
7 11
6 #edges
0 9
0 7
11 6
11 4
7 2
7 11
6 #edges
0 4
0 7
7 9
7 2
7 6
7 11
6 #edges
0 4
0 7
11 6
7 9
7 2
7 11
6 #edges
2 4
0 2
0 7
11 6
7 9
7 11
6 #edges
2 4
0 2
0 7
7 9
7 6
7 11
6 #edges
0 2
0 7
7 9
7 6
7 11
7 4
6 #edges
0 2
0 7
11 6
7 9
7 11
7 4
6 #edges
0 2
0 7
11 4
7 9
7 6
7 11
6 #edges
0 2
0 7
11 6
11 4
7 9
7 11
6 #edges
2 4
0 7
7 9
7 2
7 6
7 11
6 #edges
2 4
0 7
11 6
7 9
7 2
7 11
6 #edges
0 7
7 9
7 2
7 6
7 11
7 4
6 #edges
0 7
11 6
7 9
7 2
7 11
7 4
6 #edges
0 7
11 4
7 9
7 2
7 6
7 11
6 #edges
0 7
11 6
11 4
7 9
7 2
7 11
14 #trees for patient 39
6 #edges
0 9
0 2
0 7
11 4
7 6
7 11
6 #edges
0 9
0 7
11 4
7 2
7 6
7 11
6 #edges
0 9
0 7
11 4
4 2
7 6
7 11
6 #edges
0 2
0 4
0 7
7 9
7 6
7 11
6 #edges
0 2
0 4
0 7
11 9
7 6
7 11
6 #edges
0 2
0 7
11 4
7 9
7 6
7 11
6 #edges
0 4
0 7
11 9
4 2
7 6
7 11
6 #edges
0 4
0 7
4 2
7 9
7 6
7 11
6 #edges
0 4
0 7
11 2
7 9
7 6
7 11
6 #edges
0 4
0 7
7 9
7 2
7 6
7 11
6 #edges
0 4
0 7
11 9
11 2
7 6
7 11
6 #edges
0 4
0 7
11 9
7 2
7 6
7 11
6 #edges
0 7
11 4
7 9
7 2
7 6
7 11
6 #edges
0 7
11 4
4 2
7 9
7 6
7 11
16 #trees for patient 40
6 #edges
2 6
0 9
0 2
0 7
11 4
7 11
6 #edges
2 6
0 9
0 2
0 7
4 11
7 4
6 #edges
2 4
0 9
0 2
0 7
7 6
7 11
6 #edges
0 9
0 2
0 7
11 4
7 6
7 11
6 #edges
2 11
0 9
0 2
0 7
11 4
7 6
6 #edges
2 11
0 9
0 2
0 7
7 6
7 4
6 #edges
0 9
0 2
0 7
4 11
7 6
7 4
6 #edges
2 4
0 9
0 2
0 7
4 11
7 6
6 #edges
2 11
0 9
0 2
0 7
11 4
4 6
6 #edges
2 11
0 9
0 2
0 7
11 6
7 4
6 #edges
2 11
0 9
0 2
0 7
4 6
7 4
6 #edges
2 4
0 9
0 2
0 7
11 6
4 11
6 #edges
2 4
0 9
0 2
0 7
4 6
7 11
6 #edges
2 4
0 9
0 2
0 7
11 6
7 11
6 #edges
0 9
0 2
0 7
11 4
4 6
7 11
6 #edges
0 9
0 2
0 7
11 6
4 11
7 4
16 #trees for patient 41
6 #edges
0 9
0 2
0 7
7 6
7 11
7 4
6 #edges
0 9
0 2
0 7
11 4
7 6
7 11
6 #edges
6 4
0 9
0 2
0 7
7 6
7 11
6 #edges
6 11
0 9
0 2
0 7
7 6
7 4
6 #edges
0 9
0 2
0 7
4 11
7 6
7 4
6 #edges
6 11
6 4
0 9
0 2
0 7
7 6
6 #edges
6 4
0 9
0 2
0 7
4 11
7 6
6 #edges
6 11
0 9
0 2
0 7
11 4
7 6
6 #edges
2 9
0 2
0 7
4 11
7 6
7 4
6 #edges
2 9
0 2
0 7
7 6
7 11
7 4
6 #edges
2 9
6 11
0 2
0 7
7 6
7 4
6 #edges
2 9
0 2
0 7
11 4
7 6
7 11
6 #edges
2 9
6 4
0 2
0 7
7 6
7 11
6 #edges
2 9
6 11
6 4
0 2
0 7
7 6
6 #edges
2 9
6 4
0 2
0 7
4 11
7 6
6 #edges
2 9
6 11
0 2
0 7
11 4
7 6
18 #trees for patient 42
6 #edges
0 9
0 2
0 6
0 4
0 7
4 11
6 #edges
0 9
0 2
0 6
0 4
0 7
7 11
6 #edges
0 9
0 2
0 6
0 7
11 4
7 11
6 #edges
0 9
0 2
0 6
0 7
4 11
7 4
6 #edges
0 9
0 2
0 6
0 11
0 7
7 4
6 #edges
0 9
0 2
0 6
0 11
0 7
11 4
6 #edges
0 9
0 2
0 4
0 7
7 6
7 11
6 #edges
0 9
0 2
0 4
0 7
4 11
7 6
6 #edges
2 6
0 9
0 2
0 4
0 7
7 11
6 #edges
2 6
0 9
0 2
0 4
0 7
4 11
6 #edges
0 9
0 2
0 11
0 7
11 4
7 6
6 #edges
2 6
0 9
0 2
0 11
0 7
11 4
6 #edges
0 9
0 2
0 11
0 7
7 6
7 4
6 #edges
2 6
0 9
0 2
0 11
0 7
7 4
6 #edges
0 9
0 2
0 7
11 4
7 6
7 11
6 #edges
0 9
0 2
0 7
4 11
7 6
7 4
6 #edges
2 6
0 9
0 2
0 7
11 4
7 11
6 #edges
2 6
0 9
0 2
0 7
4 11
7 4
7 #trees for patient 43
6 #edges
0 9
0 2
0 7
11 4
7 6
7 11
6 #edges
9 4
0 9
0 2
0 7
7 6
7 11
6 #edges
9 11
0 9
0 2
0 7
7 6
7 4
6 #edges
9 11
9 4
0 9
0 2
0 7
7 6
6 #edges
9 11
0 9
0 2
0 7
11 4
7 6
6 #edges
0 9
0 2
0 7
4 11
7 6
7 4
6 #edges
9 4
0 9
0 2
0 7
4 11
7 6
8 #trees for patient 44
6 #edges
9 2
0 9
0 4
0 7
7 6
7 11
6 #edges
0 9
0 2
0 4
0 7
7 6
7 11
6 #edges
0 9
0 2
0 7
11 4
7 6
7 11
6 #edges
9 4
0 9
0 2
0 7
7 6
7 11
6 #edges
2 4
0 9
0 2
0 7
7 6
7 11
6 #edges
9 2
9 4
0 9
0 7
7 6
7 11
6 #edges
9 2
0 9
0 7
11 4
7 6
7 11
6 #edges
9 2
2 4
0 9
0 7
7 6
7 11
6 #trees for patient 45
6 #edges
0 9
0 2
0 7
7 6
7 11
7 4
6 #edges
0 9
0 2
0 7
11 4
7 6
7 11
6 #edges
0 2
0 7
11 4
7 9
7 6
7 11
6 #edges
0 2
0 7
11 9
7 6
7 11
7 4
6 #edges
0 2
0 7
4 9
7 6
7 11
7 4
6 #edges
0 2
0 7
11 4
4 9
7 6
7 11
4 #trees for patient 46
6 #edges
0 9
0 2
0 7
11 4
7 6
7 11
6 #edges
0 9
0 2
0 7
4 11
7 6
7 4
6 #edges
2 9
0 2
0 7
11 4
7 6
7 11
6 #edges
2 9
0 2
0 7
4 11
7 6
7 4
6 #trees for patient 47
6 #edges
9 4
0 9
0 2
0 7
7 6
7 11
6 #edges
9 4
0 9
0 2
0 7
4 11
7 6
6 #edges
0 9
0 2
0 7
11 4
7 6
7 11
6 #edges
9 11
0 9
0 2
0 7
11 4
7 6
6 #edges
9 11
0 9
0 2
0 7
7 6
7 4
6 #edges
0 9
0 2
0 7
4 11
7 6
7 4
8 #trees for patient 48
6 #edges
0 9
0 2
0 7
7 6
7 11
7 4
6 #edges
0 9
0 2
0 7
11 4
7 6
7 11
6 #edges
6 9
0 2
0 7
7 6
7 11
7 4
6 #edges
6 9
0 2
0 7
11 4
7 6
7 11
6 #edges
0 9
0 7
11 2
7 6
7 11
7 4
6 #edges
0 9
0 7
11 2
11 4
7 6
7 11
6 #edges
6 9
0 7
11 2
7 6
7 11
7 4
6 #edges
6 9
0 7
11 2
11 4
7 6
7 11
6 #trees for patient 49
6 #edges
0 9
0 2
0 7
4 11
7 6
7 4
6 #edges
0 9
0 2
0 7
11 4
7 6
7 11
6 #edges
0 2
0 7
11 9
4 11
7 6
7 4
6 #edges
6 9
0 2
0 7
4 11
7 6
7 4
6 #edges
6 9
0 2
0 7
11 4
7 6
7 11
6 #edges
0 2
0 7
11 4
4 9
7 6
7 11
2 #trees for patient 50
6 #edges
2 6
0 9
0 2
0 7
11 4
7 11
6 #edges
0 9
0 2
0 7
11 4
7 6
7 11
4 #trees for patient 51
6 #edges
2 6
0 9
0 2
0 7
4 11
7 4
6 #edges
2 6
0 9
0 2
0 7
11 4
7 11
6 #edges
0 9
0 2
0 7
4 11
7 6
7 4
6 #edges
0 9
0 2
0 7
11 4
7 6
7 11
4 #trees for patient 52
6 #edges
2 6
0 9
0 2
0 7
11 4
7 11
6 #edges
2 6
0 9
0 2
0 7
4 11
7 4
6 #edges
0 9
0 2
0 7
4 11
7 6
7 4
6 #edges
0 9
0 2
0 7
11 4
7 6
7 11
12 #trees for patient 53
6 #edges
9 11
0 9
0 2
0 7
7 6
7 4
6 #edges
9 11
2 6
0 9
0 2
0 7
7 4
6 #edges
2 6
0 9
0 2
0 7
4 11
7 4
6 #edges
0 9
0 2
0 7
4 11
7 6
7 4
6 #edges
9 4
0 9
0 2
0 7
4 11
7 6
6 #edges
9 4
0 9
0 2
0 7
7 6
7 11
6 #edges
9 4
2 6
0 9
0 2
0 7
4 11
6 #edges
9 4
2 6
0 9
0 2
0 7
7 11
6 #edges
0 9
0 2
0 7
11 4
7 6
7 11
6 #edges
9 11
0 9
0 2
0 7
11 4
7 6
6 #edges
2 6
0 9
0 2
0 7
11 4
7 11
6 #edges
9 11
2 6
0 9
0 2
0 7
11 4
4 #trees for patient 54
6 #edges
0 9
0 2
0 7
4 11
7 6
7 4
6 #edges
0 9
0 2
0 7
11 4
7 6
7 11
6 #edges
6 2
0 9
0 7
4 11
7 6
7 4
6 #edges
6 2
0 9
0 7
11 4
7 6
7 11
4 #trees for patient 55
6 #edges
0 9
0 2
0 7
4 11
7 6
7 4
6 #edges
0 9
0 2
0 7
11 4
7 6
7 11
6 #edges
0 9
0 2
0 7
11 4
4 6
7 11
6 #edges
0 9
0 2
0 7
11 6
4 11
7 4
8 #trees for patient 56
6 #edges
9 4
0 9
0 2
0 7
7 6
7 11
6 #edges
0 9
0 2
0 7
11 4
7 6
7 11
6 #edges
9 4
0 2
0 7
11 9
7 6
7 11
6 #edges
0 2
0 4
0 7
11 9
7 6
7 11
6 #edges
0 4
0 7
11 9
11 2
7 6
7 11
6 #edges
9 4
0 9
0 7
11 2
7 6
7 11
6 #edges
0 9
0 7
11 2
11 4
7 6
7 11
6 #edges
9 4
0 7
11 9
11 2
7 6
7 11
12 #trees for patient 57
6 #edges
2 6
0 9
0 2
0 7
7 11
7 4
6 #edges
2 6
0 9
0 2
0 7
4 11
7 4
6 #edges
2 6
0 9
0 2
0 7
11 4
7 11
6 #edges
0 9
0 2
0 7
7 6
7 11
7 4
6 #edges
0 9
0 2
0 7
4 11
7 6
7 4
6 #edges
0 9
0 2
0 7
11 4
7 6
7 11
6 #edges
2 6
0 2
0 7
7 9
7 11
7 4
6 #edges
2 6
0 2
0 7
4 11
7 9
7 4
6 #edges
2 6
0 2
0 7
11 4
7 9
7 11
6 #edges
0 2
0 7
7 9
7 6
7 11
7 4
6 #edges
0 2
0 7
4 11
7 9
7 6
7 4
6 #edges
0 2
0 7
11 4
7 9
7 6
7 11
8 #trees for patient 58
6 #edges
0 2
0 6
0 7
11 9
11 4
7 11
6 #edges
2 6
0 9
0 2
0 7
11 4
7 11
6 #edges
9 6
0 9
0 2
0 7
11 4
7 11
6 #edges
0 9
0 2
0 7
11 4
7 6
7 11
6 #edges
0 9
0 2
0 7
11 6
11 4
7 11
6 #edges
2 6
0 2
0 7
11 9
11 4
7 11
6 #edges
0 2
0 7
11 9
11 4
7 6
7 11
6 #edges
9 6
0 2
0 7
11 9
11 4
7 11
14 #trees for patient 59
6 #edges
0 2
0 6
0 7
11 9
4 11
7 4
6 #edges
0 2
0 6
0 7
11 4
4 9
7 11
6 #edges
0 9
0 2
0 7
11 4
7 6
7 11
6 #edges
0 9
0 2
0 7
4 11
7 6
7 4
6 #edges
9 6
0 9
0 2
0 7
11 4
7 11
6 #edges
9 6
0 9
0 2
0 7
4 11
7 4
6 #edges
0 9
0 2
0 7
11 6
4 11
7 4
6 #edges
0 9
0 2
0 7
11 4
4 6
7 11
6 #edges
0 2
0 7
11 9
4 11
7 6
7 4
6 #edges
0 2
0 7
11 4
4 9
7 6
7 11
6 #edges
0 2
0 7
11 9
11 6
4 11
7 4
6 #edges
9 6
0 2
0 7
11 9
4 11
7 4
6 #edges
9 6
0 2
0 7
11 4
4 9
7 11
6 #edges
0 2
0 7
11 4
4 9
4 6
7 11
6 #trees for patient 60
6 #edges
0 9
0 2
0 7
11 4
7 6
7 11
6 #edges
2 4
0 9
0 2
0 7
7 6
7 11
6 #edges
2 4
6 9
0 2
0 7
7 6
7 11
6 #edges
2 4
0 2
0 7
11 9
7 6
7 11
6 #edges
0 2
0 7
11 9
11 4
7 6
7 11
6 #edges
6 9
0 2
0 7
11 4
7 6
7 11
8 #trees for patient 61
6 #edges
0 9
0 2
0 7
4 11
7 6
7 4
6 #edges
0 9
0 2
0 7
11 4
7 6
7 11
6 #edges
0 9
0 2
0 7
11 4
4 6
7 11
6 #edges
0 9
0 2
0 7
11 6
4 11
7 4
6 #edges
2 9
0 2
0 7
11 4
7 6
7 11
6 #edges
2 9
0 2
0 7
4 11
7 6
7 4
6 #edges
2 9
0 2
0 7
11 6
4 11
7 4
6 #edges
2 9
0 2
0 7
11 4
4 6
7 11
36 #trees for patient 62
6 #edges
0 9
0 2
0 7
4 11
7 6
7 4
6 #edges
0 2
0 7
11 9
4 11
7 6
7 4
6 #edges
9 6
0 9
0 2
0 7
4 11
7 4
6 #edges
0 9
0 2
0 7
11 6
4 11
7 4
6 #edges
9 6
0 2
0 7
11 9
4 11
7 4
6 #edges
0 2
0 6
0 7
11 9
4 11
7 4
6 #edges
0 9
0 2
0 7
11 4
7 6
7 11
6 #edges
0 2
0 7
11 4
4 9
7 6
7 11
6 #edges
0 2
0 6
0 7
11 4
4 9
7 11
6 #edges
9 6
0 9
0 2
0 7
11 4
7 11
6 #edges
0 9
0 2
0 7
11 4
4 6
7 11
6 #edges
9 6
0 2
0 7
11 4
4 9
7 11
6 #edges
0 6
0 7
11 4
4 9
4 2
7 11
6 #edges
9 2
0 6
0 7
11 4
4 9
7 11
6 #edges
0 6
0 7
11 9
11 2
4 11
7 4
6 #edges
9 2
0 6
0 7
11 9
4 11
7 4
6 #edges
9 2
9 6
0 9
0 7
11 4
7 11
6 #edges
9 2
9 6
0 9
0 7
4 11
7 4
6 #edges
9 2
0 9
0 7
11 4
4 6
7 11
6 #edges
9 2
0 9
0 7
11 4
7 6
7 11
6 #edges
9 2
0 9
0 7
11 6
4 11
7 4
6 #edges
9 2
0 9
0 7
4 11
7 6
7 4
6 #edges
9 6
0 9
0 7
11 4
4 2
7 11
6 #edges
9 6
0 9
0 7
11 2
4 11
7 4
6 #edges
0 9
0 7
11 2
4 11
7 6
7 4
6 #edges
0 9
0 7
11 2
11 6
4 11
7 4
6 #edges
0 9
0 7
11 4
4 2
7 6
7 11
6 #edges
0 9
0 7
11 4
4 2
4 6
7 11
6 #edges
0 7
11 4
4 9
4 2
7 6
7 11
6 #edges
9 2
0 7
11 4
4 9
7 6
7 11
6 #edges
9 2
0 7
11 9
4 11
7 6
7 4
6 #edges
0 7
11 9
11 2
4 11
7 6
7 4
6 #edges
9 6
0 7
11 9
11 2
4 11
7 4
6 #edges
9 2
9 6
0 7
11 9
4 11
7 4
6 #edges
9 6
0 7
11 4
4 9
4 2
7 11
6 #edges
9 2
9 6
0 7
11 4
4 9
7 11
6 #trees for patient 63
6 #edges
0 9
0 2
0 7
11 4
7 6
7 11
6 #edges
6 4
0 9
0 2
0 7
7 6
7 11
6 #edges
9 2
0 9
0 7
11 4
7 6
7 11
6 #edges
9 2
6 4
0 9
0 7
7 6
7 11
6 #edges
0 9
0 7
11 2
11 4
7 6
7 11
6 #edges
6 4
0 9
0 7
11 2
7 6
7 11
6 #trees for patient 64
6 #edges
0 9
0 2
0 7
4 11
7 6
7 4
6 #edges
6 11
0 9
0 2
0 7
7 6
7 4
6 #edges
0 9
0 2
0 7
11 4
7 6
7 11
6 #edges
6 4
0 9
0 2
0 7
7 6
7 11
6 #edges
6 11
0 9
0 2
0 7
11 4
7 6
6 #edges
6 4
0 9
0 2
0 7
4 11
7 6
12 #trees for patient 65
6 #edges
0 9
0 2
0 7
4 11
7 6
7 4
6 #edges
0 9
0 2
0 7
11 4
7 6
7 11
6 #edges
6 2
0 9
0 7
11 4
7 6
7 11
6 #edges
6 2
0 9
0 7
4 11
7 6
7 4
6 #edges
2 9
0 2
0 7
11 4
7 6
7 11
6 #edges
2 9
0 2
0 7
4 11
7 6
7 4
6 #edges
6 9
0 2
0 7
11 4
7 6
7 11
6 #edges
6 9
0 2
0 7
4 11
7 6
7 4
6 #edges
6 9
6 2
0 7
11 4
7 6
7 11
6 #edges
2 9
6 2
0 7
11 4
7 6
7 11
6 #edges
2 9
6 2
0 7
4 11
7 6
7 4
6 #edges
6 9
6 2
0 7
4 11
7 6
7 4
2 #trees for patient 66
6 #edges
0 9
0 2
0 7
4 11
7 6
7 4
6 #edges
0 9
0 2
0 7
11 4
7 6
7 11
2 #trees for patient 67
6 #edges
2 6
0 9
0 2
0 7
11 4
7 11
6 #edges
0 9
0 2
0 7
11 4
7 6
7 11
4 #trees for patient 68
6 #edges
0 9
0 2
0 7
4 11
7 6
7 4
6 #edges
0 9
0 2
0 7
11 4
7 6
7 11
6 #edges
6 9
0 2
0 7
4 11
7 6
7 4
6 #edges
6 9
0 2
0 7
11 4
7 6
7 11
48 #trees for patient 69
6 #edges
2 6
2 11
0 9
0 2
0 7
7 4
6 #edges
2 6
2 11
2 4
0 9
0 2
0 7
6 #edges
2 6
2 11
0 9
0 2
0 7
11 4
6 #edges
2 6
0 9
0 2
0 7
4 11
7 4
6 #edges
2 6
2 4
0 9
0 2
0 7
4 11
6 #edges
2 6
2 4
0 9
0 2
0 7
7 11
6 #edges
2 6
0 9
0 2
0 7
11 4
7 11
6 #edges
2 11
0 9
0 2
0 7
7 6
7 4
6 #edges
0 9
0 2
0 7
4 11
7 6
7 4
6 #edges
2 11
2 4
0 9
0 2
0 7
7 6
6 #edges
2 4
0 9
0 2
0 7
4 11
7 6
6 #edges
2 4
0 9
0 2
0 7
7 6
7 11
6 #edges
2 11
0 9
0 2
0 7
11 4
7 6
6 #edges
0 9
0 2
0 7
11 4
7 6
7 11
6 #edges
2 11
0 9
0 2
0 7
4 6
7 4
6 #edges
2 11
0 9
0 2
0 7
11 6
7 4
6 #edges
0 9
0 2
0 7
11 6
4 11
7 4
6 #edges
2 4
0 9
0 2
0 7
11 6
7 11
6 #edges
0 9
0 2
0 7
11 4
4 6
7 11
6 #edges
2 4
0 9
0 2
0 7
4 6
7 11
6 #edges
2 11
2 4
0 9
0 2
0 7
11 6
6 #edges
2 11
2 4
0 9
0 2
0 7
4 6
6 #edges
2 11
0 9
0 2
0 7
11 4
4 6
6 #edges
2 4
0 9
0 2
0 7
11 6
4 11
6 #edges
2 11
2 4
0 2
0 7
11 6
7 9
6 #edges
2 11
0 2
0 7
11 6
7 9
7 4
6 #edges
2 6
2 11
2 4
0 2
0 7
7 9
6 #edges
2 6
2 11
0 2
0 7
7 9
7 4
6 #edges
2 6
2 11
0 2
0 7
11 4
7 9
6 #edges
2 11
2 4
0 2
0 7
4 6
7 9
6 #edges
2 11
2 4
0 2
0 7
7 9
7 6
6 #edges
2 11
0 2
0 7
11 4
4 6
7 9
6 #edges
2 11
0 2
0 7
11 4
7 9
7 6
6 #edges
2 11
0 2
0 7
7 9
7 6
7 4
6 #edges
2 11
0 2
0 7
4 6
7 9
7 4
6 #edges
2 6
2 4
0 2
0 7
7 9
7 11
6 #edges
2 6
2 4
0 2
0 7
4 11
7 9
6 #edges
2 4
0 2
0 7
4 6
7 9
7 11
6 #edges
2 4
0 2
0 7
7 9
7 6
7 11
6 #edges
2 4
0 2
0 7
11 6
7 9
7 11
6 #edges
2 4
0 2
0 7
4 11
7 9
7 6
6 #edges
2 4
0 2
0 7
11 6
4 11
7 9
6 #edges
0 2
0 7
11 4
7 9
7 6
7 11
6 #edges
0 2
0 7
4 11
7 9
7 6
7 4
6 #edges
0 2
0 7
11 4
4 6
7 9
7 11
6 #edges
2 6
0 2
0 7
11 4
7 9
7 11
6 #edges
2 6
0 2
0 7
4 11
7 9
7 4
6 #edges
0 2
0 7
11 6
4 11
7 9
7 4
6 #trees for patient 70
6 #edges
0 9
0 2
0 6
0 7
4 11
7 4
6 #edges
0 9
0 2
0 6
0 7
11 4
7 11
6 #edges
2 6
0 9
0 2
0 7
11 4
7 11
6 #edges
2 6
0 9
0 2
0 7
4 11
7 4
6 #edges
0 9
0 2
0 7
4 11
7 6
7 4
6 #edges
0 9
0 2
0 7
11 4
7 6
7 11
6 #trees for patient 71
6 #edges
0 9
0 2
0 7
11 4
7 6
7 11
6 #edges
0 9
0 2
0 7
11 4
4 6
7 11
6 #edges
2 6
0 9
0 2
0 7
11 4
7 11
6 #edges
2 6
0 2
0 7
11 4
7 9
7 11
6 #edges
0 2
0 7
11 4
7 9
7 6
7 11
6 #edges
0 2
0 7
11 4
4 6
7 9
7 11
4 #trees for patient 72
6 #edges
0 9
0 2
0 7
11 4
7 6
7 11
6 #edges
0 9
0 2
0 7
4 11
7 6
7 4
6 #edges
2 9
0 2
0 7
11 4
7 6
7 11
6 #edges
2 9
0 2
0 7
4 11
7 6
7 4
4 #trees for patient 73
6 #edges
0 9
0 2
0 7
4 11
7 6
7 4
6 #edges
0 9
0 2
0 7
11 4
7 6
7 11
6 #edges
6 2
0 9
0 7
4 11
7 6
7 4
6 #edges
6 2
0 9
0 7
11 4
7 6
7 11
21 #trees for patient 74
6 #edges
0 9
0 2
0 7
7 6
7 11
7 4
6 #edges
0 9
0 2
0 7
11 4
7 6
7 11
6 #edges
9 6
0 9
0 2
0 7
7 11
7 4
6 #edges
9 6
0 9
0 2
0 7
11 4
7 11
6 #edges
0 9
0 2
0 7
11 6
7 11
7 4
6 #edges
0 9
0 2
0 7
11 6
11 4
7 11
6 #edges
0 9
0 7
7 2
7 6
7 11
7 4
6 #edges
9 6
0 9
0 7
7 2
7 11
7 4
6 #edges
0 9
0 7
11 6
7 2
7 11
7 4
6 #edges
0 9
0 7
11 6
11 4
7 2
7 11
6 #edges
0 9
0 7
11 4
7 2
7 6
7 11
6 #edges
9 6
0 9
0 7
11 4
7 2
7 11
6 #edges
0 9
0 7
4 2
7 6
7 11
7 4
6 #edges
9 6
0 9
0 7
4 2
7 11
7 4
6 #edges
0 9
0 7
11 6
4 2
7 11
7 4
6 #edges
0 9
0 7
11 2
7 6
7 11
7 4
6 #edges
9 6
0 9
0 7
11 2
7 11
7 4
6 #edges
0 9
0 7
11 2
11 6
7 11
7 4
6 #edges
0 9
0 7
11 4
4 2
7 6
7 11
6 #edges
9 6
0 9
0 7
11 4
4 2
7 11
6 #edges
0 9
0 7
11 6
11 4
4 2
7 11
4 #trees for patient 75
6 #edges
0 9
0 2
0 7
4 11
7 6
7 4
6 #edges
0 9
0 2
0 7
11 4
7 6
7 11
6 #edges
6 2
0 9
0 7
4 11
7 6
7 4
6 #edges
6 2
0 9
0 7
11 4
7 6
7 11
5 #trees for patient 76
6 #edges
2 4
0 9
0 2
0 7
7 6
7 11
6 #edges
2 11
2 4
0 9
0 2
0 7
7 6
6 #edges
2 11
0 9
0 2
0 7
11 4
7 6
6 #edges
2 11
0 9
0 2
0 7
7 6
7 4
6 #edges
0 9
0 2
0 7
11 4
7 6
7 11
2 #trees for patient 77
6 #edges
0 9
0 2
0 7
11 4
7 6
7 11
6 #edges
0 9
0 2
0 7
4 11
7 6
7 4
4 #trees for patient 78
6 #edges
9 6
0 9
0 2
0 7
4 11
7 4
6 #edges
9 6
0 9
0 2
0 7
11 4
7 11
6 #edges
0 9
0 2
0 7
4 11
7 6
7 4
6 #edges
0 9
0 2
0 7
11 4
7 6
7 11
2 #trees for patient 79
6 #edges
0 9
0 2
0 7
11 4
7 6
7 11
6 #edges
0 9
0 2
0 7
4 11
7 6
7 4
8 #trees for patient 80
6 #edges
6 2
0 9
0 7
11 4
7 6
7 11
6 #edges
0 9
0 2
0 7
11 4
7 6
7 11
6 #edges
0 2
0 7
11 4
7 9
7 6
7 11
6 #edges
0 2
0 7
11 4
4 9
7 6
7 11
6 #edges
6 9
0 2
0 7
11 4
7 6
7 11
6 #edges
6 9
6 2
0 7
11 4
7 6
7 11
6 #edges
6 2
0 7
11 4
7 9
7 6
7 11
6 #edges
6 2
0 7
11 4
4 9
7 6
7 11
1 #trees for patient 81
6 #edges
0 9
0 2
0 7
11 4
7 6
7 11
8 #trees for patient 82
6 #edges
0 9
0 2
0 7
11 4
7 6
7 11
6 #edges
0 9
0 2
0 7
4 11
7 6
7 4
6 #edges
6 9
0 2
0 7
11 4
7 6
7 11
6 #edges
6 9
0 2
0 7
4 11
7 6
7 4
6 #edges
0 9
0 7
4 11
7 2
7 6
7 4
6 #edges
0 9
0 7
11 4
7 2
7 6
7 11
6 #edges
6 9
0 7
11 4
7 2
7 6
7 11
6 #edges
6 9
0 7
4 11
7 2
7 6
7 4
6 #trees for patient 83
6 #edges
0 9
0 2
0 7
11 4
7 6
7 11
6 #edges
0 9
0 7
11 4
7 2
7 6
7 11
6 #edges
6 2
0 9
0 7
11 4
7 6
7 11
6 #edges
0 2
0 7
11 4
4 9
7 6
7 11
6 #edges
0 7
11 4
4 9
7 2
7 6
7 11
6 #edges
6 2
0 7
11 4
4 9
7 6
7 11
20 #trees for patient 84
6 #edges
0 9
0 2
0 7
11 4
7 6
7 11
6 #edges
0 2
0 6
0 7
11 4
4 9
7 11
6 #edges
0 2
0 7
11 4
4 9
7 6
7 11
6 #edges
6 2
0 6
0 7
11 4
4 9
7 11
6 #edges
0 6
0 7
11 4
4 9
7 2
7 11
6 #edges
9 2
0 6
0 7
11 4
4 9
7 11
6 #edges
9 2
0 9
0 7
11 4
7 6
7 11
6 #edges
6 2
0 9
0 7
11 4
7 6
7 11
6 #edges
0 9
0 7
11 4
4 2
7 6
7 11
6 #edges
9 2
0 4
0 7
4 9
7 6
7 11
6 #edges
0 4
0 7
11 2
4 9
7 6
7 11
6 #edges
6 2
0 4
0 7
4 9
7 6
7 11
6 #edges
9 2
0 4
0 7
11 6
4 9
7 11
6 #edges
6 2
0 4
0 7
11 6
4 9
7 11
6 #edges
0 4
0 7
11 6
4 9
7 2
7 11
6 #edges
0 4
0 7
11 9
4 2
7 6
7 11
6 #edges
9 2
0 4
0 7
11 9
7 6
7 11
6 #edges
6 2
0 4
0 7
11 9
7 6
7 11
6 #edges
6 2
0 7
11 4
4 9
7 6
7 11
6 #edges
9 2
0 7
11 4
4 9
7 6
7 11
8 #trees for patient 85
6 #edges
0 2
0 4
0 7
11 9
7 6
7 11
6 #edges
9 4
0 9
0 2
0 7
7 6
7 11
6 #edges
0 9
0 2
0 7
11 4
7 6
7 11
6 #edges
9 4
0 2
0 7
11 9
7 6
7 11
6 #edges
6 2
0 4
0 7
11 9
7 6
7 11
6 #edges
9 4
6 2
0 9
0 7
7 6
7 11
6 #edges
6 2
0 9
0 7
11 4
7 6
7 11
6 #edges
9 4
6 2
0 7
11 9
7 6
7 11
4 #trees for patient 86
6 #edges
0 9
0 2
0 7
4 11
7 6
7 4
6 #edges
0 9
0 2
0 7
11 4
7 6
7 11
6 #edges
9 6
0 9
0 2
0 7
11 4
7 11
6 #edges
9 6
0 9
0 2
0 7
4 11
7 4
4 #trees for patient 87
6 #edges
0 9
0 2
0 7
11 4
7 6
7 11
6 #edges
0 9
0 2
0 7
4 11
7 6
7 4
6 #edges
6 9
0 2
0 7
4 11
7 6
7 4
6 #edges
6 9
0 2
0 7
11 4
7 6
7 11
12 #trees for patient 88
6 #edges
0 9
0 2
0 7
4 11
7 6
7 4
6 #edges
0 9
0 7
11 2
4 11
7 6
7 4
6 #edges
0 9
0 7
11 4
4 2
7 6
7 11
6 #edges
0 9
0 2
0 7
11 4
7 6
7 11
6 #edges
0 2
0 7
11 4
7 9
7 6
7 11
6 #edges
0 2
0 7
4 11
7 9
7 6
7 4
6 #edges
0 2
0 7
11 9
4 11
7 6
7 4
6 #edges
0 2
0 7
11 4
4 9
7 6
7 11
6 #edges
0 7
11 4
4 2
7 9
7 6
7 11
6 #edges
0 7
11 4
4 9
4 2
7 6
7 11
6 #edges
0 7
11 2
4 11
7 9
7 6
7 4
6 #edges
0 7
11 9
11 2
4 11
7 6
7 4
2 #trees for patient 89
6 #edges
0 9
0 2
0 7
4 11
7 6
7 4
6 #edges
0 9
0 2
0 7
11 4
7 6
7 11
68 #trees for patient 90
6 #edges
6 9
0 2
0 4
0 7
4 11
7 6
6 #edges
6 9
6 2
0 4
0 7
4 11
7 6
6 #edges
9 11
6 9
6 2
0 4
0 7
7 6
6 #edges
6 9
6 2
0 4
0 7
7 6
7 11
6 #edges
6 9
6 2
6 11
0 4
0 7
7 6
6 #edges
6 9
0 2
0 4
0 7
7 6
7 11
6 #edges
6 9
6 11
0 2
0 4
0 7
7 6
6 #edges
9 11
6 9
0 2
0 4
0 7
7 6
6 #edges
6 9
0 2
0 11
0 7
11 4
7 6
6 #edges
6 9
6 2
0 11
0 7
11 4
7 6
6 #edges
6 9
0 2
0 11
0 7
7 6
7 4
6 #edges
9 4
6 9
0 2
0 11
0 7
7 6
6 #edges
6 9
6 4
0 2
0 11
0 7
7 6
6 #edges
6 9
6 2
0 11
0 7
7 6
7 4
6 #edges
6 9
6 2
6 4
0 11
0 7
7 6
6 #edges
9 4
6 9
6 2
0 11
0 7
7 6
6 #edges
9 11
0 9
0 2
0 7
11 4
7 6
6 #edges
9 11
6 4
0 9
0 2
0 7
7 6
6 #edges
9 11
0 9
0 2
0 7
7 6
7 4
6 #edges
9 4
0 9
0 2
0 7
4 11
7 6
6 #edges
9 4
0 9
0 2
0 7
7 6
7 11
6 #edges
9 4
6 11
0 9
0 2
0 7
7 6
6 #edges
6 4
0 9
0 2
0 7
7 6
7 11
6 #edges
0 9
0 2
0 7
11 4
7 6
7 11
6 #edges
0 9
0 2
0 7
4 11
7 6
7 4
6 #edges
6 11
0 9
0 2
0 7
7 6
7 4
6 #edges
6 4
0 9
0 2
0 7
4 11
7 6
6 #edges
6 11
6 4
0 9
0 2
0 7
7 6
6 #edges
6 11
0 9
0 2
0 7
11 4
7 6
6 #edges
6 2
0 9
0 7
11 4
7 6
7 11
6 #edges
9 4
6 2
0 9
0 7
7 6
7 11
6 #edges
6 2
6 4
0 9
0 7
7 6
7 11
6 #edges
9 4
6 2
0 9
0 7
4 11
7 6
6 #edges
9 4
6 2
6 11
0 9
0 7
7 6
6 #edges
6 2
0 9
0 7
4 11
7 6
7 4
6 #edges
6 2
6 11
0 9
0 7
7 6
7 4
6 #edges
9 11
6 2
0 9
0 7
7 6
7 4
6 #edges
9 11
6 2
6 4
0 9
0 7
7 6
6 #edges
9 11
6 2
0 9
0 7
11 4
7 6
6 #edges
6 2
6 11
6 4
0 9
0 7
7 6
6 #edges
6 2
6 11
0 9
0 7
11 4
7 6
6 #edges
6 2
6 4
0 9
0 7
4 11
7 6
6 #edges
9 11
6 9
0 2
0 7
7 6
7 4
6 #edges
6 9
0 2
0 7
4 11
7 6
7 4
6 #edges
6 9
6 11
0 2
0 7
7 6
7 4
6 #edges
6 9
6 4
0 2
0 7
7 6
7 11
6 #edges
9 4
6 9
0 2
0 7
7 6
7 11
6 #edges
6 9
0 2
0 7
11 4
7 6
7 11
6 #edges
6 9
6 4
0 2
0 7
4 11
7 6
6 #edges
6 9
6 11
6 4
0 2
0 7
7 6
6 #edges
9 11
6 9
6 4
0 2
0 7
7 6
6 #edges
9 4
6 9
6 11
0 2
0 7
7 6
6 #edges
9 4
6 9
0 2
0 7
4 11
7 6
6 #edges
6 9
6 11
0 2
0 7
11 4
7 6
6 #edges
9 11
6 9
0 2
0 7
11 4
7 6
6 #edges
6 9
6 2
0 7
4 11
7 6
7 4
6 #edges
9 11
6 9
6 2
0 7
7 6
7 4
6 #edges
6 9
6 2
6 11
0 7
7 6
7 4
6 #edges
6 9
6 2
6 4
0 7
7 6
7 11
6 #edges
6 9
6 2
0 7
11 4
7 6
7 11
6 #edges
9 4
6 9
6 2
0 7
7 6
7 11
6 #edges
9 4
6 9
6 2
6 11
0 7
7 6
6 #edges
6 9
6 2
6 11
0 7
11 4
7 6
6 #edges
6 9
6 2
6 11
6 4
0 7
7 6
6 #edges
9 11
6 9
6 2
6 4
0 7
7 6
6 #edges
6 9
6 2
6 4
0 7
4 11
7 6
6 #edges
9 11
6 9
6 2
0 7
11 4
7 6
6 #edges
9 4
6 9
6 2
0 7
4 11
7 6
3 #trees for patient 91
6 #edges
0 9
0 2
0 7
11 4
7 6
7 11
6 #edges
9 2
0 9
0 7
11 4
7 6
7 11
6 #edges
0 9
0 7
11 4
7 2
7 6
7 11
12 #trees for patient 92
6 #edges
0 9
0 2
0 7
4 11
7 6
7 4
6 #edges
0 9
0 2
0 7
11 4
7 6
7 11
6 #edges
0 9
0 7
4 11
7 2
7 6
7 4
6 #edges
0 9
0 7
11 4
7 2
7 6
7 11
6 #edges
0 2
0 7
11 4
7 9
7 6
7 11
6 #edges
0 2
0 7
4 11
7 9
7 6
7 4
6 #edges
2 9
0 2
0 7
4 11
7 6
7 4
6 #edges
2 9
0 2
0 7
11 4
7 6
7 11
6 #edges
0 7
4 11
7 9
7 2
7 6
7 4
6 #edges
2 9
0 7
4 11
7 2
7 6
7 4
6 #edges
0 7
11 4
7 9
7 2
7 6
7 11
6 #edges
2 9
0 7
11 4
7 2
7 6
7 11
14 #trees for patient 93
6 #edges
0 9
0 2
0 7
11 4
7 6
7 11
6 #edges
6 4
0 9
0 2
0 7
7 6
7 11
6 #edges
0 9
0 2
0 7
4 11
7 6
7 4
6 #edges
6 11
0 9
0 2
0 7
7 6
7 4
6 #edges
6 11
6 4
0 9
0 2
0 7
7 6
6 #edges
6 4
0 9
0 2
0 7
4 11
7 6
6 #edges
6 11
0 9
0 2
0 7
11 4
7 6
6 #edges
0 2
0 7
11 4
7 9
7 6
7 11
6 #edges
6 4
0 2
0 7
7 9
7 6
7 11
6 #edges
6 4
0 2
0 7
4 11
7 9
7 6
6 #edges
6 11
6 4
0 2
0 7
7 9
7 6
6 #edges
6 11
0 2
0 7
7 9
7 6
7 4
6 #edges
0 2
0 7
4 11
7 9
7 6
7 4
6 #edges
6 11
0 2
0 7
11 4
7 9
7 6
6 #trees for patient 94
6 #edges
0 9
0 2
0 7
11 4
7 6
7 11
6 #edges
0 9
0 2
0 7
4 11
7 6
7 4
6 #edges
6 2
0 9
0 7
11 4
7 6
7 11
6 #edges
0 9
0 7
11 4
4 2
7 6
7 11
6 #edges
0 9
0 7
11 2
4 11
7 6
7 4
6 #edges
6 2
0 9
0 7
4 11
7 6
7 4
4 #trees for patient 95
6 #edges
0 9
0 2
0 7
4 11
7 6
7 4
6 #edges
0 9
0 2
0 7
11 4
7 6
7 11
6 #edges
2 9
0 2
0 7
4 11
7 6
7 4
6 #edges
2 9
0 2
0 7
11 4
7 6
7 11
8 #trees for patient 96
6 #edges
6 11
0 9
0 2
0 7
7 6
7 4
6 #edges
0 9
0 2
0 7
4 11
7 6
7 4
6 #edges
6 4
0 9
0 2
0 7
4 11
7 6
6 #edges
6 4
0 9
0 2
0 7
7 6
7 11
6 #edges
6 11
0 9
0 2
0 7
11 4
7 6
6 #edges
0 9
0 2
0 7
11 4
7 6
7 11
6 #edges
6 11
0 2
0 7
11 4
7 9
7 6
6 #edges
6 4
0 2
0 7
4 11
7 9
7 6
4 #trees for patient 97
6 #edges
0 9
0 2
0 4
0 7
7 6
7 11
6 #edges
2 6
0 9
0 2
0 4
0 7
7 11
6 #edges
0 9
0 2
0 7
11 4
7 6
7 11
6 #edges
2 6
0 9
0 2
0 7
11 4
7 11
7 #trees for patient 98
6 #edges
9 11
9 4
0 9
0 2
0 7
7 6
6 #edges
9 11
0 9
0 2
0 7
11 4
7 6
6 #edges
9 11
0 9
0 2
0 7
7 6
7 4
6 #edges
9 4
0 9
0 2
0 7
4 11
7 6
6 #edges
9 4
0 9
0 2
0 7
7 6
7 11
6 #edges
0 9
0 2
0 7
11 4
7 6
7 11
6 #edges
0 9
0 2
0 7
4 11
7 6
7 4
5 #trees for patient 99
6 #edges
6 11
0 9
0 2
0 7
7 6
7 4
6 #edges
6 11
0 9
0 2
0 7
11 4
7 6
6 #edges
6 11
6 4
0 9
0 2
0 7
7 6
6 #edges
6 4
0 9
0 2
0 7
7 6
7 11
6 #edges
0 9
0 2
0 7
11 4
7 6
7 11
