50 # patients
8 #trees for patient 0
6 #edges
6 2
0 11
0 9
0 7
7 6
7 4
6 #edges
2 6
0 11
0 9
0 7
7 2
7 4
6 #edges
6 2
4 9
0 11
0 7
7 6
7 4
6 #edges
2 6
4 9
0 11
0 7
7 2
7 4
6 #edges
2 11
6 2
0 9
0 7
7 6
7 4
6 #edges
2 6
6 11
0 9
0 7
7 2
7 4
6 #edges
2 6
6 11
4 9
0 7
7 2
7 4
6 #edges
2 11
6 2
4 9
0 7
7 6
7 4
18 #trees for patient 1
6 #edges
11 4
6 2
0 9
0 7
7 11
7 6
6 #edges
11 4
2 6
0 9
0 7
7 11
7 2
6 #edges
9 4
2 6
0 9
0 7
7 11
7 2
6 #edges
9 4
6 2
0 9
0 7
7 11
7 6
6 #edges
2 6
6 4
0 9
0 7
7 11
7 2
6 #edges
2 4
6 2
0 9
0 7
7 11
7 6
6 #edges
9 11
2 6
0 9
0 7
7 2
7 4
6 #edges
2 6
6 11
0 9
0 7
7 2
7 4
6 #edges
9 11
2 6
6 4
0 9
0 7
7 2
6 #edges
11 4
2 6
6 11
0 9
0 7
7 2
6 #edges
9 4
2 6
6 11
0 9
0 7
7 2
6 #edges
11 4
9 11
2 6
0 9
0 7
7 2
6 #edges
9 11
6 2
0 9
0 7
7 6
7 4
6 #edges
2 11
6 2
0 9
0 7
7 6
7 4
6 #edges
11 4
9 11
6 2
0 9
0 7
7 6
6 #edges
9 11
2 4
6 2
0 9
0 7
7 6
6 #edges
11 4
2 11
6 2
0 9
0 7
7 6
6 #edges
9 4
2 11
6 2
0 9
0 7
7 6
2 #trees for patient 2
6 #edges
2 6
0 11
0 9
0 7
7 2
7 4
6 #edges
2 6
6 11
0 9
0 7
7 2
7 4
6 #trees for patient 3
6 #edges
9 6
6 11
0 9
0 7
7 2
7 4
6 #edges
9 6
2 11
0 9
0 7
7 2
7 4
6 #edges
9 11
2 6
0 9
0 7
7 2
7 4
6 #edges
2 6
6 11
0 9
0 7
7 2
7 4
6 #edges
11 6
9 11
0 9
0 7
7 2
7 4
6 #edges
11 6
2 11
0 9
0 7
7 2
7 4
33 #trees for patient 4
6 #edges
9 6
6 11
0 9
0 7
7 2
7 4
6 #edges
9 6
6 11
4 2
0 9
0 7
7 4
6 #edges
9 6
2 11
0 9
0 7
7 2
7 4
6 #edges
9 6
4 11
0 9
0 7
7 2
7 4
6 #edges
9 6
4 11
4 2
0 9
0 7
7 4
6 #edges
9 6
4 2
0 9
0 7
7 11
7 4
6 #edges
9 6
2 11
4 2
0 9
0 7
7 4
6 #edges
11 6
9 11
0 9
0 7
7 2
7 4
6 #edges
11 6
9 11
4 2
0 9
0 7
7 4
6 #edges
9 11
2 6
0 9
0 7
7 2
7 4
6 #edges
9 11
4 6
0 9
0 7
7 2
7 4
6 #edges
9 11
4 2
4 6
0 9
0 7
7 4
6 #edges
9 11
4 2
0 9
0 7
7 6
7 4
6 #edges
9 11
2 6
4 2
0 9
0 7
7 4
6 #edges
11 6
4 2
0 9
0 7
7 11
7 4
6 #edges
4 2
4 6
0 9
0 7
7 11
7 4
6 #edges
2 6
4 2
0 9
0 7
7 11
7 4
6 #edges
4 11
4 2
0 9
0 7
7 6
7 4
6 #edges
6 11
4 2
0 9
0 7
7 6
7 4
6 #edges
2 11
4 2
0 9
0 7
7 6
7 4
6 #edges
4 11
4 6
0 9
0 7
7 2
7 4
6 #edges
6 11
4 6
0 9
0 7
7 2
7 4
6 #edges
2 11
4 6
0 9
0 7
7 2
7 4
6 #edges
6 11
4 2
4 6
0 9
0 7
7 4
6 #edges
2 11
4 2
4 6
0 9
0 7
7 4
6 #edges
11 6
2 11
4 2
0 9
0 7
7 4
6 #edges
11 6
4 11
4 2
0 9
0 7
7 4
6 #edges
2 6
4 11
4 2
0 9
0 7
7 4
6 #edges
2 6
6 11
4 2
0 9
0 7
7 4
6 #edges
11 6
2 11
0 9
0 7
7 2
7 4
6 #edges
11 6
4 11
0 9
0 7
7 2
7 4
6 #edges
2 6
4 11
0 9
0 7
7 2
7 4
6 #edges
2 6
6 11
0 9
0 7
7 2
7 4
4 #trees for patient 5
6 #edges
2 6
4 11
0 9
0 7
7 2
7 4
6 #edges
2 6
6 11
0 9
0 7
7 2
7 4
6 #edges
6 2
4 11
0 9
0 7
7 6
7 4
6 #edges
2 11
6 2
0 9
0 7
7 6
7 4
12 #trees for patient 6
6 #edges
11 2
9 4
6 11
0 9
0 7
7 6
6 #edges
9 4
2 11
6 2
0 9
0 7
7 6
6 #edges
11 2
9 4
2 6
0 9
0 7
7 11
6 #edges
11 6
9 4
6 2
0 9
0 7
7 11
6 #edges
9 4
2 6
6 11
0 9
0 7
7 2
6 #edges
11 6
9 4
2 11
0 9
0 7
7 2
6 #edges
11 6
2 11
0 9
0 7
7 2
7 4
6 #edges
2 6
6 11
0 9
0 7
7 2
7 4
6 #edges
11 2
6 11
0 9
0 7
7 6
7 4
6 #edges
2 11
6 2
0 9
0 7
7 6
7 4
6 #edges
11 6
6 2
0 9
0 7
7 11
7 4
6 #edges
11 2
2 6
0 9
0 7
7 11
7 4
24 #trees for patient 7
6 #edges
6 11
4 2
0 9
0 7
7 6
7 4
6 #edges
11 2
6 11
0 9
0 7
7 6
7 4
6 #edges
6 2
4 11
0 9
0 7
7 6
7 4
6 #edges
2 11
6 2
0 9
0 7
7 6
7 4
6 #edges
2 11
4 2
0 9
0 7
7 6
7 4
6 #edges
11 2
4 11
0 9
0 7
7 6
7 4
6 #edges
2 11
4 6
0 9
0 7
7 2
7 4
6 #edges
11 6
2 11
0 9
0 7
7 2
7 4
6 #edges
11 6
4 11
0 9
0 7
7 2
7 4
6 #edges
2 6
4 11
0 9
0 7
7 2
7 4
6 #edges
6 11
4 6
0 9
0 7
7 2
7 4
6 #edges
2 6
6 11
0 9
0 7
7 2
7 4
6 #edges
11 2
6 11
4 6
0 9
0 7
7 4
6 #edges
2 11
6 2
4 6
0 9
0 7
7 4
6 #edges
6 2
4 6
0 9
0 7
7 11
7 4
6 #edges
11 2
4 6
0 9
0 7
7 11
7 4
6 #edges
2 6
6 11
4 2
0 9
0 7
7 4
6 #edges
2 6
4 2
0 9
0 7
7 11
7 4
6 #edges
11 6
2 11
4 2
0 9
0 7
7 4
6 #edges
11 6
4 2
0 9
0 7
7 11
7 4
6 #edges
11 2
2 6
4 11
0 9
0 7
7 4
6 #edges
11 6
6 2
4 11
0 9
0 7
7 4
6 #edges
11 2
2 6
0 9
0 7
7 11
7 4
6 #edges
11 6
6 2
0 9
0 7
7 11
7 4
4 #trees for patient 8
6 #edges
2 6
6 11
0 9
0 7
7 2
7 4
6 #edges
9 11
2 6
0 9
0 7
7 2
7 4
6 #edges
9 11
6 2
0 9
0 7
7 6
7 4
6 #edges
2 11
6 2
0 9
0 7
7 6
7 4
2 #trees for patient 9
6 #edges
2 6
6 11
0 9
0 7
7 2
7 4
6 #edges
11 6
2 11
0 9
0 7
7 2
7 4
6 #trees for patient 10
6 #edges
11 6
2 11
0 9
0 7
7 2
7 4
6 #edges
2 6
6 11
0 9
0 7
7 2
7 4
6 #edges
11 6
2 11
0 7
7 9
7 2
7 4
6 #edges
2 6
6 11
0 7
7 9
7 2
7 4
6 #edges
11 6
2 11
6 9
0 7
7 2
7 4
6 #edges
11 9
2 6
6 11
0 7
7 2
7 4
4 #trees for patient 11
6 #edges
2 11
6 2
0 9
0 7
7 6
7 4
6 #edges
9 11
6 2
0 9
0 7
7 6
7 4
6 #edges
9 11
2 6
0 9
0 7
7 2
7 4
6 #edges
2 6
6 11
0 9
0 7
7 2
7 4
14 #trees for patient 12
6 #edges
11 6
0 9
0 7
7 11
7 2
7 4
6 #edges
9 6
0 9
0 7
7 11
7 2
7 4
6 #edges
0 9
0 7
7 11
7 2
7 6
7 4
6 #edges
2 6
0 9
0 7
7 11
7 2
7 4
6 #edges
9 11
9 6
0 9
0 7
7 2
7 4
6 #edges
9 11
0 9
0 7
7 2
7 6
7 4
6 #edges
11 6
9 11
0 9
0 7
7 2
7 4
6 #edges
9 11
2 6
0 9
0 7
7 2
7 4
6 #edges
9 6
2 11
0 9
0 7
7 2
7 4
6 #edges
9 6
6 11
0 9
0 7
7 2
7 4
6 #edges
2 11
0 9
0 7
7 2
7 6
7 4
6 #edges
6 11
0 9
0 7
7 2
7 6
7 4
6 #edges
11 6
2 11
0 9
0 7
7 2
7 4
6 #edges
2 6
6 11
0 9
0 7
7 2
7 4
6 #trees for patient 13
6 #edges
2 6
6 11
0 9
0 7
7 2
7 4
6 #edges
2 11
6 2
0 9
0 7
7 6
7 4
6 #edges
2 11
6 2
0 7
7 9
7 6
7 4
6 #edges
2 11
2 9
6 2
0 7
7 6
7 4
6 #edges
2 6
6 11
0 7
7 9
7 2
7 4
6 #edges
2 6
6 11
6 9
0 7
7 2
7 4
4 #trees for patient 14
6 #edges
2 11
6 2
0 9
0 7
7 6
7 4
6 #edges
9 4
2 11
6 2
0 9
0 7
7 6
6 #edges
2 6
6 11
0 9
0 7
7 2
7 4
6 #edges
9 4
2 6
6 11
0 9
0 7
7 2
12 #trees for patient 15
6 #edges
11 2
6 11
0 9
0 7
7 6
7 4
6 #edges
2 11
6 2
0 9
0 7
7 6
7 4
6 #edges
11 6
2 11
0 9
0 7
7 2
7 4
6 #edges
2 6
6 11
0 9
0 7
7 2
7 4
6 #edges
11 2
2 6
0 9
0 7
7 11
7 4
6 #edges
11 6
6 2
0 9
0 7
7 11
7 4
6 #edges
11 9
2 11
6 2
0 7
7 6
7 4
6 #edges
11 2
2 9
6 11
0 7
7 6
7 4
6 #edges
11 2
2 6
6 9
0 7
7 11
7 4
6 #edges
11 6
2 9
6 2
0 7
7 11
7 4
6 #edges
11 6
2 11
6 9
0 7
7 2
7 4
6 #edges
11 9
2 6
6 11
0 7
7 2
7 4
4 #trees for patient 16
6 #edges
8 1
5 8
2 5
2 6
6 3
0 2
6 #edges
1 8
5 1
2 5
2 6
6 3
0 2
6 #edges
1 8
5 1
5 3
2 5
2 6
0 2
6 #edges
8 1
5 8
5 3
2 5
2 6
0 2
6 #trees for patient 17
6 #edges
5 1
5 3
2 5
2 6
3 8
0 2
6 #edges
1 8
5 1
5 3
2 5
2 6
0 2
6 #edges
8 1
5 8
5 3
2 5
2 6
0 2
6 #edges
5 8
5 3
2 5
2 6
3 1
0 2
6 #edges
1 8
5 3
2 5
2 6
3 1
0 2
6 #edges
8 1
5 3
2 5
2 6
3 8
0 2
1 #trees for patient 18
6 #edges
1 8
5 1
5 3
2 5
2 6
0 2
4 #trees for patient 19
6 #edges
8 3
1 8
5 1
2 5
2 6
0 2
6 #edges
1 8
5 1
5 3
2 5
2 6
0 2
6 #edges
1 8
1 6
5 1
5 3
2 5
0 2
6 #edges
8 3
1 8
1 6
5 1
2 5
0 2
2 #trees for patient 20
6 #edges
1 8
5 1
5 3
2 5
2 6
0 2
6 #edges
8 1
5 8
5 3
2 5
2 6
0 2
4 #trees for patient 21
6 #edges
8 1
5 8
2 5
2 6
2 3
0 2
6 #edges
1 8
5 1
2 5
2 6
2 3
0 2
6 #edges
8 1
5 8
5 3
2 5
2 6
0 2
6 #edges
1 8
5 1
5 3
2 5
2 6
0 2
3 #trees for patient 22
6 #edges
5 1
5 3
2 5
2 6
0 8
0 2
6 #edges
5 1
5 3
2 5
2 6
6 8
0 2
6 #edges
1 8
5 1
5 3
2 5
2 6
0 2
33 #trees for patient 23
6 #edges
5 8
5 3
2 5
2 6
6 1
0 2
6 #edges
5 3
2 5
2 6
6 1
3 8
0 2
6 #edges
1 8
5 3
2 5
2 6
6 1
0 2
6 #edges
8 1
5 8
5 3
2 5
2 6
0 2
6 #edges
5 8
5 3
2 5
2 6
3 1
0 2
6 #edges
1 8
5 1
5 3
2 5
2 6
0 2
6 #edges
5 1
5 3
2 5
2 6
6 8
0 2
6 #edges
5 1
5 3
2 5
2 6
3 8
0 2
6 #edges
8 1
5 3
2 5
2 6
6 8
0 2
6 #edges
5 3
2 5
2 6
6 8
3 1
0 2
6 #edges
1 8
5 3
2 5
2 6
3 1
0 2
6 #edges
5 3
2 5
2 6
3 8
3 1
0 2
6 #edges
8 1
5 3
2 5
2 6
3 8
0 2
6 #edges
5 8
5 3
2 1
2 5
3 6
0 2
6 #edges
5 8
5 3
2 5
3 1
3 6
0 2
6 #edges
8 1
5 8
5 3
2 5
3 6
0 2
6 #edges
5 8
5 3
2 5
6 1
3 6
0 2
6 #edges
5 3
2 1
2 5
6 8
3 6
0 2
6 #edges
5 3
2 1
2 5
3 8
3 6
0 2
6 #edges
1 8
5 3
2 1
2 5
3 6
0 2
6 #edges
8 1
5 3
2 8
2 5
3 6
0 2
6 #edges
5 3
2 8
2 5
6 1
3 6
0 2
6 #edges
5 3
2 8
2 5
3 1
3 6
0 2
6 #edges
5 1
5 3
2 8
2 5
3 6
0 2
6 #edges
1 8
5 3
2 5
3 1
3 6
0 2
6 #edges
5 3
2 5
6 8
3 1
3 6
0 2
6 #edges
1 8
5 1
5 3
2 5
3 6
0 2
6 #edges
5 1
5 3
2 5
6 8
3 6
0 2
6 #edges
5 1
5 3
2 5
3 8
3 6
0 2
6 #edges
5 3
2 5
6 1
3 8
3 6
0 2
6 #edges
1 8
5 3
2 5
6 1
3 6
0 2
6 #edges
8 1
5 3
2 5
6 8
3 6
0 2
6 #edges
8 1
5 3
2 5
3 8
3 6
0 2
6 #trees for patient 24
6 #edges
8 1
5 8
5 3
2 5
2 6
0 2
6 #edges
5 8
5 3
2 5
2 6
3 1
0 2
6 #edges
5 1
5 3
2 5
2 6
3 8
0 2
6 #edges
1 8
5 1
5 3
2 5
2 6
0 2
6 #edges
8 1
5 3
2 5
2 6
3 8
0 2
6 #edges
1 8
5 3
2 5
2 6
3 1
0 2
12 #trees for patient 25
6 #edges
4 6
4 7
4 10
0 9
0 4
7 3
6 #edges
4 7
4 10
0 9
0 4
7 3
10 6
6 #edges
6 10
4 6
4 7
0 9
0 4
7 3
6 #edges
6 10
4 6
4 3
4 7
0 9
0 4
6 #edges
4 6
4 3
4 7
4 10
0 9
0 4
6 #edges
4 3
4 7
4 10
0 9
0 4
10 6
6 #edges
4 6
4 3
4 7
4 10
0 4
7 9
6 #edges
6 10
4 6
4 3
4 7
0 4
7 9
6 #edges
4 6
4 7
4 10
0 4
7 9
7 3
6 #edges
6 10
4 6
4 7
0 4
7 9
7 3
6 #edges
4 7
4 10
0 4
7 9
7 3
10 6
6 #edges
4 3
4 7
4 10
0 4
7 9
10 6
22 #trees for patient 26
6 #edges
4 7
4 10
0 9
0 4
7 6
7 3
6 #edges
4 7
4 10
0 9
0 4
7 3
10 6
6 #edges
4 6
4 7
0 9
0 4
7 3
7 10
6 #edges
4 7
0 9
0 4
7 3
7 10
10 6
6 #edges
6 10
4 6
4 7
0 9
0 4
7 3
6 #edges
6 10
4 7
0 9
0 4
7 6
7 3
6 #edges
4 9
4 7
0 4
7 3
7 10
10 6
6 #edges
6 10
4 9
4 7
0 4
7 6
7 3
6 #edges
4 7
4 10
0 4
7 6
7 3
10 9
6 #edges
4 7
4 10
0 4
7 9
7 6
7 3
6 #edges
6 9
4 7
4 10
0 4
7 6
7 3
6 #edges
4 7
4 10
0 4
7 9
7 3
10 6
6 #edges
6 9
4 7
4 10
0 4
7 3
10 6
6 #edges
6 9
4 6
4 7
0 4
7 3
7 10
6 #edges
4 6
4 7
0 4
7 9
7 3
7 10
6 #edges
4 6
4 7
0 4
7 3
7 10
10 9
6 #edges
6 10
4 6
4 7
0 4
7 3
10 9
6 #edges
6 10
4 6
4 7
0 4
7 9
7 3
6 #edges
6 10
4 7
0 4
7 9
7 6
7 3
6 #edges
4 7
0 4
7 9
7 3
7 10
10 6
6 #edges
6 9
4 7
0 4
7 3
7 10
10 6
6 #edges
6 10
4 7
0 4
7 6
7 3
10 9
6 #trees for patient 27
6 #edges
6 10
4 6
4 7
0 9
0 4
0 3
6 #edges
4 6
4 7
0 9
0 4
0 3
7 10
6 #edges
9 3
4 6
4 7
0 9
0 4
7 10
6 #edges
9 3
6 10
4 6
4 7
0 9
0 4
6 #edges
6 10
4 6
4 7
0 9
0 4
7 3
6 #edges
4 6
4 7
0 9
0 4
7 3
7 10
2 #trees for patient 28
6 #edges
9 3
6 10
4 6
4 7
0 9
0 4
6 #edges
6 10
4 6
4 7
0 9
0 4
7 3
8 #trees for patient 29
6 #edges
4 7
4 10
0 9
0 4
7 3
10 6
6 #edges
6 10
4 6
4 7
0 9
0 4
7 3
6 #edges
4 3
4 10
3 7
0 9
0 4
10 6
6 #edges
6 10
4 6
4 3
3 7
0 9
0 4
6 #edges
6 10
4 6
4 7
3 9
0 4
7 3
6 #edges
6 10
4 6
4 3
3 7
0 4
7 9
6 #edges
4 3
4 10
3 7
0 4
7 9
10 6
6 #edges
4 7
4 10
3 9
0 4
7 3
10 6
213 #trees for patient 30
6 #edges
9 3
3 7
0 9
0 6
0 4
0 10
6 #edges
9 3
4 7
0 9
0 6
0 4
0 10
6 #edges
9 7
0 9
0 6
0 4
0 10
7 3
6 #edges
9 7
4 3
0 9
0 6
0 4
0 10
6 #edges
4 3
3 7
0 9
0 6
0 4
0 10
6 #edges
4 7
0 9
0 6
0 4
0 10
7 3
6 #edges
4 9
0 6
0 4
0 7
0 10
7 3
6 #edges
9 3
4 9
0 6
0 4
0 7
0 10
6 #edges
4 9
3 7
0 6
0 4
0 3
0 10
6 #edges
9 7
4 9
0 6
0 4
0 3
0 10
6 #edges
9 3
4 9
3 7
0 6
0 4
0 10
6 #edges
9 7
4 9
0 6
0 4
0 10
7 3
6 #edges
9 3
3 7
0 9
0 4
0 10
10 6
6 #edges
9 3
4 7
0 9
0 4
0 10
10 6
6 #edges
9 7
4 3
0 9
0 4
0 10
10 6
6 #edges
9 7
0 9
0 4
0 10
7 3
10 6
6 #edges
4 7
0 9
0 4
0 10
7 3
10 6
6 #edges
4 3
3 7
0 9
0 4
0 10
10 6
6 #edges
9 7
4 6
4 3
0 9
0 4
0 10
6 #edges
4 6
4 3
3 7
0 9
0 4
0 10
6 #edges
9 7
4 3
3 6
0 9
0 4
0 10
6 #edges
9 7
4 3
0 9
0 4
0 10
7 6
6 #edges
9 6
4 3
3 7
0 9
0 4
0 10
6 #edges
4 3
3 7
0 9
0 4
0 10
7 6
6 #edges
9 7
4 6
0 9
0 4
0 10
7 3
6 #edges
9 7
3 6
0 9
0 4
0 10
7 3
6 #edges
9 3
4 6
4 7
0 9
0 4
0 10
6 #edges
4 6
4 7
0 9
0 4
0 10
7 3
6 #edges
9 3
4 6
3 7
0 9
0 4
0 10
6 #edges
9 6
4 7
0 9
0 4
0 10
7 3
6 #edges
9 3
4 7
0 9
0 4
0 10
7 6
6 #edges
9 3
4 7
3 6
0 9
0 4
0 10
6 #edges
4 7
3 6
0 9
0 4
0 10
7 3
6 #edges
9 3
3 7
0 9
0 4
0 10
7 6
6 #edges
4 9
3 7
0 4
0 3
0 10
10 6
6 #edges
9 7
4 9
0 4
0 3
0 10
10 6
6 #edges
4 9
0 4
0 7
0 10
7 3
10 6
6 #edges
9 3
4 9
0 4
0 7
0 10
10 6
6 #edges
9 3
4 9
3 7
0 4
0 10
10 6
6 #edges
9 7
4 9
0 4
0 10
7 3
10 6
6 #edges
4 9
3 7
0 4
0 3
0 10
7 6
6 #edges
9 6
4 9
3 7
0 4
0 3
0 10
6 #edges
9 7
4 9
3 6
0 4
0 3
0 10
6 #edges
9 7
4 9
0 4
0 3
0 10
7 6
6 #edges
9 3
4 9
0 4
0 7
0 10
7 6
6 #edges
9 6
4 9
0 4
0 7
0 10
7 3
6 #edges
4 9
3 6
0 4
0 7
0 10
7 3
6 #edges
9 3
4 9
3 6
0 4
0 7
0 10
6 #edges
9 3
4 9
3 7
0 4
0 10
7 6
6 #edges
9 7
4 9
3 6
0 4
0 10
7 3
6 #edges
6 10
4 9
3 7
0 6
0 4
0 3
6 #edges
9 7
6 10
4 9
0 6
0 4
0 3
6 #edges
4 9
3 7
0 6
0 4
0 3
7 10
6 #edges
9 10
4 9
3 7
0 6
0 4
0 3
6 #edges
9 7
4 9
3 10
0 6
0 4
0 3
6 #edges
9 7
4 9
0 6
0 4
0 3
7 10
6 #edges
4 9
3 10
0 6
0 4
0 7
7 3
6 #edges
6 10
4 9
0 6
0 4
0 7
7 3
6 #edges
9 10
4 9
0 6
0 4
0 7
7 3
6 #edges
9 3
4 9
0 6
0 4
0 7
7 10
6 #edges
9 3
6 10
4 9
0 6
0 4
0 7
6 #edges
9 3
4 9
3 10
0 6
0 4
0 7
6 #edges
6 10
4 3
3 7
0 9
0 6
0 4
6 #edges
9 7
6 10
4 3
0 9
0 6
0 4
6 #edges
9 3
6 10
3 7
0 9
0 6
0 4
6 #edges
9 3
6 10
4 7
0 9
0 6
0 4
6 #edges
9 7
6 10
0 9
0 6
0 4
7 3
6 #edges
6 10
4 7
0 9
0 6
0 4
7 3
6 #edges
9 3
6 10
4 9
3 7
0 6
0 4
6 #edges
9 7
6 10
4 9
0 6
0 4
7 3
6 #edges
9 3
4 10
3 7
0 9
0 6
0 4
6 #edges
9 3
4 7
4 10
0 9
0 6
0 4
6 #edges
9 3
4 7
3 10
0 9
0 6
0 4
6 #edges
9 3
3 7
0 9
0 6
0 4
7 10
6 #edges
9 3
4 7
0 9
0 6
0 4
7 10
6 #edges
9 7
4 3
4 10
0 9
0 6
0 4
6 #edges
4 3
4 10
3 7
0 9
0 6
0 4
6 #edges
9 7
4 3
0 9
0 6
0 4
7 10
6 #edges
9 7
4 3
3 10
0 9
0 6
0 4
6 #edges
9 10
4 3
3 7
0 9
0 6
0 4
6 #edges
4 3
3 7
0 9
0 6
0 4
7 10
6 #edges
9 10
4 7
0 9
0 6
0 4
7 3
6 #edges
4 7
3 10
0 9
0 6
0 4
7 3
6 #edges
4 7
4 10
0 9
0 6
0 4
7 3
6 #edges
9 7
4 10
0 9
0 6
0 4
7 3
6 #edges
9 7
3 10
0 9
0 6
0 4
7 3
6 #edges
9 3
4 9
3 7
0 6
0 4
7 10
6 #edges
9 7
4 9
3 10
0 6
0 4
7 3
6 #edges
9 6
9 10
4 9
0 4
0 7
7 3
6 #edges
9 6
6 10
4 9
0 4
0 7
7 3
6 #edges
9 6
4 9
3 10
0 4
0 7
7 3
6 #edges
4 9
3 6
3 10
0 4
0 7
7 3
6 #edges
4 9
3 10
0 4
0 7
7 3
10 6
6 #edges
9 10
4 9
3 6
0 4
0 7
7 3
6 #edges
9 10
4 9
0 4
0 7
7 3
10 6
6 #edges
6 10
4 9
3 6
0 4
0 7
7 3
6 #edges
4 9
0 4
0 3
0 7
7 6
7 10
6 #edges
9 3
4 9
0 4
0 7
7 6
7 10
6 #edges
9 3
6 10
4 9
0 4
0 7
7 6
6 #edges
6 10
4 9
0 4
0 3
0 7
7 6
6 #edges
9 3
4 9
3 10
0 4
0 7
7 6
6 #edges
9 10
4 9
0 4
0 3
0 7
7 6
6 #edges
4 9
3 10
0 4
0 3
0 7
7 6
6 #edges
9 3
4 9
0 4
0 7
7 10
10 6
6 #edges
9 3
4 9
3 6
0 4
0 7
7 10
6 #edges
9 3
4 9
3 6
3 10
0 4
0 7
6 #edges
9 3
6 10
4 9
3 6
0 4
0 7
6 #edges
9 3
4 9
3 10
0 4
0 7
10 6
6 #edges
9 10
4 9
0 4
0 3
0 7
10 6
6 #edges
9 6
9 10
4 9
0 4
0 3
0 7
6 #edges
9 10
4 9
3 6
0 4
0 3
0 7
6 #edges
9 6
4 9
3 10
0 4
0 3
0 7
6 #edges
9 6
6 10
4 9
0 4
0 3
0 7
6 #edges
9 6
4 9
0 4
0 3
0 7
7 10
6 #edges
4 9
3 6
0 4
0 3
0 7
7 10
6 #edges
4 9
0 4
0 3
0 7
7 10
10 6
6 #edges
6 10
4 9
3 6
0 4
0 3
0 7
6 #edges
4 9
3 6
3 10
0 4
0 3
0 7
6 #edges
4 9
3 10
0 4
0 3
0 7
10 6
6 #edges
4 9
3 7
0 4
0 3
7 6
7 10
6 #edges
6 10
4 9
3 7
0 4
0 3
7 6
6 #edges
9 10
4 9
3 7
0 4
0 3
7 6
6 #edges
9 6
4 9
3 7
0 4
0 3
7 10
6 #edges
4 9
3 7
0 4
0 3
7 10
10 6
6 #edges
9 6
6 10
4 9
3 7
0 4
0 3
6 #edges
9 6
9 10
4 9
3 7
0 4
0 3
6 #edges
9 10
4 9
3 7
0 4
0 3
10 6
6 #edges
9 7
4 9
3 6
3 10
0 4
0 3
6 #edges
9 7
4 9
3 10
0 4
0 3
10 6
6 #edges
9 7
4 9
3 10
0 4
0 3
7 6
6 #edges
9 7
6 10
4 9
3 6
0 4
0 3
6 #edges
9 7
4 9
3 6
0 4
0 3
7 10
6 #edges
9 7
4 9
0 4
0 3
7 6
7 10
6 #edges
9 7
6 10
4 9
0 4
0 3
7 6
6 #edges
9 7
4 9
0 4
0 3
7 10
10 6
6 #edges
9 10
4 3
3 7
0 9
0 4
10 6
6 #edges
9 10
4 7
0 9
0 4
7 3
10 6
6 #edges
9 6
9 10
4 3
3 7
0 9
0 4
6 #edges
9 6
9 10
4 7
0 9
0 4
7 3
6 #edges
9 10
4 6
4 7
0 9
0 4
7 3
6 #edges
9 10
4 7
3 6
0 9
0 4
7 3
6 #edges
9 10
4 6
4 3
3 7
0 9
0 4
6 #edges
9 10
4 3
3 7
0 9
0 4
7 6
6 #edges
9 6
6 10
4 3
3 7
0 9
0 4
6 #edges
9 6
6 10
4 7
0 9
0 4
7 3
6 #edges
9 6
4 7
4 10
0 9
0 4
7 3
6 #edges
9 6
4 7
3 10
0 9
0 4
7 3
6 #edges
9 6
4 3
4 10
3 7
0 9
0 4
6 #edges
9 6
4 3
3 7
0 9
0 4
7 10
6 #edges
9 3
6 10
3 7
0 9
0 4
7 6
6 #edges
9 3
3 7
0 9
0 4
7 6
7 10
6 #edges
9 3
4 10
3 7
0 9
0 4
7 6
6 #edges
9 3
4 6
3 7
0 9
0 4
7 10
6 #edges
9 3
3 7
0 9
0 4
7 10
10 6
6 #edges
9 3
4 10
3 7
0 9
0 4
10 6
6 #edges
9 3
4 6
4 10
3 7
0 9
0 4
6 #edges
9 3
6 10
4 6
3 7
0 9
0 4
6 #edges
9 3
4 7
3 6
3 10
0 9
0 4
6 #edges
9 3
4 6
4 7
3 10
0 9
0 4
6 #edges
9 3
4 7
3 10
0 9
0 4
7 6
6 #edges
9 3
4 7
3 10
0 9
0 4
10 6
6 #edges
9 3
6 10
4 7
3 6
0 9
0 4
6 #edges
9 3
4 7
3 6
0 9
0 4
7 10
6 #edges
9 3
4 7
4 10
3 6
0 9
0 4
6 #edges
9 3
6 10
4 6
4 7
0 9
0 4
6 #edges
9 3
4 6
4 7
0 9
0 4
7 10
6 #edges
9 3
4 7
4 10
0 9
0 4
10 6
6 #edges
9 3
4 7
4 10
0 9
0 4
7 6
6 #edges
9 3
4 7
0 9
0 4
7 6
7 10
6 #edges
9 3
6 10
4 7
0 9
0 4
7 6
6 #edges
9 3
4 7
0 9
0 4
7 10
10 6
6 #edges
9 7
6 10
4 6
0 9
0 4
7 3
6 #edges
9 7
4 6
3 10
0 9
0 4
7 3
6 #edges
9 7
4 6
4 10
0 9
0 4
7 3
6 #edges
9 7
6 10
3 6
0 9
0 4
7 3
6 #edges
9 7
3 6
3 10
0 9
0 4
7 3
6 #edges
9 7
4 10
3 6
0 9
0 4
7 3
6 #edges
9 7
4 10
0 9
0 4
7 3
10 6
6 #edges
9 7
3 10
0 9
0 4
7 3
10 6
6 #edges
9 7
4 3
0 9
0 4
7 6
7 10
6 #edges
9 7
4 6
4 3
0 9
0 4
7 10
6 #edges
9 7
4 3
0 9
0 4
7 10
10 6
6 #edges
9 7
4 3
3 6
0 9
0 4
7 10
6 #edges
9 7
4 3
4 10
0 9
0 4
7 6
6 #edges
9 7
4 3
3 10
0 9
0 4
7 6
6 #edges
9 7
6 10
4 3
0 9
0 4
7 6
6 #edges
9 7
6 10
4 6
4 3
0 9
0 4
6 #edges
9 7
4 6
4 3
3 10
0 9
0 4
6 #edges
9 7
4 3
4 10
0 9
0 4
10 6
6 #edges
9 7
4 3
4 10
3 6
0 9
0 4
6 #edges
9 7
6 10
4 3
3 6
0 9
0 4
6 #edges
9 7
4 3
3 6
3 10
0 9
0 4
6 #edges
9 7
4 3
3 10
0 9
0 4
10 6
6 #edges
4 3
4 10
3 7
0 9
0 4
10 6
6 #edges
4 3
4 10
3 7
0 9
0 4
7 6
6 #edges
4 7
4 10
0 9
0 4
7 3
10 6
6 #edges
4 7
4 10
3 6
0 9
0 4
7 3
6 #edges
6 10
4 6
4 7
0 9
0 4
7 3
6 #edges
4 6
4 7
3 10
0 9
0 4
7 3
6 #edges
6 10
4 6
4 3
3 7
0 9
0 4
6 #edges
4 6
4 3
3 7
0 9
0 4
7 10
6 #edges
4 3
3 7
0 9
0 4
7 6
7 10
6 #edges
4 3
3 7
0 9
0 4
7 10
10 6
6 #edges
6 10
4 3
3 7
0 9
0 4
7 6
6 #edges
4 7
3 6
3 10
0 9
0 4
7 3
6 #edges
6 10
4 7
3 6
0 9
0 4
7 3
6 #edges
4 7
3 10
0 9
0 4
7 3
10 6
6 #edges
9 7
4 9
3 6
3 10
0 4
7 3
6 #edges
9 7
4 9
3 10
0 4
7 3
10 6
6 #edges
9 7
6 10
4 9
3 6
0 4
7 3
6 #edges
9 3
4 9
3 7
0 4
7 6
7 10
6 #edges
9 3
6 10
4 9
3 7
0 4
7 6
6 #edges
9 3
4 9
3 7
0 4
7 10
10 6
21 #trees for patient 31
6 #edges
6 10
4 6
0 9
0 4
0 7
7 3
6 #edges
6 10
4 6
0 9
0 4
0 3
0 7
6 #edges
6 10
4 6
4 3
0 9
0 4
0 7
6 #edges
6 10
4 6
4 7
0 9
0 4
0 3
6 #edges
6 10
4 6
3 7
0 9
0 4
0 3
6 #edges
6 10
4 6
4 7
0 9
0 4
7 3
6 #edges
6 10
4 6
4 3
3 7
0 9
0 4
6 #edges
6 10
4 6
0 4
0 7
7 3
10 9
6 #edges
6 9
6 10
4 6
0 4
0 7
7 3
6 #edges
6 9
6 10
4 6
4 3
0 4
0 7
6 #edges
6 10
4 6
4 3
0 4
0 7
10 9
6 #edges
6 9
6 10
4 6
0 4
0 3
0 7
6 #edges
6 10
4 6
0 4
0 3
0 7
10 9
6 #edges
6 9
6 10
4 6
3 7
0 4
0 3
6 #edges
6 10
4 6
3 7
0 4
0 3
10 9
6 #edges
6 9
6 10
4 6
4 7
0 4
0 3
6 #edges
6 10
4 6
4 7
0 4
0 3
10 9
6 #edges
6 9
6 10
4 6
4 7
0 4
7 3
6 #edges
6 10
4 6
4 7
0 4
7 3
10 9
6 #edges
6 9
6 10
4 6
4 3
3 7
0 4
6 #edges
6 10
4 6
4 3
3 7
0 4
10 9
2 #trees for patient 32
6 #edges
6 10
4 6
4 7
0 9
0 4
7 3
6 #edges
6 10
4 6
4 3
3 7
0 9
0 4
4 #trees for patient 33
6 #edges
6 10
4 6
4 3
3 7
0 9
0 4
6 #edges
6 10
4 6
4 7
0 9
0 4
7 3
6 #edges
6 10
4 6
4 3
3 7
0 4
10 9
6 #edges
6 10
4 6
4 7
0 4
7 3
10 9
6 #trees for patient 34
6 #edges
4 6
4 7
4 10
0 9
0 4
0 3
6 #edges
6 10
4 6
4 7
0 9
0 4
0 3
6 #edges
9 3
4 6
4 7
4 10
0 9
0 4
6 #edges
9 3
6 10
4 6
4 7
0 9
0 4
6 #edges
4 6
4 7
4 10
0 9
0 4
7 3
6 #edges
6 10
4 6
4 7
0 9
0 4
7 3
14 #trees for patient 35
6 #edges
6 10
4 6
4 3
3 7
0 9
0 4
6 #edges
6 10
4 6
4 3
0 9
0 4
10 7
6 #edges
6 10
4 6
4 7
0 9
0 4
7 3
6 #edges
6 10
4 6
4 7
0 9
0 4
10 3
6 #edges
6 10
4 6
3 7
0 9
0 4
10 3
6 #edges
6 10
4 6
0 9
0 4
10 3
10 7
6 #edges
6 10
4 6
0 9
0 4
7 3
10 7
6 #edges
6 9
6 10
4 6
4 3
3 7
0 4
6 #edges
6 9
6 10
4 6
4 3
0 4
10 7
6 #edges
6 9
6 10
4 6
4 7
0 4
7 3
6 #edges
6 9
6 10
4 6
4 7
0 4
10 3
6 #edges
6 9
6 10
4 6
3 7
0 4
10 3
6 #edges
6 9
6 10
4 6
0 4
10 3
10 7
6 #edges
6 9
6 10
4 6
0 4
7 3
10 7
42 #trees for patient 36
6 #edges
6 10
4 6
4 3
0 9
0 4
0 7
6 #edges
9 10
4 6
4 3
0 9
0 4
0 7
6 #edges
9 10
4 6
0 9
0 4
0 7
7 3
6 #edges
6 10
4 6
0 9
0 4
0 7
7 3
6 #edges
9 10
4 3
0 9
0 4
0 7
10 6
6 #edges
9 6
9 10
4 3
0 9
0 4
0 7
6 #edges
9 6
4 3
4 10
0 9
0 4
0 7
6 #edges
4 3
4 10
0 9
0 4
0 7
10 6
6 #edges
9 6
6 10
4 3
0 9
0 4
0 7
6 #edges
9 6
9 10
0 9
0 4
0 7
7 3
6 #edges
9 10
0 9
0 4
0 7
7 3
10 6
6 #edges
4 10
0 9
0 4
0 7
7 3
10 6
6 #edges
9 6
4 10
0 9
0 4
0 7
7 3
6 #edges
9 6
6 10
0 9
0 4
0 7
7 3
6 #edges
9 6
6 10
4 7
0 9
0 4
0 3
6 #edges
9 6
9 10
4 7
0 9
0 4
0 3
6 #edges
9 6
4 7
4 10
0 9
0 4
0 3
6 #edges
6 10
4 6
4 7
0 9
0 4
0 3
6 #edges
9 10
4 6
4 7
0 9
0 4
0 3
6 #edges
9 10
4 7
0 9
0 4
0 3
10 6
6 #edges
4 7
4 10
0 9
0 4
0 3
10 6
6 #edges
9 6
4 10
3 7
0 9
0 4
0 3
6 #edges
4 10
3 7
0 9
0 4
0 3
10 6
6 #edges
9 6
9 10
3 7
0 9
0 4
0 3
6 #edges
9 10
3 7
0 9
0 4
0 3
10 6
6 #edges
9 10
4 6
3 7
0 9
0 4
0 3
6 #edges
9 6
6 10
3 7
0 9
0 4
0 3
6 #edges
6 10
4 6
3 7
0 9
0 4
0 3
6 #edges
4 7
4 10
0 9
0 4
7 3
10 6
6 #edges
9 6
4 7
4 10
0 9
0 4
7 3
6 #edges
9 6
4 3
4 10
3 7
0 9
0 4
6 #edges
4 3
4 10
3 7
0 9
0 4
10 6
6 #edges
9 10
4 6
4 3
3 7
0 9
0 4
6 #edges
6 10
4 6
4 3
3 7
0 9
0 4
6 #edges
9 6
6 10
4 3
3 7
0 9
0 4
6 #edges
9 6
9 10
4 3
3 7
0 9
0 4
6 #edges
9 10
4 3
3 7
0 9
0 4
10 6
6 #edges
6 10
4 6
4 7
0 9
0 4
7 3
6 #edges
9 10
4 6
4 7
0 9
0 4
7 3
6 #edges
9 6
9 10
4 7
0 9
0 4
7 3
6 #edges
9 6
6 10
4 7
0 9
0 4
7 3
6 #edges
9 10
4 7
0 9
0 4
7 3
10 6
4 #trees for patient 37
6 #edges
9 10
4 6
4 7
0 9
0 4
7 3
6 #edges
9 10
6 3
4 6
4 7
0 9
0 4
6 #edges
6 10
4 6
4 7
0 9
0 4
7 3
6 #edges
6 3
6 10
4 6
4 7
0 9
0 4
4 #trees for patient 38
6 #edges
4 7
4 10
0 9
0 4
7 3
10 6
6 #edges
4 3
4 10
3 7
0 9
0 4
10 6
6 #edges
6 10
4 6
4 3
3 7
0 9
0 4
6 #edges
6 10
4 6
4 7
0 9
0 4
7 3
12 #trees for patient 39
6 #edges
6 7
6 10
4 6
4 3
0 9
0 4
6 #edges
6 10
4 6
4 3
3 7
0 9
0 4
6 #edges
6 10
4 6
4 3
0 9
0 4
10 7
6 #edges
6 10
4 6
4 7
0 9
0 4
7 3
6 #edges
6 3
6 10
4 6
4 7
0 9
0 4
6 #edges
6 10
4 6
4 7
0 9
0 4
10 3
6 #edges
6 3
6 10
4 6
0 9
0 4
10 7
6 #edges
6 3
6 10
4 6
3 7
0 9
0 4
6 #edges
6 7
6 10
4 6
0 9
0 4
10 3
6 #edges
6 10
4 6
3 7
0 9
0 4
10 3
6 #edges
6 10
4 6
0 9
0 4
7 3
10 7
6 #edges
6 7
6 10
4 6
0 9
0 4
7 3
2 #trees for patient 40
6 #edges
11 6
11 10
6 5
6 7
0 11
0 9
6 #edges
11 6
11 10
5 9
6 5
6 7
0 11
2 #trees for patient 41
6 #edges
11 6
11 10
6 5
6 7
0 11
0 9
6 #edges
11 6
11 10
6 7
0 11
0 9
10 5
4 #trees for patient 42
6 #edges
11 6
11 10
6 5
0 11
0 9
10 7
6 #edges
11 6
11 10
6 5
6 7
0 11
0 9
6 #edges
11 6
11 10
5 9
6 5
0 11
10 7
6 #edges
11 6
11 10
5 9
6 5
6 7
0 11
6 #trees for patient 43
6 #edges
11 6
11 10
6 5
6 7
0 11
0 9
6 #edges
11 6
6 5
6 7
6 10
0 11
0 9
6 #edges
11 6
11 10
5 9
6 5
6 7
0 11
6 #edges
11 6
11 10
6 5
6 7
0 11
7 9
6 #edges
11 6
6 5
6 7
6 10
0 11
7 9
6 #edges
11 6
5 9
6 5
6 7
6 10
0 11
2 #trees for patient 44
6 #edges
11 6
11 10
6 5
6 7
0 11
0 9
6 #edges
11 6
6 5
6 7
0 11
0 9
7 10
24 #trees for patient 45
6 #edges
11 6
6 5
6 7
0 11
0 9
0 10
6 #edges
11 6
9 5
6 7
0 11
0 9
0 10
6 #edges
11 6
9 5
5 7
0 11
0 9
0 10
6 #edges
11 6
9 5
9 7
0 11
0 9
0 10
6 #edges
11 6
9 7
6 5
0 11
0 9
0 10
6 #edges
11 6
5 7
6 5
0 11
0 9
0 10
6 #edges
11 5
9 6
6 7
0 11
0 9
0 10
6 #edges
11 5
11 7
9 6
0 11
0 9
0 10
6 #edges
11 5
9 6
5 7
0 11
0 9
0 10
6 #edges
9 6
6 5
6 7
0 11
0 9
0 10
6 #edges
11 7
9 6
6 5
0 11
0 9
0 10
6 #edges
9 6
5 7
6 5
0 11
0 9
0 10
6 #edges
11 5
11 7
11 10
9 6
0 11
0 9
6 #edges
11 5
11 10
9 6
5 7
0 11
0 9
6 #edges
11 5
11 10
9 6
6 7
0 11
0 9
6 #edges
11 7
11 10
9 6
6 5
0 11
0 9
6 #edges
11 6
11 10
9 7
6 5
0 11
0 9
6 #edges
11 6
11 10
6 5
6 7
0 11
0 9
6 #edges
11 6
11 10
5 7
6 5
0 11
0 9
6 #edges
11 6
11 10
9 5
9 7
0 11
0 9
6 #edges
11 6
11 10
9 5
6 7
0 11
0 9
6 #edges
11 6
11 10
9 5
5 7
0 11
0 9
6 #edges
11 10
9 6
6 5
6 7
0 11
0 9
6 #edges
11 10
9 6
5 7
6 5
0 11
0 9
1 #trees for patient 46
6 #edges
11 6
11 10
6 5
6 7
0 11
0 9
2 #trees for patient 47
6 #edges
11 6
11 10
6 5
6 7
0 11
0 9
6 #edges
11 6
11 10
6 5
6 7
0 11
7 9
6 #trees for patient 48
6 #edges
11 6
9 10
6 5
0 11
0 9
0 7
6 #edges
11 6
11 10
6 5
0 11
0 9
0 7
6 #edges
11 6
11 7
9 10
6 5
0 11
0 9
6 #edges
11 6
11 7
11 10
6 5
0 11
0 9
6 #edges
11 6
11 10
6 5
6 7
0 11
0 9
6 #edges
11 6
9 10
6 5
6 7
0 11
0 9
2 #trees for patient 49
6 #edges
11 6
11 10
6 5
6 7
0 11
0 9
6 #edges
11 6
11 10
6 5
6 7
0 11
7 9
