50 # patients
7 #trees for patient 0
6 #edges
6 4
7 6
7 11
0 7
0 2
0 9
6 #edges
7 6
7 11
11 4
0 7
0 2
0 9
6 #edges
7 6
7 4
0 7
0 2
0 9
4 11
6 #edges
6 11
7 6
7 4
0 7
0 2
0 9
6 #edges
6 11
7 6
11 4
0 7
0 2
0 9
6 #edges
6 11
6 4
7 6
0 7
0 2
0 9
6 #edges
6 4
7 6
0 7
0 2
0 9
4 11
13 #trees for patient 1
6 #edges
6 11
7 6
0 7
0 2
0 9
0 4
6 #edges
7 6
0 7
0 11
0 2
0 9
0 4
6 #edges
7 6
0 7
0 2
0 9
0 4
4 11
6 #edges
7 6
7 11
0 7
0 2
0 9
0 4
6 #edges
7 6
11 4
0 7
0 11
0 2
0 9
6 #edges
7 6
7 4
0 7
0 11
0 2
0 9
6 #edges
6 4
7 6
0 7
0 11
0 2
0 9
6 #edges
7 6
7 11
11 4
0 7
0 2
0 9
6 #edges
6 4
7 6
7 11
0 7
0 2
0 9
6 #edges
6 11
7 6
7 4
0 7
0 2
0 9
6 #edges
7 6
7 4
0 7
0 2
0 9
4 11
6 #edges
6 11
7 6
11 4
0 7
0 2
0 9
6 #edges
6 4
7 6
0 7
0 2
0 9
4 11
4 #trees for patient 2
6 #edges
7 6
7 4
0 7
0 2
0 9
4 11
6 #edges
7 4
11 6
0 7
0 2
0 9
4 11
6 #edges
7 6
7 11
11 4
0 7
0 2
0 9
6 #edges
7 11
11 4
0 7
0 2
0 9
4 6
4 #trees for patient 3
6 #edges
7 6
7 11
11 4
0 7
0 2
0 9
6 #edges
6 4
7 6
7 11
0 7
0 2
0 9
6 #edges
7 6
7 11
11 4
2 9
0 7
0 2
6 #edges
6 4
7 6
7 11
2 9
0 7
0 2
21 #trees for patient 4
6 #edges
7 11
2 6
2 4
0 7
0 2
0 9
6 #edges
2 6
2 4
0 7
0 2
0 9
4 11
6 #edges
11 4
2 6
2 11
0 7
0 2
0 9
6 #edges
7 4
2 6
2 11
0 7
0 2
0 9
6 #edges
7 11
11 4
2 6
0 7
0 2
0 9
6 #edges
7 11
7 4
2 6
0 7
0 2
0 9
6 #edges
7 4
2 6
0 7
0 2
0 9
4 11
6 #edges
7 6
7 11
7 4
0 7
0 2
0 9
6 #edges
7 11
7 4
9 6
0 7
0 2
0 9
6 #edges
7 11
2 4
9 6
0 7
0 2
0 9
6 #edges
7 11
11 4
9 6
0 7
0 2
0 9
6 #edges
7 6
7 11
11 4
0 7
0 2
0 9
6 #edges
7 6
7 11
2 4
0 7
0 2
0 9
6 #edges
7 6
7 4
2 11
0 7
0 2
0 9
6 #edges
7 4
2 11
9 6
0 7
0 2
0 9
6 #edges
7 4
9 6
0 7
0 2
0 9
4 11
6 #edges
7 6
7 4
0 7
0 2
0 9
4 11
6 #edges
7 6
2 4
0 7
0 2
0 9
4 11
6 #edges
7 6
11 4
2 11
0 7
0 2
0 9
6 #edges
11 4
2 11
9 6
0 7
0 2
0 9
6 #edges
2 4
9 6
0 7
0 2
0 9
4 11
9 #trees for patient 5
6 #edges
7 2
2 6
0 7
0 11
0 9
0 4
6 #edges
7 2
11 4
2 6
0 7
0 11
0 9
6 #edges
6 4
7 2
2 6
0 7
0 11
0 9
6 #edges
7 6
7 11
2 4
0 7
0 2
0 9
6 #edges
6 4
7 11
2 6
0 7
0 2
0 9
6 #edges
7 11
11 4
2 6
0 7
0 2
0 9
6 #edges
7 11
7 4
2 6
0 7
0 2
0 9
6 #edges
7 6
7 11
11 4
0 7
0 2
0 9
6 #edges
6 4
7 6
7 11
0 7
0 2
0 9
4 #trees for patient 6
6 #edges
7 6
7 4
0 7
0 2
0 9
4 11
6 #edges
7 6
7 11
11 4
0 7
0 2
0 9
6 #edges
7 6
7 4
11 2
0 7
0 9
4 11
6 #edges
7 6
7 11
11 4
0 7
0 9
4 2
12 #trees for patient 7
6 #edges
7 11
11 4
9 6
0 7
0 2
0 9
6 #edges
7 6
7 11
11 4
0 7
0 2
0 9
6 #edges
7 11
11 4
0 7
0 2
0 9
4 6
6 #edges
7 4
9 6
0 7
0 2
0 9
4 11
6 #edges
7 6
7 4
0 7
0 2
0 9
4 11
6 #edges
7 4
11 6
0 7
0 2
0 9
4 11
6 #edges
7 6
7 11
11 4
0 7
0 9
4 2
6 #edges
7 6
7 4
11 2
0 7
0 9
4 11
6 #edges
7 11
11 4
9 6
0 7
0 9
4 2
6 #edges
7 11
11 4
0 7
0 9
4 6
4 2
6 #edges
7 4
11 6
11 2
0 7
0 9
4 11
6 #edges
7 4
11 2
9 6
0 7
0 9
4 11
4 #trees for patient 8
6 #edges
7 6
7 11
11 4
0 7
0 2
0 9
6 #edges
6 9
7 6
7 11
11 4
0 7
0 2
6 #edges
7 6
7 11
11 4
0 7
0 9
4 2
6 #edges
6 9
7 6
7 11
11 4
0 7
4 2
4 #trees for patient 9
6 #edges
7 6
7 11
11 4
0 7
0 2
0 9
6 #edges
7 11
11 4
0 7
0 2
0 9
4 6
6 #edges
7 11
11 4
9 2
0 7
0 9
4 6
6 #edges
7 6
7 11
11 4
9 2
0 7
0 9
4 #trees for patient 10
6 #edges
7 6
7 11
11 4
0 7
0 2
0 9
6 #edges
6 4
7 6
7 11
0 7
0 2
0 9
6 #edges
6 9
7 6
7 11
11 4
0 7
0 2
6 #edges
6 9
6 4
7 6
7 11
0 7
0 2
2 #trees for patient 11
6 #edges
7 6
7 11
11 4
0 7
0 2
0 9
6 #edges
7 11
11 6
11 4
0 7
0 2
0 9
5 #trees for patient 12
6 #edges
7 6
7 11
11 4
0 7
0 2
0 9
6 #edges
7 6
7 11
11 4
0 7
0 2
4 9
6 #edges
7 6
7 11
11 4
9 2
0 7
0 9
6 #edges
7 6
7 11
11 4
0 7
0 9
4 2
6 #edges
7 6
7 11
11 4
9 2
0 7
4 9
12 #trees for patient 13
6 #edges
7 6
7 11
11 4
0 7
0 2
0 9
6 #edges
6 4
7 6
7 11
0 7
0 2
0 9
6 #edges
6 9
6 4
7 6
7 11
0 7
0 2
6 #edges
6 9
7 6
7 11
11 4
0 7
0 2
6 #edges
6 4
7 6
7 11
9 2
0 7
0 9
6 #edges
7 6
7 11
11 4
9 2
0 7
0 9
6 #edges
6 2
6 4
7 6
7 11
0 7
0 9
6 #edges
6 2
7 6
7 11
11 4
0 7
0 9
6 #edges
6 2
6 9
7 6
7 11
11 4
0 7
6 #edges
6 2
6 9
6 4
7 6
7 11
0 7
6 #edges
6 9
6 4
7 6
7 11
9 2
0 7
6 #edges
6 9
7 6
7 11
11 4
9 2
0 7
24 #trees for patient 14
6 #edges
7 6
7 11
11 4
0 7
0 2
0 9
6 #edges
7 6
7 11
11 4
0 7
0 2
4 9
6 #edges
6 9
7 6
7 11
11 4
0 7
0 2
6 #edges
6 9
7 6
7 4
0 7
0 2
4 11
6 #edges
7 6
7 4
0 7
0 2
0 9
4 11
6 #edges
7 6
7 4
11 9
0 7
0 2
4 11
6 #edges
7 6
7 4
9 2
0 7
0 9
4 11
6 #edges
7 6
7 11
11 4
9 2
0 7
0 9
6 #edges
7 6
7 4
11 2
0 7
0 9
4 11
6 #edges
6 2
7 6
7 4
0 7
0 9
4 11
6 #edges
7 6
7 11
11 4
0 7
0 9
4 2
6 #edges
6 2
7 6
7 11
11 4
0 7
0 9
6 #edges
6 9
7 6
7 4
11 2
0 7
4 11
6 #edges
6 2
6 9
7 6
7 4
0 7
4 11
6 #edges
6 9
7 6
7 4
9 2
0 7
4 11
6 #edges
7 6
7 4
11 2
11 9
0 7
4 11
6 #edges
6 2
7 6
7 4
11 9
0 7
4 11
6 #edges
7 6
7 4
11 9
9 2
0 7
4 11
6 #edges
6 2
6 9
7 6
7 11
11 4
0 7
6 #edges
6 2
7 6
7 11
11 4
0 7
4 9
6 #edges
6 9
7 6
7 11
11 4
0 7
4 2
6 #edges
6 9
7 6
7 11
11 4
9 2
0 7
6 #edges
7 6
7 11
11 4
0 7
4 2
4 9
6 #edges
7 6
7 11
11 4
9 2
0 7
4 9
6 #trees for patient 15
6 #edges
7 6
7 11
11 4
0 7
0 2
0 9
6 #edges
7 6
7 11
11 9
11 4
0 7
0 2
6 #edges
7 6
7 11
11 4
0 7
0 9
4 2
6 #edges
6 2
7 6
7 11
11 4
0 7
0 9
6 #edges
6 2
7 6
7 11
11 9
11 4
0 7
6 #edges
7 6
7 11
11 9
11 4
0 7
4 2
4 #trees for patient 16
6 #edges
7 6
7 11
11 4
0 7
0 2
0 9
6 #edges
7 6
7 4
0 7
0 2
0 9
4 11
6 #edges
7 6
7 4
11 9
0 7
0 2
4 11
6 #edges
7 6
7 11
11 4
0 7
0 2
4 9
13 #trees for patient 17
6 #edges
7 6
7 11
11 4
0 7
0 2
0 9
6 #edges
7 11
11 6
11 4
0 7
0 2
0 9
6 #edges
7 11
11 4
0 7
0 2
0 9
4 6
6 #edges
6 2
7 6
7 11
11 4
0 7
0 9
6 #edges
7 6
7 11
11 4
0 7
0 9
4 2
6 #edges
7 6
7 11
11 2
11 4
0 7
0 9
6 #edges
7 11
7 2
11 6
11 4
0 7
0 9
6 #edges
7 11
7 2
11 4
0 7
0 9
4 6
6 #edges
7 11
11 2
11 4
0 7
0 9
4 6
6 #edges
7 11
11 6
11 4
0 7
0 9
4 2
6 #edges
6 2
7 11
11 6
11 4
0 7
0 9
6 #edges
6 2
7 11
11 4
0 7
0 9
4 6
6 #edges
7 11
11 4
0 7
0 9
4 6
4 2
14 #trees for patient 18
6 #edges
7 6
7 11
7 9
0 7
0 2
0 4
6 #edges
6 2
7 6
7 11
7 9
0 7
0 4
6 #edges
7 6
7 11
7 4
0 7
0 2
0 9
6 #edges
7 6
7 11
9 4
0 7
0 2
0 9
6 #edges
7 6
7 11
11 4
0 7
0 2
0 9
6 #edges
6 2
7 6
7 11
9 4
0 7
0 9
6 #edges
6 2
7 6
7 11
7 4
0 7
0 9
6 #edges
6 2
7 6
7 11
11 4
0 7
0 9
6 #edges
7 6
7 11
7 9
11 4
0 7
0 2
6 #edges
7 6
7 11
7 9
7 4
0 7
0 2
6 #edges
7 6
7 11
7 9
9 4
0 7
0 2
6 #edges
6 2
7 6
7 11
7 9
7 4
0 7
6 #edges
6 2
7 6
7 11
7 9
11 4
0 7
6 #edges
6 2
7 6
7 11
7 9
9 4
0 7
6 #trees for patient 19
6 #edges
7 11
11 4
0 7
0 2
0 9
4 6
6 #edges
7 6
7 11
11 4
0 7
0 2
0 9
6 #edges
7 11
11 4
9 6
0 7
0 2
0 9
6 #edges
7 6
7 4
0 7
0 2
0 9
4 11
6 #edges
7 4
9 6
0 7
0 2
0 9
4 11
6 #edges
7 4
11 6
0 7
0 2
0 9
4 11
4 #trees for patient 20
6 #edges
7 6
7 11
11 4
0 7
0 2
0 9
6 #edges
7 6
7 4
0 7
0 2
0 9
4 11
6 #edges
7 6
7 11
11 4
9 2
0 7
0 9
6 #edges
7 6
7 4
9 2
0 7
0 9
4 11
7 #trees for patient 21
6 #edges
7 6
7 4
2 11
0 7
0 2
0 9
6 #edges
7 6
7 4
0 7
0 2
0 9
4 11
6 #edges
7 6
2 11
2 4
0 7
0 2
0 9
6 #edges
7 6
11 4
2 11
0 7
0 2
0 9
6 #edges
7 6
2 4
0 7
0 2
0 9
4 11
6 #edges
7 6
7 11
2 4
0 7
0 2
0 9
6 #edges
7 6
7 11
11 4
0 7
0 2
0 9
4 #trees for patient 22
6 #edges
7 6
7 11
11 4
0 7
0 2
0 9
6 #edges
7 6
7 11
11 2
11 4
0 7
0 9
6 #edges
6 9
7 6
7 11
11 4
0 7
0 2
6 #edges
6 9
7 6
7 11
11 2
11 4
0 7
1 #trees for patient 23
6 #edges
7 6
7 11
11 4
0 7
0 2
0 9
4 #trees for patient 24
6 #edges
7 6
7 4
0 7
0 2
0 9
4 11
6 #edges
7 6
7 11
11 4
0 7
0 2
0 9
6 #edges
6 2
7 6
7 4
0 7
0 9
4 11
6 #edges
6 2
7 6
7 11
11 4
0 7
0 9
7 #trees for patient 25
6 #edges
7 6
11 4
9 11
0 7
0 2
0 9
6 #edges
7 6
7 4
9 11
0 7
0 2
0 9
6 #edges
7 6
9 11
9 4
0 7
0 2
0 9
6 #edges
7 6
7 11
9 4
0 7
0 2
0 9
6 #edges
7 6
7 11
11 4
0 7
0 2
0 9
6 #edges
7 6
7 4
0 7
0 2
0 9
4 11
6 #edges
7 6
9 4
0 7
0 2
0 9
4 11
2 #trees for patient 26
6 #edges
7 6
7 11
11 4
0 7
0 2
0 9
6 #edges
7 6
7 11
11 4
0 7
0 9
4 2
13 #trees for patient 27
6 #edges
7 6
7 11
0 7
0 2
0 9
0 4
6 #edges
7 11
2 6
0 7
0 2
0 9
0 4
6 #edges
6 4
7 11
0 6
0 7
0 2
0 9
6 #edges
7 11
11 4
0 6
0 7
0 2
0 9
6 #edges
7 11
7 4
0 6
0 7
0 2
0 9
6 #edges
7 11
2 4
0 6
0 7
0 2
0 9
6 #edges
7 11
7 4
2 6
0 7
0 2
0 9
6 #edges
6 4
7 11
2 6
0 7
0 2
0 9
6 #edges
7 11
11 4
2 6
0 7
0 2
0 9
6 #edges
7 11
2 6
2 4
0 7
0 2
0 9
6 #edges
7 6
7 11
2 4
0 7
0 2
0 9
6 #edges
7 6
7 11
11 4
0 7
0 2
0 9
6 #edges
6 4
7 6
7 11
0 7
0 2
0 9
12 #trees for patient 28
6 #edges
7 2
7 4
0 6
0 7
0 9
4 11
6 #edges
7 11
7 2
7 4
0 6
0 7
0 9
6 #edges
7 11
7 2
11 4
0 6
0 7
0 9
6 #edges
7 11
7 4
2 6
0 7
0 2
0 9
6 #edges
7 11
11 4
2 6
0 7
0 2
0 9
6 #edges
7 4
2 6
0 7
0 2
0 9
4 11
6 #edges
7 6
7 4
0 7
0 2
0 9
4 11
6 #edges
7 6
7 11
7 4
0 7
0 2
0 9
6 #edges
7 6
7 11
11 4
0 7
0 2
0 9
6 #edges
7 2
7 4
2 6
0 7
0 9
4 11
6 #edges
7 11
7 2
7 4
2 6
0 7
0 9
6 #edges
7 11
7 2
11 4
2 6
0 7
0 9
4 #trees for patient 29
6 #edges
7 6
7 11
2 4
0 7
0 2
0 9
6 #edges
7 6
7 11
11 4
0 7
0 2
0 9
6 #edges
7 6
7 11
11 9
2 4
0 7
0 2
6 #edges
7 6
7 11
11 9
11 4
0 7
0 2
4 #trees for patient 30
6 #edges
7 6
7 11
11 4
0 7
0 2
0 9
6 #edges
7 6
7 4
0 7
0 2
0 9
4 11
6 #edges
6 2
7 6
7 4
0 7
0 9
4 11
6 #edges
6 2
7 6
7 11
11 4
0 7
0 9
3 #trees for patient 31
6 #edges
7 6
7 11
11 4
0 7
0 2
0 9
6 #edges
7 6
7 11
11 9
11 4
0 7
0 2
6 #edges
7 6
7 11
11 4
0 7
0 2
4 9
4 #trees for patient 32
6 #edges
7 6
7 11
11 4
0 7
0 2
0 9
6 #edges
7 6
7 4
0 7
0 2
0 9
4 11
6 #edges
7 6
7 4
11 9
0 7
0 2
4 11
6 #edges
7 6
7 11
11 4
0 7
0 2
4 9
8 #trees for patient 33
6 #edges
7 11
11 6
9 4
0 7
0 2
0 9
6 #edges
7 11
11 6
11 4
0 7
0 2
0 9
6 #edges
7 6
7 11
11 4
0 7
0 2
0 9
6 #edges
7 6
7 11
9 4
0 7
0 2
0 9
6 #edges
7 6
7 11
7 2
9 4
0 7
0 9
6 #edges
7 6
7 11
7 2
11 4
0 7
0 9
6 #edges
7 11
7 2
11 6
9 4
0 7
0 9
6 #edges
7 11
7 2
11 6
11 4
0 7
0 9
38 #trees for patient 34
6 #edges
7 2
9 6
0 7
0 9
0 4
4 11
6 #edges
7 6
7 2
0 7
0 9
0 4
4 11
6 #edges
7 11
7 2
9 6
0 7
0 9
0 4
6 #edges
7 2
2 11
9 6
0 7
0 9
0 4
6 #edges
7 6
7 11
7 2
0 7
0 9
0 4
6 #edges
7 6
7 2
2 11
0 7
0 9
0 4
6 #edges
7 2
7 4
9 6
0 7
0 11
0 9
6 #edges
7 2
11 4
9 6
0 7
0 11
0 9
6 #edges
7 2
2 4
9 6
0 7
0 11
0 9
6 #edges
7 6
7 2
11 4
0 7
0 11
0 9
6 #edges
7 6
7 2
7 4
0 7
0 11
0 9
6 #edges
7 6
7 2
2 4
0 7
0 11
0 9
6 #edges
2 4
9 6
0 7
0 2
0 9
4 11
6 #edges
7 11
2 4
9 6
0 7
0 2
0 9
6 #edges
7 6
7 11
2 4
0 7
0 2
0 9
6 #edges
7 6
2 4
0 7
0 2
0 9
4 11
6 #edges
7 6
11 4
2 11
0 7
0 2
0 9
6 #edges
7 6
7 4
2 11
0 7
0 2
0 9
6 #edges
11 4
2 11
9 6
0 7
0 2
0 9
6 #edges
7 4
2 11
9 6
0 7
0 2
0 9
6 #edges
7 11
7 4
9 6
0 7
0 2
0 9
6 #edges
7 6
7 11
7 4
0 7
0 2
0 9
6 #edges
7 6
7 4
0 7
0 2
0 9
4 11
6 #edges
7 4
9 6
0 7
0 2
0 9
4 11
6 #edges
7 11
11 4
9 6
0 7
0 2
0 9
6 #edges
7 6
7 11
11 4
0 7
0 2
0 9
6 #edges
7 6
7 11
7 2
2 4
0 7
0 9
6 #edges
7 6
7 11
7 2
11 4
0 7
0 9
6 #edges
7 6
7 2
11 4
2 11
0 7
0 9
6 #edges
7 6
7 2
7 4
2 11
0 7
0 9
6 #edges
7 6
7 2
2 4
0 7
0 9
4 11
6 #edges
7 6
7 2
7 4
0 7
0 9
4 11
6 #edges
7 2
7 4
9 6
0 7
0 9
4 11
6 #edges
7 2
7 4
2 11
9 6
0 7
0 9
6 #edges
7 11
7 2
11 4
9 6
0 7
0 9
6 #edges
7 11
7 2
2 4
9 6
0 7
0 9
6 #edges
7 2
2 4
9 6
0 7
0 9
4 11
6 #edges
7 2
11 4
2 11
9 6
0 7
0 9
4 #trees for patient 35
6 #edges
7 6
7 11
11 4
0 7
0 2
0 9
6 #edges
7 6
7 4
0 7
0 2
0 9
4 11
6 #edges
6 9
7 6
7 4
0 7
0 2
4 11
6 #edges
6 9
7 6
7 11
11 4
0 7
0 2
12 #trees for patient 36
6 #edges
7 11
11 4
0 6
0 7
0 2
0 9
6 #edges
7 11
7 4
0 6
0 7
0 2
0 9
6 #edges
7 4
0 6
0 7
0 2
0 9
4 11
6 #edges
7 6
7 11
7 4
0 7
0 2
0 9
6 #edges
7 6
7 11
11 4
0 7
0 2
0 9
6 #edges
7 6
7 4
0 7
0 2
0 9
4 11
6 #edges
7 11
11 4
9 2
0 6
0 7
0 9
6 #edges
7 11
7 4
9 2
0 6
0 7
0 9
6 #edges
7 4
9 2
0 6
0 7
0 9
4 11
6 #edges
7 6
7 11
11 4
9 2
0 7
0 9
6 #edges
7 6
7 11
7 4
9 2
0 7
0 9
6 #edges
7 6
7 4
9 2
0 7
0 9
4 11
1 #trees for patient 37
6 #edges
7 6
7 11
11 4
0 7
0 2
0 9
28 #trees for patient 38
6 #edges
7 6
7 11
7 2
0 7
0 9
0 4
6 #edges
7 11
7 2
11 6
0 7
0 9
0 4
6 #edges
7 6
7 11
2 4
0 7
0 2
0 9
6 #edges
7 6
7 11
7 4
0 7
0 2
0 9
6 #edges
7 6
7 11
11 4
0 7
0 2
0 9
6 #edges
7 11
7 4
11 6
0 7
0 2
0 9
6 #edges
7 11
11 6
11 4
0 7
0 2
0 9
6 #edges
7 11
11 6
2 4
0 7
0 2
0 9
6 #edges
7 6
7 11
7 2
2 4
0 7
0 9
6 #edges
7 11
7 2
11 6
2 4
0 7
0 9
6 #edges
7 6
7 11
7 2
7 4
0 7
0 9
6 #edges
7 6
7 11
7 2
11 4
0 7
0 9
6 #edges
7 11
7 2
7 4
11 6
0 7
0 9
6 #edges
7 11
7 2
11 6
11 4
0 7
0 9
6 #edges
7 6
7 11
7 2
7 9
0 7
0 4
6 #edges
7 11
7 2
7 9
11 6
0 7
0 4
6 #edges
7 6
7 11
7 9
7 4
0 7
0 2
6 #edges
7 6
7 11
7 9
2 4
0 7
0 2
6 #edges
7 6
7 11
7 9
11 4
0 7
0 2
6 #edges
7 11
7 9
11 6
11 4
0 7
0 2
6 #edges
7 11
7 9
11 6
2 4
0 7
0 2
6 #edges
7 11
7 9
7 4
11 6
0 7
0 2
6 #edges
7 6
7 11
7 2
7 9
7 4
0 7
6 #edges
7 6
7 11
7 2
7 9
11 4
0 7
6 #edges
7 6
7 11
7 2
7 9
2 4
0 7
6 #edges
7 11
7 2
7 9
7 4
11 6
0 7
6 #edges
7 11
7 2
7 9
11 6
11 4
0 7
6 #edges
7 11
7 2
7 9
11 6
2 4
0 7
14 #trees for patient 39
6 #edges
7 6
7 11
7 2
11 4
0 7
0 9
6 #edges
7 6
7 11
11 4
0 7
0 9
4 2
6 #edges
7 6
7 11
11 4
0 7
0 2
0 9
6 #edges
7 6
7 11
7 9
0 7
0 2
0 4
6 #edges
7 6
7 11
11 9
0 7
0 2
0 4
6 #edges
7 6
7 11
7 9
11 4
0 7
0 2
6 #edges
7 6
7 11
7 9
0 7
0 4
4 2
6 #edges
7 6
7 11
11 9
0 7
0 4
4 2
6 #edges
7 6
7 11
7 9
11 2
0 7
0 4
6 #edges
7 6
7 11
7 2
7 9
0 7
0 4
6 #edges
7 6
7 11
11 2
11 9
0 7
0 4
6 #edges
7 6
7 11
7 2
11 9
0 7
0 4
6 #edges
7 6
7 11
7 9
11 4
0 7
4 2
6 #edges
7 6
7 11
7 2
7 9
11 4
0 7
16 #trees for patient 40
6 #edges
7 6
7 4
0 7
0 2
0 9
4 11
6 #edges
7 6
7 4
2 11
0 7
0 2
0 9
6 #edges
7 6
7 11
11 4
0 7
0 2
0 9
6 #edges
7 6
7 11
2 4
0 7
0 2
0 9
6 #edges
7 6
11 4
2 11
0 7
0 2
0 9
6 #edges
7 6
2 4
0 7
0 2
0 9
4 11
6 #edges
7 4
2 11
0 7
0 2
0 9
4 6
6 #edges
7 4
2 6
0 7
0 2
0 9
4 11
6 #edges
7 4
11 6
0 7
0 2
0 9
4 11
6 #edges
7 4
11 6
2 11
0 7
0 2
0 9
6 #edges
7 11
11 6
2 4
0 7
0 2
0 9
6 #edges
7 11
11 4
0 7
0 2
0 9
4 6
6 #edges
7 11
11 4
2 6
0 7
0 2
0 9
6 #edges
7 11
2 4
0 7
0 2
0 9
4 6
6 #edges
11 6
2 4
0 7
0 2
0 9
4 11
6 #edges
11 4
2 11
0 7
0 2
0 9
4 6
16 #trees for patient 41
6 #edges
7 6
7 11
7 4
0 7
0 2
0 9
6 #edges
7 6
7 11
11 4
0 7
0 2
0 9
6 #edges
6 4
7 6
7 11
0 7
0 2
0 9
6 #edges
6 11
7 6
7 4
0 7
0 2
0 9
6 #edges
7 6
7 4
0 7
0 2
0 9
4 11
6 #edges
6 11
6 4
7 6
0 7
0 2
0 9
6 #edges
6 4
7 6
0 7
0 2
0 9
4 11
6 #edges
6 11
7 6
11 4
0 7
0 2
0 9
6 #edges
7 6
7 4
2 9
0 7
0 2
4 11
6 #edges
7 6
7 11
7 4
2 9
0 7
0 2
6 #edges
6 11
7 6
7 4
2 9
0 7
0 2
6 #edges
7 6
7 11
11 4
2 9
0 7
0 2
6 #edges
6 4
7 6
7 11
2 9
0 7
0 2
6 #edges
6 11
6 4
7 6
2 9
0 7
0 2
6 #edges
6 4
7 6
2 9
0 7
0 2
4 11
6 #edges
6 11
7 6
11 4
2 9
0 7
0 2
18 #trees for patient 42
6 #edges
0 6
0 7
0 2
0 9
0 4
4 11
6 #edges
7 11
0 6
0 7
0 2
0 9
0 4
6 #edges
7 11
11 4
0 6
0 7
0 2
0 9
6 #edges
7 4
0 6
0 7
0 2
0 9
4 11
6 #edges
7 4
0 6
0 7
0 11
0 2
0 9
6 #edges
11 4
0 6
0 7
0 11
0 2
0 9
6 #edges
7 6
7 11
0 7
0 2
0 9
0 4
6 #edges
7 6
0 7
0 2
0 9
0 4
4 11
6 #edges
7 11
2 6
0 7
0 2
0 9
0 4
6 #edges
2 6
0 7
0 2
0 9
0 4
4 11
6 #edges
7 6
11 4
0 7
0 11
0 2
0 9
6 #edges
11 4
2 6
0 7
0 11
0 2
0 9
6 #edges
7 6
7 4
0 7
0 11
0 2
0 9
6 #edges
7 4
2 6
0 7
0 11
0 2
0 9
6 #edges
7 6
7 11
11 4
0 7
0 2
0 9
6 #edges
7 6
7 4
0 7
0 2
0 9
4 11
6 #edges
7 11
11 4
2 6
0 7
0 2
0 9
6 #edges
7 4
2 6
0 7
0 2
0 9
4 11
7 #trees for patient 43
6 #edges
7 6
7 11
11 4
0 7
0 2
0 9
6 #edges
7 6
7 11
9 4
0 7
0 2
0 9
6 #edges
7 6
7 4
9 11
0 7
0 2
0 9
6 #edges
7 6
9 11
9 4
0 7
0 2
0 9
6 #edges
7 6
11 4
9 11
0 7
0 2
0 9
6 #edges
7 6
7 4
0 7
0 2
0 9
4 11
6 #edges
7 6
9 4
0 7
0 2
0 9
4 11
8 #trees for patient 44
6 #edges
7 6
7 11
9 2
0 7
0 9
0 4
6 #edges
7 6
7 11
0 7
0 2
0 9
0 4
6 #edges
7 6
7 11
11 4
0 7
0 2
0 9
6 #edges
7 6
7 11
9 4
0 7
0 2
0 9
6 #edges
7 6
7 11
2 4
0 7
0 2
0 9
6 #edges
7 6
7 11
9 2
9 4
0 7
0 9
6 #edges
7 6
7 11
11 4
9 2
0 7
0 9
6 #edges
7 6
7 11
2 4
9 2
0 7
0 9
6 #trees for patient 45
6 #edges
7 6
7 11
7 4
0 7
0 2
0 9
6 #edges
7 6
7 11
11 4
0 7
0 2
0 9
6 #edges
7 6
7 11
7 9
11 4
0 7
0 2
6 #edges
7 6
7 11
7 4
11 9
0 7
0 2
6 #edges
7 6
7 11
7 4
0 7
0 2
4 9
6 #edges
7 6
7 11
11 4
0 7
0 2
4 9
4 #trees for patient 46
6 #edges
7 6
7 11
11 4
0 7
0 2
0 9
6 #edges
7 6
7 4
0 7
0 2
0 9
4 11
6 #edges
7 6
7 11
11 4
2 9
0 7
0 2
6 #edges
7 6
7 4
2 9
0 7
0 2
4 11
6 #trees for patient 47
6 #edges
7 6
7 11
9 4
0 7
0 2
0 9
6 #edges
7 6
9 4
0 7
0 2
0 9
4 11
6 #edges
7 6
7 11
11 4
0 7
0 2
0 9
6 #edges
7 6
11 4
9 11
0 7
0 2
0 9
6 #edges
7 6
7 4
9 11
0 7
0 2
0 9
6 #edges
7 6
7 4
0 7
0 2
0 9
4 11
8 #trees for patient 48
6 #edges
7 6
7 11
7 4
0 7
0 2
0 9
6 #edges
7 6
7 11
11 4
0 7
0 2
0 9
6 #edges
6 9
7 6
7 11
7 4
0 7
0 2
6 #edges
6 9
7 6
7 11
11 4
0 7
0 2
6 #edges
7 6
7 11
7 4
11 2
0 7
0 9
6 #edges
7 6
7 11
11 2
11 4
0 7
0 9
6 #edges
6 9
7 6
7 11
7 4
11 2
0 7
6 #edges
6 9
7 6
7 11
11 2
11 4
0 7
6 #trees for patient 49
6 #edges
7 6
7 4
0 7
0 2
0 9
4 11
6 #edges
7 6
7 11
11 4
0 7
0 2
0 9
6 #edges
6 9
7 6
7 4
0 7
0 2
4 11
6 #edges
7 6
7 4
11 9
0 7
0 2
4 11
6 #edges
6 9
7 6
7 11
11 4
0 7
0 2
6 #edges
7 6
7 11
11 4
0 7
0 2
4 9
