100 # patients
4 #trees for patient 0
6 #edges
0 10
0 9
0 1
10 5
10 2
10 4
6 #edges
0 10
0 9
0 1
10 5
10 2
2 4
6 #edges
5 1
0 10
0 9
10 5
10 2
10 4
6 #edges
5 1
0 10
0 9
10 5
10 2
2 4
14 #trees for patient 1
6 #edges
0 10
0 9
10 5
10 2
10 4
4 1
6 #edges
5 1
0 10
0 9
10 5
10 2
10 4
6 #edges
0 10
0 9
10 5
10 4
4 2
4 1
6 #edges
5 2
0 10
0 9
10 5
10 4
4 1
6 #edges
0 10
0 9
10 5
10 4
4 1
1 2
6 #edges
5 1
0 10
0 9
10 5
10 4
4 2
6 #edges
5 1
0 10
0 9
10 5
10 4
1 2
6 #edges
5 1
0 10
10 5
10 2
10 9
10 4
6 #edges
0 10
10 5
10 2
10 9
10 4
4 1
6 #edges
5 1
0 10
10 5
10 9
10 4
1 2
6 #edges
5 1
0 10
10 5
10 9
10 4
4 2
6 #edges
5 2
0 10
10 5
10 9
10 4
4 1
6 #edges
0 10
10 5
10 9
10 4
4 2
4 1
6 #edges
0 10
10 5
10 9
10 4
4 1
1 2
8 #trees for patient 2
6 #edges
5 1
0 10
0 9
10 5
10 2
10 4
6 #edges
5 1
0 10
0 9
10 5
10 2
1 4
6 #edges
0 10
0 9
10 2
10 4
10 1
1 5
6 #edges
5 4
0 10
0 9
10 2
10 1
1 5
6 #edges
5 1
0 10
10 5
10 2
10 4
2 9
6 #edges
0 10
10 2
10 4
10 1
2 9
1 5
6 #edges
5 1
0 10
10 5
10 2
2 9
1 4
6 #edges
5 4
0 10
10 2
10 1
2 9
1 5
8 #trees for patient 3
6 #edges
5 1
0 10
0 9
10 5
10 2
10 4
6 #edges
5 1
0 10
0 9
10 5
10 4
9 2
6 #edges
5 1
0 10
0 9
10 5
10 2
1 4
6 #edges
5 1
0 10
0 9
10 5
9 2
1 4
6 #edges
5 4
0 10
0 9
10 2
10 1
1 5
6 #edges
0 10
0 9
10 2
10 4
10 1
1 5
6 #edges
0 10
0 9
10 4
10 1
9 2
1 5
6 #edges
5 4
0 10
0 9
10 1
9 2
1 5
4 #trees for patient 4
6 #edges
5 2
5 1
0 10
0 9
10 5
10 4
6 #edges
5 1
0 10
0 9
10 5
10 2
10 4
6 #edges
5 1
0 10
0 9
10 5
10 4
1 2
6 #edges
5 1
0 10
0 9
10 5
10 4
9 2
4 #trees for patient 5
6 #edges
5 1
0 10
0 9
10 5
10 4
9 2
6 #edges
0 10
0 9
10 4
10 1
9 2
1 5
6 #edges
0 10
0 9
10 2
10 4
10 1
1 5
6 #edges
5 1
0 10
0 9
10 5
10 2
10 4
4 #trees for patient 6
6 #edges
5 1
0 10
0 9
10 5
9 2
9 4
6 #edges
5 1
0 10
0 9
10 5
10 4
9 2
6 #edges
5 1
0 10
0 9
10 5
10 2
9 4
6 #edges
5 1
0 10
0 9
10 5
10 2
10 4
2 #trees for patient 7
6 #edges
0 10
0 9
10 2
10 4
10 1
1 5
6 #edges
5 1
0 10
0 9
10 5
10 2
10 4
2 #trees for patient 8
6 #edges
5 1
0 10
0 9
10 5
10 2
10 4
6 #edges
5 1
0 10
10 5
10 2
10 4
1 9
9 #trees for patient 9
6 #edges
5 1
0 10
0 9
0 4
10 5
10 2
6 #edges
5 1
0 10
0 4
10 5
10 2
1 9
6 #edges
5 9
5 1
0 10
0 4
10 5
10 2
6 #edges
5 1
0 10
0 9
10 5
10 2
10 4
6 #edges
5 1
0 10
0 9
10 5
10 2
2 4
6 #edges
5 9
5 1
0 10
10 5
10 2
10 4
6 #edges
5 1
0 10
10 5
10 2
10 4
1 9
6 #edges
5 9
5 1
0 10
10 5
10 2
2 4
6 #edges
5 1
0 10
10 5
10 2
2 4
1 9
6 #trees for patient 10
6 #edges
5 1
0 10
0 9
10 5
10 2
2 4
6 #edges
5 1
0 10
0 9
10 5
10 2
10 4
6 #edges
5 1
0 10
10 5
10 2
10 9
2 4
6 #edges
5 1
0 10
10 5
10 2
2 4
1 9
6 #edges
5 1
0 10
10 5
10 2
10 9
10 4
6 #edges
5 1
0 10
10 5
10 2
10 4
1 9
4 #trees for patient 11
6 #edges
0 10
0 9
10 5
10 2
10 4
10 1
6 #edges
0 10
0 9
10 5
10 2
10 1
2 4
6 #edges
5 1
0 10
0 9
10 5
10 2
2 4
6 #edges
5 1
0 10
0 9
10 5
10 2
10 4
14 #trees for patient 12
6 #edges
0 10
0 9
10 2
10 4
9 1
1 5
6 #edges
0 10
0 9
10 4
9 1
4 2
1 5
6 #edges
0 10
0 9
10 2
10 4
9 5
9 1
6 #edges
0 10
0 9
10 4
9 5
9 1
4 2
6 #edges
0 10
0 9
10 5
10 2
10 4
9 1
6 #edges
0 10
0 9
10 5
10 4
9 1
4 2
6 #edges
0 10
0 9
10 2
10 4
10 1
9 5
6 #edges
0 10
0 9
10 4
10 1
9 5
4 2
6 #edges
5 1
0 10
0 9
10 2
10 4
9 5
6 #edges
5 1
0 10
0 9
10 4
9 5
4 2
6 #edges
5 1
0 10
0 9
10 5
10 2
10 4
6 #edges
5 1
0 10
0 9
10 5
10 4
4 2
6 #edges
0 10
0 9
10 4
10 1
4 2
1 5
6 #edges
0 10
0 9
10 2
10 4
10 1
1 5
4 #trees for patient 13
6 #edges
0 10
0 9
10 2
10 4
10 1
1 5
6 #edges
5 1
0 10
0 9
10 5
10 2
10 4
6 #edges
5 9
0 10
10 2
10 4
10 1
1 5
6 #edges
5 1
0 10
10 5
10 2
10 4
1 9
4 #trees for patient 14
6 #edges
0 10
0 9
0 1
10 5
10 2
10 4
6 #edges
0 10
0 9
0 1
10 5
10 4
4 2
6 #edges
5 1
0 10
0 9
10 5
10 2
10 4
6 #edges
5 1
0 10
0 9
10 5
10 4
4 2
12 #trees for patient 15
6 #edges
5 2
0 10
0 9
10 5
10 4
4 1
6 #edges
5 1
0 10
0 9
10 5
10 4
1 2
6 #edges
5 1
0 10
0 9
10 5
10 2
10 4
6 #edges
5 1
0 10
0 9
10 5
10 4
4 2
6 #edges
0 10
0 9
10 5
10 2
10 4
4 1
6 #edges
0 10
0 9
10 5
10 4
4 1
1 2
6 #edges
5 9
0 10
10 5
10 2
10 4
4 1
6 #edges
5 9
5 1
0 10
10 5
10 2
10 4
6 #edges
5 9
5 1
0 10
10 5
10 4
4 2
6 #edges
5 2
5 9
0 10
10 5
10 4
4 1
6 #edges
5 9
0 10
10 5
10 4
4 1
1 2
6 #edges
5 9
5 1
0 10
10 5
10 4
1 2
4 #trees for patient 16
6 #edges
5 1
0 10
0 9
10 5
10 2
10 4
6 #edges
5 1
0 10
0 9
10 5
10 4
4 2
6 #edges
5 2
5 1
0 10
0 9
10 5
10 4
6 #edges
5 1
0 10
0 9
10 5
10 4
1 2
8 #trees for patient 17
6 #edges
0 10
0 9
10 2
10 4
10 1
1 5
6 #edges
5 1
0 10
0 9
10 5
10 2
10 4
6 #edges
5 1
0 10
0 9
10 5
10 2
2 4
6 #edges
0 10
0 9
10 2
10 1
2 4
1 5
6 #edges
5 1
0 10
10 5
10 2
10 9
10 4
6 #edges
0 10
10 2
10 9
10 4
10 1
1 5
6 #edges
0 10
10 2
10 9
10 1
2 4
1 5
6 #edges
5 1
0 10
10 5
10 2
10 9
2 4
4 #trees for patient 18
6 #edges
0 10
0 9
10 5
10 2
10 4
9 1
6 #edges
5 1
0 10
0 9
10 5
10 2
10 4
6 #edges
5 4
0 10
0 9
10 5
10 2
9 1
6 #edges
5 4
5 1
0 10
0 9
10 5
10 2
43 #trees for patient 19
6 #edges
0 10
0 9
10 4
10 1
9 5
9 2
6 #edges
0 10
0 9
10 5
10 4
9 2
9 1
6 #edges
5 1
0 10
0 9
10 4
9 5
9 2
6 #edges
0 10
0 9
10 4
9 5
9 2
4 1
6 #edges
0 10
0 9
10 5
10 4
9 2
4 1
6 #edges
5 1
0 10
0 9
10 5
10 4
9 2
6 #edges
0 10
0 9
10 2
10 4
10 1
9 5
6 #edges
0 10
0 9
10 4
10 1
9 5
4 2
6 #edges
0 10
0 9
10 4
10 1
9 5
1 2
6 #edges
5 2
0 10
0 9
10 4
10 1
9 5
6 #edges
0 10
0 9
10 5
10 2
10 4
9 1
6 #edges
0 10
0 9
10 2
10 4
9 5
9 1
6 #edges
5 1
0 10
0 9
10 5
10 2
10 4
6 #edges
0 10
0 9
10 5
10 2
10 4
4 1
6 #edges
0 10
0 9
10 2
10 4
9 5
4 1
6 #edges
5 1
0 10
0 9
10 2
10 4
9 5
6 #edges
5 2
0 10
0 9
10 4
9 5
9 1
6 #edges
0 10
0 9
10 4
9 5
9 1
1 2
6 #edges
0 10
0 9
10 4
9 5
9 1
4 2
6 #edges
0 10
0 9
10 5
10 4
9 1
1 2
6 #edges
5 2
0 10
0 9
10 5
10 4
9 1
6 #edges
0 10
0 9
10 5
10 4
9 1
4 2
6 #edges
0 10
0 9
10 5
10 4
4 2
4 1
6 #edges
0 10
0 9
10 4
9 5
4 2
4 1
6 #edges
5 1
0 10
0 9
10 4
9 5
4 2
6 #edges
5 1
0 10
0 9
10 5
10 4
4 2
6 #edges
5 2
0 10
0 9
10 5
10 4
4 1
6 #edges
0 10
0 9
10 5
10 4
4 1
1 2
6 #edges
5 1
0 10
0 9
10 5
10 4
1 2
6 #edges
5 2
0 10
0 9
10 4
9 5
4 1
6 #edges
0 10
0 9
10 4
9 5
4 1
1 2
6 #edges
5 1
0 10
0 9
10 4
9 5
1 2
6 #edges
0 10
0 9
10 5
10 2
10 1
9 4
6 #edges
0 10
0 9
10 5
10 1
9 4
1 2
6 #edges
0 10
0 9
10 5
10 1
9 4
4 2
6 #edges
5 2
0 10
0 9
10 5
10 1
9 4
6 #edges
5 1
0 10
0 9
10 5
9 4
4 2
6 #edges
0 10
0 9
10 5
9 4
4 2
4 1
6 #edges
0 10
0 9
10 5
10 2
9 4
4 1
6 #edges
5 1
0 10
0 9
10 5
10 2
9 4
6 #edges
5 2
0 10
0 9
10 5
9 4
4 1
6 #edges
0 10
0 9
10 5
9 4
4 1
1 2
6 #edges
5 1
0 10
0 9
10 5
9 4
1 2
4 #trees for patient 20
6 #edges
5 1
0 10
0 9
10 5
10 2
10 4
6 #edges
5 1
0 10
0 9
10 5
10 2
2 4
6 #edges
0 10
0 9
10 2
10 4
10 1
1 5
6 #edges
0 10
0 9
10 2
10 1
2 4
1 5
8 #trees for patient 21
6 #edges
5 1
0 10
0 9
10 5
10 2
10 4
6 #edges
5 2
5 1
0 10
0 9
10 5
10 4
6 #edges
5 2
0 10
0 9
10 5
10 4
4 1
6 #edges
0 10
0 9
10 5
10 2
10 4
4 1
6 #edges
5 9
0 10
10 5
10 2
10 4
4 1
6 #edges
5 9
5 1
0 10
10 5
10 2
10 4
6 #edges
5 2
5 9
0 10
10 5
10 4
4 1
6 #edges
5 2
5 9
5 1
0 10
10 5
10 4
4 #trees for patient 22
6 #edges
0 10
0 9
10 2
10 1
2 4
1 5
6 #edges
0 10
0 9
10 2
10 4
10 1
1 5
6 #edges
5 1
0 10
0 9
10 5
10 2
2 4
6 #edges
5 1
0 10
0 9
10 5
10 2
10 4
12 #trees for patient 23
6 #edges
5 1
0 10
0 9
10 2
10 4
9 5
6 #edges
5 1
0 10
0 9
10 2
2 4
9 5
6 #edges
0 10
0 9
10 2
10 4
10 1
9 5
6 #edges
0 10
0 9
10 2
10 1
2 4
9 5
6 #edges
0 10
0 9
10 2
10 4
9 1
1 5
6 #edges
0 10
0 9
10 2
2 4
9 1
1 5
6 #edges
0 10
0 9
10 5
10 2
10 4
9 1
6 #edges
0 10
0 9
10 5
10 2
2 4
9 1
6 #edges
5 1
0 10
0 9
10 5
10 2
10 4
6 #edges
5 1
0 10
0 9
10 5
10 2
2 4
6 #edges
0 10
0 9
10 2
10 4
10 1
1 5
6 #edges
0 10
0 9
10 2
10 1
2 4
1 5
6 #trees for patient 24
6 #edges
5 1
0 10
0 4
10 5
10 2
10 9
6 #edges
5 1
0 10
0 9
0 4
10 5
10 2
6 #edges
5 1
0 10
0 4
10 5
10 2
2 9
6 #edges
5 1
0 10
0 9
10 5
10 2
10 4
6 #edges
5 1
0 10
10 5
10 2
10 4
2 9
6 #edges
5 1
0 10
10 5
10 2
10 9
10 4
2 #trees for patient 25
6 #edges
5 1
0 10
0 9
10 5
10 2
10 4
6 #edges
5 1
0 10
10 5
10 2
10 4
1 9
6 #trees for patient 26
6 #edges
5 1
0 10
0 9
10 5
9 2
9 4
6 #edges
5 1
0 10
0 9
10 5
10 2
9 4
6 #edges
5 1
0 10
0 9
10 5
10 4
9 2
6 #edges
5 4
5 1
0 10
0 9
10 5
9 2
6 #edges
5 1
0 10
0 9
10 5
10 2
10 4
6 #edges
5 4
5 1
0 10
0 9
10 5
10 2
8 #trees for patient 27
6 #edges
0 10
0 9
10 5
10 2
10 4
10 1
6 #edges
5 1
0 10
0 9
10 5
10 2
10 4
6 #edges
0 10
0 9
10 5
10 2
10 4
4 1
6 #edges
0 10
0 9
10 2
10 4
10 1
4 5
6 #edges
0 10
0 9
10 2
10 4
10 1
1 5
6 #edges
0 10
0 9
10 2
10 4
4 5
4 1
6 #edges
5 1
0 10
0 9
10 2
10 4
4 5
6 #edges
0 10
0 9
10 2
10 4
4 1
1 5
4 #trees for patient 28
6 #edges
5 2
5 1
0 10
0 9
10 5
10 4
6 #edges
5 1
0 10
0 9
10 5
10 2
10 4
6 #edges
5 1
0 10
10 5
10 2
10 4
1 9
6 #edges
5 2
5 1
0 10
10 5
10 4
1 9
7 #trees for patient 29
6 #edges
0 10
0 9
0 1
10 5
10 2
10 4
6 #edges
0 5
0 10
0 9
0 1
10 2
10 4
6 #edges
0 5
0 10
0 9
10 2
10 4
10 1
6 #edges
5 1
0 5
0 10
0 9
10 2
10 4
6 #edges
0 5
0 10
0 9
10 2
10 4
9 1
6 #edges
0 10
0 9
10 5
10 2
10 4
9 1
6 #edges
5 1
0 10
0 9
10 5
10 2
10 4
7 #trees for patient 30
6 #edges
5 1
0 10
0 4
10 5
10 2
2 9
6 #edges
5 1
0 10
0 9
10 5
10 2
9 4
6 #edges
5 1
0 10
0 9
10 5
10 2
10 4
6 #edges
5 1
0 10
0 9
10 5
10 2
2 4
6 #edges
5 1
0 10
10 5
10 2
2 9
9 4
6 #edges
5 1
0 10
10 5
10 2
2 9
2 4
6 #edges
5 1
0 10
10 5
10 2
10 4
2 9
14 #trees for patient 31
6 #edges
0 10
0 9
10 2
10 4
10 1
2 5
6 #edges
0 10
0 9
10 2
10 4
10 1
1 5
6 #edges
5 1
0 10
0 9
10 5
10 2
10 4
6 #edges
0 10
0 9
10 5
10 2
10 4
2 1
6 #edges
0 10
0 9
10 2
10 4
2 5
2 1
6 #edges
5 1
0 10
0 9
10 2
10 4
2 5
6 #edges
0 10
0 9
10 2
10 4
2 1
1 5
6 #edges
5 1
0 10
10 2
10 4
2 5
2 9
6 #edges
0 10
10 2
10 4
2 5
2 9
2 1
6 #edges
0 10
10 2
10 4
10 1
2 5
2 9
6 #edges
0 10
10 2
10 4
2 9
2 1
1 5
6 #edges
0 10
10 5
10 2
10 4
2 9
2 1
6 #edges
0 10
10 2
10 4
10 1
2 9
1 5
6 #edges
5 1
0 10
10 5
10 2
10 4
2 9
2 #trees for patient 32
6 #edges
5 1
0 10
0 9
10 5
10 2
10 4
6 #edges
0 10
0 9
10 2
10 4
10 1
1 5
12 #trees for patient 33
6 #edges
0 10
0 9
10 1
9 2
9 4
1 5
6 #edges
5 1
0 10
0 9
10 5
9 2
9 4
6 #edges
5 1
0 10
0 9
10 5
10 4
9 2
6 #edges
0 10
0 9
10 4
10 1
9 2
1 5
6 #edges
5 1
0 10
0 9
10 5
10 2
9 4
6 #edges
5 1
0 10
0 9
10 5
10 2
10 4
6 #edges
0 10
0 9
10 2
10 1
9 4
1 5
6 #edges
0 10
0 9
10 2
10 4
10 1
1 5
6 #edges
0 10
0 9
10 4
10 1
4 2
1 5
6 #edges
5 1
0 10
0 9
10 5
10 4
4 2
6 #edges
5 1
0 10
0 9
10 5
9 4
4 2
6 #edges
0 10
0 9
10 1
9 4
4 2
1 5
6 #trees for patient 34
6 #edges
5 1
0 10
0 9
10 5
10 4
1 2
6 #edges
5 1
0 10
0 9
10 5
10 2
10 4
6 #edges
5 1
0 10
0 9
10 5
10 4
4 2
6 #edges
5 1
0 10
10 5
10 2
10 4
4 9
6 #edges
5 1
0 10
10 5
10 4
4 2
4 9
6 #edges
5 1
0 10
10 5
10 4
4 9
1 2
7 #trees for patient 35
6 #edges
5 1
0 10
0 9
10 5
10 2
10 4
6 #edges
5 1
0 10
0 9
10 5
10 4
1 2
6 #edges
5 1
0 10
10 5
10 2
10 4
2 9
6 #edges
5 1
0 10
10 5
10 2
10 4
1 9
6 #edges
5 1
0 10
10 5
10 9
10 4
1 2
6 #edges
5 1
0 10
10 5
10 4
1 2
1 9
6 #edges
5 1
0 10
10 5
10 4
2 9
1 2
14 #trees for patient 36
6 #edges
0 10
0 9
10 5
10 2
10 4
4 1
6 #edges
0 10
0 9
10 5
10 2
10 4
10 1
6 #edges
5 1
0 10
0 9
10 5
10 2
10 4
6 #edges
0 10
0 9
10 2
10 4
4 1
1 5
6 #edges
0 10
0 9
10 2
10 4
10 1
4 5
6 #edges
5 1
0 10
0 9
10 2
10 4
4 5
6 #edges
0 10
0 9
10 2
10 4
10 1
1 5
6 #edges
0 10
10 5
10 2
10 4
10 1
2 9
6 #edges
0 10
10 2
10 4
10 1
2 9
4 5
6 #edges
0 10
10 2
10 4
10 1
2 9
1 5
6 #edges
5 1
0 10
10 5
10 2
10 4
2 9
6 #edges
0 10
10 5
10 2
10 4
2 9
4 1
6 #edges
0 10
10 2
10 4
2 9
4 1
1 5
6 #edges
5 1
0 10
10 2
10 4
2 9
4 5
14 #trees for patient 37
6 #edges
5 1
0 10
0 9
10 4
9 5
4 2
6 #edges
5 1
0 10
0 9
10 2
10 4
9 5
6 #edges
0 10
0 9
10 2
10 4
9 5
9 1
6 #edges
0 10
0 9
10 2
10 4
10 1
9 5
6 #edges
0 10
0 9
10 4
9 5
9 1
4 2
6 #edges
0 10
0 9
10 4
10 1
9 5
4 2
6 #edges
0 10
0 9
10 2
10 4
9 1
1 5
6 #edges
0 10
0 9
10 4
9 1
4 2
1 5
6 #edges
0 10
0 9
10 5
10 2
10 4
9 1
6 #edges
0 10
0 9
10 5
10 4
9 1
4 2
6 #edges
0 10
0 9
10 2
10 4
10 1
1 5
6 #edges
5 1
0 10
0 9
10 5
10 2
10 4
6 #edges
5 1
0 10
0 9
10 5
10 4
4 2
6 #edges
0 10
0 9
10 4
10 1
4 2
1 5
8 #trees for patient 38
6 #edges
0 10
0 9
0 4
10 5
10 1
1 2
6 #edges
5 2
0 10
0 9
0 4
10 5
10 1
6 #edges
5 1
0 10
0 9
0 4
10 5
10 2
6 #edges
5 1
0 10
0 9
0 4
10 5
1 2
6 #edges
5 1
0 10
0 9
10 5
10 2
10 4
6 #edges
5 2
0 10
0 9
10 5
10 4
10 1
6 #edges
0 10
0 9
10 5
10 4
10 1
1 2
6 #edges
5 1
0 10
0 9
10 5
10 4
1 2
2 #trees for patient 39
6 #edges
5 1
0 10
0 9
10 5
10 2
10 4
6 #edges
5 4
5 1
0 10
0 9
10 5
10 2
14 #trees for patient 40
6 #edges
0 10
0 9
0 1
10 5
10 2
10 4
6 #edges
0 10
0 9
0 1
10 2
10 4
1 5
6 #edges
0 5
0 10
0 9
0 1
10 2
10 4
6 #edges
0 10
0 9
0 1
10 4
4 2
1 5
6 #edges
0 5
0 10
0 9
0 1
10 4
4 2
6 #edges
0 10
0 9
0 1
10 5
10 4
4 2
6 #edges
5 1
0 5
0 10
0 9
10 2
10 4
6 #edges
5 1
0 5
0 10
0 9
10 4
4 2
6 #edges
0 5
0 10
0 9
10 2
10 4
10 1
6 #edges
0 5
0 10
0 9
10 4
10 1
4 2
6 #edges
0 10
0 9
10 2
10 4
10 1
1 5
6 #edges
0 10
0 9
10 4
10 1
4 2
1 5
6 #edges
5 1
0 10
0 9
10 5
10 2
10 4
6 #edges
5 1
0 10
0 9
10 5
10 4
4 2
2 #trees for patient 41
6 #edges
5 1
0 10
0 9
10 5
10 2
10 4
6 #edges
5 1
0 10
0 9
10 5
10 4
1 2
4 #trees for patient 42
6 #edges
5 1
0 10
0 9
10 5
10 4
9 2
6 #edges
5 4
5 1
0 10
0 9
10 5
9 2
6 #edges
5 4
5 1
0 10
0 9
10 5
10 2
6 #edges
5 1
0 10
0 9
10 5
10 2
10 4
6 #trees for patient 43
6 #edges
5 1
0 10
0 9
10 5
10 2
10 4
6 #edges
0 10
0 9
10 2
10 4
10 1
1 5
6 #edges
5 1
0 10
10 5
10 2
10 4
2 9
6 #edges
5 1
0 10
10 5
10 2
10 4
1 9
6 #edges
0 10
10 2
10 4
10 1
2 9
1 5
6 #edges
5 9
0 10
10 2
10 4
10 1
1 5
13 #trees for patient 44
6 #edges
5 1
0 10
0 4
10 5
10 2
2 9
6 #edges
5 1
0 10
0 4
10 5
10 2
10 9
6 #edges
5 1
0 10
0 9
10 5
10 2
9 4
6 #edges
5 4
5 1
0 10
0 9
10 5
10 2
6 #edges
5 1
0 10
0 9
10 5
10 2
10 4
6 #edges
5 1
0 10
0 9
10 5
10 2
2 4
6 #edges
5 1
0 10
10 5
10 2
10 9
2 4
6 #edges
5 1
0 10
10 5
10 2
10 9
9 4
6 #edges
5 1
0 10
10 5
10 2
10 9
10 4
6 #edges
5 4
5 1
0 10
10 5
10 2
10 9
6 #edges
5 1
0 10
10 5
10 2
10 4
2 9
6 #edges
5 4
5 1
0 10
10 5
10 2
2 9
6 #edges
5 1
0 10
10 5
10 2
2 9
9 4
16 #trees for patient 45
6 #edges
5 1
0 10
0 9
10 5
10 2
10 4
6 #edges
0 10
0 9
10 5
10 2
10 4
2 1
6 #edges
5 1
0 10
0 9
10 2
10 4
2 5
6 #edges
0 10
0 9
10 2
10 4
10 1
2 5
6 #edges
0 10
0 9
10 2
10 4
2 1
1 5
6 #edges
0 10
0 9
10 2
10 4
10 1
1 5
6 #edges
5 1
0 10
0 9
10 5
10 2
2 4
6 #edges
0 10
0 9
10 2
10 1
2 4
1 5
6 #edges
5 1
0 10
0 9
10 2
2 5
1 4
6 #edges
5 4
0 10
0 9
10 2
10 1
2 5
6 #edges
0 10
0 9
10 2
10 1
2 5
1 4
6 #edges
5 1
0 10
0 9
10 5
10 2
1 4
6 #edges
5 4
0 10
0 9
10 5
10 2
2 1
6 #edges
0 10
0 9
10 5
10 2
2 1
1 4
6 #edges
5 4
0 10
0 9
10 2
10 1
1 5
6 #edges
5 4
0 10
0 9
10 2
2 1
1 5
4 #trees for patient 46
6 #edges
5 1
0 10
0 9
10 5
10 2
10 4
6 #edges
5 1
0 10
0 9
10 5
10 4
1 2
6 #edges
0 10
0 9
10 2
10 4
10 1
1 5
6 #edges
5 2
0 10
0 9
10 4
10 1
1 5
4 #trees for patient 47
6 #edges
0 10
0 9
10 2
10 4
10 1
1 5
6 #edges
5 1
0 10
0 9
10 5
10 2
10 4
6 #edges
5 1
0 10
10 5
10 2
10 4
1 9
6 #edges
5 9
0 10
10 2
10 4
10 1
1 5
1 #trees for patient 48
6 #edges
5 1
0 10
0 9
10 5
10 2
10 4
4 #trees for patient 49
6 #edges
5 1
0 10
0 9
10 5
10 2
10 4
6 #edges
0 10
0 9
10 2
10 4
10 1
1 5
6 #edges
0 10
0 9
10 2
10 1
2 4
1 5
6 #edges
5 1
0 10
0 9
10 5
10 2
2 4
12 #trees for patient 50
6 #edges
0 10
0 9
10 5
9 4
9 1
4 2
6 #edges
0 10
0 9
10 5
9 2
9 4
9 1
6 #edges
0 10
0 9
10 5
10 2
9 4
9 1
6 #edges
5 1
0 10
0 9
10 5
9 4
4 2
6 #edges
5 1
0 10
0 9
10 5
10 2
9 4
6 #edges
5 1
0 10
0 9
10 5
9 2
9 4
6 #edges
5 1
0 10
0 9
10 5
10 2
10 4
6 #edges
0 10
0 9
10 5
10 2
10 4
9 1
6 #edges
5 1
0 10
0 9
10 5
10 4
9 2
6 #edges
5 1
0 10
0 9
10 5
10 4
4 2
6 #edges
0 10
0 9
10 5
10 4
9 1
4 2
6 #edges
0 10
0 9
10 5
10 4
9 2
9 1
8 #trees for patient 51
6 #edges
5 1
0 10
0 2
0 9
10 5
10 4
6 #edges
5 1
0 10
0 2
0 9
0 4
10 5
6 #edges
5 1
0 10
0 9
0 4
10 5
10 2
6 #edges
5 1
0 10
0 9
0 4
10 5
4 2
6 #edges
5 2
5 1
0 10
0 9
0 4
10 5
6 #edges
5 1
0 10
0 9
10 5
10 2
10 4
6 #edges
5 1
0 10
0 9
10 5
10 4
4 2
6 #edges
5 2
5 1
0 10
0 9
10 5
10 4
14 #trees for patient 52
6 #edges
0 10
0 9
10 5
10 2
10 4
4 1
6 #edges
5 1
0 10
0 9
10 5
10 2
10 4
6 #edges
0 10
0 9
10 2
10 4
4 5
4 1
6 #edges
0 10
0 9
10 2
10 4
4 1
1 5
6 #edges
0 10
0 9
10 2
10 4
10 1
4 5
6 #edges
5 1
0 10
0 9
10 2
10 4
4 5
6 #edges
0 10
0 9
10 2
10 4
10 1
1 5
6 #edges
5 1
0 10
10 5
10 2
10 4
2 9
6 #edges
0 10
10 5
10 2
10 4
2 9
4 1
6 #edges
0 10
10 2
10 4
10 1
2 9
1 5
6 #edges
0 10
10 2
10 4
10 1
2 9
4 5
6 #edges
0 10
10 2
10 4
2 9
4 5
4 1
6 #edges
5 1
0 10
10 2
10 4
2 9
4 5
6 #edges
0 10
10 2
10 4
2 9
4 1
1 5
6 #trees for patient 53
6 #edges
0 10
0 9
0 4
10 5
10 2
2 1
6 #edges
5 1
0 10
0 9
0 4
10 5
10 2
6 #edges
0 10
0 9
10 5
10 2
2 1
9 4
6 #edges
5 1
0 10
0 9
10 5
10 2
9 4
6 #edges
5 1
0 10
0 9
10 5
10 2
10 4
6 #edges
0 10
0 9
10 5
10 2
10 4
2 1
6 #trees for patient 54
6 #edges
5 1
0 10
0 9
10 5
10 2
10 4
6 #edges
5 1
0 10
0 9
10 5
10 4
4 2
6 #edges
5 9
5 1
0 10
10 5
10 2
10 4
6 #edges
5 1
0 10
10 5
10 2
10 4
1 9
6 #edges
5 9
5 1
0 10
10 5
10 4
4 2
6 #edges
5 1
0 10
10 5
10 4
4 2
1 9
4 #trees for patient 55
6 #edges
5 1
0 10
0 9
10 5
10 4
4 2
6 #edges
5 1
0 10
0 9
10 5
10 2
10 4
6 #edges
0 10
0 9
10 2
10 4
10 1
1 5
6 #edges
0 10
0 9
10 4
10 1
4 2
1 5
26 #trees for patient 56
6 #edges
5 1
0 10
0 9
10 5
10 2
10 4
6 #edges
0 10
0 9
10 5
10 2
10 4
4 1
6 #edges
0 10
0 9
10 2
10 4
10 1
1 5
6 #edges
0 10
0 9
10 2
10 4
10 1
4 5
6 #edges
0 10
0 9
10 2
10 4
4 5
4 1
6 #edges
0 10
0 9
10 2
10 4
4 1
1 5
6 #edges
5 1
0 10
0 9
10 2
10 4
4 5
6 #edges
0 10
10 2
10 9
10 4
4 1
1 5
6 #edges
0 10
10 2
10 9
10 4
4 5
4 1
6 #edges
5 1
0 10
10 2
10 9
10 4
4 5
6 #edges
5 9
0 10
10 2
10 4
10 1
1 5
6 #edges
0 10
10 2
10 4
10 1
4 9
1 5
6 #edges
0 10
10 2
10 4
10 1
4 5
1 9
6 #edges
0 10
10 2
10 4
10 1
4 5
4 9
6 #edges
5 9
0 10
10 2
10 4
10 1
4 5
6 #edges
5 1
0 10
10 2
10 4
4 5
4 9
6 #edges
0 10
10 5
10 2
10 4
4 9
4 1
6 #edges
0 10
10 2
10 4
4 9
4 1
1 5
6 #edges
5 1
0 10
10 5
10 2
10 4
4 9
6 #edges
0 10
10 5
10 2
10 4
4 1
1 9
6 #edges
0 10
10 2
10 4
4 5
4 1
1 9
6 #edges
5 9
0 10
10 5
10 2
10 4
4 1
6 #edges
5 9
0 10
10 2
10 4
4 1
1 5
6 #edges
5 9
0 10
10 2
10 4
4 5
4 1
6 #edges
5 1
0 10
10 5
10 2
10 4
1 9
6 #edges
5 1
0 10
10 2
10 4
4 5
1 9
4 #trees for patient 57
6 #edges
5 1
0 10
0 9
10 5
10 2
10 4
6 #edges
0 10
0 9
10 2
10 4
10 1
1 5
6 #edges
0 10
0 9
10 2
10 1
9 4
1 5
6 #edges
5 1
0 10
0 9
10 5
10 2
9 4
8 #trees for patient 58
6 #edges
5 4
0 10
0 9
10 2
10 1
1 5
6 #edges
0 10
0 9
10 2
10 4
10 1
1 5
6 #edges
5 1
0 10
0 9
10 5
10 2
10 4
6 #edges
5 1
0 10
0 9
10 5
10 2
1 4
6 #edges
0 10
10 2
10 4
10 1
2 9
1 5
6 #edges
5 1
0 10
10 5
10 2
10 4
2 9
6 #edges
5 4
0 10
10 2
10 1
2 9
1 5
6 #edges
5 1
0 10
10 5
10 2
2 9
1 4
12 #trees for patient 59
6 #edges
0 10
0 1
10 5
10 2
10 4
2 9
6 #edges
0 10
0 1
10 2
10 4
2 9
1 5
6 #edges
5 1
0 5
0 10
10 2
10 4
2 9
6 #edges
0 5
0 10
10 2
10 4
10 1
2 9
6 #edges
0 10
0 9
10 5
10 2
10 4
2 1
6 #edges
0 10
0 9
10 2
10 4
2 1
1 5
6 #edges
5 1
0 10
0 9
10 5
10 2
10 4
6 #edges
0 10
0 9
10 2
10 4
10 1
2 5
6 #edges
0 10
0 9
10 2
10 4
10 1
1 5
6 #edges
5 1
0 10
0 9
10 2
10 4
2 5
6 #edges
0 10
10 2
10 4
10 1
2 9
1 5
6 #edges
5 1
0 10
10 5
10 2
10 4
2 9
6 #trees for patient 60
6 #edges
0 10
0 9
10 5
10 2
10 4
10 1
6 #edges
0 10
0 9
10 5
10 2
10 4
4 1
6 #edges
5 1
0 10
0 9
10 5
10 2
10 4
6 #edges
0 10
10 5
10 2
10 4
10 1
2 9
6 #edges
5 1
0 10
10 5
10 2
10 4
2 9
6 #edges
0 10
10 5
10 2
10 4
2 9
4 1
4 #trees for patient 61
6 #edges
0 10
0 9
10 5
10 2
10 4
9 1
6 #edges
5 2
0 10
0 9
10 5
10 4
9 1
6 #edges
5 1
0 10
0 9
10 5
10 2
10 4
6 #edges
5 2
5 1
0 10
0 9
10 5
10 4
4 #trees for patient 62
6 #edges
5 1
0 10
0 9
10 5
10 2
10 4
6 #edges
0 10
0 9
10 2
10 4
10 1
1 5
6 #edges
5 4
0 10
0 9
10 2
10 1
1 5
6 #edges
5 1
0 10
0 9
10 5
10 2
1 4
7 #trees for patient 63
6 #edges
0 10
0 9
10 2
10 4
10 1
4 5
6 #edges
0 10
0 9
10 2
10 4
4 5
4 1
6 #edges
5 1
0 10
0 9
10 2
10 4
4 5
6 #edges
0 10
0 9
10 5
10 2
10 4
4 1
6 #edges
0 10
0 9
10 2
10 4
4 1
1 5
6 #edges
0 10
0 9
10 2
10 4
10 1
1 5
6 #edges
5 1
0 10
0 9
10 5
10 2
10 4
5 #trees for patient 64
6 #edges
5 1
0 10
0 9
10 5
10 2
10 4
6 #edges
0 10
0 9
10 5
10 2
10 4
4 1
6 #edges
5 4
5 1
0 10
0 9
10 5
10 2
6 #edges
5 4
0 10
0 9
10 5
10 2
10 1
6 #edges
5 4
0 10
0 9
10 5
10 2
4 1
2 #trees for patient 65
6 #edges
5 1
0 10
0 9
10 5
10 2
10 4
6 #edges
5 1
0 10
0 9
10 5
10 2
1 4
4 #trees for patient 66
6 #edges
0 10
0 9
10 2
10 1
9 4
1 5
6 #edges
5 1
0 10
0 9
10 5
10 2
9 4
6 #edges
0 10
0 9
10 2
10 4
10 1
1 5
6 #edges
5 1
0 10
0 9
10 5
10 2
10 4
4 #trees for patient 67
6 #edges
5 1
0 10
0 9
10 5
10 2
10 4
6 #edges
0 10
0 9
10 2
10 4
10 1
1 5
6 #edges
0 10
0 9
10 2
10 1
9 4
1 5
6 #edges
5 1
0 10
0 9
10 5
10 2
9 4
4 #trees for patient 68
6 #edges
5 1
0 10
0 2
0 9
10 5
10 4
6 #edges
5 1
0 10
0 2
10 5
10 4
1 9
6 #edges
5 1
0 10
0 9
10 5
10 2
10 4
6 #edges
5 1
0 10
10 5
10 2
10 4
1 9
10 #trees for patient 69
6 #edges
5 1
0 10
0 9
10 5
10 2
10 4
6 #edges
5 1
0 10
0 9
10 5
10 2
2 4
6 #edges
5 1
0 10
10 5
10 2
10 9
10 4
6 #edges
5 1
0 10
10 5
10 2
10 4
4 9
6 #edges
5 1
0 10
10 5
10 2
10 4
2 9
6 #edges
5 9
5 1
0 10
10 5
10 2
10 4
6 #edges
5 1
0 10
10 5
10 2
10 9
2 4
6 #edges
5 1
0 10
10 5
10 2
2 9
2 4
6 #edges
5 1
0 10
10 5
10 2
2 4
4 9
6 #edges
5 9
5 1
0 10
10 5
10 2
2 4
72 #trees for patient 70
6 #edges
0 10
0 2
0 1
10 4
4 9
1 5
6 #edges
0 5
0 10
0 2
0 1
10 4
4 9
6 #edges
0 10
0 2
0 1
10 5
10 4
4 9
6 #edges
0 10
0 2
0 1
10 4
4 5
4 9
6 #edges
0 10
0 2
0 1
10 4
9 5
4 9
6 #edges
0 10
0 2
0 9
10 4
9 5
9 1
6 #edges
0 10
0 2
0 9
10 4
10 1
9 5
6 #edges
5 1
0 10
0 2
0 9
10 4
9 5
6 #edges
0 10
0 2
0 9
10 4
9 5
4 1
6 #edges
0 10
0 2
0 9
10 4
10 1
1 5
6 #edges
0 10
0 2
0 9
10 4
10 1
4 5
6 #edges
5 1
0 10
0 2
0 9
10 5
10 4
6 #edges
0 10
0 2
0 9
10 5
10 4
4 1
6 #edges
0 10
0 2
0 9
10 5
10 4
9 1
6 #edges
5 1
0 10
0 2
0 9
10 4
4 5
6 #edges
0 10
0 2
0 9
10 4
4 5
4 1
6 #edges
0 10
0 2
0 9
10 4
9 1
4 5
6 #edges
0 10
0 2
0 9
10 4
4 1
1 5
6 #edges
0 10
0 2
0 9
10 4
9 1
1 5
6 #edges
5 1
0 5
0 10
0 2
10 4
4 9
6 #edges
0 5
0 10
0 2
10 4
4 9
4 1
6 #edges
0 5
0 10
0 2
10 4
10 1
4 9
6 #edges
0 5
0 10
0 2
10 4
9 1
4 9
6 #edges
5 1
0 10
0 2
10 5
10 4
4 9
6 #edges
0 10
0 2
10 5
10 4
4 9
4 1
6 #edges
0 10
0 2
10 5
10 4
9 1
4 9
6 #edges
0 10
0 2
10 4
10 1
4 9
1 5
6 #edges
0 10
0 2
10 4
10 1
9 5
4 9
6 #edges
0 10
0 2
10 4
10 1
4 5
4 9
6 #edges
5 1
0 10
0 2
10 4
4 5
4 9
6 #edges
0 10
0 2
10 4
9 1
4 5
4 9
6 #edges
0 10
0 2
10 4
9 5
4 9
4 1
6 #edges
0 10
0 2
10 4
4 9
4 1
1 5
6 #edges
5 1
0 10
0 2
10 4
9 5
4 9
6 #edges
0 10
0 2
10 4
9 5
9 1
4 9
6 #edges
0 10
0 2
10 4
9 1
4 9
1 5
6 #edges
0 10
0 1
10 2
10 4
4 9
1 5
6 #edges
0 10
0 1
10 5
10 2
10 4
4 9
6 #edges
0 10
0 1
10 2
10 4
4 5
4 9
6 #edges
0 5
0 10
0 1
10 2
10 4
4 9
6 #edges
0 10
0 1
10 2
10 4
9 5
4 9
6 #edges
5 1
0 5
0 10
10 2
10 4
4 9
6 #edges
0 5
0 10
10 2
10 4
10 1
4 9
6 #edges
0 5
0 10
10 2
10 4
9 1
4 9
6 #edges
0 5
0 10
10 2
10 4
4 9
4 1
6 #edges
0 10
0 9
10 5
10 2
10 4
4 1
6 #edges
0 10
0 9
10 5
10 2
10 4
9 1
6 #edges
5 1
0 10
0 9
10 5
10 2
10 4
6 #edges
0 10
0 9
10 2
10 4
9 1
4 5
6 #edges
0 10
0 9
10 2
10 4
9 1
1 5
6 #edges
0 10
0 9
10 2
10 4
9 5
9 1
6 #edges
5 1
0 10
0 9
10 2
10 4
9 5
6 #edges
0 10
0 9
10 2
10 4
9 5
4 1
6 #edges
0 10
0 9
10 2
10 4
10 1
9 5
6 #edges
0 10
0 9
10 2
10 4
4 1
1 5
6 #edges
0 10
0 9
10 2
10 4
4 5
4 1
6 #edges
0 10
0 9
10 2
10 4
10 1
4 5
6 #edges
5 1
0 10
0 9
10 2
10 4
4 5
6 #edges
0 10
0 9
10 2
10 4
10 1
1 5
6 #edges
0 10
10 2
10 4
10 1
4 9
1 5
6 #edges
0 10
10 2
10 4
10 1
9 5
4 9
6 #edges
0 10
10 2
10 4
10 1
4 5
4 9
6 #edges
0 10
10 5
10 2
10 4
4 9
4 1
6 #edges
0 10
10 5
10 2
10 4
9 1
4 9
6 #edges
5 1
0 10
10 5
10 2
10 4
4 9
6 #edges
0 10
10 2
10 4
9 5
4 9
4 1
6 #edges
0 10
10 2
10 4
4 9
4 1
1 5
6 #edges
5 1
0 10
10 2
10 4
4 5
4 9
6 #edges
0 10
10 2
10 4
9 1
4 5
4 9
6 #edges
0 10
10 2
10 4
9 5
9 1
4 9
6 #edges
5 1
0 10
10 2
10 4
9 5
4 9
6 #edges
0 10
10 2
10 4
9 1
4 9
1 5
2 #trees for patient 71
6 #edges
5 1
0 10
0 9
10 5
10 2
10 4
6 #edges
5 9
5 1
0 10
10 5
10 2
10 4
6 #trees for patient 72
6 #edges
5 1
0 10
0 9
10 5
10 2
10 4
6 #edges
0 10
0 9
10 5
10 2
10 4
4 1
6 #edges
0 10
0 9
10 2
10 4
10 1
4 5
6 #edges
0 10
0 9
10 2
10 4
10 1
1 5
6 #edges
5 1
0 10
0 9
10 2
10 4
4 5
6 #edges
0 10
0 9
10 2
10 4
4 1
1 5
2 #trees for patient 73
6 #edges
5 1
0 10
0 9
10 5
10 2
10 4
6 #edges
5 1
0 10
10 5
10 2
10 4
1 9
9 #trees for patient 74
6 #edges
5 1
0 10
0 9
10 5
10 2
10 4
6 #edges
5 1
0 10
0 9
10 5
10 2
2 4
6 #edges
5 1
0 10
0 9
10 5
10 2
1 4
6 #edges
5 1
0 10
10 5
10 2
10 9
10 4
6 #edges
5 9
5 1
0 10
10 5
10 2
10 4
6 #edges
5 9
5 1
0 10
10 5
10 2
2 4
6 #edges
5 1
0 10
10 5
10 2
10 9
2 4
6 #edges
5 1
0 10
10 5
10 2
10 9
1 4
6 #edges
5 9
5 1
0 10
10 5
10 2
1 4
4 #trees for patient 75
6 #edges
0 10
0 9
10 5
10 2
2 1
9 4
6 #edges
5 1
0 10
0 9
10 5
10 2
9 4
6 #edges
5 1
0 10
0 9
10 5
10 2
10 4
6 #edges
0 10
0 9
10 5
10 2
10 4
2 1
6 #trees for patient 76
6 #edges
0 10
0 9
10 2
10 4
9 1
1 5
6 #edges
0 10
0 9
10 5
10 2
10 4
9 1
6 #edges
5 1
0 10
0 9
10 2
10 4
9 5
6 #edges
0 10
0 9
10 2
10 4
10 1
9 5
6 #edges
0 10
0 9
10 2
10 4
10 1
1 5
6 #edges
5 1
0 10
0 9
10 5
10 2
10 4
4 #trees for patient 77
6 #edges
5 1
0 10
0 4
10 5
10 2
10 9
6 #edges
5 1
0 10
0 9
10 5
10 2
9 4
6 #edges
5 1
0 10
0 9
10 5
10 2
10 4
6 #edges
5 1
0 10
10 5
10 2
10 9
9 4
4 #trees for patient 78
6 #edges
5 1
0 10
0 2
0 9
10 5
10 4
6 #edges
5 1
0 10
0 2
0 9
10 5
9 4
6 #edges
5 1
0 10
0 9
10 5
10 2
9 4
6 #edges
5 1
0 10
0 9
10 5
10 2
10 4
2 #trees for patient 79
6 #edges
5 1
0 10
0 9
10 5
10 2
10 4
6 #edges
5 1
0 10
0 9
10 5
10 4
1 2
3 #trees for patient 80
6 #edges
5 1
0 10
0 9
10 5
10 2
10 4
6 #edges
5 9
5 1
0 10
10 5
10 2
10 4
6 #edges
5 1
0 10
10 5
10 2
10 4
1 9
6 #trees for patient 81
6 #edges
0 10
0 9
10 5
10 2
10 4
2 1
6 #edges
5 1
0 10
0 9
10 5
10 2
10 4
6 #edges
0 10
0 9
10 2
10 4
10 1
1 5
6 #edges
0 10
0 9
10 2
10 4
10 1
2 5
6 #edges
5 1
0 10
0 9
10 2
10 4
2 5
6 #edges
0 10
0 9
10 2
10 4
2 1
1 5
14 #trees for patient 82
6 #edges
5 1
0 10
0 9
10 4
9 5
9 2
6 #edges
0 10
0 9
10 4
9 5
9 2
9 1
6 #edges
0 10
0 9
10 4
10 1
9 5
9 2
6 #edges
0 10
0 9
10 4
9 2
9 1
1 5
6 #edges
0 10
0 9
10 5
10 4
9 2
9 1
6 #edges
0 10
0 9
10 4
10 1
9 2
1 5
6 #edges
5 1
0 10
0 9
10 5
10 4
9 2
6 #edges
0 10
0 9
10 2
10 4
9 5
9 1
6 #edges
5 1
0 10
0 9
10 2
10 4
9 5
6 #edges
0 10
0 9
10 2
10 4
10 1
9 5
6 #edges
0 10
0 9
10 5
10 2
10 4
9 1
6 #edges
5 1
0 10
0 9
10 5
10 2
10 4
6 #edges
0 10
0 9
10 2
10 4
10 1
1 5
6 #edges
0 10
0 9
10 2
10 4
9 1
1 5
6 #trees for patient 83
6 #edges
0 10
0 9
10 5
10 4
9 2
9 1
6 #edges
5 1
0 10
0 9
10 5
10 4
9 2
6 #edges
5 2
0 10
0 9
10 5
10 4
9 1
6 #edges
5 2
5 1
0 10
0 9
10 5
10 4
6 #edges
0 10
0 9
10 5
10 2
10 4
9 1
6 #edges
5 1
0 10
0 9
10 5
10 2
10 4
21 #trees for patient 84
6 #edges
0 10
0 9
10 5
10 2
10 4
10 1
6 #edges
0 10
0 9
10 5
10 2
10 4
4 1
6 #edges
5 1
0 10
0 9
10 5
10 2
10 4
6 #edges
0 10
0 9
10 2
10 4
10 1
1 5
6 #edges
0 10
0 9
10 2
10 4
10 1
4 5
6 #edges
0 10
0 9
10 2
10 4
4 1
1 5
6 #edges
5 1
0 10
0 9
10 2
10 4
4 5
6 #edges
0 10
10 5
10 2
10 4
10 1
2 9
6 #edges
0 10
10 5
10 2
10 9
10 4
10 1
6 #edges
0 10
10 5
10 2
10 9
10 4
4 1
6 #edges
0 10
10 5
10 2
10 4
2 9
4 1
6 #edges
5 1
0 10
10 5
10 2
10 9
10 4
6 #edges
5 1
0 10
10 5
10 2
10 4
2 9
6 #edges
0 10
10 2
10 9
10 4
4 1
1 5
6 #edges
0 10
10 2
10 4
2 9
4 1
1 5
6 #edges
0 10
10 2
10 4
10 1
2 9
4 5
6 #edges
5 1
0 10
10 2
10 4
2 9
4 5
6 #edges
0 10
10 2
10 4
10 1
2 9
1 5
6 #edges
0 10
10 2
10 9
10 4
10 1
4 5
6 #edges
0 10
10 2
10 9
10 4
10 1
1 5
6 #edges
5 1
0 10
10 2
10 9
10 4
4 5
4 #trees for patient 85
6 #edges
5 1
0 10
0 9
10 5
10 2
10 4
6 #edges
5 1
0 10
0 9
10 5
10 4
4 2
6 #edges
5 9
5 1
0 10
10 5
10 2
10 4
6 #edges
5 9
5 1
0 10
10 5
10 4
4 2
8 #trees for patient 86
6 #edges
0 10
0 9
10 2
10 4
10 1
1 5
6 #edges
5 1
0 10
0 9
10 5
10 2
10 4
6 #edges
5 1
0 10
0 9
10 5
10 4
1 2
6 #edges
5 2
0 10
0 9
10 4
10 1
1 5
6 #edges
0 10
10 2
10 4
10 1
4 9
1 5
6 #edges
5 2
0 10
10 4
10 1
4 9
1 5
6 #edges
5 1
0 10
10 5
10 2
10 4
4 9
6 #edges
5 1
0 10
10 5
10 4
4 9
1 2
2 #trees for patient 87
6 #edges
5 1
0 10
0 9
10 5
10 2
10 4
6 #edges
5 1
0 10
10 5
10 2
10 4
1 9
8 #trees for patient 88
6 #edges
5 1
0 10
0 9
10 5
10 4
9 2
6 #edges
0 10
0 9
10 4
10 1
9 2
1 5
6 #edges
5 1
0 10
0 9
10 5
9 2
9 4
6 #edges
0 10
0 9
10 1
9 2
9 4
1 5
6 #edges
5 1
0 10
0 9
10 5
10 2
9 4
6 #edges
0 10
0 9
10 2
10 1
9 4
1 5
6 #edges
5 1
0 10
0 9
10 5
10 2
10 4
6 #edges
0 10
0 9
10 2
10 4
10 1
1 5
10 #trees for patient 89
6 #edges
0 10
0 9
10 5
10 2
10 4
10 1
6 #edges
5 1
0 10
0 9
10 5
10 2
10 4
6 #edges
0 10
0 9
10 5
10 2
10 4
2 1
6 #edges
5 1
0 10
0 9
10 2
10 4
2 5
6 #edges
0 10
0 9
10 2
10 4
10 1
2 5
6 #edges
0 10
0 9
10 5
10 2
10 1
9 4
6 #edges
0 10
0 9
10 2
10 1
2 5
9 4
6 #edges
0 10
0 9
10 5
10 2
2 1
9 4
6 #edges
5 1
0 10
0 9
10 2
2 5
9 4
6 #edges
5 1
0 10
0 9
10 5
10 2
9 4
27 #trees for patient 90
6 #edges
0 10
0 9
10 2
10 4
2 5
2 1
6 #edges
5 1
0 10
0 9
10 2
10 4
2 5
6 #edges
0 10
0 9
10 2
10 4
10 1
2 5
6 #edges
0 10
0 9
10 2
10 4
2 1
1 5
6 #edges
0 10
0 9
10 5
10 2
10 4
2 1
6 #edges
5 1
0 10
0 9
10 5
10 2
10 4
6 #edges
0 10
0 9
10 2
10 4
10 1
1 5
6 #edges
0 10
10 5
10 2
10 4
2 9
2 1
6 #edges
0 10
10 5
10 2
10 4
2 1
1 9
6 #edges
5 9
0 10
10 5
10 2
10 4
2 1
6 #edges
0 10
10 2
10 4
2 5
2 1
1 9
6 #edges
0 10
10 2
10 9
10 4
2 1
1 5
6 #edges
5 9
0 10
10 2
10 4
2 1
1 5
6 #edges
0 10
10 2
10 4
2 9
2 1
1 5
6 #edges
0 10
10 2
10 9
10 4
2 5
2 1
6 #edges
0 10
10 2
10 4
2 5
2 9
2 1
6 #edges
5 9
0 10
10 2
10 4
2 5
2 1
6 #edges
5 1
0 10
10 5
10 2
10 4
1 9
6 #edges
5 1
0 10
10 5
10 2
10 4
2 9
6 #edges
5 1
0 10
10 2
10 9
10 4
2 5
6 #edges
0 10
10 2
10 4
10 1
2 5
2 9
6 #edges
5 9
0 10
10 2
10 4
10 1
2 5
6 #edges
0 10
10 2
10 4
10 1
2 5
1 9
6 #edges
0 10
10 2
10 4
10 1
2 9
1 5
6 #edges
5 9
0 10
10 2
10 4
10 1
1 5
6 #edges
5 1
0 10
10 2
10 4
2 5
2 9
6 #edges
5 1
0 10
10 2
10 4
2 5
1 9
9 #trees for patient 91
6 #edges
5 1
0 10
0 9
10 5
10 4
9 2
6 #edges
0 10
0 9
10 5
10 4
10 1
9 2
6 #edges
5 1
0 10
0 9
10 5
10 2
10 4
6 #edges
5 1
0 10
0 9
10 5
10 4
1 2
6 #edges
5 2
0 10
0 9
10 5
10 4
10 1
6 #edges
0 10
0 9
10 5
10 4
10 1
1 2
6 #edges
0 10
0 9
10 2
10 4
10 1
1 5
6 #edges
0 10
0 9
10 4
10 1
9 2
1 5
6 #edges
5 2
0 10
0 9
10 4
10 1
1 5
14 #trees for patient 92
6 #edges
0 10
0 9
10 5
10 2
2 1
9 4
6 #edges
5 1
0 10
0 9
10 5
10 2
9 4
6 #edges
0 10
0 9
10 2
2 1
9 4
1 5
6 #edges
0 10
0 9
10 2
2 5
2 1
9 4
6 #edges
5 1
0 10
0 9
10 2
2 5
9 4
6 #edges
0 10
0 9
10 2
10 1
2 5
9 4
6 #edges
0 10
0 9
10 2
10 1
9 4
1 5
6 #edges
0 10
0 9
10 2
10 4
10 1
2 5
6 #edges
0 10
0 9
10 2
10 4
10 1
1 5
6 #edges
0 10
0 9
10 5
10 2
10 4
2 1
6 #edges
0 10
0 9
10 2
10 4
2 1
1 5
6 #edges
0 10
0 9
10 2
10 4
2 5
2 1
6 #edges
5 1
0 10
0 9
10 2
10 4
2 5
6 #edges
5 1
0 10
0 9
10 5
10 2
10 4
14 #trees for patient 93
6 #edges
0 10
0 9
10 2
10 4
9 5
9 1
6 #edges
0 10
0 9
10 4
9 5
9 1
4 2
6 #edges
5 1
0 10
0 9
10 2
10 4
9 5
6 #edges
5 1
0 10
0 9
10 4
9 5
4 2
6 #edges
0 10
0 9
10 4
10 1
9 5
4 2
6 #edges
0 10
0 9
10 2
10 4
10 1
9 5
6 #edges
0 10
0 9
10 2
10 4
10 1
1 5
6 #edges
0 10
0 9
10 5
10 2
10 4
9 1
6 #edges
5 1
0 10
0 9
10 5
10 2
10 4
6 #edges
0 10
0 9
10 2
10 4
9 1
1 5
6 #edges
0 10
0 9
10 4
10 1
4 2
1 5
6 #edges
0 10
0 9
10 4
9 1
4 2
1 5
6 #edges
0 10
0 9
10 5
10 4
9 1
4 2
6 #edges
5 1
0 10
0 9
10 5
10 4
4 2
12 #trees for patient 94
6 #edges
0 10
0 9
0 1
10 2
9 4
1 5
6 #edges
0 10
0 9
0 1
10 2
10 4
1 5
6 #edges
0 10
0 9
0 1
10 5
10 2
9 4
6 #edges
0 10
0 9
0 1
10 5
10 2
10 4
6 #edges
0 5
0 10
0 9
10 2
10 4
10 1
6 #edges
5 1
0 5
0 10
0 9
10 2
10 4
6 #edges
5 1
0 5
0 10
0 9
10 2
9 4
6 #edges
0 5
0 10
0 9
10 2
10 1
9 4
6 #edges
5 1
0 10
0 9
10 5
10 2
10 4
6 #edges
5 1
0 10
0 9
10 5
10 2
9 4
6 #edges
0 10
0 9
10 2
10 4
10 1
1 5
6 #edges
0 10
0 9
10 2
10 1
9 4
1 5
2 #trees for patient 95
6 #edges
5 1
0 10
0 9
10 5
10 4
9 2
6 #edges
5 1
0 10
0 9
10 5
10 2
10 4
4 #trees for patient 96
6 #edges
0 10
0 9
10 2
10 4
10 1
1 5
6 #edges
5 1
0 10
0 9
10 5
10 2
10 4
6 #edges
5 1
0 10
0 9
10 5
10 4
1 2
6 #edges
5 2
0 10
0 9
10 4
10 1
1 5
12 #trees for patient 97
6 #edges
0 10
0 9
10 2
10 4
10 1
1 5
6 #edges
0 10
0 9
10 2
10 4
10 1
4 5
6 #edges
0 10
0 9
10 2
10 4
4 1
1 5
6 #edges
0 10
0 9
10 5
10 2
10 4
4 1
6 #edges
5 1
0 10
0 9
10 2
10 4
4 5
6 #edges
5 1
0 10
0 9
10 5
10 2
10 4
6 #edges
0 10
10 2
10 4
10 1
2 9
1 5
6 #edges
0 10
10 2
10 4
10 1
2 9
4 5
6 #edges
0 10
10 5
10 2
10 4
2 9
4 1
6 #edges
0 10
10 2
10 4
2 9
4 1
1 5
6 #edges
5 1
0 10
10 5
10 2
10 4
2 9
6 #edges
5 1
0 10
10 2
10 4
2 9
4 5
2 #trees for patient 98
6 #edges
5 1
0 10
0 9
10 5
10 4
9 2
6 #edges
5 1
0 10
0 9
10 5
10 2
10 4
32 #trees for patient 99
6 #edges
5 2
0 10
0 9
10 1
9 5
9 4
6 #edges
5 2
0 10
0 9
10 4
10 1
9 5
6 #edges
5 1
0 10
0 9
10 2
9 5
9 4
6 #edges
5 1
0 10
0 9
9 5
9 4
1 2
6 #edges
0 10
0 9
10 2
10 1
9 5
9 4
6 #edges
0 10
0 9
10 1
9 5
9 4
1 2
6 #edges
5 1
0 10
0 9
10 2
10 4
9 5
6 #edges
5 1
0 10
0 9
10 4
9 5
1 2
6 #edges
0 10
0 9
10 2
10 4
10 1
9 5
6 #edges
0 10
0 9
10 4
10 1
9 5
1 2
6 #edges
0 10
0 9
10 5
9 4
9 1
1 2
6 #edges
0 10
0 9
10 2
9 4
9 1
1 5
6 #edges
5 2
0 10
0 9
9 4
9 1
1 5
6 #edges
0 10
0 9
10 5
10 2
9 4
9 1
6 #edges
5 2
0 10
0 9
10 5
9 4
9 1
6 #edges
0 10
0 9
10 2
10 4
9 1
1 5
6 #edges
0 10
0 9
10 5
10 2
10 4
9 1
6 #edges
0 10
0 9
10 5
10 4
9 1
1 2
6 #edges
5 2
0 10
0 9
10 5
10 4
9 1
6 #edges
5 2
0 10
0 9
10 4
9 1
1 5
6 #edges
5 1
0 10
0 9
10 5
9 2
9 4
6 #edges
0 10
0 9
10 1
9 2
9 4
1 5
6 #edges
5 1
0 10
0 9
10 5
10 2
9 4
6 #edges
0 10
0 9
10 2
10 1
9 4
1 5
6 #edges
5 1
0 10
0 9
10 5
9 4
1 2
6 #edges
5 2
0 10
0 9
10 1
9 4
1 5
6 #edges
0 10
0 9
10 4
10 1
9 2
1 5
6 #edges
5 1
0 10
0 9
10 5
10 4
9 2
6 #edges
0 10
0 9
10 2
10 4
10 1
1 5
6 #edges
5 1
0 10
0 9
10 5
10 2
10 4
6 #edges
5 2
0 10
0 9
10 4
10 1
1 5
6 #edges
5 1
0 10
0 9
10 5
10 4
1 2
