100 # patients
9 #trees for patient 0
6 #edges
4 10
2 5
2 9
0 4
0 2
0 1
6 #edges
4 9
4 10
2 5
0 4
0 2
0 1
6 #edges
4 10
2 5
0 4
0 2
0 1
10 9
6 #edges
4 9
4 10
2 5
5 1
0 4
0 2
6 #edges
4 9
4 10
2 5
0 4
0 2
10 1
6 #edges
4 10
2 5
0 4
0 2
10 9
10 1
6 #edges
4 10
2 5
2 9
0 4
0 2
10 1
6 #edges
4 10
2 5
5 1
0 4
0 2
10 9
6 #edges
4 10
2 5
2 9
5 1
0 4
0 2
48 #trees for patient 1
6 #edges
0 2
0 5
0 1
0 10
9 4
10 9
6 #edges
0 2
0 5
0 1
0 10
1 4
10 9
6 #edges
0 2
0 5
0 1
0 10
1 9
10 4
6 #edges
0 2
0 5
0 1
0 10
9 4
1 9
6 #edges
4 9
0 2
0 5
0 1
0 10
10 4
6 #edges
4 9
0 2
0 5
0 1
0 10
1 4
6 #edges
4 9
2 5
0 2
0 1
0 10
1 4
6 #edges
2 5
0 2
0 1
0 10
1 4
10 9
6 #edges
2 5
0 2
0 1
0 10
9 4
10 9
6 #edges
4 9
2 5
0 2
0 1
0 10
10 4
6 #edges
2 5
0 2
0 1
0 10
1 9
10 4
6 #edges
2 5
0 2
0 1
0 10
9 4
1 9
6 #edges
0 2
0 5
0 9
0 1
9 10
1 4
6 #edges
0 2
0 5
0 9
0 1
9 10
10 4
6 #edges
2 5
0 2
0 9
0 1
9 10
1 4
6 #edges
2 5
0 2
0 9
0 1
9 10
10 4
6 #edges
4 10
0 2
0 5
0 9
0 1
9 4
6 #edges
0 2
0 5
0 9
0 1
9 4
1 10
6 #edges
0 2
0 5
0 9
0 1
1 10
10 4
6 #edges
4 10
0 2
0 5
0 9
0 1
1 4
6 #edges
4 10
2 5
0 2
0 9
0 1
1 4
6 #edges
4 10
2 5
0 2
0 9
0 1
9 4
6 #edges
2 5
0 2
0 9
0 1
9 4
1 10
6 #edges
2 5
0 2
0 9
0 1
1 10
10 4
6 #edges
4 9
0 4
0 2
0 5
0 1
1 10
6 #edges
4 9
0 4
0 2
0 5
0 1
9 10
6 #edges
4 10
0 4
0 2
0 5
0 1
1 9
6 #edges
4 10
0 4
0 2
0 5
0 1
10 9
6 #edges
0 4
0 2
0 5
0 1
9 10
1 9
6 #edges
0 4
0 2
0 5
0 1
1 10
10 9
6 #edges
2 5
0 4
0 2
0 1
1 10
10 9
6 #edges
4 9
2 5
0 4
0 2
0 1
1 10
6 #edges
2 5
0 4
0 2
0 1
9 10
1 9
6 #edges
4 10
2 5
0 4
0 2
0 1
1 9
6 #edges
4 10
2 5
0 4
0 2
0 1
10 9
6 #edges
4 9
2 5
0 4
0 2
0 1
9 10
6 #edges
4 9
0 2
0 5
0 1
9 10
1 4
6 #edges
4 10
0 2
0 5
0 1
1 4
10 9
6 #edges
4 9
0 2
0 5
0 1
1 10
10 4
6 #edges
0 2
0 5
0 1
9 4
1 10
10 9
6 #edges
0 2
0 5
0 1
9 10
1 9
10 4
6 #edges
4 10
0 2
0 5
0 1
9 4
1 9
6 #edges
2 5
0 2
0 1
9 4
1 10
10 9
6 #edges
4 9
2 5
0 2
0 1
1 10
10 4
6 #edges
4 10
2 5
0 2
0 1
1 4
10 9
6 #edges
4 9
2 5
0 2
0 1
9 10
1 4
6 #edges
2 5
0 2
0 1
9 10
1 9
10 4
6 #edges
4 10
2 5
0 2
0 1
9 4
1 9
2 #trees for patient 2
6 #edges
4 10
5 2
0 4
0 5
0 1
10 9
6 #edges
4 10
2 5
0 4
0 2
0 1
10 9
2 #trees for patient 3
6 #edges
4 9
2 5
0 2
0 1
0 10
10 4
6 #edges
4 10
2 5
0 4
0 2
0 1
10 9
8 #trees for patient 4
6 #edges
5 2
0 5
0 1
0 10
1 9
10 4
6 #edges
4 9
5 2
0 5
0 1
0 10
10 4
6 #edges
4 10
5 2
0 4
0 5
0 1
1 9
6 #edges
4 10
5 2
0 4
0 5
0 1
10 9
6 #edges
4 9
2 5
0 2
0 1
0 10
10 4
6 #edges
2 5
0 2
0 1
0 10
1 9
10 4
6 #edges
4 10
2 5
0 4
0 2
0 1
1 9
6 #edges
4 10
2 5
0 4
0 2
0 1
10 9
4 #trees for patient 5
6 #edges
4 9
2 5
0 2
0 1
0 10
10 4
6 #edges
4 9
5 2
0 5
0 1
0 10
10 4
6 #edges
4 10
2 5
0 4
0 2
0 1
10 9
6 #edges
4 10
5 2
0 4
0 5
0 1
10 9
6 #trees for patient 6
6 #edges
4 10
0 4
0 2
0 5
0 1
10 9
6 #edges
4 9
0 2
0 5
0 1
0 10
10 4
6 #edges
4 10
0 4
0 2
0 1
10 5
10 9
6 #edges
4 10
2 5
0 4
0 2
0 1
10 9
6 #edges
4 9
2 5
0 2
0 1
0 10
10 4
6 #edges
4 5
4 9
0 2
0 1
0 10
10 4
4 #trees for patient 7
6 #edges
4 9
5 2
0 4
0 5
0 1
9 10
6 #edges
4 10
5 2
0 4
0 5
0 1
10 9
6 #edges
4 10
2 5
0 4
0 2
0 1
10 9
6 #edges
4 9
2 5
0 4
0 2
0 1
9 10
6 #trees for patient 8
6 #edges
4 9
2 5
0 2
0 1
0 10
10 4
6 #edges
4 10
2 5
0 4
0 2
0 1
10 9
6 #edges
4 9
2 5
2 1
0 2
0 10
10 4
6 #edges
4 9
2 5
0 2
0 10
9 1
10 4
6 #edges
4 10
2 5
2 1
0 4
0 2
10 9
6 #edges
4 10
2 5
0 4
0 2
9 1
10 9
8 #trees for patient 9
6 #edges
4 9
5 2
0 5
0 1
0 10
10 4
6 #edges
4 9
2 5
0 2
0 1
0 10
10 4
6 #edges
4 10
2 5
0 4
0 2
0 1
10 9
6 #edges
4 10
5 2
0 4
0 5
0 1
10 9
6 #edges
4 10
5 2
0 4
0 5
10 9
10 1
6 #edges
4 9
4 1
5 2
0 5
0 10
10 4
6 #edges
4 9
4 1
2 5
0 2
0 10
10 4
6 #edges
4 10
2 5
0 4
0 2
10 9
10 1
8 #trees for patient 10
6 #edges
4 10
0 4
0 2
0 5
0 1
10 9
6 #edges
4 9
0 4
0 2
0 5
0 1
9 10
6 #edges
4 10
2 5
0 4
0 2
0 1
10 9
6 #edges
4 9
2 5
0 4
0 2
0 1
9 10
6 #edges
4 9
0 4
0 2
0 1
9 10
1 5
6 #edges
4 10
0 4
0 2
0 1
1 5
10 9
6 #edges
4 5
4 10
0 4
0 2
0 1
10 9
6 #edges
4 5
4 9
0 4
0 2
0 1
9 10
4 #trees for patient 11
6 #edges
4 9
2 5
0 4
0 2
0 1
9 10
6 #edges
4 10
2 5
0 4
0 2
0 1
10 9
6 #edges
4 10
0 4
0 2
0 1
1 5
10 9
6 #edges
4 9
0 4
0 2
0 1
9 10
1 5
12 #trees for patient 12
6 #edges
2 5
0 2
0 1
0 10
9 4
10 9
6 #edges
4 9
2 5
0 2
0 1
0 10
10 4
6 #edges
5 2
0 5
0 1
0 10
9 4
10 9
6 #edges
4 9
5 2
0 5
0 1
0 10
10 4
6 #edges
2 5
0 2
0 9
0 1
9 10
10 4
6 #edges
4 10
2 5
0 2
0 9
0 1
9 4
6 #edges
5 2
0 5
0 9
0 1
9 10
10 4
6 #edges
4 10
5 2
0 5
0 9
0 1
9 4
6 #edges
4 10
2 5
0 4
0 2
0 1
10 9
6 #edges
4 9
2 5
0 4
0 2
0 1
9 10
6 #edges
4 10
5 2
0 4
0 5
0 1
10 9
6 #edges
4 9
5 2
0 4
0 5
0 1
9 10
2 #trees for patient 13
6 #edges
4 9
2 5
0 4
0 2
0 1
9 10
6 #edges
4 10
2 5
0 4
0 2
0 1
10 9
8 #trees for patient 14
6 #edges
4 9
2 5
0 2
0 1
0 10
10 4
6 #edges
4 9
5 2
0 5
0 1
0 10
10 4
6 #edges
4 10
2 5
0 4
0 2
0 1
10 9
6 #edges
4 10
5 2
0 4
0 5
0 1
10 9
6 #edges
4 9
2 1
5 2
0 5
0 10
10 4
6 #edges
4 10
2 1
5 2
0 4
0 5
10 9
6 #edges
4 9
2 5
5 1
0 2
0 10
10 4
6 #edges
4 10
2 5
5 1
0 4
0 2
10 9
4 #trees for patient 15
6 #edges
4 10
2 5
0 4
0 2
0 1
10 9
6 #edges
4 9
2 5
0 2
0 1
0 10
10 4
6 #edges
4 9
2 5
2 1
0 2
0 10
10 4
6 #edges
4 10
2 5
2 1
0 4
0 2
10 9
12 #trees for patient 16
6 #edges
4 9
0 4
0 2
0 5
0 1
9 10
6 #edges
4 10
0 4
0 2
0 5
0 1
10 9
6 #edges
4 10
2 5
0 4
0 2
0 1
10 9
6 #edges
4 9
2 5
0 4
0 2
0 1
9 10
6 #edges
4 10
5 2
0 4
0 5
0 1
10 9
6 #edges
4 9
5 2
0 4
0 5
0 1
9 10
6 #edges
4 10
0 4
0 2
0 5
9 1
10 9
6 #edges
4 9
0 4
0 2
0 5
9 10
10 1
6 #edges
4 9
5 2
0 4
0 5
9 10
10 1
6 #edges
4 10
5 2
0 4
0 5
9 1
10 9
6 #edges
4 10
2 5
0 4
0 2
9 1
10 9
6 #edges
4 9
2 5
0 4
0 2
9 10
10 1
8 #trees for patient 17
6 #edges
4 10
2 5
0 4
0 2
0 1
10 9
6 #edges
4 9
2 5
0 4
0 2
0 1
9 10
6 #edges
4 9
5 2
0 4
0 5
0 1
9 10
6 #edges
4 10
5 2
0 4
0 5
0 1
10 9
6 #edges
4 9
2 1
5 2
0 4
0 5
9 10
6 #edges
4 10
2 1
5 2
0 4
0 5
10 9
6 #edges
4 9
2 5
5 1
0 4
0 2
9 10
6 #edges
4 10
2 5
5 1
0 4
0 2
10 9
2 #trees for patient 18
6 #edges
4 10
2 5
0 4
0 2
0 1
10 9
6 #edges
4 10
2 5
5 9
0 4
0 2
0 1
4 #trees for patient 19
6 #edges
4 9
2 5
0 2
0 1
0 10
10 4
6 #edges
2 5
5 9
0 2
0 1
0 10
10 4
6 #edges
4 10
2 5
0 4
0 2
0 1
10 9
6 #edges
4 10
2 5
5 9
0 4
0 2
0 1
12 #trees for patient 20
6 #edges
2 5
0 2
0 9
0 1
9 10
10 4
6 #edges
4 10
2 5
0 2
0 9
0 1
9 4
6 #edges
5 2
0 5
0 9
0 1
9 10
10 4
6 #edges
4 10
5 2
0 5
0 9
0 1
9 4
6 #edges
5 2
0 5
0 1
0 10
9 4
10 9
6 #edges
2 5
0 2
0 1
0 10
9 4
10 9
6 #edges
4 9
2 5
0 2
0 1
0 10
10 4
6 #edges
4 9
5 2
0 5
0 1
0 10
10 4
6 #edges
4 9
2 5
0 4
0 2
0 1
9 10
6 #edges
4 10
2 5
0 4
0 2
0 1
10 9
6 #edges
4 10
5 2
0 4
0 5
0 1
10 9
6 #edges
4 9
5 2
0 4
0 5
0 1
9 10
6 #trees for patient 21
6 #edges
4 9
2 5
0 4
0 2
0 1
1 10
6 #edges
4 9
2 5
0 4
0 2
0 1
9 10
6 #edges
2 5
0 4
0 2
0 1
1 10
10 9
6 #edges
4 10
2 5
0 4
0 2
0 1
1 9
6 #edges
2 5
0 4
0 2
0 1
9 10
1 9
6 #edges
4 10
2 5
0 4
0 2
0 1
10 9
4 #trees for patient 22
6 #edges
4 10
5 2
0 4
0 5
0 1
10 9
6 #edges
4 9
5 2
0 4
0 5
0 1
9 10
6 #edges
4 10
2 5
0 4
0 2
0 1
10 9
6 #edges
4 9
2 5
0 4
0 2
0 1
9 10
24 #trees for patient 23
6 #edges
2 5
0 2
0 1
0 10
9 4
10 9
6 #edges
2 5
0 2
0 1
0 10
1 4
10 9
6 #edges
2 5
0 2
0 1
0 10
1 9
10 4
6 #edges
2 5
0 2
0 1
0 10
9 4
1 9
6 #edges
4 9
2 5
0 2
0 1
0 10
10 4
6 #edges
4 9
2 5
0 2
0 1
0 10
1 4
6 #edges
4 10
2 5
0 2
0 9
0 1
1 4
6 #edges
2 5
0 2
0 9
0 1
9 10
1 4
6 #edges
2 5
0 2
0 9
0 1
1 10
10 4
6 #edges
2 5
0 2
0 9
0 1
9 4
1 10
6 #edges
4 10
2 5
0 2
0 9
0 1
9 4
6 #edges
2 5
0 2
0 9
0 1
9 10
10 4
6 #edges
4 9
2 5
0 4
0 2
0 1
9 10
6 #edges
4 9
2 5
0 4
0 2
0 1
1 10
6 #edges
2 5
0 4
0 2
0 1
1 10
10 9
6 #edges
2 5
0 4
0 2
0 1
9 10
1 9
6 #edges
4 10
2 5
0 4
0 2
0 1
1 9
6 #edges
4 10
2 5
0 4
0 2
0 1
10 9
6 #edges
4 10
2 5
0 2
0 1
9 4
1 9
6 #edges
2 5
0 2
0 1
9 10
1 9
10 4
6 #edges
4 9
2 5
0 2
0 1
9 10
1 4
6 #edges
4 10
2 5
0 2
0 1
1 4
10 9
6 #edges
2 5
0 2
0 1
9 4
1 10
10 9
6 #edges
4 9
2 5
0 2
0 1
1 10
10 4
24 #trees for patient 24
6 #edges
2 5
0 2
0 1
0 10
9 4
10 9
6 #edges
2 5
0 2
0 1
0 10
1 4
10 9
6 #edges
2 5
0 2
0 1
0 10
1 9
10 4
6 #edges
2 5
0 2
0 1
0 10
9 4
1 9
6 #edges
4 9
2 5
0 2
0 1
0 10
10 4
6 #edges
4 9
2 5
0 2
0 1
0 10
1 4
6 #edges
4 10
2 5
0 2
0 9
0 1
1 4
6 #edges
2 5
0 2
0 9
0 1
9 10
1 4
6 #edges
2 5
0 2
0 9
0 1
1 10
10 4
6 #edges
2 5
0 2
0 9
0 1
9 4
1 10
6 #edges
4 10
2 5
0 2
0 9
0 1
9 4
6 #edges
2 5
0 2
0 9
0 1
9 10
10 4
6 #edges
4 9
2 5
0 4
0 2
0 1
9 10
6 #edges
4 9
2 5
0 4
0 2
0 1
1 10
6 #edges
2 5
0 4
0 2
0 1
1 10
10 9
6 #edges
2 5
0 4
0 2
0 1
9 10
1 9
6 #edges
4 10
2 5
0 4
0 2
0 1
1 9
6 #edges
4 10
2 5
0 4
0 2
0 1
10 9
6 #edges
4 10
2 5
0 2
0 1
9 4
1 9
6 #edges
2 5
0 2
0 1
9 10
1 9
10 4
6 #edges
4 9
2 5
0 2
0 1
9 10
1 4
6 #edges
4 10
2 5
0 2
0 1
1 4
10 9
6 #edges
2 5
0 2
0 1
9 4
1 10
10 9
6 #edges
4 9
2 5
0 2
0 1
1 10
10 4
26 #trees for patient 25
6 #edges
5 2
0 5
0 9
0 1
0 10
9 4
6 #edges
5 2
0 4
0 5
0 9
0 1
0 10
6 #edges
5 2
0 5
0 9
0 1
0 10
10 4
6 #edges
4 9
5 2
0 4
0 5
0 1
0 10
6 #edges
5 2
0 4
0 5
0 1
0 10
10 9
6 #edges
5 2
0 5
0 1
0 10
9 4
10 9
6 #edges
4 9
5 2
0 5
0 1
0 10
10 4
6 #edges
5 2
0 4
0 5
0 9
0 1
9 10
6 #edges
4 10
5 2
0 4
0 5
0 9
0 1
6 #edges
5 2
0 5
0 9
0 1
9 10
10 4
6 #edges
4 10
5 2
0 5
0 9
0 1
9 4
6 #edges
4 9
5 2
0 4
0 5
0 1
9 10
6 #edges
4 10
5 2
0 4
0 5
0 1
10 9
6 #edges
2 5
0 4
0 2
0 1
0 10
10 9
6 #edges
4 9
2 5
0 4
0 2
0 1
0 10
6 #edges
2 5
0 4
0 2
0 9
0 1
0 10
6 #edges
2 5
0 2
0 9
0 1
0 10
10 4
6 #edges
4 9
2 5
0 2
0 1
0 10
10 4
6 #edges
2 5
0 2
0 1
0 10
9 4
10 9
6 #edges
2 5
0 2
0 9
0 1
0 10
9 4
6 #edges
4 10
2 5
0 4
0 2
0 9
0 1
6 #edges
2 5
0 4
0 2
0 9
0 1
9 10
6 #edges
4 10
2 5
0 2
0 9
0 1
9 4
6 #edges
2 5
0 2
0 9
0 1
9 10
10 4
6 #edges
4 9
2 5
0 4
0 2
0 1
9 10
6 #edges
4 10
2 5
0 4
0 2
0 1
10 9
4 #trees for patient 26
6 #edges
4 9
2 5
0 2
0 1
0 10
10 4
6 #edges
2 5
0 2
0 1
0 10
1 9
10 4
6 #edges
4 10
2 5
0 4
0 2
0 1
10 9
6 #edges
4 10
2 5
0 4
0 2
0 1
1 9
4 #trees for patient 27
6 #edges
4 5
4 9
0 4
0 2
0 1
9 10
6 #edges
4 9
2 5
0 4
0 2
0 1
9 10
6 #edges
4 10
2 5
0 4
0 2
0 1
10 9
6 #edges
4 5
4 10
0 4
0 2
0 1
10 9
4 #trees for patient 28
6 #edges
4 10
2 5
0 4
0 2
0 1
10 9
6 #edges
4 9
2 5
0 4
0 2
0 1
9 10
6 #edges
4 10
2 5
0 4
0 2
9 1
10 9
6 #edges
4 9
2 5
0 4
0 2
9 10
10 1
4 #trees for patient 29
6 #edges
5 6
5 2
5 8
0 5
8 9
9 3
6 #edges
5 6
5 2
5 9
0 5
8 3
9 8
6 #edges
5 6
5 8
0 5
8 9
9 2
9 3
6 #edges
5 6
5 9
0 5
8 2
8 3
9 8
2 #trees for patient 30
6 #edges
5 6
5 2
5 9
0 5
8 3
9 8
6 #edges
2 6
5 2
5 9
0 5
8 3
9 8
8 #trees for patient 31
6 #edges
5 6
5 9
0 2
0 5
8 3
9 8
6 #edges
5 6
5 9
0 2
0 5
3 8
9 3
6 #edges
5 9
0 2
0 5
8 3
9 6
9 8
6 #edges
5 9
0 2
0 5
3 8
9 6
9 3
6 #edges
5 6
5 2
5 9
0 5
8 3
9 8
6 #edges
5 6
5 2
5 9
0 5
3 8
9 3
6 #edges
5 2
5 9
0 5
8 3
9 6
9 8
6 #edges
5 2
5 9
0 5
3 8
9 6
9 3
4 #trees for patient 32
6 #edges
2 6
5 2
5 8
0 5
8 9
9 3
6 #edges
5 6
5 2
5 8
0 5
8 9
9 3
6 #edges
2 6
5 2
5 9
0 5
8 3
9 8
6 #edges
5 6
5 2
5 9
0 5
8 3
9 8
2 #trees for patient 33
6 #edges
5 6
5 2
5 9
0 5
8 3
9 8
6 #edges
5 6
5 9
0 5
8 3
3 2
9 8
157 #trees for patient 34
6 #edges
5 2
0 6
0 5
0 3
0 9
9 8
6 #edges
5 2
0 6
0 5
0 9
8 3
9 8
6 #edges
5 2
5 3
0 6
0 5
0 9
9 8
6 #edges
6 3
5 2
0 6
0 5
0 9
9 8
6 #edges
5 6
5 2
0 5
0 9
8 3
9 8
6 #edges
5 6
5 2
0 5
0 3
0 9
9 8
6 #edges
6 3
5 6
5 2
0 5
0 9
9 8
6 #edges
5 6
5 2
5 3
0 5
0 9
9 8
6 #edges
6 3
5 2
0 6
0 5
0 8
0 9
6 #edges
5 2
0 6
0 5
0 8
0 9
8 3
6 #edges
5 2
0 6
0 5
0 8
0 9
9 3
6 #edges
5 2
5 3
0 6
0 5
0 8
0 9
6 #edges
6 8
5 2
0 6
0 5
0 9
9 3
6 #edges
5 2
0 6
0 5
0 9
3 8
9 3
6 #edges
5 2
5 8
0 6
0 5
0 9
9 3
6 #edges
5 2
5 3
0 6
0 5
0 9
3 8
6 #edges
5 2
5 8
5 3
0 6
0 5
0 9
6 #edges
6 8
5 2
5 3
0 6
0 5
0 9
6 #edges
6 3
5 2
0 6
0 5
0 9
3 8
6 #edges
6 3
5 2
5 8
0 6
0 5
0 9
6 #edges
5 2
5 8
0 6
0 5
0 3
0 9
6 #edges
5 2
0 6
0 5
0 3
0 9
3 8
6 #edges
6 8
5 2
0 6
0 5
0 3
0 9
6 #edges
5 2
5 8
0 6
0 5
0 9
8 3
6 #edges
6 8
5 2
0 6
0 5
0 9
8 3
6 #edges
5 6
5 2
5 8
0 5
0 3
0 9
6 #edges
5 6
5 2
5 8
0 5
0 9
9 3
6 #edges
5 6
5 2
5 8
0 5
0 9
8 3
6 #edges
6 3
5 6
5 2
5 8
0 5
0 9
6 #edges
5 6
5 2
0 5
0 9
3 8
9 3
6 #edges
5 6
5 2
0 5
0 8
0 9
9 3
6 #edges
6 8
5 6
5 2
0 5
0 9
9 3
6 #edges
6 3
5 6
5 2
0 5
0 8
0 9
6 #edges
6 3
5 6
5 2
0 5
0 9
3 8
6 #edges
5 6
5 2
0 5
0 8
0 9
8 3
6 #edges
5 6
5 2
5 3
0 5
0 8
0 9
6 #edges
5 6
5 2
0 5
0 8
0 3
0 9
6 #edges
6 8
5 6
5 2
0 5
0 3
0 9
6 #edges
5 6
5 2
0 5
0 3
0 9
3 8
6 #edges
6 8
5 6
5 2
0 5
0 9
8 3
6 #edges
6 8
5 6
5 2
5 3
0 5
0 9
6 #edges
5 6
5 2
5 3
0 5
0 9
3 8
6 #edges
5 6
5 2
0 5
0 3
8 9
3 8
6 #edges
5 2
0 6
0 5
0 3
8 9
3 8
6 #edges
6 9
5 2
0 6
0 5
0 3
3 8
6 #edges
5 2
5 9
0 6
0 5
0 3
3 8
6 #edges
5 6
5 2
5 9
0 5
0 3
3 8
6 #edges
6 9
5 6
5 2
0 5
0 3
3 8
6 #edges
6 8
5 2
0 6
0 5
0 3
3 9
6 #edges
5 2
0 6
0 5
0 8
0 3
3 9
6 #edges
5 2
0 6
0 5
0 3
3 9
9 8
6 #edges
5 2
5 8
0 6
0 5
0 3
3 9
6 #edges
6 9
5 2
5 8
0 6
0 5
0 3
6 #edges
6 9
5 2
0 6
0 5
0 8
0 3
6 #edges
6 9
5 2
0 6
0 5
0 3
9 8
6 #edges
6 8
5 2
0 6
0 5
0 3
8 9
6 #edges
6 8
5 2
5 9
0 6
0 5
0 3
6 #edges
5 2
0 6
0 5
0 8
0 3
8 9
6 #edges
5 2
5 9
0 6
0 5
0 8
0 3
6 #edges
5 2
5 8
5 9
0 6
0 5
0 3
6 #edges
5 2
5 8
0 6
0 5
0 3
8 9
6 #edges
5 2
5 9
0 6
0 5
0 3
9 8
6 #edges
5 6
5 2
0 5
0 3
3 9
9 8
6 #edges
5 6
5 2
5 8
0 5
0 3
3 9
6 #edges
5 6
5 2
0 5
0 8
0 3
3 9
6 #edges
6 8
5 6
5 2
0 5
0 3
3 9
6 #edges
5 6
5 2
0 5
0 8
0 3
8 9
6 #edges
5 6
5 2
5 9
0 5
0 8
0 3
6 #edges
6 9
5 6
5 2
0 5
0 8
0 3
6 #edges
5 6
5 2
5 8
0 5
0 3
8 9
6 #edges
6 9
5 6
5 2
5 8
0 5
0 3
6 #edges
6 9
5 6
5 2
0 5
0 3
9 8
6 #edges
6 8
5 6
5 2
5 9
0 5
0 3
6 #edges
6 8
5 6
5 2
0 5
0 3
8 9
6 #edges
5 6
5 2
5 9
0 5
0 3
9 8
6 #edges
5 2
0 6
0 5
0 8
8 9
9 3
6 #edges
5 2
5 3
0 6
0 5
0 8
8 9
6 #edges
6 3
5 2
0 6
0 5
0 8
8 9
6 #edges
6 3
5 2
5 9
0 6
0 5
0 8
6 #edges
6 3
5 2
0 6
0 5
0 8
3 9
6 #edges
6 9
5 2
5 3
0 6
0 5
0 8
6 #edges
5 2
5 3
0 6
0 5
0 8
3 9
6 #edges
5 2
5 3
5 9
0 6
0 5
0 8
6 #edges
5 2
5 9
0 6
0 5
0 8
8 3
6 #edges
5 2
5 9
0 6
0 5
0 8
9 3
6 #edges
6 9
5 2
0 6
0 5
0 8
8 3
6 #edges
6 9
5 2
0 6
0 5
0 8
9 3
6 #edges
5 2
0 6
0 5
0 8
8 3
3 9
6 #edges
5 6
5 2
5 9
0 5
0 8
8 3
6 #edges
5 6
5 2
0 5
0 8
8 3
3 9
6 #edges
6 9
5 6
5 2
0 5
0 8
8 3
6 #edges
5 6
5 2
5 3
0 5
0 8
8 9
6 #edges
6 3
5 6
5 2
0 5
0 8
8 9
6 #edges
5 6
5 2
0 5
0 8
8 9
9 3
6 #edges
6 9
5 6
5 2
0 5
0 8
9 3
6 #edges
6 9
5 6
5 2
5 3
0 5
0 8
6 #edges
5 6
5 2
5 3
0 5
0 8
3 9
6 #edges
5 6
5 2
5 9
0 5
0 8
9 3
6 #edges
6 3
5 6
5 2
5 9
0 5
0 8
6 #edges
6 3
5 6
5 2
0 5
0 8
3 9
6 #edges
6 3
5 2
0 6
0 5
3 9
9 8
6 #edges
6 3
5 2
5 8
0 6
0 5
3 9
6 #edges
6 3
5 2
0 6
0 5
8 9
3 8
6 #edges
6 3
5 2
5 9
0 6
0 5
3 8
6 #edges
6 3
5 2
5 8
5 9
0 6
0 5
6 #edges
6 3
5 2
5 8
0 6
0 5
8 9
6 #edges
6 3
5 2
5 9
0 6
0 5
9 8
6 #edges
6 8
5 2
5 3
0 6
0 5
3 9
6 #edges
6 8
5 2
5 3
0 6
0 5
8 9
6 #edges
6 8
5 2
5 3
5 9
0 6
0 5
6 #edges
6 8
5 2
0 6
0 5
8 9
9 3
6 #edges
6 8
5 2
0 6
0 5
8 3
3 9
6 #edges
6 8
5 2
5 9
0 6
0 5
8 3
6 #edges
6 8
5 2
5 9
0 6
0 5
9 3
6 #edges
6 9
5 2
5 8
0 6
0 5
9 3
6 #edges
6 9
5 2
0 6
0 5
3 8
9 3
6 #edges
6 9
5 2
5 3
0 6
0 5
9 8
6 #edges
6 9
5 2
0 6
0 5
8 3
9 8
6 #edges
6 9
5 2
5 8
5 3
0 6
0 5
6 #edges
6 9
5 2
5 3
0 6
0 5
3 8
6 #edges
6 9
5 2
5 8
0 6
0 5
8 3
6 #edges
5 2
5 8
5 3
0 6
0 5
3 9
6 #edges
5 2
5 8
5 3
0 6
0 5
8 9
6 #edges
5 2
5 8
0 6
0 5
8 9
9 3
6 #edges
5 2
5 8
5 9
0 6
0 5
9 3
6 #edges
5 2
5 8
5 9
0 6
0 5
8 3
6 #edges
5 2
5 8
0 6
0 5
8 3
3 9
6 #edges
5 2
5 9
0 6
0 5
3 8
9 3
6 #edges
5 2
5 3
5 9
0 6
0 5
9 8
6 #edges
5 2
5 3
5 9
0 6
0 5
3 8
6 #edges
5 2
5 9
0 6
0 5
8 3
9 8
6 #edges
5 2
5 3
0 6
0 5
3 9
9 8
6 #edges
5 2
5 3
0 6
0 5
8 9
3 8
6 #edges
5 6
5 2
5 9
0 5
8 3
9 8
6 #edges
6 3
5 6
5 2
5 9
0 5
9 8
6 #edges
5 6
5 2
5 9
0 5
3 8
9 3
6 #edges
6 8
5 6
5 2
5 9
0 5
9 3
6 #edges
6 3
5 6
5 2
5 9
0 5
3 8
6 #edges
6 8
5 6
5 2
5 9
0 5
8 3
6 #edges
5 6
5 2
5 3
0 5
8 9
3 8
6 #edges
6 9
5 6
5 2
5 3
0 5
3 8
6 #edges
6 8
5 6
5 2
5 3
0 5
8 9
6 #edges
6 8
5 6
5 2
5 3
0 5
3 9
6 #edges
6 9
5 6
5 2
5 3
0 5
9 8
6 #edges
5 6
5 2
5 3
0 5
3 9
9 8
6 #edges
6 9
5 6
5 2
5 8
0 5
9 3
6 #edges
6 9
5 6
5 2
5 8
0 5
8 3
6 #edges
6 3
5 6
5 2
5 8
0 5
3 9
6 #edges
6 3
5 6
5 2
5 8
0 5
8 9
6 #edges
5 6
5 2
5 8
0 5
8 3
3 9
6 #edges
5 6
5 2
5 8
0 5
8 9
9 3
6 #edges
6 3
5 6
5 2
0 5
8 9
3 8
6 #edges
6 3
5 6
5 2
0 5
3 9
9 8
6 #edges
6 8
5 6
5 2
0 5
8 9
9 3
6 #edges
6 8
5 6
5 2
0 5
8 3
3 9
6 #edges
6 9
5 6
5 2
0 5
8 3
9 8
6 #edges
6 9
5 6
5 2
0 5
3 8
9 3
12 #trees for patient 35
6 #edges
5 6
5 2
5 8
0 5
8 9
9 3
6 #edges
5 2
5 8
0 5
8 9
3 6
9 3
6 #edges
5 6
5 2
5 8
0 5
8 3
3 9
6 #edges
5 2
5 8
0 5
8 3
3 9
9 6
6 #edges
5 6
5 2
5 9
0 5
3 8
9 3
6 #edges
5 6
5 2
5 9
0 5
8 3
9 8
6 #edges
5 2
5 9
0 5
8 6
3 8
9 3
6 #edges
5 2
5 9
0 5
8 3
3 6
9 8
6 #edges
5 6
5 2
5 3
0 5
3 9
9 8
6 #edges
5 6
5 2
5 3
0 5
8 9
3 8
6 #edges
5 2
5 3
0 5
8 9
3 8
9 6
6 #edges
5 2
5 3
0 5
8 6
3 9
9 8
1 #trees for patient 36
6 #edges
5 6
5 2
5 9
0 5
8 3
9 8
6 #trees for patient 37
6 #edges
5 6
5 2
5 9
0 5
0 3
9 8
6 #edges
5 6
5 2
5 8
0 5
0 3
8 9
6 #edges
5 6
5 2
5 9
0 5
8 3
9 8
6 #edges
2 3
5 6
5 2
5 9
0 5
9 8
6 #edges
5 6
5 2
5 8
0 5
8 9
9 3
6 #edges
2 3
5 6
5 2
5 8
0 5
8 9
4 #trees for patient 38
6 #edges
5 2
5 9
0 6
0 5
8 3
9 8
6 #edges
5 2
5 8
0 6
0 5
8 9
9 3
6 #edges
5 6
5 2
5 9
0 5
8 3
9 8
6 #edges
5 6
5 2
5 8
0 5
8 9
9 3
5 #trees for patient 39
6 #edges
6 3
5 6
5 2
5 9
0 5
9 8
6 #edges
5 6
5 2
5 9
0 5
8 3
9 8
6 #edges
5 2
5 3
5 9
0 5
8 6
9 8
6 #edges
6 3
5 2
5 9
0 5
8 6
9 8
6 #edges
5 2
5 9
0 5
8 6
8 3
9 8
2 #trees for patient 40
6 #edges
5 6
5 2
5 9
0 5
8 3
9 8
6 #edges
5 6
5 2
5 8
0 5
8 9
9 3
2 #trees for patient 41
6 #edges
5 6
5 2
5 9
0 5
8 3
9 8
6 #edges
5 6
5 9
0 5
8 2
8 3
9 8
57 #trees for patient 42
6 #edges
6 8
5 6
5 3
5 9
0 5
8 2
6 #edges
6 8
6 3
5 6
5 9
0 5
8 2
6 #edges
6 8
5 6
5 9
0 5
8 2
9 3
6 #edges
6 8
5 6
5 9
0 5
8 3
3 2
6 #edges
6 8
5 6
5 2
5 9
0 5
8 3
6 #edges
6 8
5 6
5 9
0 5
8 3
9 2
6 #edges
6 2
6 8
5 6
5 9
0 5
8 3
6 #edges
6 8
5 6
5 2
5 3
5 9
0 5
6 #edges
6 8
6 3
5 6
5 2
5 9
0 5
6 #edges
6 8
5 6
5 2
5 9
0 5
9 3
6 #edges
6 8
6 3
5 6
5 9
0 5
3 2
6 #edges
6 8
6 3
5 6
5 9
0 5
9 2
6 #edges
6 2
6 8
6 3
5 6
5 9
0 5
6 #edges
6 2
6 8
5 6
5 9
0 5
9 3
6 #edges
6 8
5 6
5 9
0 5
3 2
9 3
6 #edges
6 8
5 6
5 3
5 9
0 5
3 2
6 #edges
6 8
5 6
5 3
5 9
0 5
9 2
6 #edges
6 2
6 8
5 6
5 3
5 9
0 5
6 #edges
5 6
5 2
5 8
5 9
0 5
9 3
6 #edges
5 6
5 2
5 9
0 5
3 8
9 3
6 #edges
5 6
5 2
5 3
5 9
0 5
9 8
6 #edges
5 6
5 2
5 3
5 9
0 5
3 8
6 #edges
6 3
5 6
5 2
5 9
0 5
9 8
6 #edges
5 6
5 2
5 9
0 5
8 3
9 8
6 #edges
6 3
5 6
5 2
5 8
5 9
0 5
6 #edges
6 3
5 6
5 2
5 9
0 5
3 8
6 #edges
5 6
5 2
5 8
5 9
0 5
8 3
6 #edges
6 2
5 6
5 8
5 9
0 5
8 3
6 #edges
5 6
5 8
5 9
0 5
8 3
9 2
6 #edges
5 6
5 8
5 9
0 5
8 3
3 2
6 #edges
5 6
5 8
5 3
5 9
0 5
9 2
6 #edges
5 6
5 8
5 3
5 9
0 5
3 2
6 #edges
6 2
5 6
5 8
5 3
5 9
0 5
6 #edges
5 6
5 8
5 3
5 9
0 5
8 2
6 #edges
6 2
6 3
5 6
5 8
5 9
0 5
6 #edges
6 2
5 6
5 8
5 9
0 5
9 3
6 #edges
5 6
5 8
5 9
0 5
8 2
9 3
6 #edges
6 3
5 6
5 8
5 9
0 5
8 2
6 #edges
6 3
5 6
5 8
5 9
0 5
9 2
6 #edges
5 6
5 8
5 9
0 5
3 2
9 3
6 #edges
6 3
5 6
5 8
5 9
0 5
3 2
6 #edges
6 2
5 6
5 3
5 9
0 5
3 8
6 #edges
6 2
5 6
5 3
5 9
0 5
9 8
6 #edges
6 2
6 3
5 6
5 9
0 5
9 8
6 #edges
6 2
5 6
5 9
0 5
8 3
9 8
6 #edges
6 2
5 6
5 9
0 5
3 8
9 3
6 #edges
6 2
6 3
5 6
5 9
0 5
3 8
6 #edges
5 6
5 3
5 9
0 5
3 8
9 2
6 #edges
6 3
5 6
5 9
0 5
3 8
9 2
6 #edges
5 6
5 3
5 9
0 5
3 2
9 8
6 #edges
5 6
5 3
5 9
0 5
8 2
9 8
6 #edges
6 3
5 6
5 9
0 5
8 2
9 8
6 #edges
6 3
5 6
5 9
0 5
3 2
9 8
6 #edges
5 6
5 9
0 5
8 3
3 2
9 8
6 #edges
5 6
5 3
5 9
0 5
8 2
3 8
6 #edges
5 6
5 9
0 5
8 2
3 8
9 3
6 #edges
6 3
5 6
5 9
0 5
8 2
3 8
12 #trees for patient 43
6 #edges
11 9
0 8
0 3
0 10
3 7
10 11
6 #edges
0 8
0 3
0 10
8 9
3 7
10 11
6 #edges
0 7
0 8
0 3
0 10
8 9
10 11
6 #edges
11 9
0 7
0 8
0 3
0 10
10 11
6 #edges
11 10
0 7
0 11
0 8
0 3
8 9
6 #edges
11 10
0 7
0 11
0 8
0 3
10 9
6 #edges
11 10
0 11
0 8
0 3
8 9
3 7
6 #edges
11 10
0 11
0 8
0 3
3 7
10 9
6 #edges
7 3
11 10
0 7
0 11
0 8
10 9
6 #edges
7 3
11 10
0 7
0 11
0 8
8 9
6 #edges
7 3
0 7
0 8
0 10
8 9
10 11
6 #edges
7 3
11 9
0 7
0 8
0 10
10 11
14 #trees for patient 44
6 #edges
11 7
11 10
0 11
0 8
0 3
8 9
6 #edges
11 10
0 11
0 8
0 3
8 9
3 7
6 #edges
11 10
0 11
0 3
0 9
3 7
9 8
6 #edges
11 7
11 10
0 11
0 3
0 9
9 8
6 #edges
11 3
11 10
0 7
0 11
0 9
9 8
6 #edges
7 3
11 10
0 7
0 11
0 9
9 8
6 #edges
7 3
11 10
0 7
0 11
0 8
8 9
6 #edges
11 3
11 10
0 7
0 11
0 8
8 9
6 #edges
11 7
11 3
11 10
0 11
0 9
9 8
6 #edges
7 3
11 7
11 10
0 11
0 9
9 8
6 #edges
11 3
11 10
0 11
0 9
3 7
9 8
6 #edges
11 7
11 3
11 10
0 11
0 8
8 9
6 #edges
11 3
11 10
0 11
0 8
8 9
3 7
6 #edges
7 3
11 7
11 10
0 11
0 8
8 9
12 #trees for patient 45
6 #edges
11 8
0 11
0 3
0 10
8 9
3 7
6 #edges
11 9
0 11
0 3
0 10
3 7
9 8
6 #edges
11 8
0 11
0 3
0 9
3 7
9 10
6 #edges
11 8
0 11
0 3
0 9
8 10
3 7
6 #edges
11 10
0 11
0 3
0 9
3 7
9 8
6 #edges
0 11
0 3
0 9
8 10
3 7
9 8
6 #edges
11 10
0 11
0 8
0 3
8 9
3 7
6 #edges
0 11
0 8
0 3
8 9
3 7
9 10
6 #edges
11 9
0 11
0 8
0 3
8 10
3 7
6 #edges
11 9
0 11
0 8
0 3
3 7
9 10
6 #edges
11 8
0 11
0 3
8 9
3 7
9 10
6 #edges
11 9
0 11
0 3
8 10
3 7
9 8
4 #trees for patient 46
6 #edges
11 10
0 11
0 8
0 3
8 9
3 7
6 #edges
11 10
0 11
0 3
0 9
3 7
9 8
6 #edges
7 3
11 10
0 7
0 11
0 9
9 8
6 #edges
7 3
11 10
0 7
0 11
0 8
8 9
14 #trees for patient 47
6 #edges
11 8
11 10
0 11
0 3
0 9
3 7
6 #edges
11 10
0 11
0 3
0 9
3 7
9 8
6 #edges
7 3
11 10
0 7
0 11
0 9
9 8
6 #edges
7 3
11 8
11 10
0 7
0 11
0 9
6 #edges
11 9
11 10
0 11
0 8
0 3
3 7
6 #edges
11 10
0 11
0 8
0 3
8 9
3 7
6 #edges
7 3
11 9
11 10
0 7
0 11
0 8
6 #edges
7 3
11 10
0 7
0 11
0 8
8 9
6 #edges
11 8
11 9
11 10
0 11
0 3
3 7
6 #edges
11 8
11 10
0 11
0 3
8 9
3 7
6 #edges
11 9
11 10
0 11
0 3
3 7
9 8
6 #edges
7 3
11 8
11 9
11 10
0 7
0 11
6 #edges
7 3
11 9
11 10
0 7
0 11
9 8
6 #edges
7 3
11 8
11 10
0 7
0 11
8 9
6 #trees for patient 48
6 #edges
0 3
0 9
0 10
3 7
9 8
10 11
6 #edges
0 8
0 3
0 9
0 10
3 7
10 11
6 #edges
11 10
0 11
0 3
0 9
3 7
9 8
6 #edges
11 10
0 11
0 8
0 3
0 9
3 7
6 #edges
11 10
0 11
0 8
0 3
8 9
3 7
6 #edges
0 8
0 3
0 10
8 9
3 7
10 11
42 #trees for patient 49
6 #edges
11 10
0 11
0 8
0 3
0 9
3 7
6 #edges
11 10
0 11
0 8
0 3
0 9
10 7
6 #edges
11 10
0 11
0 3
0 9
3 7
9 8
6 #edges
11 10
0 11
0 3
0 9
9 8
10 7
6 #edges
11 8
11 10
0 11
0 3
0 9
10 7
6 #edges
11 8
11 10
0 11
0 3
0 9
3 7
6 #edges
7 3
11 8
11 10
0 7
0 11
0 9
6 #edges
7 3
11 10
0 7
0 11
0 9
9 8
6 #edges
7 3
11 10
0 7
0 11
0 8
0 9
6 #edges
11 10
0 7
0 11
0 9
9 8
10 3
6 #edges
11 10
0 7
0 11
0 8
0 9
10 3
6 #edges
11 8
11 10
0 7
0 11
0 9
10 3
6 #edges
11 10
0 11
0 9
3 7
9 8
10 3
6 #edges
7 3
11 10
0 11
0 9
9 8
10 7
6 #edges
7 3
11 8
11 10
0 11
0 9
10 7
6 #edges
7 3
11 10
0 11
0 8
0 9
10 7
6 #edges
11 8
11 10
0 11
0 9
3 7
10 3
6 #edges
11 10
0 11
0 8
0 9
3 7
10 3
6 #edges
7 3
11 10
0 7
0 11
0 8
8 9
6 #edges
11 10
0 7
0 11
0 8
8 9
10 3
6 #edges
7 3
11 9
11 10
0 7
0 11
0 8
6 #edges
11 9
11 10
0 7
0 11
0 8
10 3
6 #edges
11 10
0 11
0 8
0 3
8 9
3 7
6 #edges
11 10
0 11
0 8
0 3
8 9
10 7
6 #edges
11 10
0 11
0 8
8 9
3 7
10 3
6 #edges
7 3
11 10
0 11
0 8
8 9
10 7
6 #edges
11 9
11 10
0 11
0 8
0 3
3 7
6 #edges
11 9
11 10
0 11
0 8
0 3
10 7
6 #edges
7 3
11 9
11 10
0 11
0 8
10 7
6 #edges
11 9
11 10
0 11
0 8
3 7
10 3
6 #edges
11 8
11 10
0 11
0 3
8 9
10 7
6 #edges
11 9
11 10
0 11
0 3
9 8
10 7
6 #edges
11 8
11 10
0 11
0 3
8 9
3 7
6 #edges
11 9
11 10
0 11
0 3
3 7
9 8
6 #edges
7 3
11 8
11 10
0 7
0 11
8 9
6 #edges
11 8
11 10
0 7
0 11
8 9
10 3
6 #edges
11 9
11 10
0 7
0 11
9 8
10 3
6 #edges
7 3
11 9
11 10
0 7
0 11
9 8
6 #edges
11 8
11 10
0 11
8 9
3 7
10 3
6 #edges
7 3
11 8
11 10
0 11
8 9
10 7
6 #edges
7 3
11 9
11 10
0 11
9 8
10 7
6 #edges
11 9
11 10
0 11
3 7
9 8
10 3
56 #trees for patient 50
6 #edges
0 8
0 3
0 10
8 9
3 7
10 11
6 #edges
11 7
0 8
0 3
0 10
8 9
10 11
6 #edges
0 8
0 3
0 10
8 9
9 7
10 11
6 #edges
11 7
0 3
0 9
0 10
9 8
10 11
6 #edges
0 3
0 9
0 10
8 7
9 8
10 11
6 #edges
0 3
0 9
0 10
3 7
9 8
10 11
6 #edges
11 10
0 11
0 3
0 9
3 7
9 8
6 #edges
11 10
0 11
0 8
0 3
8 9
3 7
6 #edges
11 10
0 11
0 8
0 3
8 9
9 7
6 #edges
11 10
0 11
0 8
0 3
8 9
10 7
6 #edges
11 10
0 11
0 3
0 9
9 8
10 7
6 #edges
11 10
0 11
0 3
0 9
8 7
9 8
6 #edges
11 3
0 7
0 8
0 10
8 9
10 11
6 #edges
0 7
0 8
0 10
8 9
9 3
10 11
6 #edges
7 3
0 7
0 8
0 10
8 9
10 11
6 #edges
7 3
0 7
0 9
0 10
9 8
10 11
6 #edges
11 3
0 7
0 9
0 10
9 8
10 11
6 #edges
0 7
0 9
0 10
8 3
9 8
10 11
6 #edges
7 3
11 10
0 7
0 11
0 9
9 8
6 #edges
11 10
0 7
0 11
0 9
8 3
9 8
6 #edges
11 10
0 7
0 11
0 9
9 8
10 3
6 #edges
7 3
11 10
0 7
0 11
0 8
8 9
6 #edges
11 10
0 7
0 11
0 8
8 9
10 3
6 #edges
11 10
0 7
0 11
0 8
8 9
9 3
6 #edges
11 10
0 11
0 9
8 3
9 8
10 7
6 #edges
11 10
0 11
0 9
9 8
10 7
10 3
6 #edges
7 3
11 10
0 11
0 9
9 8
10 7
6 #edges
11 10
0 11
0 9
8 3
3 7
9 8
6 #edges
11 10
0 11
0 9
8 7
8 3
9 8
6 #edges
11 10
0 11
0 9
8 7
9 8
10 3
6 #edges
7 3
11 10
0 11
0 9
8 7
9 8
6 #edges
11 10
0 11
0 9
3 7
9 8
10 3
6 #edges
11 7
11 3
0 9
0 10
9 8
10 11
6 #edges
7 3
11 7
0 9
0 10
9 8
10 11
6 #edges
11 7
0 9
0 10
8 3
9 8
10 11
6 #edges
0 9
0 10
8 7
8 3
9 8
10 11
6 #edges
11 3
0 9
0 10
8 7
9 8
10 11
6 #edges
7 3
0 9
0 10
8 7
9 8
10 11
6 #edges
11 3
0 9
0 10
3 7
9 8
10 11
6 #edges
0 9
0 10
8 3
3 7
9 8
10 11
6 #edges
11 3
0 8
0 10
8 9
3 7
10 11
6 #edges
11 7
11 3
0 8
0 10
8 9
10 11
6 #edges
11 3
0 8
0 10
8 9
9 7
10 11
6 #edges
11 7
0 8
0 10
8 9
9 3
10 11
6 #edges
7 3
11 7
0 8
0 10
8 9
10 11
6 #edges
0 8
0 10
8 9
3 7
9 3
10 11
6 #edges
0 8
0 10
8 9
9 7
9 3
10 11
6 #edges
7 3
0 8
0 10
8 9
9 7
10 11
6 #edges
11 10
0 11
0 8
8 9
3 7
9 3
6 #edges
11 10
0 11
0 8
8 9
9 7
9 3
6 #edges
11 10
0 11
0 8
8 9
9 3
10 7
6 #edges
11 10
0 11
0 8
8 9
3 7
10 3
6 #edges
11 10
0 11
0 8
8 9
10 7
10 3
6 #edges
11 10
0 11
0 8
8 9
9 7
10 3
6 #edges
7 3
11 10
0 11
0 8
8 9
10 7
6 #edges
7 3
11 10
0 11
0 8
8 9
9 7
4 #trees for patient 51
6 #edges
0 3
0 9
0 10
3 7
9 8
10 11
6 #edges
11 10
0 11
0 3
0 9
3 7
9 8
6 #edges
11 10
0 11
0 8
0 3
8 9
3 7
6 #edges
0 8
0 3
0 10
8 9
3 7
10 11
6 #trees for patient 52
6 #edges
11 10
0 7
0 11
0 8
0 3
8 9
6 #edges
0 7
0 11
0 8
0 3
8 9
9 10
6 #edges
11 10
0 11
0 8
0 3
8 9
3 7
6 #edges
11 10
0 11
0 8
0 3
8 9
9 7
6 #edges
0 11
0 8
0 3
8 9
9 7
9 10
6 #edges
0 11
0 8
0 3
8 9
3 7
9 10
14 #trees for patient 53
6 #edges
0 8
0 3
0 10
8 9
3 7
9 11
6 #edges
0 8
0 3
0 10
8 9
3 7
10 11
6 #edges
7 11
0 8
0 3
0 10
8 9
3 7
6 #edges
11 10
0 11
0 8
0 3
8 9
3 7
6 #edges
0 11
0 8
0 3
8 9
3 7
9 10
6 #edges
7 10
0 11
0 8
0 3
8 9
3 7
6 #edges
0 8
0 3
8 9
3 7
9 11
9 10
6 #edges
11 10
0 8
0 3
8 9
3 7
9 11
6 #edges
7 10
0 8
0 3
8 9
3 7
9 11
6 #edges
7 11
7 10
0 8
0 3
8 9
3 7
6 #edges
7 10
0 8
0 3
8 9
3 7
10 11
6 #edges
0 8
0 3
8 9
3 7
9 10
10 11
6 #edges
7 11
0 8
0 3
8 9
3 7
9 10
6 #edges
7 11
11 10
0 8
0 3
8 9
3 7
14 #trees for patient 54
6 #edges
11 10
0 11
0 3
0 9
3 7
9 8
6 #edges
11 10
0 11
0 3
0 9
3 7
10 8
6 #edges
7 3
11 10
0 7
0 11
0 9
9 8
6 #edges
7 3
11 10
0 7
0 11
0 9
10 8
6 #edges
11 10
0 11
0 8
0 3
8 9
3 7
6 #edges
7 3
11 10
0 7
0 11
0 8
8 9
6 #edges
7 3
11 10
0 7
0 11
0 8
10 9
6 #edges
11 10
0 11
0 8
0 3
3 7
10 9
6 #edges
11 10
0 11
0 3
3 7
9 8
10 9
6 #edges
11 10
0 11
0 3
3 7
10 8
10 9
6 #edges
11 10
0 11
0 3
8 9
3 7
10 8
6 #edges
7 3
11 10
0 7
0 11
10 8
10 9
6 #edges
7 3
11 10
0 7
0 11
8 9
10 8
6 #edges
7 3
11 10
0 7
0 11
9 8
10 9
49 #trees for patient 55
6 #edges
0 11
0 8
0 3
0 9
0 10
3 7
6 #edges
0 8
0 3
0 9
0 10
3 7
3 11
6 #edges
0 8
0 3
0 9
0 10
8 11
3 7
6 #edges
0 8
0 3
0 9
0 10
3 7
10 11
6 #edges
0 8
0 3
0 9
0 10
3 7
9 11
6 #edges
0 8
0 3
0 10
8 9
3 7
10 11
6 #edges
0 11
0 8
0 3
0 10
8 9
3 7
6 #edges
0 8
0 3
0 10
8 9
3 7
3 11
6 #edges
0 8
0 3
0 10
8 9
3 7
9 11
6 #edges
0 8
0 3
0 10
3 7
3 9
10 11
6 #edges
0 8
0 3
0 10
8 11
3 7
3 9
6 #edges
0 8
0 3
0 10
3 7
3 9
9 11
6 #edges
0 11
0 8
0 3
0 10
3 7
3 9
6 #edges
0 11
0 8
0 3
0 9
3 7
3 10
6 #edges
0 11
0 8
0 3
0 9
3 7
9 10
6 #edges
11 10
0 11
0 8
0 3
0 9
3 7
6 #edges
0 11
0 8
0 3
0 9
8 10
3 7
6 #edges
0 11
0 8
0 3
8 10
3 7
3 9
6 #edges
11 10
0 11
0 8
0 3
3 7
3 9
6 #edges
0 11
0 8
0 3
3 7
3 9
9 10
6 #edges
11 10
0 11
0 8
0 3
8 9
3 7
6 #edges
0 11
0 8
0 3
8 9
3 7
9 10
6 #edges
0 11
0 8
0 3
8 9
3 7
3 10
6 #edges
11 10
0 8
0 3
0 9
3 7
9 11
6 #edges
0 8
0 3
0 9
8 10
3 7
9 11
6 #edges
0 8
0 3
0 9
3 7
3 10
9 11
6 #edges
0 8
0 3
0 9
8 10
3 7
10 11
6 #edges
0 8
0 3
0 9
8 10
3 7
3 11
6 #edges
0 8
0 3
0 9
8 11
3 7
9 10
6 #edges
0 8
0 3
0 9
3 7
9 10
10 11
6 #edges
0 8
0 3
0 9
3 7
3 11
9 10
6 #edges
0 8
0 3
0 9
8 11
3 7
3 10
6 #edges
11 10
0 8
0 3
0 9
8 11
3 7
6 #edges
0 8
0 3
0 9
3 7
3 11
3 10
6 #edges
11 10
0 8
0 3
0 9
3 7
3 11
6 #edges
0 8
0 3
0 9
3 7
3 10
10 11
6 #edges
0 8
0 3
8 9
3 7
9 10
10 11
6 #edges
0 8
0 3
8 9
3 7
3 11
9 10
6 #edges
0 8
0 3
8 9
3 7
3 11
3 10
6 #edges
11 10
0 8
0 3
8 9
3 7
3 11
6 #edges
0 8
0 3
8 9
3 7
3 10
10 11
6 #edges
0 8
0 3
8 9
3 7
3 10
9 11
6 #edges
11 10
0 8
0 3
8 9
3 7
9 11
6 #edges
0 8
0 3
8 11
3 7
3 9
9 10
6 #edges
11 10
0 8
0 3
8 11
3 7
3 9
6 #edges
0 8
0 3
8 10
3 7
3 9
9 11
6 #edges
11 10
0 8
0 3
3 7
3 9
9 11
6 #edges
0 8
0 3
3 7
3 9
9 10
10 11
6 #edges
0 8
0 3
8 10
3 7
3 9
10 11
4 #trees for patient 56
6 #edges
11 10
0 11
0 8
0 3
8 9
3 7
6 #edges
7 10
0 11
0 8
0 3
8 9
3 7
6 #edges
7 3
11 10
0 7
0 11
0 8
8 9
6 #edges
7 3
0 7
0 11
0 8
8 9
3 10
13 #trees for patient 57
6 #edges
0 8
0 3
0 10
8 11
8 9
3 7
6 #edges
0 8
0 3
0 10
8 9
3 7
3 11
6 #edges
0 8
0 3
0 10
8 9
3 7
10 11
6 #edges
0 11
0 8
0 3
8 9
8 10
3 7
6 #edges
11 10
0 11
0 8
0 3
8 9
3 7
6 #edges
0 11
0 8
0 3
8 9
3 7
3 10
6 #edges
11 10
0 8
0 3
8 11
8 9
3 7
6 #edges
0 8
0 3
8 11
8 9
3 7
3 10
6 #edges
0 8
0 3
8 9
8 10
3 7
3 11
6 #edges
0 8
0 3
8 9
8 10
3 7
10 11
6 #edges
0 8
0 3
8 9
3 7
3 11
3 10
6 #edges
11 10
0 8
0 3
8 9
3 7
3 11
6 #edges
0 8
0 3
8 9
3 7
3 10
10 11
8 #trees for patient 58
6 #edges
4 8
7 11
7 3
11 4
11 10
0 7
6 #edges
7 11
7 3
11 4
11 8
11 10
0 7
6 #edges
7 11
7 3
11 4
11 10
0 7
10 8
6 #edges
7 11
7 3
11 8
11 10
0 7
8 4
6 #edges
7 11
7 3
11 8
11 10
0 7
10 4
6 #edges
7 11
7 3
11 10
0 7
10 4
10 8
6 #edges
4 8
7 11
7 3
11 10
0 7
10 4
6 #edges
7 11
7 3
11 10
0 7
8 4
10 8
4 #trees for patient 59
6 #edges
7 11
7 3
7 10
11 8
0 7
3 4
6 #edges
7 11
7 3
11 8
11 10
0 7
3 4
6 #edges
7 11
7 3
7 10
11 8
0 7
8 4
6 #edges
7 11
7 3
11 8
11 10
0 7
8 4
1 #trees for patient 60
6 #edges
7 11
7 3
11 8
11 10
0 7
8 4
3 #trees for patient 61
6 #edges
7 11
7 3
11 8
0 7
0 10
8 4
6 #edges
7 11
7 3
11 8
11 10
0 7
8 4
6 #edges
4 10
7 11
7 3
11 8
0 7
8 4
8 #trees for patient 62
6 #edges
4 8
7 11
7 3
11 4
11 10
0 7
6 #edges
4 8
7 11
7 3
11 4
0 7
8 10
6 #edges
7 11
7 3
11 8
11 10
0 7
8 4
6 #edges
4 10
7 11
7 3
11 8
0 7
8 4
6 #edges
4 8
7 11
11 4
11 10
0 7
8 3
6 #edges
4 3
7 11
11 8
11 10
0 7
8 4
6 #edges
4 3
4 10
7 11
11 8
0 7
8 4
6 #edges
4 8
7 11
11 4
0 7
8 3
8 10
2 #trees for patient 63
6 #edges
7 11
7 3
11 8
11 10
0 7
8 4
6 #edges
7 11
11 8
11 10
0 7
8 4
10 3
6 #trees for patient 64
6 #edges
4 8
7 11
7 3
11 4
11 10
0 7
6 #edges
4 8
7 11
7 3
7 10
11 4
0 7
6 #edges
4 8
7 11
7 3
11 4
0 7
8 10
6 #edges
4 10
7 11
7 3
11 8
0 7
8 4
6 #edges
7 11
7 3
7 10
11 8
0 7
8 4
6 #edges
7 11
7 3
11 8
11 10
0 7
8 4
4 #trees for patient 65
6 #edges
7 11
7 3
11 8
0 7
0 10
8 4
6 #edges
4 8
7 11
7 3
11 4
0 7
0 10
6 #edges
4 8
7 11
7 3
11 4
11 10
0 7
6 #edges
7 11
7 3
11 8
11 10
0 7
8 4
105 #trees for patient 66
6 #edges
7 4
7 3
7 10
0 7
0 8
3 11
6 #edges
7 3
7 10
0 7
0 8
8 4
3 11
6 #edges
7 3
7 10
0 7
0 8
3 11
10 4
6 #edges
7 3
7 10
0 7
0 8
3 4
3 11
6 #edges
7 3
7 10
11 4
0 7
0 8
3 11
6 #edges
7 11
7 3
11 4
11 10
0 7
0 8
6 #edges
7 11
7 3
11 10
0 7
0 8
10 4
6 #edges
7 11
7 3
11 10
0 7
0 8
8 4
6 #edges
7 11
7 3
11 10
0 7
0 8
3 4
6 #edges
7 11
7 3
0 7
0 8
3 10
10 4
6 #edges
7 11
7 3
0 7
0 8
3 4
3 10
6 #edges
7 11
7 3
11 4
0 7
0 8
3 10
6 #edges
7 11
7 3
0 7
0 8
8 4
3 10
6 #edges
7 4
7 3
11 10
0 7
0 8
3 11
6 #edges
7 3
11 10
0 7
0 8
8 4
3 11
6 #edges
7 3
11 4
11 10
0 7
0 8
3 11
6 #edges
7 3
11 10
0 7
0 8
3 11
10 4
6 #edges
7 3
11 10
0 7
0 8
3 4
3 11
6 #edges
7 8
7 3
7 10
0 4
0 7
3 11
6 #edges
7 8
7 3
11 10
0 4
0 7
3 11
6 #edges
7 11
7 3
11 10
0 4
0 7
3 8
6 #edges
7 11
7 3
11 10
0 4
0 7
10 8
6 #edges
7 11
7 3
11 8
11 10
0 4
0 7
6 #edges
4 8
7 11
7 3
11 10
0 4
0 7
6 #edges
7 11
7 3
11 8
0 4
0 7
3 10
6 #edges
7 11
7 3
0 4
0 7
3 8
3 10
6 #edges
4 8
7 11
7 3
0 4
0 7
3 10
6 #edges
7 11
7 3
0 4
0 7
3 10
10 8
6 #edges
7 3
7 10
0 4
0 7
3 11
3 8
6 #edges
7 3
11 10
0 4
0 7
3 11
3 8
6 #edges
7 3
7 10
0 4
0 7
3 11
10 8
6 #edges
4 8
7 3
7 10
0 4
0 7
3 11
6 #edges
7 3
7 10
11 8
0 4
0 7
3 11
6 #edges
4 8
7 3
11 10
0 4
0 7
3 11
6 #edges
7 3
11 8
11 10
0 4
0 7
3 11
6 #edges
7 3
11 10
0 4
0 7
3 11
10 8
6 #edges
7 8
7 3
7 10
0 7
8 4
3 11
6 #edges
7 8
7 3
7 10
0 7
3 11
10 4
6 #edges
7 8
7 3
7 10
0 7
3 4
3 11
6 #edges
7 8
7 3
7 10
11 4
0 7
3 11
6 #edges
7 4
7 8
7 3
11 10
0 7
3 11
6 #edges
7 8
7 3
11 10
0 7
3 4
3 11
6 #edges
7 8
7 3
11 10
0 7
8 4
3 11
6 #edges
7 8
7 3
11 4
11 10
0 7
3 11
6 #edges
7 8
7 3
11 10
0 7
3 11
10 4
6 #edges
4 8
7 4
7 3
7 10
0 7
3 11
6 #edges
7 4
7 3
7 10
0 7
3 11
10 8
6 #edges
7 4
7 3
7 10
11 8
0 7
3 11
6 #edges
7 4
7 3
7 10
0 7
3 11
3 8
6 #edges
4 8
7 3
7 10
0 7
3 11
10 4
6 #edges
7 3
7 10
0 7
3 11
3 8
10 4
6 #edges
7 3
7 10
11 8
0 7
3 11
10 4
6 #edges
7 3
7 10
0 7
8 4
3 11
10 8
6 #edges
7 3
7 10
0 7
3 4
3 11
10 8
6 #edges
7 3
7 10
11 4
0 7
3 11
10 8
6 #edges
7 3
7 10
0 7
8 4
3 11
3 8
6 #edges
7 3
7 10
11 4
0 7
3 11
3 8
6 #edges
4 8
7 3
7 10
0 7
3 4
3 11
6 #edges
7 3
7 10
11 8
0 7
3 4
3 11
6 #edges
4 8
7 3
7 10
11 4
0 7
3 11
6 #edges
7 3
7 10
11 4
11 8
0 7
3 11
6 #edges
7 3
7 10
11 8
0 7
8 4
3 11
6 #edges
4 8
7 11
7 3
11 10
0 7
10 4
6 #edges
7 11
7 3
11 8
11 10
0 7
10 4
6 #edges
7 11
7 3
11 10
0 7
3 8
10 4
6 #edges
7 11
7 3
11 8
11 10
0 7
8 4
6 #edges
7 11
7 3
11 8
11 10
0 7
3 4
6 #edges
7 11
7 3
11 10
0 7
3 4
3 8
6 #edges
7 11
7 3
11 10
0 7
8 4
3 8
6 #edges
7 11
7 3
11 4
11 10
0 7
3 8
6 #edges
4 8
7 11
7 3
11 10
0 7
3 4
6 #edges
7 11
7 3
11 10
0 7
3 4
10 8
6 #edges
4 8
7 11
7 3
11 4
11 10
0 7
6 #edges
7 11
7 3
11 4
11 10
0 7
10 8
6 #edges
7 11
7 3
11 10
0 7
8 4
10 8
6 #edges
7 11
7 3
11 4
0 7
3 8
3 10
6 #edges
7 11
7 3
0 7
3 4
3 8
3 10
6 #edges
7 11
7 3
0 7
8 4
3 8
3 10
6 #edges
7 11
7 3
0 7
3 8
3 10
10 4
6 #edges
7 11
7 3
11 8
0 7
3 10
10 4
6 #edges
4 8
7 11
7 3
0 7
3 10
10 4
6 #edges
7 11
7 3
11 4
0 7
3 10
10 8
6 #edges
4 8
7 11
7 3
11 4
0 7
3 10
6 #edges
7 11
7 3
11 4
11 8
0 7
3 10
6 #edges
7 11
7 3
0 7
8 4
3 10
10 8
6 #edges
7 11
7 3
0 7
3 4
3 10
10 8
6 #edges
7 11
7 3
11 8
0 7
3 4
3 10
6 #edges
7 11
7 3
11 8
0 7
8 4
3 10
6 #edges
4 8
7 11
7 3
0 7
3 4
3 10
6 #edges
7 4
7 3
11 10
0 7
3 11
3 8
6 #edges
4 8
7 4
7 3
11 10
0 7
3 11
6 #edges
7 4
7 3
11 8
11 10
0 7
3 11
6 #edges
7 4
7 3
11 10
0 7
3 11
10 8
6 #edges
7 3
11 4
11 10
0 7
3 11
3 8
6 #edges
4 8
7 3
11 4
11 10
0 7
3 11
6 #edges
7 3
11 4
11 10
0 7
3 11
10 8
6 #edges
4 8
7 3
11 10
0 7
3 4
3 11
6 #edges
7 3
11 10
0 7
3 4
3 11
10 8
6 #edges
7 3
11 8
11 10
0 7
3 4
3 11
6 #edges
7 3
11 10
0 7
3 11
3 8
10 4
6 #edges
7 3
11 10
0 7
8 4
3 11
3 8
6 #edges
7 3
11 10
0 7
8 4
3 11
10 8
6 #edges
7 3
11 8
11 10
0 7
8 4
3 11
6 #edges
7 3
11 8
11 10
0 7
3 11
10 4
6 #edges
4 8
7 3
11 10
0 7
3 11
10 4
2 #trees for patient 67
6 #edges
7 11
7 3
11 8
11 10
0 7
8 4
6 #edges
7 11
7 3
11 8
0 7
8 4
8 10
7 #trees for patient 68
6 #edges
7 11
7 3
11 8
11 10
0 7
3 4
6 #edges
7 11
7 3
11 8
11 10
0 7
8 4
6 #edges
4 8
7 11
7 3
11 4
11 10
0 7
6 #edges
7 11
7 3
11 4
11 10
0 7
3 8
6 #edges
7 11
7 3
11 10
0 7
8 4
3 8
6 #edges
7 11
7 3
11 10
0 7
3 4
3 8
6 #edges
4 8
7 11
7 3
11 10
0 7
3 4
1 #trees for patient 69
6 #edges
7 11
7 3
11 8
11 10
0 7
8 4
2 #trees for patient 70
6 #edges
4 5
5 7
0 3
0 9
9 4
9 10
6 #edges
4 7
5 4
0 3
0 9
9 5
9 10
4 #trees for patient 71
6 #edges
4 7
5 4
0 3
0 9
3 10
9 5
6 #edges
4 5
5 7
0 3
0 9
3 10
9 4
6 #edges
4 5
5 7
0 3
0 9
9 4
9 10
6 #edges
4 7
5 4
0 3
0 9
9 5
9 10
6 #trees for patient 72
6 #edges
4 5
5 7
0 3
0 9
3 10
9 4
6 #edges
4 7
5 4
0 3
0 9
3 10
9 5
6 #edges
4 5
5 7
0 3
0 9
9 4
9 10
6 #edges
4 5
7 10
5 7
0 3
0 9
9 4
6 #edges
4 7
5 4
0 3
0 9
9 5
9 10
6 #edges
4 7
7 10
5 4
0 3
0 9
9 5
6 #trees for patient 73
6 #edges
4 7
7 5
0 3
0 9
9 4
9 10
6 #edges
4 5
5 7
0 3
0 9
9 4
9 10
6 #edges
4 5
4 10
5 7
0 3
0 9
9 4
6 #edges
4 7
4 10
7 5
0 3
0 9
9 4
6 #edges
4 5
7 10
5 7
0 3
0 9
9 4
6 #edges
4 7
7 5
5 10
0 3
0 9
9 4
3 #trees for patient 74
6 #edges
4 5
5 7
0 3
0 9
3 10
9 4
6 #edges
4 5
5 7
0 3
0 9
9 4
9 10
6 #edges
4 5
4 10
5 7
0 3
0 9
9 4
2 #trees for patient 75
6 #edges
4 5
5 7
0 3
0 9
9 4
9 10
6 #edges
4 5
5 7
5 10
0 3
0 9
9 4
33 #trees for patient 76
6 #edges
0 3
0 9
3 5
3 10
9 4
10 7
6 #edges
5 7
0 3
0 9
3 5
3 10
9 4
6 #edges
4 7
0 3
0 9
3 5
3 10
9 4
6 #edges
0 3
0 9
3 5
3 10
9 4
9 7
6 #edges
0 3
0 9
3 7
3 5
9 4
9 10
6 #edges
5 7
0 3
0 9
3 5
9 4
9 10
6 #edges
4 7
0 3
0 9
3 5
9 4
9 10
6 #edges
0 3
0 9
3 5
9 4
9 10
10 7
6 #edges
0 3
0 9
3 10
9 4
9 5
10 7
6 #edges
7 5
0 3
0 9
3 10
9 4
10 7
6 #edges
4 5
0 3
0 9
3 10
9 4
10 7
6 #edges
4 5
0 3
0 9
3 10
9 4
9 7
6 #edges
0 3
0 9
3 10
9 4
9 7
10 5
6 #edges
7 5
0 3
0 9
3 10
9 4
9 7
6 #edges
4 5
5 7
0 3
0 9
3 10
9 4
6 #edges
4 5
0 3
0 9
3 7
3 10
9 4
6 #edges
5 7
0 3
0 9
3 10
9 4
10 5
6 #edges
0 3
0 9
3 7
3 10
9 4
10 5
6 #edges
4 7
0 3
0 9
3 10
9 4
10 5
6 #edges
7 5
0 3
0 9
3 7
3 10
9 4
6 #edges
0 3
0 9
3 7
3 10
9 4
9 5
6 #edges
5 7
0 3
0 9
3 10
9 4
9 5
6 #edges
4 7
0 3
0 9
3 10
9 4
9 5
6 #edges
4 7
7 5
0 3
0 9
3 10
9 4
6 #edges
4 5
0 3
0 9
3 7
9 4
9 10
6 #edges
0 3
0 9
3 7
9 4
9 10
10 5
6 #edges
7 5
0 3
0 9
3 7
9 4
9 10
6 #edges
4 7
7 5
0 3
0 9
9 4
9 10
6 #edges
4 7
0 3
0 9
9 4
9 10
10 5
6 #edges
4 5
5 7
0 3
0 9
9 4
9 10
6 #edges
4 5
0 3
0 9
9 4
9 10
10 7
6 #edges
5 7
0 3
0 9
9 4
9 10
10 5
6 #edges
7 5
0 3
0 9
9 4
9 10
10 7
8 #trees for patient 77
6 #edges
4 5
0 3
0 9
9 4
9 10
10 7
6 #edges
4 5
5 7
0 3
0 9
9 4
9 10
6 #edges
4 7
5 4
0 3
0 9
9 5
9 10
6 #edges
5 4
0 3
0 9
9 5
9 10
10 7
6 #edges
4 7
5 4
0 9
9 5
9 3
9 10
6 #edges
5 4
0 9
9 5
9 3
9 10
10 7
6 #edges
4 5
0 9
9 4
9 3
9 10
10 7
6 #edges
4 5
5 7
0 9
9 4
9 3
9 10
6 #trees for patient 78
6 #edges
4 7
5 4
0 3
0 9
9 5
9 10
6 #edges
4 5
5 7
0 3
0 9
9 4
9 10
6 #edges
4 7
5 4
0 9
9 5
9 10
10 3
6 #edges
4 5
5 7
0 9
9 4
9 10
10 3
6 #edges
4 5
5 7
5 3
0 9
9 4
9 10
6 #edges
4 7
4 3
5 4
0 9
9 5
9 10
2 #trees for patient 79
6 #edges
4 5
5 7
0 3
0 9
0 10
9 4
6 #edges
4 5
5 7
0 3
0 9
9 4
9 10
4 #trees for patient 80
6 #edges
4 5
5 7
0 3
0 9
9 4
9 10
6 #edges
4 5
7 10
5 7
0 3
0 9
9 4
6 #edges
4 5
4 3
5 7
0 9
9 4
9 10
6 #edges
4 5
4 3
7 10
5 7
0 9
9 4
2 #trees for patient 81
6 #edges
4 5
5 7
0 3
0 9
9 4
9 10
6 #edges
4 7
7 5
0 3
0 9
9 4
9 10
6 #trees for patient 82
6 #edges
4 7
5 4
0 3
0 9
9 5
9 10
6 #edges
7 4
5 7
0 3
0 9
9 5
9 10
6 #edges
4 7
7 5
0 3
0 9
9 4
9 10
6 #edges
4 5
5 7
0 3
0 9
9 4
9 10
6 #edges
4 5
7 4
0 3
0 9
9 7
9 10
6 #edges
7 5
5 4
0 3
0 9
9 7
9 10
7 #trees for patient 83
6 #edges
4 5
5 7
0 3
0 9
9 4
9 10
6 #edges
4 5
0 3
0 9
9 4
9 10
10 7
6 #edges
4 5
0 9
9 4
9 10
10 7
10 3
6 #edges
4 5
7 3
0 9
9 4
9 10
10 7
6 #edges
4 5
5 3
0 9
9 4
9 10
10 7
6 #edges
4 5
7 3
5 7
0 9
9 4
9 10
6 #edges
4 5
5 7
0 9
9 4
9 10
10 3
24 #trees for patient 84
6 #edges
4 7
5 4
0 3
0 9
9 5
9 10
6 #edges
5 4
0 3
0 9
9 5
9 10
10 7
6 #edges
4 10
5 4
0 3
0 9
9 7
9 5
6 #edges
4 10
5 4
0 3
0 9
9 5
10 7
6 #edges
4 5
5 10
0 3
0 9
9 4
9 7
6 #edges
4 5
5 10
0 3
0 9
9 4
10 7
6 #edges
4 5
5 7
0 3
0 9
9 4
9 10
6 #edges
4 5
0 3
0 9
9 4
9 10
10 7
6 #edges
4 5
0 9
9 4
9 10
10 7
10 3
6 #edges
4 5
5 3
0 9
9 4
9 10
10 7
6 #edges
4 5
5 7
5 3
0 9
9 4
9 10
6 #edges
4 5
5 7
0 9
9 4
9 10
10 3
6 #edges
4 5
5 10
0 9
9 4
9 7
9 3
6 #edges
4 5
5 10
0 9
9 4
9 7
10 3
6 #edges
4 5
5 10
0 9
9 4
9 3
10 7
6 #edges
4 5
5 10
0 9
9 4
10 7
10 3
6 #edges
4 10
5 4
0 9
9 5
9 3
10 7
6 #edges
4 10
5 4
0 9
9 7
9 5
9 3
6 #edges
5 4
0 9
9 5
9 10
10 7
10 3
6 #edges
4 3
5 4
0 9
9 5
9 10
10 7
6 #edges
4 7
4 3
5 4
0 9
9 5
9 10
6 #edges
4 7
5 4
0 9
9 5
9 10
10 3
6 #edges
4 10
5 4
0 9
9 7
9 5
10 3
6 #edges
4 10
5 4
0 9
9 5
10 7
10 3
6 #trees for patient 85
6 #edges
4 7
7 5
0 3
0 9
9 4
9 10
6 #edges
4 5
5 7
0 3
0 9
9 4
9 10
6 #edges
4 7
7 5
0 9
9 4
9 3
9 10
6 #edges
4 5
5 7
0 9
9 4
9 3
9 10
6 #edges
4 7
7 5
5 3
0 9
9 4
9 10
6 #edges
4 5
7 3
5 7
0 9
9 4
9 10
18 #trees for patient 86
6 #edges
4 7
5 4
0 3
0 9
9 5
9 10
6 #edges
7 4
5 7
0 3
0 9
9 5
9 10
6 #edges
4 7
7 5
0 3
0 9
9 4
9 10
6 #edges
4 5
5 7
0 3
0 9
9 4
9 10
6 #edges
4 5
7 4
0 3
0 9
9 7
9 10
6 #edges
7 5
5 4
0 3
0 9
9 7
9 10
6 #edges
7 4
5 7
0 9
9 5
9 3
9 10
6 #edges
4 7
5 4
0 9
9 5
9 3
9 10
6 #edges
4 7
7 3
5 4
0 9
9 5
9 10
6 #edges
4 3
7 4
5 7
0 9
9 5
9 10
6 #edges
4 5
7 4
0 9
9 7
9 3
9 10
6 #edges
7 5
5 4
0 9
9 7
9 3
9 10
6 #edges
4 5
7 4
5 3
0 9
9 7
9 10
6 #edges
4 3
7 5
5 4
0 9
9 7
9 10
6 #edges
4 7
7 5
0 9
9 4
9 3
9 10
6 #edges
4 5
5 7
0 9
9 4
9 3
9 10
6 #edges
4 7
7 5
5 3
0 9
9 4
9 10
6 #edges
4 5
7 3
5 7
0 9
9 4
9 10
4 #trees for patient 87
6 #edges
4 5
5 7
0 3
0 9
9 4
9 10
6 #edges
4 7
5 4
0 3
0 9
9 5
9 10
6 #edges
4 5
5 7
5 3
0 9
9 4
9 10
6 #edges
4 7
4 3
5 4
0 9
9 5
9 10
3 #trees for patient 88
6 #edges
4 5
5 7
0 3
0 9
9 4
9 10
6 #edges
4 5
5 7
0 9
9 4
9 10
10 3
6 #edges
4 5
7 3
5 7
0 9
9 4
9 10
4 #trees for patient 89
6 #edges
4 5
5 7
5 10
0 3
0 9
9 4
6 #edges
4 5
5 7
0 3
0 9
9 4
9 10
6 #edges
4 7
5 4
0 3
0 9
9 5
9 10
6 #edges
4 7
4 10
5 4
0 3
0 9
9 5
6 #trees for patient 90
6 #edges
4 5
5 7
0 3
0 9
9 4
9 10
6 #edges
4 5
5 7
5 10
0 3
0 9
9 4
6 #edges
4 5
7 10
5 7
0 3
0 9
9 4
6 #edges
4 7
5 4
0 3
0 9
9 5
9 10
6 #edges
4 7
4 10
5 4
0 3
0 9
9 5
6 #edges
4 7
7 10
5 4
0 3
0 9
9 5
8 #trees for patient 91
6 #edges
4 7
7 5
0 3
0 9
9 4
9 10
6 #edges
4 5
5 7
0 3
0 9
9 4
9 10
6 #edges
4 7
4 3
7 5
0 9
9 4
9 10
6 #edges
4 7
7 5
0 9
9 4
9 10
10 3
6 #edges
4 7
7 5
5 3
0 9
9 4
9 10
6 #edges
4 5
4 3
5 7
0 9
9 4
9 10
6 #edges
4 5
7 3
5 7
0 9
9 4
9 10
6 #edges
4 5
5 7
0 9
9 4
9 10
10 3
8 #trees for patient 92
6 #edges
4 7
7 5
5 10
0 3
0 9
9 4
6 #edges
4 7
7 5
0 3
0 9
9 4
9 10
6 #edges
4 5
7 10
5 7
0 3
0 9
9 4
6 #edges
4 5
5 7
0 3
0 9
9 4
9 10
6 #edges
4 7
4 3
7 5
0 9
9 4
9 10
6 #edges
4 7
4 3
7 5
5 10
0 9
9 4
6 #edges
4 5
4 3
5 7
0 9
9 4
9 10
6 #edges
4 5
4 3
7 10
5 7
0 9
9 4
34 #trees for patient 93
6 #edges
4 7
7 5
0 3
0 9
9 4
9 10
6 #edges
4 7
0 3
0 9
9 4
9 10
10 5
6 #edges
0 3
0 9
9 4
9 10
10 7
10 5
6 #edges
5 7
0 3
0 9
9 4
9 10
10 5
6 #edges
4 5
0 3
0 9
9 4
9 10
10 7
6 #edges
7 5
0 3
0 9
9 4
9 10
10 7
6 #edges
4 5
5 7
0 3
0 9
9 4
9 10
6 #edges
4 7
5 4
0 3
0 9
9 5
9 10
6 #edges
5 4
0 3
0 9
9 5
9 10
10 7
6 #edges
7 4
0 3
0 9
9 5
9 10
10 7
6 #edges
0 3
0 9
9 5
9 10
10 4
10 7
6 #edges
5 7
0 3
0 9
9 5
9 10
10 4
6 #edges
7 4
5 7
0 3
0 9
9 5
9 10
6 #edges
4 7
0 3
0 9
9 5
9 10
10 4
6 #edges
5 7
0 3
0 9
9 10
10 4
10 5
6 #edges
4 7
0 3
0 9
9 10
10 4
10 5
6 #edges
0 3
0 9
9 10
10 4
10 7
10 5
6 #edges
0 3
0 9
9 7
9 10
10 4
10 5
6 #edges
4 7
7 5
0 3
0 9
9 10
10 4
6 #edges
4 5
0 3
0 9
9 10
10 4
10 7
6 #edges
7 5
0 3
0 9
9 10
10 4
10 7
6 #edges
7 5
0 3
0 9
9 7
9 10
10 4
6 #edges
4 5
0 3
0 9
9 7
9 10
10 4
6 #edges
4 5
5 7
0 3
0 9
9 10
10 4
6 #edges
7 4
0 3
0 9
9 10
10 7
10 5
6 #edges
4 5
7 4
0 3
0 9
9 10
10 7
6 #edges
5 4
0 3
0 9
9 10
10 7
10 5
6 #edges
7 5
5 4
0 3
0 9
9 10
10 7
6 #edges
5 4
0 3
0 9
9 7
9 10
10 5
6 #edges
7 4
0 3
0 9
9 7
9 10
10 5
6 #edges
7 4
5 7
0 3
0 9
9 10
10 5
6 #edges
4 7
5 4
0 3
0 9
9 10
10 5
6 #edges
7 5
5 4
0 3
0 9
9 7
9 10
6 #edges
4 5
7 4
0 3
0 9
9 7
9 10
6 #trees for patient 94
6 #edges
4 7
5 4
0 3
0 9
9 5
9 10
6 #edges
4 5
5 7
0 3
0 9
9 4
9 10
6 #edges
4 7
5 4
0 9
9 5
9 10
10 3
6 #edges
4 5
5 7
0 9
9 4
9 10
10 3
6 #edges
4 5
5 7
5 3
0 9
9 4
9 10
6 #edges
4 7
4 3
5 4
0 9
9 5
9 10
2 #trees for patient 95
6 #edges
4 5
5 7
0 3
0 9
9 4
9 10
6 #edges
4 5
5 7
0 9
9 4
9 10
10 3
6 #trees for patient 96
6 #edges
4 5
0 3
0 9
9 4
9 7
9 10
6 #edges
4 5
5 7
0 3
0 9
9 4
9 10
6 #edges
4 5
4 3
0 9
9 4
9 7
9 10
6 #edges
4 5
5 3
0 9
9 4
9 7
9 10
6 #edges
4 5
4 3
5 7
0 9
9 4
9 10
6 #edges
4 5
5 7
5 3
0 9
9 4
9 10
1 #trees for patient 97
6 #edges
4 5
5 7
0 3
0 9
9 4
9 10
12 #trees for patient 98
6 #edges
7 5
5 4
0 3
0 9
9 7
9 10
6 #edges
4 5
7 4
0 3
0 9
9 7
9 10
6 #edges
4 7
5 4
0 3
0 9
9 5
9 10
6 #edges
7 4
5 7
0 3
0 9
9 5
9 10
6 #edges
4 7
7 5
0 3
0 9
9 4
9 10
6 #edges
4 5
5 7
0 3
0 9
9 4
9 10
6 #edges
7 4
5 7
0 9
9 5
9 10
10 3
6 #edges
4 7
5 4
0 9
9 5
9 10
10 3
6 #edges
4 5
7 4
0 9
9 7
9 10
10 3
6 #edges
7 5
5 4
0 9
9 7
9 10
10 3
6 #edges
4 7
7 5
0 9
9 4
9 10
10 3
6 #edges
4 5
5 7
0 9
9 4
9 10
10 3
6 #trees for patient 99
6 #edges
4 5
5 7
0 3
0 9
9 4
9 10
6 #edges
4 5
5 7
0 3
0 9
3 10
9 4
6 #edges
4 5
5 7
5 10
0 3
0 9
9 4
6 #edges
4 7
5 4
0 3
0 9
9 5
9 10
6 #edges
4 7
4 10
5 4
0 3
0 9
9 5
6 #edges
4 7
5 4
0 3
0 9
3 10
9 5
