50 # patients
4 #trees for patient 0
6 #edges
10 2
10 5
10 4
0 10
0 1
0 9
6 #edges
10 2
10 5
0 10
0 1
0 9
2 4
6 #edges
10 2
10 5
10 4
0 10
0 9
5 1
6 #edges
10 2
10 5
0 10
0 9
2 4
5 1
14 #trees for patient 1
6 #edges
10 2
10 5
10 4
0 10
0 9
5 1
6 #edges
10 2
10 5
10 4
0 10
0 9
4 1
6 #edges
10 5
10 4
0 10
0 9
5 2
4 1
6 #edges
10 5
10 4
0 10
0 9
5 1
4 2
6 #edges
10 5
10 4
0 10
0 9
1 2
5 1
6 #edges
10 5
10 4
0 10
0 9
1 2
4 1
6 #edges
10 5
10 4
0 10
0 9
4 2
4 1
6 #edges
10 2
10 9
10 5
10 4
0 10
5 1
6 #edges
10 2
10 9
10 5
10 4
0 10
4 1
6 #edges
10 9
10 5
10 4
0 10
1 2
4 1
6 #edges
10 9
10 5
10 4
0 10
4 2
4 1
6 #edges
10 9
10 5
10 4
0 10
5 2
4 1
6 #edges
10 9
10 5
10 4
0 10
5 1
4 2
6 #edges
10 9
10 5
10 4
0 10
1 2
5 1
8 #trees for patient 2
6 #edges
10 2
10 1
10 4
0 10
0 9
1 5
6 #edges
10 2
10 1
0 10
0 9
1 5
5 4
6 #edges
10 2
10 5
0 10
0 9
1 4
5 1
6 #edges
10 2
10 5
10 4
0 10
0 9
5 1
6 #edges
10 2
10 1
10 4
0 10
2 9
1 5
6 #edges
10 2
10 5
10 4
0 10
2 9
5 1
6 #edges
10 2
10 1
0 10
2 9
1 5
5 4
6 #edges
10 2
10 5
0 10
2 9
1 4
5 1
8 #trees for patient 3
6 #edges
10 1
10 4
0 10
0 9
1 5
9 2
6 #edges
10 2
10 1
10 4
0 10
0 9
1 5
6 #edges
10 2
10 5
10 4
0 10
0 9
5 1
6 #edges
10 5
10 4
0 10
0 9
9 2
5 1
6 #edges
10 1
0 10
0 9
1 5
9 2
5 4
6 #edges
10 5
0 10
0 9
1 4
9 2
5 1
6 #edges
10 2
10 1
0 10
0 9
1 5
5 4
6 #edges
10 2
10 5
0 10
0 9
1 4
5 1
4 #trees for patient 4
6 #edges
10 5
10 4
0 10
0 9
5 2
5 1
6 #edges
10 2
10 5
10 4
0 10
0 9
5 1
6 #edges
10 5
10 4
0 10
0 9
9 2
5 1
6 #edges
10 5
10 4
0 10
0 9
1 2
5 1
4 #trees for patient 5
6 #edges
10 2
10 5
10 4
0 10
0 9
5 1
6 #edges
10 5
10 4
0 10
0 9
9 2
5 1
6 #edges
10 1
10 4
0 10
0 9
1 5
9 2
6 #edges
10 2
10 1
10 4
0 10
0 9
1 5
4 #trees for patient 6
6 #edges
10 5
0 10
0 9
9 2
9 4
5 1
6 #edges
10 5
10 4
0 10
0 9
9 2
5 1
6 #edges
10 2
10 5
0 10
0 9
9 4
5 1
6 #edges
10 2
10 5
10 4
0 10
0 9
5 1
2 #trees for patient 7
6 #edges
10 2
10 1
10 4
0 10
0 9
1 5
6 #edges
10 2
10 5
10 4
0 10
0 9
5 1
2 #trees for patient 8
6 #edges
10 2
10 5
10 4
0 10
0 9
5 1
6 #edges
10 2
10 5
10 4
0 10
1 9
5 1
9 #trees for patient 9
6 #edges
10 2
10 5
0 10
0 9
0 4
5 1
6 #edges
10 2
10 5
0 10
0 4
1 9
5 1
6 #edges
10 2
10 5
0 10
0 4
5 1
5 9
6 #edges
10 2
10 5
10 4
0 10
0 9
5 1
6 #edges
10 2
10 5
0 10
0 9
2 4
5 1
6 #edges
10 2
10 5
10 4
0 10
5 1
5 9
6 #edges
10 2
10 5
0 10
2 4
5 1
5 9
6 #edges
10 2
10 5
0 10
2 4
1 9
5 1
6 #edges
10 2
10 5
10 4
0 10
1 9
5 1
6 #trees for patient 10
6 #edges
10 2
10 5
10 4
0 10
0 9
5 1
6 #edges
10 2
10 5
0 10
0 9
2 4
5 1
6 #edges
10 2
10 5
10 4
0 10
1 9
5 1
6 #edges
10 2
10 9
10 5
10 4
0 10
5 1
6 #edges
10 2
10 9
10 5
0 10
2 4
5 1
6 #edges
10 2
10 5
0 10
2 4
1 9
5 1
4 #trees for patient 11
6 #edges
10 2
10 5
10 4
0 10
0 9
5 1
6 #edges
10 2
10 1
10 5
10 4
0 10
0 9
6 #edges
10 2
10 1
10 5
0 10
0 9
2 4
6 #edges
10 2
10 5
0 10
0 9
2 4
5 1
14 #trees for patient 12
6 #edges
10 2
10 5
10 4
0 10
0 9
9 1
6 #edges
10 5
10 4
0 10
0 9
9 1
4 2
6 #edges
10 2
10 5
10 4
0 10
0 9
5 1
6 #edges
10 5
10 4
0 10
0 9
5 1
4 2
6 #edges
10 2
10 1
10 4
0 10
0 9
9 5
6 #edges
10 2
10 4
0 10
0 9
9 5
5 1
6 #edges
10 2
10 4
0 10
0 9
9 1
9 5
6 #edges
10 4
0 10
0 9
9 1
9 5
4 2
6 #edges
10 4
0 10
0 9
9 5
5 1
4 2
6 #edges
10 1
10 4
0 10
0 9
9 5
4 2
6 #edges
10 2
10 1
10 4
0 10
0 9
1 5
6 #edges
10 2
10 4
0 10
0 9
1 5
9 1
6 #edges
10 1
10 4
0 10
0 9
1 5
4 2
6 #edges
10 4
0 10
0 9
1 5
9 1
4 2
4 #trees for patient 13
6 #edges
10 2
10 1
10 4
0 10
0 9
1 5
6 #edges
10 2
10 5
10 4
0 10
0 9
5 1
6 #edges
10 2
10 1
10 4
0 10
1 5
5 9
6 #edges
10 2
10 5
10 4
0 10
1 9
5 1
4 #trees for patient 14
6 #edges
10 5
10 4
0 10
0 1
0 9
4 2
6 #edges
10 2
10 5
10 4
0 10
0 1
0 9
6 #edges
10 5
10 4
0 10
0 9
5 1
4 2
6 #edges
10 2
10 5
10 4
0 10
0 9
5 1
12 #trees for patient 15
6 #edges
10 2
10 5
10 4
0 10
0 9
4 1
6 #edges
10 2
10 5
10 4
0 10
0 9
5 1
6 #edges
10 5
10 4
0 10
0 9
5 2
4 1
6 #edges
10 5
10 4
0 10
0 9
1 2
4 1
6 #edges
10 5
10 4
0 10
0 9
1 2
5 1
6 #edges
10 5
10 4
0 10
0 9
5 1
4 2
6 #edges
10 2
10 5
10 4
0 10
5 1
5 9
6 #edges
10 2
10 5
10 4
0 10
5 9
4 1
6 #edges
10 5
10 4
0 10
5 1
5 9
4 2
6 #edges
10 5
10 4
0 10
1 2
5 9
4 1
6 #edges
10 5
10 4
0 10
5 2
5 9
4 1
6 #edges
10 5
10 4
0 10
1 2
5 1
5 9
4 #trees for patient 16
6 #edges
10 2
10 5
10 4
0 10
0 9
5 1
6 #edges
10 5
10 4
0 10
0 9
5 2
5 1
6 #edges
10 5
10 4
0 10
0 9
5 1
4 2
6 #edges
10 5
10 4
0 10
0 9
1 2
5 1
8 #trees for patient 17
6 #edges
10 2
10 1
10 4
0 10
0 9
1 5
6 #edges
10 2
10 5
10 4
0 10
0 9
5 1
6 #edges
10 2
10 5
0 10
0 9
2 4
5 1
6 #edges
10 2
10 1
0 10
0 9
2 4
1 5
6 #edges
10 2
10 1
10 9
10 4
0 10
1 5
6 #edges
10 2
10 1
10 9
0 10
2 4
1 5
6 #edges
10 2
10 9
10 5
10 4
0 10
5 1
6 #edges
10 2
10 9
10 5
0 10
2 4
5 1
4 #trees for patient 18
6 #edges
10 2
10 5
10 4
0 10
0 9
9 1
6 #edges
10 2
10 5
0 10
0 9
9 1
5 4
6 #edges
10 2
10 5
0 10
0 9
5 1
5 4
6 #edges
10 2
10 5
10 4
0 10
0 9
5 1
43 #trees for patient 19
6 #edges
10 1
10 4
0 10
0 9
9 2
9 5
6 #edges
10 5
10 4
0 10
0 9
9 2
9 1
6 #edges
10 4
0 10
0 9
9 2
9 5
5 1
6 #edges
10 4
0 10
0 9
9 2
9 5
4 1
6 #edges
10 5
10 4
0 10
0 9
9 2
5 1
6 #edges
10 5
10 4
0 10
0 9
9 2
4 1
6 #edges
10 2
10 5
10 4
0 10
0 9
9 1
6 #edges
10 2
10 4
0 10
0 9
9 1
9 5
6 #edges
10 5
10 4
0 10
0 9
9 1
5 2
6 #edges
10 5
10 4
0 10
0 9
1 2
9 1
6 #edges
10 5
10 4
0 10
0 9
9 1
4 2
6 #edges
10 4
0 10
0 9
1 2
9 1
9 5
6 #edges
10 4
0 10
0 9
9 1
9 5
4 2
6 #edges
10 4
0 10
0 9
9 1
9 5
5 2
6 #edges
10 2
10 1
10 5
0 10
0 9
9 4
6 #edges
10 2
10 5
0 10
0 9
9 4
4 1
6 #edges
10 2
10 5
0 10
0 9
9 4
5 1
6 #edges
10 5
0 10
0 9
9 4
4 2
4 1
6 #edges
10 5
0 10
0 9
9 4
5 1
4 2
6 #edges
10 1
10 5
0 10
0 9
9 4
4 2
6 #edges
10 5
0 10
0 9
1 2
9 4
5 1
6 #edges
10 5
0 10
0 9
9 4
5 2
4 1
6 #edges
10 1
10 5
0 10
0 9
9 4
5 2
6 #edges
10 5
0 10
0 9
1 2
9 4
4 1
6 #edges
10 1
10 5
0 10
0 9
1 2
9 4
6 #edges
10 1
10 4
0 10
0 9
1 2
9 5
6 #edges
10 2
10 1
10 4
0 10
0 9
9 5
6 #edges
10 1
10 4
0 10
0 9
9 5
5 2
6 #edges
10 1
10 4
0 10
0 9
9 5
4 2
6 #edges
10 2
10 4
0 10
0 9
9 5
5 1
6 #edges
10 2
10 4
0 10
0 9
9 5
4 1
6 #edges
10 4
0 10
0 9
9 5
5 2
4 1
6 #edges
10 4
0 10
0 9
1 2
9 5
5 1
6 #edges
10 4
0 10
0 9
9 5
5 1
4 2
6 #edges
10 4
0 10
0 9
9 5
4 2
4 1
6 #edges
10 4
0 10
0 9
1 2
9 5
4 1
6 #edges
10 2
10 5
10 4
0 10
0 9
4 1
6 #edges
10 5
10 4
0 10
0 9
4 2
4 1
6 #edges
10 5
10 4
0 10
0 9
1 2
4 1
6 #edges
10 5
10 4
0 10
0 9
5 2
4 1
6 #edges
10 2
10 5
10 4
0 10
0 9
5 1
6 #edges
10 5
10 4
0 10
0 9
5 1
4 2
6 #edges
10 5
10 4
0 10
0 9
1 2
5 1
4 #trees for patient 20
6 #edges
10 2
10 1
0 10
0 9
2 4
1 5
6 #edges
10 2
10 5
0 10
0 9
2 4
5 1
6 #edges
10 2
10 5
10 4
0 10
0 9
5 1
6 #edges
10 2
10 1
10 4
0 10
0 9
1 5
8 #trees for patient 21
6 #edges
10 2
10 5
10 4
0 10
0 9
5 1
6 #edges
10 5
10 4
0 10
0 9
5 2
5 1
6 #edges
10 2
10 5
10 4
0 10
0 9
4 1
6 #edges
10 5
10 4
0 10
0 9
5 2
4 1
6 #edges
10 5
10 4
0 10
5 2
5 1
5 9
6 #edges
10 2
10 5
10 4
0 10
5 1
5 9
6 #edges
10 5
10 4
0 10
5 2
5 9
4 1
6 #edges
10 2
10 5
10 4
0 10
5 9
4 1
4 #trees for patient 22
6 #edges
10 2
10 5
10 4
0 10
0 9
5 1
6 #edges
10 2
10 1
10 4
0 10
0 9
1 5
6 #edges
10 2
10 1
0 10
0 9
2 4
1 5
6 #edges
10 2
10 5
0 10
0 9
2 4
5 1
12 #trees for patient 23
6 #edges
10 2
10 4
0 10
0 9
1 5
9 1
6 #edges
10 2
0 10
0 9
2 4
1 5
9 1
6 #edges
10 2
10 5
10 4
0 10
0 9
9 1
6 #edges
10 2
10 5
0 10
0 9
2 4
9 1
6 #edges
10 2
10 4
0 10
0 9
9 5
5 1
6 #edges
10 2
0 10
0 9
2 4
9 5
5 1
6 #edges
10 2
10 1
10 4
0 10
0 9
9 5
6 #edges
10 2
10 1
0 10
0 9
2 4
9 5
6 #edges
10 2
10 5
10 4
0 10
0 9
5 1
6 #edges
10 2
10 1
10 4
0 10
0 9
1 5
6 #edges
10 2
10 1
0 10
0 9
2 4
1 5
6 #edges
10 2
10 5
0 10
0 9
2 4
5 1
6 #trees for patient 24
6 #edges
10 2
10 5
0 10
0 9
0 4
5 1
6 #edges
10 2
10 9
10 5
0 10
0 4
5 1
6 #edges
10 2
10 5
0 10
0 4
2 9
5 1
6 #edges
10 2
10 5
10 4
0 10
0 9
5 1
6 #edges
10 2
10 9
10 5
10 4
0 10
5 1
6 #edges
10 2
10 5
10 4
0 10
2 9
5 1
2 #trees for patient 25
6 #edges
10 2
10 5
10 4
0 10
0 9
5 1
6 #edges
10 2
10 5
10 4
0 10
1 9
5 1
6 #trees for patient 26
6 #edges
10 5
10 4
0 10
0 9
9 2
5 1
6 #edges
10 5
0 10
0 9
9 2
5 1
5 4
6 #edges
10 5
0 10
0 9
9 2
9 4
5 1
6 #edges
10 2
10 5
10 4
0 10
0 9
5 1
6 #edges
10 2
10 5
0 10
0 9
5 1
5 4
6 #edges
10 2
10 5
0 10
0 9
9 4
5 1
8 #trees for patient 27
6 #edges
10 2
10 1
10 5
10 4
0 10
0 9
6 #edges
10 2
10 1
10 4
0 10
0 9
4 5
6 #edges
10 2
10 1
10 4
0 10
0 9
1 5
6 #edges
10 2
10 5
10 4
0 10
0 9
5 1
6 #edges
10 2
10 5
10 4
0 10
0 9
4 1
6 #edges
10 2
10 4
0 10
0 9
5 1
4 5
6 #edges
10 2
10 4
0 10
0 9
4 1
4 5
6 #edges
10 2
10 4
0 10
0 9
1 5
4 1
4 #trees for patient 28
6 #edges
10 5
10 4
0 10
0 9
5 2
5 1
6 #edges
10 2
10 5
10 4
0 10
0 9
5 1
6 #edges
10 2
10 5
10 4
0 10
1 9
5 1
6 #edges
10 5
10 4
0 10
1 9
5 2
5 1
7 #trees for patient 29
6 #edges
10 2
10 5
10 4
0 10
0 1
0 9
6 #edges
10 2
10 4
0 10
0 1
0 9
0 5
6 #edges
10 2
10 4
0 10
0 9
0 5
5 1
6 #edges
10 2
10 4
0 10
0 9
0 5
9 1
6 #edges
10 2
10 1
10 4
0 10
0 9
0 5
6 #edges
10 2
10 5
10 4
0 10
0 9
9 1
6 #edges
10 2
10 5
10 4
0 10
0 9
5 1
7 #trees for patient 30
6 #edges
10 2
10 5
0 10
0 4
2 9
5 1
6 #edges
10 2
10 5
0 10
0 9
9 4
5 1
6 #edges
10 2
10 5
10 4
0 10
0 9
5 1
6 #edges
10 2
10 5
0 10
0 9
2 4
5 1
6 #edges
10 2
10 5
10 4
0 10
2 9
5 1
6 #edges
10 2
10 5
0 10
2 9
2 4
5 1
6 #edges
10 2
10 5
0 10
2 9
9 4
5 1
14 #trees for patient 31
6 #edges
10 2
10 5
10 4
0 10
0 9
2 1
6 #edges
10 2
10 5
10 4
0 10
0 9
5 1
6 #edges
10 2
10 4
0 10
0 9
2 1
1 5
6 #edges
10 2
10 4
0 10
0 9
2 1
2 5
6 #edges
10 2
10 1
10 4
0 10
0 9
2 5
6 #edges
10 2
10 1
10 4
0 10
0 9
1 5
6 #edges
10 2
10 4
0 10
0 9
2 5
5 1
6 #edges
10 2
10 4
0 10
2 1
2 9
2 5
6 #edges
10 2
10 5
10 4
0 10
2 1
2 9
6 #edges
10 2
10 4
0 10
2 1
2 9
1 5
6 #edges
10 2
10 4
0 10
2 9
2 5
5 1
6 #edges
10 2
10 1
10 4
0 10
2 9
2 5
6 #edges
10 2
10 5
10 4
0 10
2 9
5 1
6 #edges
10 2
10 1
10 4
0 10
2 9
1 5
2 #trees for patient 32
6 #edges
10 2
10 5
10 4
0 10
0 9
5 1
6 #edges
10 2
10 1
10 4
0 10
0 9
1 5
12 #trees for patient 33
6 #edges
10 5
0 10
0 9
9 4
5 1
4 2
6 #edges
10 2
10 5
0 10
0 9
9 4
5 1
6 #edges
10 5
0 10
0 9
9 2
9 4
5 1
6 #edges
10 5
10 4
0 10
0 9
9 2
5 1
6 #edges
10 2
10 5
10 4
0 10
0 9
5 1
6 #edges
10 5
10 4
0 10
0 9
5 1
4 2
6 #edges
10 2
10 1
0 10
0 9
1 5
9 4
6 #edges
10 1
0 10
0 9
1 5
9 4
4 2
6 #edges
10 1
0 10
0 9
1 5
9 2
9 4
6 #edges
10 1
10 4
0 10
0 9
1 5
4 2
6 #edges
10 2
10 1
10 4
0 10
0 9
1 5
6 #edges
10 1
10 4
0 10
0 9
1 5
9 2
6 #trees for patient 34
6 #edges
10 2
10 5
10 4
0 10
0 9
5 1
6 #edges
10 5
10 4
0 10
0 9
5 1
4 2
6 #edges
10 5
10 4
0 10
0 9
1 2
5 1
6 #edges
10 5
10 4
0 10
5 1
4 2
4 9
6 #edges
10 2
10 5
10 4
0 10
5 1
4 9
6 #edges
10 5
10 4
0 10
1 2
5 1
4 9
7 #trees for patient 35
6 #edges
10 2
10 5
10 4
0 10
0 9
5 1
6 #edges
10 5
10 4
0 10
0 9
1 2
5 1
6 #edges
10 9
10 5
10 4
0 10
1 2
5 1
6 #edges
10 2
10 5
10 4
0 10
2 9
5 1
6 #edges
10 2
10 5
10 4
0 10
1 9
5 1
6 #edges
10 5
10 4
0 10
1 2
1 9
5 1
6 #edges
10 5
10 4
0 10
2 9
1 2
5 1
14 #trees for patient 36
6 #edges
10 2
10 5
10 4
0 10
0 9
4 1
6 #edges
10 2
10 1
10 5
10 4
0 10
0 9
6 #edges
10 2
10 5
10 4
0 10
0 9
5 1
6 #edges
10 2
10 1
10 4
0 10
0 9
4 5
6 #edges
10 2
10 4
0 10
0 9
5 1
4 5
6 #edges
10 2
10 4
0 10
0 9
1 5
4 1
6 #edges
10 2
10 1
10 4
0 10
0 9
1 5
6 #edges
10 2
10 1
10 5
10 4
0 10
2 9
6 #edges
10 2
10 5
10 4
0 10
2 9
4 1
6 #edges
10 2
10 5
10 4
0 10
2 9
5 1
6 #edges
10 2
10 4
0 10
2 9
5 1
4 5
6 #edges
10 2
10 1
10 4
0 10
2 9
4 5
6 #edges
10 2
10 4
0 10
2 9
1 5
4 1
6 #edges
10 2
10 1
10 4
0 10
2 9
1 5
14 #trees for patient 37
6 #edges
10 2
10 5
10 4
0 10
0 9
9 1
6 #edges
10 5
10 4
0 10
0 9
9 1
4 2
6 #edges
10 2
10 5
10 4
0 10
0 9
5 1
6 #edges
10 5
10 4
0 10
0 9
5 1
4 2
6 #edges
10 2
10 1
10 4
0 10
0 9
9 5
6 #edges
10 2
10 4
0 10
0 9
9 5
5 1
6 #edges
10 2
10 4
0 10
0 9
9 1
9 5
6 #edges
10 4
0 10
0 9
9 1
9 5
4 2
6 #edges
10 4
0 10
0 9
9 5
5 1
4 2
6 #edges
10 1
10 4
0 10
0 9
9 5
4 2
6 #edges
10 2
10 1
10 4
0 10
0 9
1 5
6 #edges
10 2
10 4
0 10
0 9
1 5
9 1
6 #edges
10 1
10 4
0 10
0 9
1 5
4 2
6 #edges
10 4
0 10
0 9
1 5
9 1
4 2
8 #trees for patient 38
6 #edges
10 2
10 5
0 10
0 9
0 4
5 1
6 #edges
10 1
10 5
0 10
0 9
0 4
1 2
6 #edges
10 1
10 5
0 10
0 9
0 4
5 2
6 #edges
10 5
0 10
0 9
0 4
1 2
5 1
6 #edges
10 2
10 5
10 4
0 10
0 9
5 1
6 #edges
10 1
10 5
10 4
0 10
0 9
1 2
6 #edges
10 1
10 5
10 4
0 10
0 9
5 2
6 #edges
10 5
10 4
0 10
0 9
1 2
5 1
2 #trees for patient 39
6 #edges
10 2
10 5
0 10
0 9
5 1
5 4
6 #edges
10 2
10 5
10 4
0 10
0 9
5 1
14 #trees for patient 40
6 #edges
10 2
10 4
0 10
0 9
0 5
5 1
6 #edges
10 4
0 10
0 9
0 5
5 1
4 2
6 #edges
10 2
10 4
0 10
0 1
0 9
0 5
6 #edges
10 4
0 10
0 1
0 9
0 5
4 2
6 #edges
10 2
10 1
10 4
0 10
0 9
0 5
6 #edges
10 1
10 4
0 10
0 9
0 5
4 2
6 #edges
10 2
10 4
0 10
0 1
0 9
1 5
6 #edges
10 4
0 10
0 1
0 9
1 5
4 2
6 #edges
10 5
10 4
0 10
0 1
0 9
4 2
6 #edges
10 2
10 5
10 4
0 10
0 1
0 9
6 #edges
10 2
10 1
10 4
0 10
0 9
1 5
6 #edges
10 1
10 4
0 10
0 9
1 5
4 2
6 #edges
10 2
10 5
10 4
0 10
0 9
5 1
6 #edges
10 5
10 4
0 10
0 9
5 1
4 2
2 #trees for patient 41
6 #edges
10 2
10 5
10 4
0 10
0 9
5 1
6 #edges
10 5
10 4
0 10
0 9
1 2
5 1
4 #trees for patient 42
6 #edges
10 5
0 10
0 9
9 2
5 1
5 4
6 #edges
10 5
10 4
0 10
0 9
9 2
5 1
6 #edges
10 2
10 5
10 4
0 10
0 9
5 1
6 #edges
10 2
10 5
0 10
0 9
5 1
5 4
6 #trees for patient 43
6 #edges
10 2
10 5
10 4
0 10
0 9
5 1
6 #edges
10 2
10 1
10 4
0 10
0 9
1 5
6 #edges
10 2
10 5
10 4
0 10
2 9
5 1
6 #edges
10 2
10 5
10 4
0 10
1 9
5 1
6 #edges
10 2
10 1
10 4
0 10
1 5
5 9
6 #edges
10 2
10 1
10 4
0 10
2 9
1 5
13 #trees for patient 44
6 #edges
10 2
10 9
10 5
0 10
0 4
5 1
6 #edges
10 2
10 5
0 10
0 4
2 9
5 1
6 #edges
10 2
10 5
10 4
0 10
0 9
5 1
6 #edges
10 2
10 5
0 10
0 9
9 4
5 1
6 #edges
10 2
10 5
0 10
0 9
5 1
5 4
6 #edges
10 2
10 5
0 10
0 9
2 4
5 1
6 #edges
10 2
10 9
10 5
10 4
0 10
5 1
6 #edges
10 2
10 5
10 4
0 10
2 9
5 1
6 #edges
10 2
10 5
0 10
2 9
5 1
5 4
6 #edges
10 2
10 9
10 5
0 10
5 1
5 4
6 #edges
10 2
10 9
10 5
0 10
2 4
5 1
6 #edges
10 2
10 9
10 5
0 10
9 4
5 1
6 #edges
10 2
10 5
0 10
2 9
9 4
5 1
16 #trees for patient 45
6 #edges
10 2
10 1
10 4
0 10
0 9
1 5
6 #edges
10 2
10 1
0 10
0 9
1 5
5 4
6 #edges
10 2
10 1
0 10
0 9
2 4
1 5
6 #edges
10 2
10 1
0 10
0 9
2 5
1 4
6 #edges
10 2
10 1
0 10
0 9
2 5
5 4
6 #edges
10 2
10 1
10 4
0 10
0 9
2 5
6 #edges
10 2
10 5
10 4
0 10
0 9
2 1
6 #edges
10 2
10 5
10 4
0 10
0 9
5 1
6 #edges
10 2
10 4
0 10
0 9
2 1
1 5
6 #edges
10 2
10 4
0 10
0 9
2 5
5 1
6 #edges
10 2
10 5
0 10
0 9
2 1
5 4
6 #edges
10 2
10 5
0 10
0 9
1 4
5 1
6 #edges
10 2
10 5
0 10
0 9
2 4
5 1
6 #edges
10 2
10 5
0 10
0 9
2 1
1 4
6 #edges
10 2
0 10
0 9
2 1
1 5
5 4
6 #edges
10 2
0 10
0 9
2 5
1 4
5 1
4 #trees for patient 46
6 #edges
10 5
10 4
0 10
0 9
1 2
5 1
6 #edges
10 2
10 5
10 4
0 10
0 9
5 1
6 #edges
10 2
10 1
10 4
0 10
0 9
1 5
6 #edges
10 1
10 4
0 10
0 9
1 5
5 2
4 #trees for patient 47
6 #edges
10 2
10 1
10 4
0 10
0 9
1 5
6 #edges
10 2
10 5
10 4
0 10
0 9
5 1
6 #edges
10 2
10 5
10 4
0 10
1 9
5 1
6 #edges
10 2
10 1
10 4
0 10
1 5
5 9
1 #trees for patient 48
6 #edges
10 2
10 5
10 4
0 10
0 9
5 1
4 #trees for patient 49
6 #edges
10 2
10 5
10 4
0 10
0 9
5 1
6 #edges
10 2
10 5
0 10
0 9
2 4
5 1
6 #edges
10 2
10 1
10 4
0 10
0 9
1 5
6 #edges
10 2
10 1
0 10
0 9
2 4
1 5
