50 # patients
3 #trees for patient 0
6 #edges
4 10
5 1
0 4
0 5
0 2
2 9
6 #edges
4 10
4 1
0 4
0 5
0 2
2 9
6 #edges
4 10
10 1
0 4
0 5
0 2
2 9
14 #trees for patient 1
6 #edges
4 10
4 9
0 4
0 5
0 1
9 2
6 #edges
4 10
4 9
0 4
0 5
0 1
0 2
6 #edges
4 10
4 2
0 4
0 5
0 1
0 9
6 #edges
4 10
0 4
0 5
0 1
0 9
9 2
6 #edges
4 10
0 4
0 5
0 1
0 9
0 2
6 #edges
4 10
4 2
0 4
0 5
0 1
2 9
6 #edges
4 10
0 4
0 5
0 1
0 2
2 9
6 #edges
4 10
10 1
0 4
0 5
0 2
2 9
6 #edges
4 10
10 1
0 4
0 5
0 9
0 2
6 #edges
4 10
4 9
10 1
0 4
0 5
0 2
6 #edges
4 10
10 1
0 4
0 5
0 9
9 2
6 #edges
4 10
4 2
10 1
0 4
0 5
0 9
6 #edges
4 10
4 9
10 1
0 4
0 5
9 2
6 #edges
4 10
4 2
10 1
0 4
0 5
2 9
12 #trees for patient 2
6 #edges
4 10
10 1
0 4
0 5
0 2
2 9
6 #edges
4 10
10 1
0 4
0 5
0 9
9 2
6 #edges
4 10
5 1
0 4
0 5
0 2
2 9
6 #edges
4 10
5 1
0 4
0 5
0 9
9 2
6 #edges
4 1
5 10
0 4
0 5
0 9
9 2
6 #edges
4 1
5 10
0 4
0 5
0 2
2 9
6 #edges
10 1
5 10
0 4
0 5
0 9
9 2
6 #edges
10 1
5 10
0 4
0 5
0 2
2 9
6 #edges
5 1
0 4
0 5
0 2
1 10
2 9
6 #edges
4 1
0 4
0 5
0 2
1 10
2 9
6 #edges
5 1
0 4
0 5
0 9
1 10
9 2
6 #edges
4 1
0 4
0 5
0 9
1 10
9 2
6 #trees for patient 3
6 #edges
4 1
0 4
0 5
0 2
1 10
2 9
6 #edges
4 1
0 4
0 5
0 2
2 10
2 9
6 #edges
4 10
10 1
0 4
0 5
0 2
2 9
6 #edges
4 10
0 4
0 5
0 2
2 1
2 9
6 #edges
0 4
0 5
0 2
1 10
2 1
2 9
6 #edges
10 1
0 4
0 5
0 2
2 10
2 9
18 #trees for patient 4
6 #edges
4 1
0 4
0 5
0 2
1 10
2 9
6 #edges
4 10
10 1
0 4
0 5
0 2
2 9
6 #edges
10 1
0 10
0 5
0 2
1 4
2 9
6 #edges
4 1
10 4
0 10
0 5
0 2
2 9
6 #edges
10 4
0 5
0 1
0 2
1 10
2 9
6 #edges
4 10
0 5
0 1
0 2
1 4
2 9
6 #edges
4 10
0 1
0 2
1 4
2 5
2 9
6 #edges
10 4
0 1
0 2
1 10
2 5
2 9
6 #edges
10 4
0 1
0 2
1 10
9 5
2 9
6 #edges
4 10
0 1
0 2
1 4
9 5
2 9
6 #edges
4 1
10 4
0 10
0 2
2 5
2 9
6 #edges
4 1
10 4
0 10
0 2
9 5
2 9
6 #edges
10 1
0 10
0 2
1 4
9 5
2 9
6 #edges
10 1
0 10
0 2
1 4
2 5
2 9
6 #edges
4 10
10 1
0 4
0 2
2 5
2 9
6 #edges
4 10
10 1
0 4
0 2
9 5
2 9
6 #edges
4 1
0 4
0 2
1 10
9 5
2 9
6 #edges
4 1
0 4
0 2
1 10
2 5
2 9
34 #trees for patient 5
6 #edges
10 4
0 5
0 1
0 2
1 10
2 9
6 #edges
0 5
0 1
0 2
1 10
9 4
2 9
6 #edges
4 10
0 5
0 1
0 2
1 4
2 9
6 #edges
0 5
0 1
0 2
1 4
9 10
2 9
6 #edges
0 5
0 1
0 2
9 4
9 10
2 9
6 #edges
4 10
0 5
0 1
0 2
9 4
2 9
6 #edges
10 4
0 5
0 1
0 2
9 10
2 9
6 #edges
10 1
0 10
0 5
0 2
1 4
2 9
6 #edges
10 1
0 10
0 5
0 2
9 4
2 9
6 #edges
4 1
10 4
0 10
0 5
0 2
2 9
6 #edges
10 4
0 10
0 5
0 2
9 1
2 9
6 #edges
0 10
0 5
0 2
1 4
9 1
2 9
6 #edges
0 10
0 5
0 2
9 4
9 1
2 9
6 #edges
4 1
0 10
0 5
0 2
9 4
2 9
6 #edges
4 10
10 1
0 4
0 5
0 2
2 9
6 #edges
4 10
0 4
0 5
0 2
9 1
2 9
6 #edges
10 1
0 4
0 5
0 2
9 10
2 9
6 #edges
0 4
0 5
0 2
9 10
9 1
2 9
6 #edges
4 1
0 4
0 5
0 2
9 10
2 9
6 #edges
0 4
0 5
0 2
1 10
9 1
2 9
6 #edges
4 1
0 4
0 5
0 2
1 10
2 9
6 #edges
0 5
0 2
1 4
9 10
9 1
2 9
6 #edges
10 4
0 5
0 2
9 10
9 1
2 9
6 #edges
0 5
0 2
9 4
9 10
9 1
2 9
6 #edges
0 5
0 2
1 10
9 4
9 1
2 9
6 #edges
10 4
0 5
0 2
1 10
9 1
2 9
6 #edges
4 10
0 5
0 2
1 4
9 1
2 9
6 #edges
4 10
0 5
0 2
9 4
9 1
2 9
6 #edges
4 1
0 5
0 2
9 4
9 10
2 9
6 #edges
10 1
0 5
0 2
9 4
9 10
2 9
6 #edges
4 10
10 1
0 5
0 2
9 4
2 9
6 #edges
4 1
0 5
0 2
1 10
9 4
2 9
6 #edges
10 1
0 5
0 2
1 4
9 10
2 9
6 #edges
4 1
10 4
0 5
0 2
9 10
2 9
24 #trees for patient 6
6 #edges
10 4
5 9
0 10
0 5
0 1
0 2
6 #edges
10 4
0 10
0 5
0 1
0 2
2 9
6 #edges
4 10
0 4
0 5
0 1
0 2
2 9
6 #edges
4 10
5 9
0 4
0 5
0 1
0 2
6 #edges
10 4
0 10
0 5
0 9
0 2
9 1
6 #edges
10 4
0 10
0 5
0 9
0 2
2 1
6 #edges
10 4
5 1
0 10
0 5
0 9
0 2
6 #edges
4 1
10 4
0 10
0 5
0 9
0 2
6 #edges
4 10
0 4
0 5
0 9
0 2
9 1
6 #edges
4 10
5 1
0 4
0 5
0 9
0 2
6 #edges
4 10
0 4
0 5
0 9
0 2
2 1
6 #edges
4 10
10 1
0 4
0 5
0 9
0 2
6 #edges
10 4
5 9
0 10
0 5
0 2
2 1
6 #edges
4 1
10 4
0 10
0 5
0 2
2 9
6 #edges
4 1
10 4
5 9
0 10
0 5
0 2
6 #edges
10 4
5 1
0 10
0 5
0 2
2 9
6 #edges
10 4
0 10
0 5
0 2
9 1
2 9
6 #edges
10 4
5 9
0 10
0 5
0 2
9 1
6 #edges
4 10
10 1
5 9
0 4
0 5
0 2
6 #edges
4 10
10 1
0 4
0 5
0 2
2 9
6 #edges
4 10
5 9
0 4
0 5
0 2
2 1
6 #edges
4 10
0 4
0 5
0 2
9 1
2 9
6 #edges
4 10
5 1
0 4
0 5
0 2
2 9
6 #edges
4 10
5 9
0 4
0 5
0 2
9 1
6 #trees for patient 7
6 #edges
4 10
10 1
5 9
0 4
0 5
0 2
6 #edges
4 10
10 1
0 4
0 5
0 2
2 9
6 #edges
4 10
10 1
0 4
0 5
0 9
9 2
6 #edges
4 10
10 1
5 2
0 4
0 5
0 9
6 #edges
4 10
10 1
5 2
0 4
0 5
2 9
6 #edges
4 10
10 1
5 9
0 4
0 5
9 2
2 #trees for patient 8
6 #edges
4 10
10 1
5 9
0 4
0 5
0 2
6 #edges
4 10
10 1
0 4
0 5
0 2
2 9
4 #trees for patient 9
6 #edges
4 10
10 1
0 4
0 5
0 2
2 9
6 #edges
4 10
0 4
0 5
0 2
9 1
2 9
6 #edges
4 10
0 4
0 5
0 9
9 2
2 1
6 #edges
4 10
10 1
0 4
0 5
0 9
9 2
8 #trees for patient 10
6 #edges
4 10
10 1
0 4
0 5
0 9
9 2
6 #edges
4 10
10 1
0 4
0 5
0 2
2 9
6 #edges
4 1
10 4
0 10
0 5
0 2
2 9
6 #edges
4 1
10 4
0 10
0 5
0 9
9 2
6 #edges
4 1
10 4
0 10
0 2
1 5
2 9
6 #edges
4 1
10 4
0 10
0 9
1 5
9 2
6 #edges
4 10
10 1
0 4
0 9
1 5
9 2
6 #edges
4 10
10 1
0 4
0 2
1 5
2 9
8 #trees for patient 11
6 #edges
4 10
10 1
0 4
0 5
0 2
2 9
6 #edges
4 10
0 4
0 5
0 2
9 1
2 9
6 #edges
10 4
0 10
0 5
0 2
9 1
2 9
6 #edges
4 1
10 4
0 10
0 5
0 2
2 9
6 #edges
4 10
10 1
0 4
0 5
0 9
9 2
6 #edges
4 10
0 4
0 5
0 9
9 2
2 1
6 #edges
10 4
0 10
0 5
0 9
9 2
2 1
6 #edges
4 1
10 4
0 10
0 5
0 9
9 2
4 #trees for patient 12
6 #edges
4 1
10 4
0 10
0 5
0 2
2 9
6 #edges
4 10
10 1
0 4
0 5
0 2
2 9
6 #edges
4 1
10 4
0 10
0 5
0 9
9 2
6 #edges
4 10
10 1
0 4
0 5
0 9
9 2
4 #trees for patient 13
6 #edges
4 1
10 4
0 10
0 5
0 2
2 9
6 #edges
4 10
10 1
0 4
0 5
0 2
2 9
6 #edges
4 10
10 1
0 4
0 5
0 9
9 2
6 #edges
4 1
10 4
0 10
0 5
0 9
9 2
36 #trees for patient 14
6 #edges
4 10
10 1
0 4
0 5
0 2
2 9
6 #edges
4 10
10 1
5 9
0 4
0 5
0 2
6 #edges
4 10
10 1
0 4
0 5
0 2
1 9
6 #edges
4 10
10 9
5 1
0 4
0 5
0 2
6 #edges
4 10
5 1
5 9
0 4
0 5
0 2
6 #edges
4 10
5 1
0 4
0 5
0 2
2 9
6 #edges
4 10
5 1
0 4
0 5
0 2
1 9
6 #edges
4 10
10 1
0 4
0 5
0 9
9 2
6 #edges
4 10
5 1
0 4
0 5
0 9
9 2
6 #edges
4 10
5 1
0 4
0 5
0 9
1 2
6 #edges
4 10
10 2
5 1
0 4
0 5
0 9
6 #edges
4 10
5 1
5 2
0 4
0 5
0 9
6 #edges
4 10
10 1
5 2
0 4
0 5
0 9
6 #edges
4 10
10 1
0 4
0 5
0 9
1 2
6 #edges
4 10
5 1
5 2
0 4
0 5
1 9
6 #edges
4 10
5 1
0 4
0 5
1 9
1 2
6 #edges
4 10
10 2
5 1
0 4
0 5
1 9
6 #edges
4 10
5 1
0 4
0 5
1 9
9 2
6 #edges
4 10
5 1
5 9
0 4
0 5
1 2
6 #edges
4 10
5 1
0 4
0 5
1 2
2 9
6 #edges
4 10
10 9
5 1
0 4
0 5
1 2
6 #edges
4 10
5 1
5 2
0 4
0 5
2 9
6 #edges
4 10
10 9
5 1
5 2
0 4
0 5
6 #edges
4 10
10 2
5 1
5 9
0 4
0 5
6 #edges
4 10
5 1
5 9
0 4
0 5
9 2
6 #edges
4 10
10 9
10 2
5 1
0 4
0 5
6 #edges
4 10
10 2
5 1
0 4
0 5
2 9
6 #edges
4 10
10 9
5 1
0 4
0 5
9 2
6 #edges
4 10
10 1
5 9
5 2
0 4
0 5
6 #edges
4 10
10 1
5 9
0 4
0 5
9 2
6 #edges
4 10
10 1
5 9
0 4
0 5
1 2
6 #edges
4 10
10 1
5 2
0 4
0 5
2 9
6 #edges
4 10
10 1
5 2
0 4
0 5
1 9
6 #edges
4 10
10 1
0 4
0 5
1 9
9 2
6 #edges
4 10
10 1
0 4
0 5
1 9
1 2
6 #edges
4 10
10 1
0 4
0 5
1 2
2 9
47 #trees for patient 15
6 #edges
4 1
4 9
0 4
0 5
0 2
1 10
6 #edges
4 10
4 1
4 9
0 4
0 5
0 2
6 #edges
4 10
4 1
0 4
0 5
0 2
1 9
6 #edges
4 1
0 4
0 5
0 2
1 10
2 9
6 #edges
4 1
10 9
0 4
0 5
0 2
1 10
6 #edges
4 10
4 1
10 9
0 4
0 5
0 2
6 #edges
4 10
4 1
0 4
0 5
0 2
2 9
6 #edges
4 10
4 9
10 1
0 4
0 5
0 2
6 #edges
4 10
10 1
0 4
0 5
0 2
1 9
6 #edges
4 10
10 1
0 4
0 5
0 2
2 9
6 #edges
4 10
10 1
0 4
0 5
0 9
9 2
6 #edges
4 10
4 1
0 4
0 5
0 9
9 2
6 #edges
4 1
0 4
0 5
0 9
1 10
9 2
6 #edges
4 10
4 1
4 2
0 4
0 5
0 9
6 #edges
4 1
4 2
0 4
0 5
0 9
1 10
6 #edges
4 10
4 2
10 1
0 4
0 5
0 9
6 #edges
4 1
10 2
0 4
0 5
0 9
1 10
6 #edges
4 10
4 1
0 4
0 5
0 9
1 2
6 #edges
4 10
4 1
10 2
0 4
0 5
0 9
6 #edges
4 10
10 1
0 4
0 5
0 9
1 2
6 #edges
4 10
4 1
4 9
10 2
0 4
0 5
6 #edges
4 10
4 1
10 2
0 4
0 5
2 9
6 #edges
4 10
4 1
10 2
0 4
0 5
1 9
6 #edges
4 10
4 1
10 9
0 4
0 5
1 2
6 #edges
4 10
4 1
10 9
0 4
0 5
9 2
6 #edges
4 10
4 1
4 2
10 9
0 4
0 5
6 #edges
4 10
4 1
4 2
0 4
0 5
2 9
6 #edges
4 10
4 1
4 9
4 2
0 4
0 5
6 #edges
4 10
4 1
4 2
0 4
0 5
1 9
6 #edges
4 10
4 1
4 9
0 4
0 5
9 2
6 #edges
4 10
4 1
4 9
0 4
0 5
1 2
6 #edges
4 10
4 1
0 4
0 5
1 9
9 2
6 #edges
4 10
4 1
0 4
0 5
1 2
2 9
6 #edges
4 10
4 9
10 1
0 4
0 5
9 2
6 #edges
4 10
4 9
4 2
10 1
0 4
0 5
6 #edges
4 10
4 9
10 1
0 4
0 5
1 2
6 #edges
4 10
4 2
10 1
0 4
0 5
1 9
6 #edges
4 10
10 1
0 4
0 5
1 9
9 2
6 #edges
4 10
4 2
10 1
0 4
0 5
2 9
6 #edges
4 10
10 1
0 4
0 5
1 2
2 9
6 #edges
4 1
4 9
0 4
0 5
1 10
9 2
6 #edges
4 1
4 9
4 2
0 4
0 5
1 10
6 #edges
4 1
4 9
10 2
0 4
0 5
1 10
6 #edges
4 1
4 2
0 4
0 5
1 10
2 9
6 #edges
4 1
4 2
10 9
0 4
0 5
1 10
6 #edges
4 1
10 2
0 4
0 5
1 10
2 9
6 #edges
4 1
10 9
0 4
0 5
1 10
9 2
8 #trees for patient 16
6 #edges
4 10
0 4
0 5
0 2
9 1
2 9
6 #edges
4 10
10 1
0 4
0 5
0 2
2 9
6 #edges
4 1
10 4
0 10
0 5
0 2
2 9
6 #edges
10 4
0 10
0 5
0 2
9 1
2 9
6 #edges
4 1
10 4
0 10
0 2
9 5
2 9
6 #edges
10 4
0 10
0 2
9 5
9 1
2 9
6 #edges
4 10
0 4
0 2
9 5
9 1
2 9
6 #edges
4 10
10 1
0 4
0 2
9 5
2 9
12 #trees for patient 17
6 #edges
4 10
10 1
0 4
0 5
0 9
9 2
6 #edges
4 10
10 1
0 4
0 5
0 2
2 9
6 #edges
4 1
10 4
0 10
0 5
0 2
2 9
6 #edges
4 1
10 4
0 10
0 5
0 9
9 2
6 #edges
4 1
10 4
0 10
0 2
9 5
2 9
6 #edges
4 1
10 4
0 10
0 2
1 5
2 9
6 #edges
4 1
10 4
0 10
0 9
9 2
2 5
6 #edges
4 1
10 4
0 10
0 9
1 5
9 2
6 #edges
4 10
10 1
0 4
0 2
9 5
2 9
6 #edges
4 10
10 1
0 4
0 2
1 5
2 9
6 #edges
4 10
10 1
0 4
0 9
9 2
2 5
6 #edges
4 10
10 1
0 4
0 9
1 5
9 2
4 #trees for patient 18
6 #edges
4 10
10 1
0 4
0 5
0 2
2 9
6 #edges
4 1
10 4
0 10
0 5
0 2
2 9
6 #edges
4 10
10 1
0 4
0 5
0 9
9 2
6 #edges
4 1
10 4
0 10
0 5
0 9
9 2
12 #trees for patient 19
6 #edges
4 1
10 4
0 10
0 5
0 9
0 2
6 #edges
4 1
10 4
0 10
0 5
0 2
2 9
6 #edges
4 10
10 1
0 4
0 5
0 2
2 9
6 #edges
4 10
10 1
0 4
0 5
0 9
0 2
6 #edges
4 10
10 1
0 4
0 9
0 2
9 5
6 #edges
4 10
10 1
0 4
0 9
0 2
2 5
6 #edges
4 1
10 4
0 10
0 9
0 2
9 5
6 #edges
4 1
10 4
0 10
0 9
0 2
2 5
6 #edges
4 1
10 4
0 10
0 2
2 5
2 9
6 #edges
4 10
10 1
0 4
0 2
2 5
2 9
6 #edges
4 1
10 4
0 10
0 2
9 5
2 9
6 #edges
4 10
10 1
0 4
0 2
9 5
2 9
16 #trees for patient 20
6 #edges
5 6
0 9
0 2
8 3
6 8
9 5
6 #edges
5 3
5 6
0 9
0 2
6 8
9 5
6 #edges
5 3
5 8
0 9
0 2
8 6
9 5
6 #edges
5 8
0 9
0 2
8 6
6 3
9 5
6 #edges
5 9
0 5
0 2
8 6
6 3
9 8
6 #edges
5 9
0 5
0 2
8 6
9 3
9 8
6 #edges
5 9
0 5
0 2
6 8
9 3
9 6
6 #edges
5 9
0 5
0 2
8 3
6 8
9 6
6 #edges
5 3
5 6
5 2
0 9
6 8
9 5
6 #edges
5 6
5 2
0 9
8 3
6 8
9 5
6 #edges
5 3
5 8
5 2
0 9
8 6
9 5
6 #edges
5 8
5 2
0 9
8 6
6 3
9 5
6 #edges
5 9
0 5
8 3
6 8
9 6
9 2
6 #edges
5 9
0 5
6 8
9 3
9 6
9 2
6 #edges
5 9
0 5
8 6
9 3
9 8
9 2
6 #edges
5 9
0 5
8 6
6 3
9 8
9 2
13 #trees for patient 21
6 #edges
5 3
5 8
0 9
9 5
9 2
2 6
6 #edges
5 3
5 8
5 6
0 9
9 5
9 2
6 #edges
5 3
5 8
0 9
9 5
9 6
9 2
6 #edges
5 3
5 8
0 9
8 6
9 5
9 2
6 #edges
3 6
5 3
5 8
0 9
9 5
9 2
6 #edges
5 3
5 8
5 2
0 9
9 5
9 6
6 #edges
3 2
5 3
5 8
0 9
9 5
9 6
6 #edges
3 2
5 3
5 8
5 6
0 9
9 5
6 #edges
3 2
5 3
5 8
0 9
8 6
9 5
6 #edges
5 3
5 8
5 2
0 9
8 6
9 5
6 #edges
3 2
5 3
5 8
0 9
9 5
2 6
6 #edges
5 3
5 8
5 2
0 9
9 5
2 6
6 #edges
3 6
5 3
5 8
5 2
0 9
9 5
2 #trees for patient 22
6 #edges
5 3
5 8
5 2
0 9
8 6
9 5
6 #edges
3 2
5 3
5 8
0 9
8 6
9 5
48 #trees for patient 23
6 #edges
5 9
0 5
0 8
0 6
0 2
9 3
6 #edges
5 3
0 8
0 6
0 9
0 2
9 5
6 #edges
5 9
0 5
0 6
0 2
6 8
9 3
6 #edges
5 3
0 6
0 9
0 2
6 8
9 5
6 #edges
5 9
0 5
0 6
0 2
9 3
9 8
6 #edges
5 3
5 8
0 6
0 9
0 2
9 5
6 #edges
5 9
0 5
0 8
0 2
8 6
9 3
6 #edges
5 9
0 5
0 8
0 2
9 3
9 6
6 #edges
5 3
0 8
0 9
0 2
8 6
9 5
6 #edges
5 3
5 6
0 8
0 9
0 2
9 5
6 #edges
5 3
5 8
0 9
0 2
8 6
9 5
6 #edges
5 3
5 6
0 9
0 2
6 8
9 5
6 #edges
5 9
0 5
0 2
8 6
9 3
9 8
6 #edges
5 9
0 5
0 2
6 8
9 3
9 6
6 #edges
5 9
0 5
0 8
0 6
6 2
9 3
6 #edges
5 9
0 5
0 6
6 2
9 3
9 8
6 #edges
5 9
0 5
0 6
8 2
6 8
9 3
6 #edges
5 9
0 5
0 6
6 8
9 3
9 2
6 #edges
5 9
0 5
0 8
0 6
9 3
9 2
6 #edges
5 9
0 5
0 6
9 3
9 8
9 2
6 #edges
5 9
0 5
0 8
0 6
8 2
9 3
6 #edges
5 9
0 5
0 6
8 2
9 3
9 8
6 #edges
5 3
0 8
0 6
0 9
8 2
9 5
6 #edges
5 3
0 8
0 6
0 9
6 2
9 5
6 #edges
5 3
5 2
0 8
0 6
0 9
9 5
6 #edges
5 3
5 8
0 6
0 9
6 2
9 5
6 #edges
5 3
5 2
0 6
0 9
6 8
9 5
6 #edges
5 3
0 6
0 9
8 2
6 8
9 5
6 #edges
5 3
5 8
5 2
0 6
0 9
9 5
6 #edges
5 3
5 8
0 6
0 9
8 2
9 5
6 #edges
5 9
0 5
0 8
8 2
9 3
9 6
6 #edges
5 9
0 5
0 8
9 3
9 6
9 2
6 #edges
5 9
0 5
0 8
6 2
9 3
9 6
6 #edges
5 9
0 5
0 8
8 6
9 3
9 2
6 #edges
5 9
0 5
0 8
8 6
6 2
9 3
6 #edges
5 3
5 6
0 8
0 9
8 2
9 5
6 #edges
5 3
0 8
0 9
8 6
6 2
9 5
6 #edges
5 3
5 2
0 8
0 9
8 6
9 5
6 #edges
5 3
5 6
0 8
0 9
6 2
9 5
6 #edges
5 3
5 6
5 2
0 8
0 9
9 5
6 #edges
5 3
5 6
5 2
0 9
6 8
9 5
6 #edges
5 3
5 8
5 2
0 9
8 6
9 5
6 #edges
5 3
5 6
0 9
8 2
6 8
9 5
6 #edges
5 3
5 8
0 9
8 6
6 2
9 5
6 #edges
5 9
0 5
8 6
9 3
9 8
9 2
6 #edges
5 9
0 5
8 6
6 2
9 3
9 8
6 #edges
5 9
0 5
6 8
9 3
9 6
9 2
6 #edges
5 9
0 5
8 2
6 8
9 3
9 6
6 #trees for patient 24
6 #edges
3 8
5 3
5 2
0 9
8 6
9 5
6 #edges
3 8
5 3
5 6
5 2
0 9
9 5
6 #edges
3 6
5 3
5 2
0 9
6 8
9 5
6 #edges
3 6
5 3
5 8
5 2
0 9
9 5
6 #edges
5 3
5 8
5 2
0 9
8 6
9 5
6 #edges
5 3
5 6
5 2
0 9
6 8
9 5
4 #trees for patient 25
6 #edges
5 3
5 8
5 2
0 9
8 6
9 5
6 #edges
3 2
5 3
5 8
0 9
8 6
9 5
6 #edges
3 2
5 9
0 5
8 6
9 3
9 8
6 #edges
5 9
0 5
8 6
9 3
9 8
9 2
4 #trees for patient 26
6 #edges
5 3
5 6
5 2
0 9
6 8
9 5
6 #edges
3 2
5 3
5 6
0 9
6 8
9 5
6 #edges
5 3
5 8
5 2
0 9
8 6
9 5
6 #edges
3 2
5 3
5 8
0 9
8 6
9 5
16 #trees for patient 27
6 #edges
5 2
0 9
8 3
6 8
9 5
9 6
6 #edges
5 3
5 2
0 9
6 8
9 5
9 6
6 #edges
5 8
5 2
0 9
6 3
9 5
9 6
6 #edges
5 3
5 8
5 2
0 9
9 5
9 6
6 #edges
5 8
5 2
0 9
8 3
9 5
9 6
6 #edges
5 8
5 2
0 9
8 6
9 3
9 5
6 #edges
5 6
5 2
0 9
6 8
9 3
9 5
6 #edges
5 3
5 6
5 2
0 9
9 5
9 8
6 #edges
5 3
5 2
0 9
8 6
9 5
9 8
6 #edges
5 3
5 6
5 2
0 9
6 8
9 5
6 #edges
5 3
5 8
5 2
0 9
8 6
9 5
6 #edges
5 8
5 2
0 9
8 6
6 3
9 5
6 #edges
5 6
5 2
0 9
8 3
9 5
9 8
6 #edges
5 2
0 9
8 6
6 3
9 5
9 8
6 #edges
5 6
5 2
0 9
6 3
9 5
9 8
6 #edges
5 6
5 2
0 9
8 3
6 8
9 5
2 #trees for patient 28
6 #edges
5 3
5 8
5 2
0 9
8 6
9 5
6 #edges
5 3
5 6
5 2
0 9
6 8
9 5
24 #trees for patient 29
6 #edges
5 3
5 8
5 2
0 9
8 6
9 5
6 #edges
3 6
5 3
5 8
5 2
0 9
9 5
6 #edges
5 3
5 6
5 2
0 9
6 8
9 5
6 #edges
3 8
5 3
5 6
5 2
0 9
9 5
6 #edges
3 6
5 3
5 2
0 9
6 8
9 5
6 #edges
3 8
5 3
5 2
0 9
8 6
9 5
6 #edges
3 6
3 2
5 3
5 8
0 9
9 5
6 #edges
3 2
5 3
5 8
0 9
8 6
9 5
6 #edges
3 6
3 2
5 3
0 9
6 8
9 5
6 #edges
3 2
5 3
5 6
0 9
6 8
9 5
6 #edges
3 8
3 2
5 3
5 6
0 9
9 5
6 #edges
3 8
3 2
5 3
0 9
8 6
9 5
6 #edges
3 8
5 9
0 5
9 3
9 6
9 2
6 #edges
3 8
3 2
5 9
0 5
9 3
9 6
6 #edges
3 2
5 9
0 5
6 8
9 3
9 6
6 #edges
5 9
0 5
6 8
9 3
9 6
9 2
6 #edges
3 2
5 9
0 5
8 6
9 3
9 8
6 #edges
3 6
3 2
5 9
0 5
9 3
9 8
6 #edges
5 9
0 5
8 6
9 3
9 8
9 2
6 #edges
3 6
5 9
0 5
9 3
9 8
9 2
6 #edges
3 6
5 9
0 5
6 8
9 3
9 2
6 #edges
3 6
3 2
5 9
0 5
6 8
9 3
6 #edges
3 8
5 9
0 5
8 6
9 3
9 2
6 #edges
3 8
3 2
5 9
0 5
8 6
9 3
42 #trees for patient 30
6 #edges
7 11
3 9
0 7
0 3
0 8
8 10
6 #edges
7 11
3 9
0 7
0 3
0 10
0 8
6 #edges
7 11
3 9
0 7
0 3
0 8
9 10
6 #edges
3 9
0 7
0 3
0 8
8 10
9 11
6 #edges
3 9
0 7
0 3
0 10
0 8
9 11
6 #edges
3 9
0 7
0 3
0 8
9 11
9 10
6 #edges
3 9
0 11
0 3
0 8
8 10
9 7
6 #edges
11 7
3 9
0 11
0 3
0 8
8 10
6 #edges
11 7
3 9
0 3
0 8
8 10
9 11
6 #edges
7 11
3 9
0 3
0 8
8 10
9 7
6 #edges
11 7
3 9
0 11
0 3
0 10
0 8
6 #edges
3 9
0 11
0 3
0 10
0 8
9 7
6 #edges
7 11
3 9
0 3
0 10
0 8
9 7
6 #edges
11 7
3 9
0 3
0 10
0 8
9 11
6 #edges
3 9
0 11
0 3
0 8
9 7
9 10
6 #edges
11 7
3 9
0 11
0 3
0 8
9 10
6 #edges
11 7
3 9
0 3
0 8
9 11
9 10
6 #edges
7 11
3 9
0 3
0 8
9 7
9 10
6 #edges
7 11
3 9
10 8
0 7
0 3
0 10
6 #edges
3 9
10 8
0 7
0 3
0 10
9 11
6 #edges
7 11
3 9
0 7
0 3
0 10
9 8
6 #edges
3 9
0 7
0 3
0 10
9 11
9 8
6 #edges
11 7
3 9
10 8
0 11
0 3
0 10
6 #edges
3 9
10 8
0 11
0 3
0 10
9 7
6 #edges
11 7
3 9
0 11
0 3
0 10
9 8
6 #edges
3 9
0 11
0 3
0 10
9 7
9 8
6 #edges
11 7
3 9
10 8
0 3
0 10
9 11
6 #edges
7 11
3 9
10 8
0 3
0 10
9 7
6 #edges
7 11
3 9
0 3
0 10
9 7
9 8
6 #edges
11 7
3 9
0 3
0 10
9 11
9 8
6 #edges
3 9
10 8
0 7
0 3
9 11
9 10
6 #edges
7 11
3 9
10 8
0 7
0 3
9 10
6 #edges
3 9
0 7
0 3
8 10
9 11
9 8
6 #edges
7 11
3 9
0 7
0 3
8 10
9 8
6 #edges
3 9
10 8
0 11
0 3
9 7
9 10
6 #edges
11 7
3 9
10 8
0 11
0 3
9 10
6 #edges
3 9
0 11
0 3
8 10
9 7
9 8
6 #edges
11 7
3 9
0 11
0 3
8 10
9 8
6 #edges
11 7
3 9
0 3
8 10
9 11
9 8
6 #edges
11 7
3 9
10 8
0 3
9 11
9 10
6 #edges
7 11
3 9
10 8
0 3
9 7
9 10
6 #edges
7 11
3 9
0 3
8 10
9 7
9 8
6 #trees for patient 31
6 #edges
11 7
3 10
3 9
0 11
0 3
0 8
6 #edges
7 11
3 10
3 9
0 7
0 3
0 8
6 #edges
7 11
3 9
0 7
0 3
0 8
9 10
6 #edges
7 11
3 9
0 7
0 3
0 8
8 10
6 #edges
11 7
3 9
0 11
0 3
0 8
9 10
6 #edges
11 7
3 9
0 11
0 3
0 8
8 10
42 #trees for patient 32
6 #edges
3 10
3 9
0 11
0 7
0 3
0 8
6 #edges
3 9
0 11
0 7
0 3
0 8
8 10
6 #edges
11 10
3 9
0 11
0 7
0 3
0 8
6 #edges
3 8
3 9
0 11
0 7
0 3
0 10
6 #edges
3 9
10 8
0 11
0 7
0 3
0 10
6 #edges
11 8
3 9
0 11
0 7
0 3
0 10
6 #edges
11 10
3 8
3 9
0 11
0 7
0 3
6 #edges
11 10
11 8
3 9
0 11
0 7
0 3
6 #edges
11 10
3 9
10 8
0 11
0 7
0 3
6 #edges
11 8
3 9
0 11
0 7
0 3
8 10
6 #edges
11 8
3 10
3 9
0 11
0 7
0 3
6 #edges
3 10
3 8
3 9
0 11
0 7
0 3
6 #edges
3 8
3 9
0 11
0 7
0 3
8 10
6 #edges
3 10
3 9
10 8
0 11
0 7
0 3
6 #edges
3 7
3 9
0 11
0 3
0 8
8 10
6 #edges
11 7
3 9
0 11
0 3
0 8
8 10
6 #edges
11 7
11 10
3 9
0 11
0 3
0 8
6 #edges
11 7
3 10
3 9
0 11
0 3
0 8
6 #edges
11 10
3 7
3 9
0 11
0 3
0 8
6 #edges
3 7
3 10
3 9
0 11
0 3
0 8
6 #edges
3 7
3 9
10 8
0 11
0 3
0 10
6 #edges
11 7
3 9
10 8
0 11
0 3
0 10
6 #edges
3 7
3 8
3 9
0 11
0 3
0 10
6 #edges
11 7
3 8
3 9
0 11
0 3
0 10
6 #edges
11 8
3 7
3 9
0 11
0 3
0 10
6 #edges
11 7
11 8
3 9
0 11
0 3
0 10
6 #edges
11 7
11 10
3 9
10 8
0 11
0 3
6 #edges
11 7
11 10
11 8
3 9
0 11
0 3
6 #edges
11 7
11 10
3 8
3 9
0 11
0 3
6 #edges
11 10
3 7
3 9
10 8
0 11
0 3
6 #edges
11 10
11 8
3 7
3 9
0 11
0 3
6 #edges
11 10
3 7
3 8
3 9
0 11
0 3
6 #edges
3 7
3 10
3 8
3 9
0 11
0 3
6 #edges
3 7
3 10
3 9
10 8
0 11
0 3
6 #edges
11 8
3 7
3 10
3 9
0 11
0 3
6 #edges
11 8
3 7
3 9
0 11
0 3
8 10
6 #edges
3 7
3 8
3 9
0 11
0 3
8 10
6 #edges
11 7
11 8
3 10
3 9
0 11
0 3
6 #edges
11 7
3 10
3 8
3 9
0 11
0 3
6 #edges
11 7
3 10
3 9
10 8
0 11
0 3
6 #edges
11 7
11 8
3 9
0 11
0 3
8 10
6 #edges
11 7
3 8
3 9
0 11
0 3
8 10
7 #trees for patient 33
6 #edges
11 7
3 9
0 11
0 3
0 8
8 10
6 #edges
11 7
7 10
3 9
0 11
0 3
0 8
6 #edges
11 7
3 9
10 8
0 11
0 3
0 10
6 #edges
11 7
7 8
3 9
0 11
0 3
0 10
6 #edges
11 7
7 10
3 9
10 8
0 11
0 3
6 #edges
11 7
7 10
7 8
3 9
0 11
0 3
6 #edges
11 7
7 8
3 9
0 11
0 3
8 10
2 #trees for patient 34
6 #edges
11 7
3 9
0 11
0 3
0 8
8 10
6 #edges
11 7
3 9
10 8
0 11
0 3
0 10
24 #trees for patient 35
6 #edges
7 11
0 7
0 8
0 9
8 10
9 3
6 #edges
7 11
10 8
0 7
0 10
0 9
9 3
6 #edges
11 3
7 11
0 7
0 8
0 9
8 10
6 #edges
11 3
7 11
10 8
0 7
0 10
0 9
6 #edges
11 7
0 11
0 8
0 9
8 10
9 3
6 #edges
11 7
7 3
0 11
0 8
0 9
8 10
6 #edges
11 7
7 3
10 8
0 11
0 10
0 9
6 #edges
11 7
10 8
0 11
0 10
0 9
9 3
6 #edges
11 7
3 9
0 11
0 3
0 8
8 10
6 #edges
7 11
3 9
0 7
0 3
0 8
8 10
6 #edges
11 9
7 11
0 7
0 3
0 8
8 10
6 #edges
11 7
7 9
0 11
0 3
0 8
8 10
6 #edges
11 7
3 9
10 8
0 11
0 3
0 10
6 #edges
7 11
3 9
10 8
0 7
0 3
0 10
6 #edges
11 9
7 11
10 8
0 7
0 3
0 10
6 #edges
11 7
7 9
10 8
0 11
0 3
0 10
6 #edges
11 3
7 11
3 9
10 8
0 7
0 10
6 #edges
11 9
7 11
10 8
0 7
0 10
9 3
6 #edges
11 3
7 11
3 9
0 7
0 8
8 10
6 #edges
11 9
7 11
0 7
0 8
8 10
9 3
6 #edges
11 7
7 9
0 11
0 8
8 10
9 3
6 #edges
11 7
7 3
3 9
0 11
0 8
8 10
6 #edges
11 7
7 9
10 8
0 11
0 10
9 3
6 #edges
11 7
7 3
3 9
10 8
0 11
0 10
6 #trees for patient 36
6 #edges
7 11
3 9
0 7
0 3
0 8
8 10
6 #edges
3 9
10 11
0 7
0 3
0 8
8 10
6 #edges
11 7
3 9
0 11
0 3
0 8
8 10
6 #edges
3 9
10 7
0 11
0 3
0 8
8 10
6 #edges
7 11
3 9
10 7
0 3
0 8
8 10
6 #edges
11 7
3 9
10 11
0 3
0 8
8 10
14 #trees for patient 37
6 #edges
7 11
3 9
0 7
0 3
0 10
0 8
6 #edges
3 9
0 7
0 3
0 10
0 8
9 11
6 #edges
3 9
0 7
0 3
0 8
8 10
9 11
6 #edges
7 11
3 9
0 7
0 3
0 8
8 10
6 #edges
11 7
3 9
0 11
0 3
0 10
0 8
6 #edges
11 7
3 9
0 11
0 3
0 8
8 10
6 #edges
3 9
0 11
0 3
0 8
8 10
9 7
6 #edges
3 9
0 11
0 3
0 10
0 8
9 7
6 #edges
11 7
3 9
0 3
0 10
0 8
9 11
6 #edges
3 9
0 3
0 10
0 8
9 11
9 7
6 #edges
7 11
3 9
0 3
0 10
0 8
9 7
6 #edges
11 7
3 9
0 3
0 8
8 10
9 11
6 #edges
3 9
0 3
0 8
8 10
9 11
9 7
6 #edges
7 11
3 9
0 3
0 8
8 10
9 7
14 #trees for patient 38
6 #edges
7 11
0 7
0 8
0 9
8 3
8 10
6 #edges
7 11
0 7
0 8
0 9
8 10
9 3
6 #edges
11 7
0 11
0 8
0 9
8 10
9 3
6 #edges
11 7
0 11
0 8
0 9
8 3
8 10
6 #edges
11 7
3 9
0 11
0 3
0 8
8 10
6 #edges
11 7
0 11
0 3
0 8
8 10
8 9
6 #edges
7 11
3 9
0 7
0 3
0 8
8 10
6 #edges
7 11
0 7
0 3
0 8
8 10
8 9
6 #edges
7 11
0 7
0 8
8 10
8 9
9 3
6 #edges
7 11
0 7
0 8
8 3
8 10
8 9
6 #edges
7 11
3 9
0 7
0 8
8 3
8 10
6 #edges
11 7
0 11
0 8
8 3
8 10
8 9
6 #edges
11 7
0 11
0 8
8 10
8 9
9 3
6 #edges
11 7
3 9
0 11
0 8
8 3
8 10
14 #trees for patient 39
6 #edges
11 7
3 9
0 11
0 3
0 8
8 10
6 #edges
11 7
3 10
3 9
0 11
0 3
0 8
6 #edges
7 11
3 9
0 7
0 3
0 8
8 10
6 #edges
7 11
3 10
3 9
0 7
0 3
0 8
6 #edges
11 7
3 9
10 8
0 11
0 3
0 10
6 #edges
7 11
3 9
10 8
0 7
0 3
0 10
6 #edges
11 7
3 8
3 9
0 11
0 3
0 10
6 #edges
7 11
3 8
3 9
0 7
0 3
0 10
6 #edges
7 11
3 10
3 8
3 9
0 7
0 3
6 #edges
7 11
3 8
3 9
0 7
0 3
8 10
6 #edges
11 7
3 10
3 8
3 9
0 11
0 3
6 #edges
11 7
3 8
3 9
0 11
0 3
8 10
6 #edges
11 7
3 10
3 9
10 8
0 11
0 3
6 #edges
7 11
3 10
3 9
10 8
0 7
0 3
4 #trees for patient 40
6 #edges
7 11
3 9
10 8
0 7
0 3
0 10
6 #edges
7 11
3 9
0 7
0 3
0 8
8 10
6 #edges
11 7
3 9
0 11
0 3
0 8
8 10
6 #edges
11 7
3 9
10 8
0 11
0 3
0 10
6 #trees for patient 41
6 #edges
11 3
11 8
4 10
7 4
0 11
8 7
6 #edges
11 10
11 8
7 4
10 3
0 11
8 7
6 #edges
11 10
11 8
4 3
7 4
0 11
8 7
6 #edges
11 10
11 8
7 4
7 3
0 11
8 7
6 #edges
11 8
4 10
7 4
10 3
0 11
8 7
6 #edges
11 8
4 10
7 4
7 3
0 11
8 7
2 #trees for patient 42
6 #edges
11 10
11 8
7 4
7 3
0 11
8 7
6 #edges
11 8
7 4
7 3
0 11
8 7
8 10
2 #trees for patient 43
6 #edges
11 10
11 8
7 4
7 3
0 11
8 7
6 #edges
11 8
4 10
7 4
7 3
0 11
8 7
2 #trees for patient 44
6 #edges
11 7
11 10
7 8
0 11
8 4
8 3
6 #edges
11 10
11 8
7 4
7 3
0 11
8 7
1 #trees for patient 45
6 #edges
11 10
11 8
7 4
7 3
0 11
8 7
4 #trees for patient 46
6 #edges
11 10
11 8
7 4
0 11
0 3
8 7
6 #edges
11 7
11 10
7 8
0 11
0 3
8 4
6 #edges
11 7
11 10
7 8
0 11
8 4
8 3
6 #edges
11 10
11 8
7 4
7 3
0 11
8 7
2 #trees for patient 47
6 #edges
11 10
11 8
7 4
7 3
0 11
8 7
6 #edges
11 8
4 10
7 4
7 3
0 11
8 7
2 #trees for patient 48
6 #edges
11 10
11 8
7 4
7 3
0 11
8 7
6 #edges
11 10
11 8
7 3
10 4
0 11
8 7
4 #trees for patient 49
6 #edges
11 10
11 8
7 3
3 4
0 11
8 7
6 #edges
11 10
11 8
7 4
7 3
0 11
8 7
6 #edges
11 7
11 10
7 8
3 4
0 11
8 3
6 #edges
11 7
11 10
7 8
0 11
8 4
8 3
