100 # patients
8 #trees for patient 0
6 #edges
0 9
0 5
0 2
2 10
10 4
10 1
6 #edges
9 1
0 9
0 5
0 2
2 10
10 4
6 #edges
0 9
0 5
0 10
2 4
2 1
10 2
6 #edges
9 1
0 9
0 5
0 10
2 4
10 2
6 #edges
0 9
0 2
2 10
10 4
10 5
10 1
6 #edges
9 1
0 9
0 2
2 10
10 4
10 5
6 #edges
9 1
0 9
0 10
2 4
2 5
10 2
6 #edges
0 9
0 10
2 4
2 5
2 1
10 2
6 #trees for patient 1
6 #edges
4 5
0 9
0 2
2 10
10 4
10 1
6 #edges
0 9
0 2
2 10
10 4
10 5
10 1
6 #edges
0 2
2 10
10 4
10 9
10 5
10 1
6 #edges
0 2
2 10
1 9
10 4
10 5
10 1
6 #edges
4 5
0 2
2 10
10 4
10 9
10 1
6 #edges
4 5
0 2
2 10
1 9
10 4
10 1
2 #trees for patient 2
6 #edges
0 9
0 2
2 10
10 4
10 5
10 1
6 #edges
0 9
0 2
2 10
1 5
10 4
10 1
4 #trees for patient 3
6 #edges
0 9
0 2
2 10
1 5
10 4
10 1
6 #edges
0 9
0 2
2 10
10 4
10 5
10 1
6 #edges
0 9
0 10
2 4
2 5
2 1
10 2
6 #edges
0 9
0 10
2 4
2 1
1 5
10 2
6 #trees for patient 4
6 #edges
0 9
0 10
2 4
2 5
2 1
10 2
6 #edges
0 9
0 10
2 4
2 1
1 5
10 2
6 #edges
4 5
0 9
0 10
2 4
2 1
10 2
6 #edges
4 5
0 9
0 2
2 10
10 4
10 1
6 #edges
0 9
0 2
2 10
10 4
10 5
10 1
6 #edges
0 9
0 2
2 10
1 5
10 4
10 1
4 #trees for patient 5
6 #edges
9 5
0 9
0 10
2 4
2 1
10 2
6 #edges
9 5
0 9
0 2
2 10
10 4
10 1
6 #edges
0 9
0 10
2 4
2 5
2 1
10 2
6 #edges
0 9
0 2
2 10
10 4
10 5
10 1
4 #trees for patient 6
6 #edges
0 9
0 2
2 10
10 4
10 5
10 1
6 #edges
0 9
0 10
2 4
2 5
2 1
10 2
6 #edges
4 9
0 10
2 4
2 5
2 1
10 2
6 #edges
4 9
0 2
2 10
10 4
10 5
10 1
2 #trees for patient 7
6 #edges
9 5
0 9
0 2
2 10
10 4
10 1
6 #edges
0 9
0 2
2 10
10 4
10 5
10 1
11 #trees for patient 8
6 #edges
9 4
9 5
0 9
0 2
2 10
10 1
6 #edges
9 5
0 9
0 2
2 10
10 4
10 1
6 #edges
9 5
0 9
0 2
2 4
2 10
10 1
6 #edges
4 5
0 9
0 2
2 4
2 10
10 1
6 #edges
0 9
0 2
2 4
2 10
10 5
10 1
6 #edges
0 9
0 2
2 5
2 10
10 4
10 1
6 #edges
9 4
0 9
0 2
2 5
2 10
10 1
6 #edges
4 5
0 9
0 2
2 10
10 4
10 1
6 #edges
0 9
0 2
2 10
10 4
10 5
10 1
6 #edges
9 4
0 9
0 2
2 10
10 5
10 1
6 #edges
4 5
9 4
0 9
0 2
2 10
10 1
14 #trees for patient 9
6 #edges
5 9
0 2
0 1
2 10
10 4
10 5
6 #edges
5 9
0 1
0 10
2 4
2 5
10 2
6 #edges
9 1
0 9
0 2
2 10
10 4
10 5
6 #edges
0 9
0 2
2 10
10 4
10 5
10 1
6 #edges
5 1
0 9
0 2
2 10
10 4
10 5
6 #edges
9 1
0 9
0 10
2 4
2 5
10 2
6 #edges
0 9
0 10
2 4
2 5
2 1
10 2
6 #edges
5 1
0 9
0 10
2 4
2 5
10 2
6 #edges
5 9
0 10
2 4
2 5
2 1
10 2
6 #edges
9 1
5 9
0 10
2 4
2 5
10 2
6 #edges
5 9
5 1
0 10
2 4
2 5
10 2
6 #edges
5 9
0 2
2 10
10 4
10 5
10 1
6 #edges
5 9
5 1
0 2
2 10
10 4
10 5
6 #edges
9 1
5 9
0 2
2 10
10 4
10 5
5 #trees for patient 10
6 #edges
5 1
0 9
0 2
2 10
10 4
10 5
6 #edges
0 9
0 2
2 10
10 4
10 5
10 1
6 #edges
4 1
0 9
0 2
2 10
10 4
10 5
6 #edges
4 5
0 9
0 2
2 10
10 4
10 1
6 #edges
4 5
5 1
0 9
0 2
2 10
10 4
4 #trees for patient 11
6 #edges
0 9
0 2
2 10
10 4
10 5
10 1
6 #edges
0 9
0 2
2 10
1 4
10 5
10 1
6 #edges
0 9
0 10
2 4
2 5
2 1
10 2
6 #edges
0 9
0 10
2 5
2 1
1 4
10 2
2 #trees for patient 12
6 #edges
0 9
0 2
2 10
10 4
10 5
10 1
6 #edges
0 2
2 10
1 9
10 4
10 5
10 1
8 #trees for patient 13
6 #edges
5 4
0 9
0 2
2 1
2 10
10 5
6 #edges
0 9
0 2
2 1
2 10
10 4
10 5
6 #edges
4 1
5 4
0 9
0 2
2 10
10 5
6 #edges
5 4
0 9
0 2
2 10
10 5
10 1
6 #edges
5 4
5 1
0 9
0 2
2 10
10 5
6 #edges
0 9
0 2
2 10
10 4
10 5
10 1
6 #edges
5 1
0 9
0 2
2 10
10 4
10 5
6 #edges
4 1
0 9
0 2
2 10
10 4
10 5
10 #trees for patient 14
6 #edges
0 4
0 9
0 10
2 5
2 1
10 2
6 #edges
0 4
0 9
0 2
2 10
10 5
10 1
6 #edges
5 4
0 9
0 5
0 2
2 10
10 1
6 #edges
0 9
0 5
0 2
2 10
10 4
10 1
6 #edges
5 4
0 9
0 5
0 10
2 1
10 2
6 #edges
0 9
0 5
0 10
2 4
2 1
10 2
6 #edges
0 9
0 2
2 10
10 4
10 5
10 1
6 #edges
5 4
0 9
0 2
2 10
10 5
10 1
6 #edges
0 9
0 10
2 4
2 5
2 1
10 2
6 #edges
5 4
0 9
0 10
2 5
2 1
10 2
6 #trees for patient 15
6 #edges
0 9
0 10
2 4
2 5
2 1
10 2
6 #edges
5 1
0 9
0 10
2 4
2 5
10 2
6 #edges
0 9
0 2
2 10
10 4
10 5
10 1
6 #edges
5 1
0 9
0 2
2 10
10 4
10 5
6 #edges
5 1
0 4
0 10
2 9
2 5
10 2
6 #edges
5 1
0 4
0 2
2 10
10 9
10 5
2 #trees for patient 16
6 #edges
0 9
0 2
2 10
10 4
10 5
10 1
6 #edges
4 1
0 9
0 2
2 10
10 4
10 5
4 #trees for patient 17
6 #edges
0 9
0 10
2 4
2 5
2 1
10 2
6 #edges
0 9
0 2
2 10
10 4
10 5
10 1
6 #edges
5 9
0 10
2 4
2 5
2 1
10 2
6 #edges
5 9
0 2
2 10
10 4
10 5
10 1
4 #trees for patient 18
6 #edges
9 5
0 9
0 2
2 10
10 4
10 1
6 #edges
9 5
0 9
0 10
2 4
2 1
10 2
6 #edges
0 9
0 10
2 4
2 5
2 1
10 2
6 #edges
0 9
0 2
2 10
10 4
10 5
10 1
6 #trees for patient 19
6 #edges
0 9
0 10
2 4
2 1
1 5
10 2
6 #edges
0 9
0 10
2 4
2 5
2 1
10 2
6 #edges
4 5
0 9
0 10
2 4
2 1
10 2
6 #edges
0 9
0 2
2 10
10 4
10 5
10 1
6 #edges
0 9
0 2
2 10
1 5
10 4
10 1
6 #edges
4 5
0 9
0 2
2 10
10 4
10 1
4 #trees for patient 20
6 #edges
0 9
0 10
2 4
2 5
2 1
10 2
6 #edges
0 9
0 2
2 10
10 4
10 5
10 1
6 #edges
4 9
0 10
2 4
2 5
2 1
10 2
6 #edges
4 9
0 2
2 10
10 4
10 5
10 1
6 #trees for patient 21
6 #edges
0 9
0 2
2 4
2 10
10 5
10 1
6 #edges
0 9
0 2
2 10
10 4
10 5
10 1
6 #edges
0 9
0 2
2 10
1 4
10 5
10 1
6 #edges
0 2
2 9
2 10
10 4
10 5
10 1
6 #edges
0 2
2 9
2 10
1 4
10 5
10 1
6 #edges
0 2
2 4
2 9
2 10
10 5
10 1
8 #trees for patient 22
6 #edges
0 5
0 2
2 10
10 4
10 9
10 1
6 #edges
0 5
0 10
2 4
2 9
2 1
10 2
6 #edges
0 9
0 2
2 10
10 4
10 5
10 1
6 #edges
9 5
0 9
0 2
2 10
10 4
10 1
6 #edges
9 5
0 9
0 10
2 4
2 1
10 2
6 #edges
0 9
0 10
2 4
2 5
2 1
10 2
6 #edges
9 5
0 10
2 4
2 9
2 1
10 2
6 #edges
9 5
0 2
2 10
10 4
10 9
10 1
2 #trees for patient 23
6 #edges
0 9
0 2
2 10
10 4
10 5
10 1
6 #edges
4 5
0 9
0 2
2 10
10 4
10 1
3 #trees for patient 24
6 #edges
0 9
0 5
0 2
2 10
10 4
10 1
6 #edges
0 9
0 2
2 10
10 4
10 5
10 1
6 #edges
0 9
0 2
2 10
1 5
10 4
10 1
3 #trees for patient 25
6 #edges
9 1
0 9
0 2
2 10
10 4
10 5
6 #edges
0 9
0 2
2 10
10 4
10 5
10 1
6 #edges
4 1
0 9
0 2
2 10
10 4
10 5
4 #trees for patient 26
6 #edges
0 9
0 10
2 4
2 5
2 1
10 2
6 #edges
4 5
0 9
0 10
2 4
2 1
10 2
6 #edges
0 9
0 2
2 10
10 4
10 5
10 1
6 #edges
4 5
0 9
0 2
2 10
10 4
10 1
4 #trees for patient 27
6 #edges
9 4
0 9
0 2
2 10
10 5
10 1
6 #edges
9 4
0 9
0 2
2 1
2 10
10 5
6 #edges
0 9
0 2
2 1
2 10
10 4
10 5
6 #edges
0 9
0 2
2 10
10 4
10 5
10 1
4 #trees for patient 28
6 #edges
0 4
0 9
0 2
2 10
1 5
10 1
6 #edges
0 4
0 9
0 2
2 10
10 5
10 1
6 #edges
0 9
0 2
2 10
10 4
10 5
10 1
6 #edges
0 9
0 2
2 10
1 5
10 4
10 1
16 #trees for patient 29
6 #edges
4 1
0 5
0 10
2 4
2 9
10 2
6 #edges
0 5
0 10
2 4
2 9
2 1
10 2
6 #edges
0 5
0 2
2 10
10 4
10 9
10 1
6 #edges
4 1
0 5
0 2
2 10
10 4
10 9
6 #edges
9 5
0 9
0 2
2 10
10 4
10 1
6 #edges
4 1
9 5
0 9
0 2
2 10
10 4
6 #edges
0 9
0 2
2 10
10 4
10 5
10 1
6 #edges
4 1
0 9
0 2
2 10
10 4
10 5
6 #edges
9 5
0 9
0 10
2 4
2 1
10 2
6 #edges
4 1
9 5
0 9
0 10
2 4
10 2
6 #edges
0 9
0 10
2 4
2 5
2 1
10 2
6 #edges
4 1
0 9
0 10
2 4
2 5
10 2
6 #edges
9 5
0 10
2 4
2 9
2 1
10 2
6 #edges
4 1
9 5
0 10
2 4
2 9
10 2
6 #edges
9 5
0 2
2 10
10 4
10 9
10 1
6 #edges
4 1
9 5
0 2
2 10
10 4
10 9
4 #trees for patient 30
6 #edges
9 1
0 9
0 2
2 10
10 4
10 5
6 #edges
0 9
0 2
2 10
10 4
10 5
10 1
6 #edges
9 1
0 9
0 10
2 4
2 5
10 2
6 #edges
0 9
0 10
2 4
2 5
2 1
10 2
4 #trees for patient 31
6 #edges
4 5
0 9
0 2
2 10
10 4
10 1
6 #edges
0 9
0 2
2 10
10 4
10 5
10 1
6 #edges
0 2
2 10
1 9
10 4
10 5
10 1
6 #edges
4 5
0 2
2 10
1 9
10 4
10 1
2 #trees for patient 32
6 #edges
0 9
0 2
2 10
10 4
10 5
10 1
6 #edges
0 2
2 10
1 9
10 4
10 5
10 1
4 #trees for patient 33
6 #edges
9 5
0 9
0 10
2 4
2 1
10 2
6 #edges
9 5
0 9
0 2
2 10
10 4
10 1
6 #edges
0 9
0 2
2 10
10 4
10 5
10 1
6 #edges
0 9
0 10
2 4
2 5
2 1
10 2
8 #trees for patient 34
6 #edges
4 1
0 9
0 10
2 4
2 5
10 2
6 #edges
0 9
0 10
2 4
2 5
2 1
10 2
6 #edges
0 9
0 2
2 10
10 4
10 5
10 1
6 #edges
4 1
0 9
0 2
2 10
10 4
10 5
6 #edges
5 9
0 10
2 4
2 5
2 1
10 2
6 #edges
4 1
5 9
0 10
2 4
2 5
10 2
6 #edges
5 9
0 2
2 10
10 4
10 5
10 1
6 #edges
4 1
5 9
0 2
2 10
10 4
10 5
6 #trees for patient 35
6 #edges
5 1
0 9
0 2
2 10
10 4
10 5
6 #edges
0 9
0 2
2 10
10 4
10 5
10 1
6 #edges
0 2
2 9
2 10
10 4
10 5
10 1
6 #edges
5 1
0 2
2 9
2 10
10 4
10 5
6 #edges
4 9
0 2
2 10
10 4
10 5
10 1
6 #edges
4 9
5 1
0 2
2 10
10 4
10 5
2 #trees for patient 36
6 #edges
0 9
0 2
2 10
10 4
10 5
10 1
6 #edges
0 9
0 10
2 4
2 5
2 1
10 2
8 #trees for patient 37
6 #edges
0 9
0 2
2 10
1 5
10 4
10 1
6 #edges
0 9
0 2
2 10
10 4
10 5
10 1
6 #edges
9 4
0 9
0 2
2 10
10 5
10 1
6 #edges
9 4
0 9
0 2
2 10
1 5
10 1
6 #edges
9 4
0 9
0 10
2 5
2 1
10 2
6 #edges
9 4
0 9
0 10
2 1
1 5
10 2
6 #edges
0 9
0 10
2 4
2 5
2 1
10 2
6 #edges
0 9
0 10
2 4
2 1
1 5
10 2
2 #trees for patient 38
6 #edges
0 9
0 2
2 10
10 4
10 5
10 1
6 #edges
4 9
0 2
2 10
10 4
10 5
10 1
4 #trees for patient 39
6 #edges
0 9
0 2
2 10
10 4
10 5
10 1
6 #edges
4 1
0 9
0 2
2 10
10 4
10 5
6 #edges
4 1
0 9
0 10
2 4
2 5
10 2
6 #edges
0 9
0 10
2 4
2 5
2 1
10 2
8 #trees for patient 40
6 #edges
9 4
0 9
0 2
2 10
10 5
10 1
6 #edges
9 4
5 1
0 9
0 2
2 10
10 5
6 #edges
0 9
0 2
2 10
10 4
10 5
10 1
6 #edges
5 1
0 9
0 2
2 10
10 4
10 5
6 #edges
9 4
0 9
0 10
2 5
2 1
10 2
6 #edges
9 4
5 1
0 9
0 10
2 5
10 2
6 #edges
0 9
0 10
2 4
2 5
2 1
10 2
6 #edges
5 1
0 9
0 10
2 4
2 5
10 2
2 #trees for patient 41
6 #edges
0 9
0 2
2 10
10 4
10 5
10 1
6 #edges
5 4
0 9
0 2
2 10
10 5
10 1
4 #trees for patient 42
6 #edges
0 9
0 10
2 4
2 5
2 1
10 2
6 #edges
0 9
0 2
2 10
10 4
10 5
10 1
6 #edges
0 10
2 4
2 5
2 1
1 9
10 2
6 #edges
0 2
2 10
1 9
10 4
10 5
10 1
3 #trees for patient 43
6 #edges
0 9
0 2
2 10
10 4
10 5
10 1
6 #edges
0 2
2 10
10 4
10 9
10 5
10 1
6 #edges
4 9
0 2
2 10
10 4
10 5
10 1
4 #trees for patient 44
6 #edges
0 9
0 10
2 4
2 5
2 1
10 2
6 #edges
9 5
0 9
0 10
2 4
2 1
10 2
6 #edges
0 9
0 2
2 10
10 4
10 5
10 1
6 #edges
9 5
0 9
0 2
2 10
10 4
10 1
3 #trees for patient 45
6 #edges
0 9
0 5
0 2
2 10
10 4
10 1
6 #edges
9 5
0 9
0 2
2 10
10 4
10 1
6 #edges
0 9
0 2
2 10
10 4
10 5
10 1
10 #trees for patient 46
6 #edges
0 9
0 2
2 4
2 1
2 10
10 5
6 #edges
0 9
0 2
2 1
2 10
10 4
10 5
6 #edges
0 9
0 2
2 5
2 10
10 4
10 1
6 #edges
0 9
0 2
2 4
2 5
2 10
10 1
6 #edges
5 1
0 9
0 2
2 5
2 10
10 4
6 #edges
5 1
0 9
0 2
2 4
2 5
2 10
6 #edges
0 9
0 2
2 4
2 10
10 5
10 1
6 #edges
0 9
0 2
2 10
10 4
10 5
10 1
6 #edges
5 1
0 9
0 2
2 4
2 10
10 5
6 #edges
5 1
0 9
0 2
2 10
10 4
10 5
4 #trees for patient 47
6 #edges
0 4
0 9
0 10
2 5
2 1
10 2
6 #edges
0 4
0 9
0 2
2 10
10 5
10 1
6 #edges
0 9
0 2
2 10
10 4
10 5
10 1
6 #edges
0 9
0 10
2 4
2 5
2 1
10 2
4 #trees for patient 48
6 #edges
0 9
0 10
2 4
2 5
2 1
10 2
6 #edges
0 9
0 10
2 5
2 1
1 4
10 2
6 #edges
0 9
0 2
2 10
10 4
10 5
10 1
6 #edges
0 9
0 2
2 10
1 4
10 5
10 1
8 #trees for patient 49
6 #edges
0 9
0 10
2 4
2 5
2 1
10 2
6 #edges
5 1
0 9
0 10
2 4
2 5
10 2
6 #edges
0 9
0 2
2 10
10 4
10 5
10 1
6 #edges
5 1
0 9
0 2
2 10
10 4
10 5
6 #edges
4 9
0 10
2 4
2 5
2 1
10 2
6 #edges
4 9
5 1
0 10
2 4
2 5
10 2
6 #edges
4 9
0 2
2 10
10 4
10 5
10 1
6 #edges
4 9
5 1
0 2
2 10
10 4
10 5
6 #trees for patient 50
6 #edges
0 4
0 9
0 2
2 10
10 5
10 1
6 #edges
0 4
0 9
0 10
2 5
2 1
10 2
6 #edges
0 9
0 10
2 4
2 5
2 1
10 2
6 #edges
0 9
0 10
2 5
2 1
1 4
10 2
6 #edges
0 9
0 2
2 10
1 4
10 5
10 1
6 #edges
0 9
0 2
2 10
10 4
10 5
10 1
8 #trees for patient 51
6 #edges
0 9
0 10
2 4
2 5
2 1
10 2
6 #edges
0 9
0 5
0 10
2 4
2 1
10 2
6 #edges
0 9
0 5
0 2
2 10
10 4
10 1
6 #edges
0 9
0 2
2 10
10 4
10 5
10 1
6 #edges
4 9
0 5
0 2
2 10
10 4
10 1
6 #edges
4 9
0 5
0 10
2 4
2 1
10 2
6 #edges
4 9
0 10
2 4
2 5
2 1
10 2
6 #edges
4 9
0 2
2 10
10 4
10 5
10 1
4 #trees for patient 52
6 #edges
0 9
0 2
2 1
2 10
10 4
10 5
6 #edges
4 5
0 9
0 2
2 1
2 10
10 4
6 #edges
0 9
0 2
2 10
10 4
10 5
10 1
6 #edges
4 5
0 9
0 2
2 10
10 4
10 1
26 #trees for patient 53
6 #edges
0 9
0 2
2 1
2 10
10 4
10 5
6 #edges
5 4
0 9
0 2
2 1
2 10
10 5
6 #edges
0 9
0 2
2 10
10 4
10 5
10 1
6 #edges
5 1
0 9
0 2
2 10
10 4
10 5
6 #edges
5 4
5 1
0 9
0 2
2 10
10 5
6 #edges
5 4
0 9
0 2
2 10
10 5
10 1
6 #edges
0 2
2 1
2 10
1 9
10 4
10 5
6 #edges
5 4
0 2
2 1
2 10
1 9
10 5
6 #edges
0 2
2 1
2 10
10 4
10 9
10 5
6 #edges
5 9
0 2
2 1
2 10
10 4
10 5
6 #edges
5 4
0 2
2 1
2 10
10 9
10 5
6 #edges
5 4
5 9
0 2
2 1
2 10
10 5
6 #edges
0 2
2 9
2 10
10 4
10 5
10 1
6 #edges
5 1
0 2
2 9
2 10
10 4
10 5
6 #edges
5 9
0 2
2 10
10 4
10 5
10 1
6 #edges
0 2
2 10
1 9
10 4
10 5
10 1
6 #edges
5 1
0 2
2 10
10 4
10 9
10 5
6 #edges
5 9
5 1
0 2
2 10
10 4
10 5
6 #edges
5 1
0 2
2 10
1 9
10 4
10 5
6 #edges
5 4
5 1
0 2
2 10
10 9
10 5
6 #edges
5 4
0 2
2 9
2 10
10 5
10 1
6 #edges
5 4
5 1
0 2
2 9
2 10
10 5
6 #edges
5 4
0 2
2 10
1 9
10 5
10 1
6 #edges
5 4
5 9
0 2
2 10
10 5
10 1
6 #edges
5 4
5 1
0 2
2 10
1 9
10 5
6 #edges
5 4
5 9
5 1
0 2
2 10
10 5
12 #trees for patient 54
6 #edges
0 9
0 2
2 10
10 4
10 5
10 1
6 #edges
5 1
0 9
0 2
2 10
10 4
10 5
6 #edges
4 1
0 9
0 2
2 10
10 4
10 5
6 #edges
4 5
0 9
0 2
2 10
10 4
10 1
6 #edges
4 5
4 1
0 9
0 2
2 10
10 4
6 #edges
4 5
5 1
0 9
0 2
2 10
10 4
6 #edges
5 1
0 2
2 9
2 10
10 4
10 5
6 #edges
4 1
0 2
2 9
2 10
10 4
10 5
6 #edges
0 2
2 9
2 10
10 4
10 5
10 1
6 #edges
4 5
0 2
2 9
2 10
10 4
10 1
6 #edges
4 5
4 1
0 2
2 9
2 10
10 4
6 #edges
4 5
5 1
0 2
2 9
2 10
10 4
5 #trees for patient 55
6 #edges
0 9
0 2
2 10
10 4
10 5
10 1
6 #edges
0 9
0 2
2 10
1 4
10 5
10 1
6 #edges
5 4
0 9
0 2
2 10
10 5
10 1
6 #edges
5 1
0 9
0 2
2 10
10 4
10 5
6 #edges
5 1
0 9
0 2
2 10
1 4
10 5
1 #trees for patient 56
6 #edges
0 9
0 2
2 10
10 4
10 5
10 1
29 #trees for patient 57
6 #edges
0 4
0 2
2 1
2 10
10 9
10 5
6 #edges
9 1
0 4
0 2
2 10
10 9
10 5
6 #edges
9 1
0 4
0 2
2 9
2 10
10 5
6 #edges
0 4
0 2
2 9
2 10
10 5
10 1
6 #edges
0 2
0 1
2 9
2 10
1 4
10 5
6 #edges
9 4
0 2
0 1
2 9
2 10
10 5
6 #edges
0 2
0 1
2 9
2 10
10 4
10 5
6 #edges
0 2
0 1
2 10
1 4
10 9
10 5
6 #edges
9 4
0 2
0 1
2 10
10 9
10 5
6 #edges
0 2
0 1
2 4
2 10
10 9
10 5
6 #edges
9 1
0 9
0 2
2 10
1 4
10 5
6 #edges
9 1
0 9
0 2
2 4
2 10
10 5
6 #edges
9 1
0 9
0 2
2 10
10 4
10 5
6 #edges
0 9
0 2
2 4
2 10
10 5
10 1
6 #edges
9 4
0 9
0 2
2 1
2 10
10 5
6 #edges
0 9
0 2
2 1
2 10
1 4
10 5
6 #edges
0 9
0 2
2 1
2 10
10 4
10 5
6 #edges
9 4
0 9
0 2
2 10
10 5
10 1
6 #edges
0 9
0 2
2 10
1 4
10 5
10 1
6 #edges
0 9
0 2
2 10
10 4
10 5
10 1
6 #edges
9 1
0 2
2 4
2 10
10 9
10 5
6 #edges
9 4
0 2
2 1
2 10
10 9
10 5
6 #edges
9 1
0 2
2 10
1 4
10 9
10 5
6 #edges
0 2
2 1
2 10
1 4
10 9
10 5
6 #edges
0 2
2 9
2 10
10 4
10 5
10 1
6 #edges
9 4
0 2
2 9
2 10
10 5
10 1
6 #edges
0 2
2 9
2 10
1 4
10 5
10 1
6 #edges
9 1
0 2
2 9
2 10
10 4
10 5
6 #edges
9 1
0 2
2 9
2 10
1 4
10 5
2 #trees for patient 58
6 #edges
0 9
0 2
2 10
10 4
10 5
10 1
6 #edges
4 9
0 2
2 10
10 4
10 5
10 1
12 #trees for patient 59
6 #edges
4 5
0 9
0 2
2 10
10 4
10 1
6 #edges
0 9
0 2
2 10
10 4
10 5
10 1
6 #edges
5 1
0 9
0 2
2 10
10 4
10 5
6 #edges
4 1
0 9
0 2
2 10
10 4
10 5
6 #edges
4 5
4 1
0 9
0 2
2 10
10 4
6 #edges
4 5
5 1
0 9
0 2
2 10
10 4
6 #edges
0 9
0 10
2 4
2 5
2 1
10 2
6 #edges
5 1
0 9
0 10
2 4
2 5
10 2
6 #edges
4 1
0 9
0 10
2 4
2 5
10 2
6 #edges
4 5
0 9
0 10
2 4
2 1
10 2
6 #edges
4 5
5 1
0 9
0 10
2 4
10 2
6 #edges
4 5
4 1
0 9
0 10
2 4
10 2
2 #trees for patient 60
6 #edges
9 5
0 9
0 2
2 10
10 4
10 1
6 #edges
0 9
0 2
2 10
10 4
10 5
10 1
30 #trees for patient 61
6 #edges
0 9
0 2
0 1
2 10
10 4
10 5
6 #edges
4 5
0 9
0 2
0 1
2 10
10 4
6 #edges
0 9
0 2
0 1
2 5
2 10
10 4
6 #edges
0 9
0 2
0 1
2 4
2 5
2 10
6 #edges
0 9
0 2
0 1
2 4
2 10
10 5
6 #edges
4 5
0 9
0 2
0 1
2 4
2 10
6 #edges
0 9
0 2
2 4
2 5
2 10
10 1
6 #edges
0 9
0 2
2 5
2 10
10 4
10 1
6 #edges
0 9
0 2
2 4
2 10
10 5
10 1
6 #edges
4 5
0 9
0 2
2 4
2 10
10 1
6 #edges
0 9
0 2
2 10
10 4
10 5
10 1
6 #edges
4 5
0 9
0 2
2 10
10 4
10 1
6 #edges
0 2
0 1
2 10
1 9
10 4
10 5
6 #edges
4 5
0 2
0 1
2 10
1 9
10 4
6 #edges
0 2
0 1
2 5
2 10
1 9
10 4
6 #edges
0 2
0 1
2 4
2 10
1 9
10 5
6 #edges
4 5
0 2
0 1
2 4
2 10
1 9
6 #edges
0 2
0 1
2 4
2 5
2 10
1 9
6 #edges
0 2
0 1
2 4
2 5
2 10
10 9
6 #edges
0 2
0 1
2 4
2 10
10 9
10 5
6 #edges
4 5
0 2
0 1
2 4
2 10
10 9
6 #edges
4 5
0 2
0 1
2 10
10 4
10 9
6 #edges
0 2
0 1
2 10
10 4
10 9
10 5
6 #edges
0 2
0 1
2 5
2 10
10 4
10 9
6 #edges
0 2
2 5
2 10
1 9
10 4
10 1
6 #edges
0 2
2 4
2 5
2 10
1 9
10 1
6 #edges
0 2
2 4
2 10
1 9
10 5
10 1
6 #edges
4 5
0 2
2 4
2 10
1 9
10 1
6 #edges
0 2
2 10
1 9
10 4
10 5
10 1
6 #edges
4 5
0 2
2 10
1 9
10 4
10 1
4 #trees for patient 62
6 #edges
0 9
0 2
2 1
2 10
10 4
10 5
6 #edges
0 9
0 2
2 10
10 4
10 5
10 1
6 #edges
5 9
0 2
2 1
2 10
10 4
10 5
6 #edges
5 9
0 2
2 10
10 4
10 5
10 1
4 #trees for patient 63
6 #edges
9 5
0 9
0 2
2 10
10 4
10 1
6 #edges
9 5
0 9
0 10
2 4
2 1
10 2
6 #edges
0 9
0 10
2 4
2 5
2 1
10 2
6 #edges
0 9
0 2
2 10
10 4
10 5
10 1
2 #trees for patient 64
6 #edges
0 9
0 10
2 4
2 5
2 1
10 2
6 #edges
0 9
0 2
2 10
10 4
10 5
10 1
4 #trees for patient 65
6 #edges
0 9
0 2
2 10
10 4
10 5
10 1
6 #edges
5 1
0 9
0 2
2 10
10 4
10 5
6 #edges
0 9
0 10
2 4
2 5
2 1
10 2
6 #edges
5 1
0 9
0 10
2 4
2 5
10 2
16 #trees for patient 66
6 #edges
5 9
5 6
0 5
0 8
0 2
2 3
6 #edges
9 3
5 9
5 6
0 5
0 8
0 2
6 #edges
9 6
5 9
0 5
0 8
0 2
2 3
6 #edges
9 3
9 6
5 9
0 5
0 8
0 2
6 #edges
9 6
5 9
3 8
0 5
0 2
2 3
6 #edges
5 9
5 6
3 8
0 5
0 2
2 3
6 #edges
9 8
5 9
5 6
0 5
0 2
2 3
6 #edges
9 8
9 6
5 9
0 5
0 2
2 3
6 #edges
9 6
5 9
5 8
0 5
0 2
2 3
6 #edges
5 9
5 8
5 6
0 5
0 2
2 3
6 #edges
9 3
5 9
5 6
0 5
0 2
2 8
6 #edges
9 3
5 9
5 8
5 6
0 5
0 2
6 #edges
9 3
5 9
5 6
3 8
0 5
0 2
6 #edges
9 3
9 6
5 9
5 8
0 5
0 2
6 #edges
9 3
9 6
5 9
0 5
0 2
2 8
6 #edges
9 3
9 6
5 9
3 8
0 5
0 2
9 #trees for patient 67
6 #edges
9 3
5 9
5 6
0 5
0 8
0 2
6 #edges
9 3
5 9
5 6
0 5
0 8
6 2
6 #edges
5 9
5 6
0 5
0 3
0 8
6 2
6 #edges
5 9
5 8
5 6
0 5
0 3
6 2
6 #edges
9 8
5 9
5 6
0 5
0 3
6 2
6 #edges
9 3
5 9
5 8
5 6
0 5
0 2
6 #edges
9 3
9 8
5 9
5 6
0 5
0 2
6 #edges
9 3
5 9
5 8
5 6
0 5
6 2
6 #edges
9 3
9 8
5 9
5 6
0 5
6 2
4 #trees for patient 68
6 #edges
9 3
5 9
5 8
5 6
0 5
0 2
6 #edges
9 3
5 9
5 8
0 5
0 6
6 2
6 #edges
9 3
5 9
5 8
5 2
0 5
0 6
6 #edges
9 3
5 9
5 8
5 6
0 5
6 2
4 #trees for patient 69
6 #edges
9 3
5 9
5 8
5 6
0 5
0 2
6 #edges
5 3
5 8
5 6
3 9
0 5
0 2
6 #edges
9 8
5 3
5 6
3 9
0 5
0 2
6 #edges
9 3
5 9
5 6
3 8
0 5
0 2
68 #trees for patient 70
6 #edges
5 8
5 6
3 9
0 5
0 3
0 2
6 #edges
5 8
5 6
0 5
0 3
0 2
6 9
6 #edges
5 9
5 8
5 6
0 5
0 3
0 2
6 #edges
9 3
5 8
5 6
0 9
0 5
0 2
6 #edges
5 8
5 6
0 9
0 5
0 2
6 3
6 #edges
5 3
5 8
5 6
0 9
0 5
0 2
6 #edges
5 3
5 8
0 5
0 6
0 2
6 9
6 #edges
5 9
5 3
5 8
0 5
0 6
0 2
6 #edges
5 3
5 8
3 9
0 5
0 6
0 2
6 #edges
9 3
5 8
0 5
0 6
0 2
6 9
6 #edges
5 8
3 9
0 5
0 6
0 2
6 3
6 #edges
5 9
5 8
0 5
0 6
0 2
6 3
6 #edges
9 3
5 9
5 8
0 5
0 6
0 2
6 #edges
9 3
5 9
5 8
5 6
0 5
0 2
6 #edges
5 9
5 8
5 6
0 5
0 2
6 3
6 #edges
5 8
5 6
3 9
0 5
0 2
6 3
6 #edges
5 3
5 8
5 6
0 5
0 2
6 9
6 #edges
9 3
5 8
5 6
0 5
0 2
6 9
6 #edges
5 3
5 8
5 6
3 9
0 5
0 2
6 #edges
5 9
5 8
5 6
3 2
0 5
0 3
6 #edges
9 2
5 9
5 8
5 6
0 5
0 3
6 #edges
5 9
5 8
5 6
0 5
0 3
6 2
6 #edges
5 8
5 6
5 2
3 9
0 5
0 3
6 #edges
9 2
5 8
5 6
3 9
0 5
0 3
6 #edges
5 8
5 6
3 9
0 5
0 3
6 2
6 #edges
5 8
5 6
3 2
0 5
0 3
6 9
6 #edges
5 8
5 6
5 2
0 5
0 3
6 9
6 #edges
9 2
5 8
5 6
0 5
0 3
6 9
6 #edges
9 3
5 8
5 6
3 2
0 9
0 5
6 #edges
9 3
5 8
5 6
0 9
0 5
6 2
6 #edges
9 3
5 8
5 6
5 2
0 9
0 5
6 #edges
5 8
5 6
5 2
0 9
0 5
6 3
6 #edges
5 3
5 8
5 6
3 2
0 9
0 5
6 #edges
5 3
5 8
5 6
0 9
0 5
6 2
6 #edges
9 2
5 3
5 8
5 6
0 9
0 5
6 #edges
9 2
5 8
5 6
0 9
0 5
6 3
6 #edges
5 8
5 6
3 2
0 9
0 5
6 3
6 #edges
9 3
5 9
5 8
5 2
0 5
0 6
6 #edges
5 9
5 8
5 2
0 5
0 6
6 3
6 #edges
5 9
5 8
3 2
0 5
0 6
6 3
6 #edges
9 2
5 9
5 8
0 5
0 6
6 3
6 #edges
9 2
5 9
5 3
5 8
0 5
0 6
6 #edges
9 3
5 9
5 8
0 5
0 6
6 2
6 #edges
5 9
5 3
5 8
0 5
0 6
6 2
6 #edges
9 3
5 9
5 8
3 2
0 5
0 6
6 #edges
5 9
5 3
5 8
3 2
0 5
0 6
6 #edges
5 3
5 8
3 9
0 5
0 6
6 2
6 #edges
5 8
5 2
3 9
0 5
0 6
6 3
6 #edges
9 2
5 8
3 9
0 5
0 6
6 3
6 #edges
5 3
5 8
3 2
0 5
0 6
6 9
6 #edges
9 2
5 3
5 8
3 9
0 5
0 6
6 #edges
5 3
5 8
5 2
3 9
0 5
0 6
6 #edges
5 3
5 8
5 2
0 5
0 6
6 9
6 #edges
9 2
5 3
5 8
0 5
0 6
6 9
6 #edges
9 3
5 8
5 2
0 5
0 6
6 9
6 #edges
9 3
5 8
3 2
0 5
0 6
6 9
6 #edges
9 3
5 8
5 6
5 2
0 5
6 9
6 #edges
5 8
5 6
5 2
3 9
0 5
6 3
6 #edges
9 2
5 9
5 8
5 6
0 5
6 3
6 #edges
5 9
5 8
5 6
3 2
0 5
6 3
6 #edges
9 3
5 9
5 8
5 6
3 2
0 5
6 #edges
9 3
5 9
5 8
5 6
0 5
6 2
6 #edges
9 2
5 3
5 8
5 6
3 9
0 5
6 #edges
5 3
5 8
5 6
3 9
0 5
6 2
6 #edges
5 3
5 8
5 6
3 2
0 5
6 9
6 #edges
9 2
5 3
5 8
5 6
0 5
6 9
6 #edges
9 3
5 8
5 6
3 2
0 5
6 9
6 #edges
9 2
5 8
5 6
3 9
0 5
6 3
27 #trees for patient 71
6 #edges
9 3
5 9
5 6
0 5
0 2
6 8
6 #edges
5 9
5 3
5 6
0 5
0 2
6 8
6 #edges
5 9
5 6
0 5
0 2
6 3
6 8
6 #edges
9 3
5 9
5 6
3 8
0 5
0 2
6 #edges
9 3
5 9
5 8
5 6
0 5
0 2
6 #edges
9 8
5 9
5 3
5 6
0 5
0 2
6 #edges
9 8
5 9
5 6
0 5
0 2
6 3
6 #edges
5 9
5 6
3 8
0 5
0 2
6 3
6 #edges
5 9
5 8
5 6
0 5
0 2
6 3
6 #edges
5 9
5 3
5 6
3 8
0 5
0 2
6 #edges
5 6
3 9
0 5
0 2
6 3
6 8
6 #edges
5 6
0 5
0 2
6 9
6 3
6 8
6 #edges
5 8
5 6
3 9
0 5
0 2
6 3
6 #edges
9 8
5 6
3 9
0 5
0 2
6 3
6 #edges
5 8
5 6
0 5
0 2
6 9
6 3
6 #edges
9 8
5 6
0 5
0 2
6 9
6 3
6 #edges
5 6
3 8
0 5
0 2
6 9
6 3
6 #edges
5 3
5 8
5 6
3 9
0 5
0 2
6 #edges
5 3
5 8
5 6
0 5
0 2
6 9
6 #edges
9 3
5 8
5 6
0 5
0 2
6 9
6 #edges
5 3
5 6
3 8
0 5
0 2
6 9
6 #edges
9 8
5 3
5 6
0 5
0 2
6 9
6 #edges
5 3
5 6
0 5
0 2
6 9
6 8
6 #edges
9 3
5 6
0 5
0 2
6 9
6 8
6 #edges
9 3
5 6
3 8
0 5
0 2
6 9
6 #edges
5 3
5 6
3 9
0 5
0 2
6 8
6 #edges
9 8
5 3
5 6
3 9
0 5
0 2
8 #trees for patient 72
6 #edges
9 3
9 2
5 9
5 8
0 5
0 6
6 #edges
9 3
5 9
5 8
0 5
0 6
0 2
6 #edges
9 3
5 9
5 8
5 6
0 5
0 2
6 #edges
9 3
5 9
5 8
0 5
0 2
2 6
6 #edges
9 3
9 6
5 9
5 8
0 5
0 2
6 #edges
9 3
9 2
5 9
5 8
5 6
0 5
6 #edges
9 3
9 6
9 2
5 9
5 8
0 5
6 #edges
9 3
9 2
5 9
5 8
0 5
2 6
4 #trees for patient 73
6 #edges
9 3
5 9
5 8
5 6
0 5
0 2
6 #edges
5 3
5 8
5 6
3 9
0 5
0 2
6 #edges
5 3
5 6
3 9
0 5
0 2
2 8
6 #edges
9 3
5 9
5 6
0 5
0 2
2 8
14 #trees for patient 74
6 #edges
5 3
5 8
5 6
0 5
0 2
8 9
6 #edges
5 3
5 8
0 5
0 2
8 9
8 6
6 #edges
5 8
0 5
0 2
8 9
8 3
8 6
6 #edges
5 8
5 6
0 5
0 2
8 9
8 3
6 #edges
9 3
5 8
0 5
0 2
8 9
8 6
6 #edges
9 3
5 8
5 6
0 5
0 2
8 9
6 #edges
5 9
5 8
0 5
0 2
8 3
8 6
6 #edges
9 3
5 9
5 8
0 5
0 2
8 6
6 #edges
9 3
5 9
5 8
5 6
0 5
0 2
6 #edges
5 9
5 8
5 6
0 5
0 2
8 3
6 #edges
5 8
3 9
0 5
0 2
8 3
8 6
6 #edges
5 8
5 6
3 9
0 5
0 2
8 3
6 #edges
5 3
5 8
5 6
3 9
0 5
0 2
6 #edges
5 3
5 8
3 9
0 5
0 2
8 6
2 #trees for patient 75
6 #edges
9 3
5 9
5 8
5 6
0 5
0 2
6 #edges
5 9
5 8
5 6
0 5
0 2
6 3
2 #trees for patient 76
6 #edges
9 3
5 9
5 8
5 6
0 5
0 2
6 #edges
9 3
9 6
5 9
5 8
0 5
0 2
6 #trees for patient 77
6 #edges
9 3
5 9
5 8
5 6
0 5
0 2
6 #edges
9 3
5 9
5 6
3 8
0 5
0 2
6 #edges
9 3
9 2
5 9
5 8
5 6
0 5
6 #edges
9 3
5 9
5 8
5 6
3 2
0 5
6 #edges
9 3
9 2
5 9
5 6
3 8
0 5
6 #edges
9 3
5 9
5 6
3 8
3 2
0 5
3 #trees for patient 78
6 #edges
9 3
5 9
5 8
5 6
0 5
0 2
6 #edges
5 9
5 3
5 8
5 6
0 5
0 2
6 #edges
5 3
5 8
5 6
3 9
0 5
0 2
18 #trees for patient 79
6 #edges
5 6
0 9
0 5
0 8
0 2
2 3
6 #edges
9 3
5 6
0 9
0 5
0 8
0 2
6 #edges
5 3
5 6
0 9
0 5
0 8
0 2
6 #edges
5 9
5 6
0 5
0 8
0 2
2 3
6 #edges
5 9
5 6
0 5
0 3
0 8
0 2
6 #edges
9 3
5 9
5 6
0 5
0 8
0 2
6 #edges
5 9
5 8
5 6
0 5
0 3
0 2
6 #edges
5 9
5 6
0 5
0 3
0 2
6 8
6 #edges
9 3
5 8
5 6
0 9
0 5
0 2
6 #edges
9 3
5 6
0 9
0 5
0 2
6 8
6 #edges
5 8
5 6
0 9
0 5
0 2
2 3
6 #edges
5 6
0 9
0 5
0 2
6 8
2 3
6 #edges
5 3
5 8
5 6
0 9
0 5
0 2
6 #edges
5 3
5 6
0 9
0 5
0 2
6 8
6 #edges
5 9
5 6
0 5
0 2
6 8
2 3
6 #edges
5 9
5 8
5 6
0 5
0 2
2 3
6 #edges
9 3
5 9
5 8
5 6
0 5
0 2
6 #edges
9 3
5 9
5 6
0 5
0 2
6 8
6 #trees for patient 80
6 #edges
9 3
5 9
5 8
5 6
0 5
0 2
6 #edges
5 9
5 3
5 8
5 6
0 5
0 2
6 #edges
5 3
5 8
5 6
3 9
0 5
0 2
6 #edges
9 3
5 9
5 8
5 6
0 5
6 2
6 #edges
5 9
5 3
5 8
5 6
0 5
6 2
6 #edges
5 3
5 8
5 6
3 9
0 5
6 2
8 #trees for patient 81
6 #edges
9 3
5 9
5 8
5 6
0 5
0 2
6 #edges
9 3
5 9
5 6
3 8
0 5
0 2
6 #edges
5 3
5 8
5 6
3 9
0 5
0 2
6 #edges
9 8
5 3
5 6
3 9
0 5
0 2
6 #edges
5 3
5 8
5 6
3 9
0 5
6 2
6 #edges
9 3
5 9
5 8
5 6
0 5
6 2
6 #edges
9 8
5 3
5 6
3 9
0 5
6 2
6 #edges
9 3
5 9
5 6
3 8
0 5
6 2
14 #trees for patient 82
6 #edges
5 8
5 6
3 9
0 5
0 3
0 2
6 #edges
5 8
3 9
0 5
0 3
0 2
8 6
6 #edges
5 8
5 6
0 9
0 5
0 3
0 2
6 #edges
5 8
0 9
0 5
0 3
0 2
8 6
6 #edges
5 9
5 8
5 6
0 5
0 3
0 2
6 #edges
5 9
5 8
0 5
0 3
0 2
8 6
6 #edges
9 3
5 8
0 9
0 5
0 2
8 6
6 #edges
9 3
5 8
5 6
0 9
0 5
0 2
6 #edges
5 3
5 8
5 6
0 9
0 5
0 2
6 #edges
5 3
5 8
0 9
0 5
0 2
8 6
6 #edges
5 3
5 8
5 6
3 9
0 5
0 2
6 #edges
5 3
5 8
3 9
0 5
0 2
8 6
6 #edges
9 3
5 9
5 8
5 6
0 5
0 2
6 #edges
9 3
5 9
5 8
0 5
0 2
8 6
14 #trees for patient 83
6 #edges
5 8
5 6
0 5
0 2
2 9
2 3
6 #edges
5 6
0 5
0 2
2 9
2 3
2 8
6 #edges
5 9
5 8
5 6
0 5
0 2
2 3
6 #edges
5 8
5 6
3 9
0 5
0 2
2 3
6 #edges
5 6
3 9
0 5
0 2
2 3
2 8
6 #edges
5 9
5 6
0 5
0 2
2 3
2 8
6 #edges
9 3
5 9
5 6
0 5
0 2
2 8
6 #edges
5 3
5 6
0 5
0 2
2 9
2 8
6 #edges
5 3
5 6
3 9
0 5
0 2
2 8
6 #edges
9 3
5 6
0 5
0 2
2 9
2 8
6 #edges
5 3
5 8
5 6
0 5
0 2
2 9
6 #edges
9 3
5 8
5 6
0 5
0 2
2 9
6 #edges
9 3
5 9
5 8
5 6
0 5
0 2
6 #edges
5 3
5 8
5 6
3 9
0 5
0 2
12 #trees for patient 84
6 #edges
9 3
5 9
5 8
5 6
0 5
0 2
6 #edges
5 9
5 8
5 6
0 5
0 2
6 3
6 #edges
5 3
5 8
5 6
3 9
0 5
0 2
6 #edges
5 3
5 8
5 6
0 5
0 2
6 9
6 #edges
9 3
5 8
5 6
0 5
0 2
6 9
6 #edges
5 8
5 6
3 9
0 5
0 2
6 3
6 #edges
5 3
5 8
5 6
3 9
0 5
6 2
6 #edges
5 3
5 8
5 6
0 5
6 9
6 2
6 #edges
9 3
5 9
5 8
5 6
0 5
6 2
6 #edges
5 9
5 8
5 6
0 5
6 3
6 2
6 #edges
5 8
5 6
3 9
0 5
6 3
6 2
6 #edges
9 3
5 8
5 6
0 5
6 9
6 2
4 #trees for patient 85
6 #edges
5 3
5 8
5 6
3 9
0 5
0 2
6 #edges
9 3
5 9
5 8
5 6
0 5
0 2
6 #edges
9 3
5 9
5 8
5 6
0 5
8 2
6 #edges
5 3
5 8
5 6
3 9
0 5
8 2
4 #trees for patient 86
6 #edges
9 3
5 9
5 8
5 6
0 5
0 2
6 #edges
9 3
5 9
5 6
3 8
0 5
0 2
6 #edges
5 3
5 8
5 6
3 9
0 5
0 2
6 #edges
9 8
5 3
5 6
3 9
0 5
0 2
2 #trees for patient 87
6 #edges
9 3
5 9
5 8
5 6
0 5
0 2
6 #edges
9 3
5 9
5 8
5 6
3 2
0 5
201 #trees for patient 88
6 #edges
5 3
5 8
0 5
0 6
8 9
8 2
6 #edges
5 3
5 8
3 9
0 5
0 6
8 2
6 #edges
5 3
5 8
0 5
0 6
8 2
2 9
6 #edges
9 3
5 9
5 8
0 5
0 6
8 2
6 #edges
5 9
5 8
0 5
0 6
8 2
2 3
6 #edges
5 9
5 8
0 5
0 6
8 3
8 2
6 #edges
9 3
5 8
5 2
0 5
0 6
2 9
6 #edges
5 8
5 2
0 5
0 6
8 3
2 9
6 #edges
9 3
5 8
5 2
0 5
0 6
8 9
6 #edges
5 8
5 2
0 5
0 6
8 9
2 3
6 #edges
5 8
5 2
0 5
0 6
8 9
8 3
6 #edges
5 8
5 2
3 9
0 5
0 6
2 3
6 #edges
5 8
5 2
3 9
0 5
0 6
8 3
6 #edges
5 8
0 5
0 6
8 9
8 3
8 2
6 #edges
5 8
0 5
0 6
8 9
8 2
2 3
6 #edges
9 3
5 8
0 5
0 6
8 9
8 2
6 #edges
5 8
3 9
0 5
0 6
8 3
8 2
6 #edges
5 8
0 5
0 6
8 3
8 2
2 9
6 #edges
9 3
5 8
0 5
0 6
8 2
2 9
6 #edges
5 8
3 9
0 5
0 6
8 2
2 3
6 #edges
5 8
5 2
3 9
0 5
0 3
2 6
6 #edges
9 6
5 8
5 2
3 9
0 5
0 3
6 #edges
5 8
5 2
3 9
0 5
0 3
8 6
6 #edges
5 8
5 6
3 9
0 5
0 3
8 2
6 #edges
5 8
3 9
0 5
0 3
8 6
8 2
6 #edges
5 8
3 9
0 5
0 3
8 2
2 6
6 #edges
9 6
5 8
3 9
0 5
0 3
8 2
6 #edges
5 8
5 2
3 6
0 5
0 3
2 9
6 #edges
5 8
5 2
0 5
0 3
8 6
2 9
6 #edges
9 6
5 8
5 2
0 5
0 3
2 9
6 #edges
5 8
5 2
0 5
0 3
8 9
2 6
6 #edges
5 8
5 2
3 6
0 5
0 3
8 9
6 #edges
5 8
5 2
0 5
0 3
8 9
8 6
6 #edges
9 6
5 8
5 2
0 5
0 3
8 9
6 #edges
5 9
5 8
0 5
0 3
8 2
2 6
6 #edges
5 8
0 5
0 3
8 9
8 2
2 6
6 #edges
5 8
0 5
0 3
8 9
8 6
8 2
6 #edges
5 8
0 5
0 3
8 6
8 2
2 9
6 #edges
5 9
5 8
0 5
0 3
8 6
8 2
6 #edges
5 8
5 6
0 5
0 3
8 9
8 2
6 #edges
9 6
5 8
0 5
0 3
8 9
8 2
6 #edges
5 8
3 6
0 5
0 3
8 9
8 2
6 #edges
5 9
5 8
5 6
0 5
0 3
8 2
6 #edges
9 6
5 9
5 8
0 5
0 3
8 2
6 #edges
5 9
5 8
3 6
0 5
0 3
8 2
6 #edges
5 8
3 6
0 5
0 3
8 2
2 9
6 #edges
5 8
5 6
0 5
0 3
8 2
2 9
6 #edges
9 6
5 8
0 5
0 3
8 2
2 9
6 #edges
9 3
5 8
5 2
0 9
0 5
2 6
6 #edges
9 3
5 8
5 2
3 6
0 9
0 5
6 #edges
9 3
5 8
5 2
0 9
0 5
8 6
6 #edges
9 3
5 8
5 6
0 9
0 5
8 2
6 #edges
9 3
5 8
3 6
0 9
0 5
8 2
6 #edges
9 3
5 8
0 9
0 5
8 2
2 6
6 #edges
9 3
5 8
0 9
0 5
8 6
8 2
6 #edges
5 8
5 6
0 9
0 5
8 3
8 2
6 #edges
5 8
5 6
0 9
0 5
8 2
2 3
6 #edges
5 3
5 8
5 6
0 9
0 5
8 2
6 #edges
9 6
5 3
5 8
0 9
0 5
8 2
6 #edges
5 3
5 8
3 6
0 9
0 5
8 2
6 #edges
5 3
5 8
0 9
0 5
8 2
2 6
6 #edges
5 3
5 8
0 9
0 5
8 6
8 2
6 #edges
5 8
5 2
0 9
0 5
8 3
2 6
6 #edges
5 8
5 2
0 9
0 5
8 6
2 3
6 #edges
5 8
5 2
3 6
0 9
0 5
2 3
6 #edges
9 6
5 8
5 2
0 9
0 5
2 3
6 #edges
9 6
5 8
5 2
0 9
0 5
8 3
6 #edges
5 8
5 2
0 9
0 5
8 3
8 6
6 #edges
5 8
5 2
3 6
0 9
0 5
8 3
6 #edges
9 6
5 8
0 9
0 5
8 2
2 3
6 #edges
9 6
5 8
0 9
0 5
8 3
8 2
6 #edges
5 8
3 6
0 9
0 5
8 3
8 2
6 #edges
5 8
0 9
0 5
8 3
8 6
8 2
6 #edges
5 8
0 9
0 5
8 3
8 2
2 6
6 #edges
5 8
0 9
0 5
8 6
8 2
2 3
6 #edges
5 8
3 6
0 9
0 5
8 2
2 3
6 #edges
5 8
3 6
0 5
0 2
8 9
2 3
6 #edges
5 9
5 8
3 6
0 5
0 2
2 3
6 #edges
5 8
5 6
3 9
0 5
0 2
2 3
6 #edges
9 6
5 8
3 9
0 5
0 2
2 3
6 #edges
5 8
3 9
0 5
0 2
8 6
2 3
6 #edges
5 9
5 8
5 6
0 5
0 2
2 3
6 #edges
5 8
5 6
0 5
0 2
8 9
2 3
6 #edges
5 8
0 5
0 2
8 9
8 6
2 3
6 #edges
5 9
5 8
0 5
0 2
8 6
2 3
6 #edges
9 6
5 8
0 5
0 2
8 9
2 3
6 #edges
9 6
5 9
5 8
0 5
0 2
2 3
6 #edges
9 3
5 8
3 6
0 5
0 2
2 9
6 #edges
9 3
5 8
5 6
0 5
0 2
2 9
6 #edges
9 3
5 8
0 5
0 2
8 6
2 9
6 #edges
5 8
0 5
0 2
8 3
8 6
2 9
6 #edges
5 3
5 8
0 5
0 2
8 6
2 9
6 #edges
9 6
5 3
5 8
0 5
0 2
2 9
6 #edges
9 6
5 8
0 5
0 2
8 3
2 9
6 #edges
5 8
5 6
0 5
0 2
8 3
2 9
6 #edges
5 8
3 6
0 5
0 2
8 3
2 9
6 #edges
5 3
5 8
3 6
0 5
0 2
2 9
6 #edges
5 3
5 8
5 6
0 5
0 2
2 9
6 #edges
9 3
5 9
5 8
5 6
0 5
0 2
6 #edges
5 9
5 8
5 6
0 5
0 2
8 3
6 #edges
5 9
5 8
0 5
0 2
8 3
2 6
6 #edges
5 9
5 8
3 6
0 5
0 2
8 3
6 #edges
5 9
5 8
0 5
0 2
8 3
8 6
6 #edges
9 6
5 9
5 8
0 5
0 2
8 3
6 #edges
9 3
5 9
5 8
0 5
0 2
2 6
6 #edges
9 3
5 9
5 8
0 5
0 2
8 6
6 #edges
9 3
5 9
5 8
3 6
0 5
0 2
6 #edges
5 3
5 8
3 9
0 5
0 2
2 6
6 #edges
5 3
5 8
0 5
0 2
8 9
2 6
6 #edges
9 3
5 8
0 5
0 2
8 9
2 6
6 #edges
5 8
0 5
0 2
8 9
8 3
2 6
6 #edges
5 8
3 9
0 5
0 2
8 3
2 6
6 #edges
5 3
5 8
5 6
3 9
0 5
0 2
6 #edges
5 3
5 8
5 6
0 5
0 2
8 9
6 #edges
5 8
5 6
3 9
0 5
0 2
8 3
6 #edges
5 8
5 6
0 5
0 2
8 9
8 3
6 #edges
9 3
5 8
5 6
0 5
0 2
8 9
6 #edges
9 6
5 3
5 8
3 9
0 5
0 2
6 #edges
5 3
5 8
3 9
0 5
0 2
8 6
6 #edges
5 3
5 8
3 6
0 5
0 2
8 9
6 #edges
5 3
5 8
0 5
0 2
8 9
8 6
6 #edges
9 6
5 3
5 8
0 5
0 2
8 9
6 #edges
9 6
5 8
3 9
0 5
0 2
8 3
6 #edges
5 8
3 9
0 5
0 2
8 3
8 6
6 #edges
5 8
3 6
0 5
0 2
8 9
8 3
6 #edges
9 6
5 8
0 5
0 2
8 9
8 3
6 #edges
5 8
0 5
0 2
8 9
8 3
8 6
6 #edges
9 3
5 8
0 5
0 2
8 9
8 6
6 #edges
9 3
5 8
3 6
0 5
0 2
8 9
6 #edges
5 3
5 8
5 6
0 5
8 9
8 2
6 #edges
5 3
5 8
5 6
3 9
0 5
8 2
6 #edges
5 3
5 8
5 6
0 5
8 2
2 9
6 #edges
5 3
5 8
3 6
0 5
8 2
2 9
6 #edges
5 3
5 8
3 6
0 5
8 9
8 2
6 #edges
5 3
5 8
3 9
0 5
8 6
8 2
6 #edges
5 3
5 8
3 9
0 5
8 2
2 6
6 #edges
9 6
5 3
5 8
3 9
0 5
8 2
6 #edges
5 3
5 8
0 5
8 9
8 2
2 6
6 #edges
5 3
5 8
0 5
8 9
8 6
8 2
6 #edges
5 3
5 8
0 5
8 6
8 2
2 9
6 #edges
9 6
5 3
5 8
0 5
8 9
8 2
6 #edges
9 6
5 3
5 8
0 5
8 2
2 9
6 #edges
5 8
5 6
3 9
0 5
8 3
8 2
6 #edges
5 8
5 6
0 5
8 3
8 2
2 9
6 #edges
5 8
5 6
0 5
8 9
8 3
8 2
6 #edges
5 9
5 8
5 6
0 5
8 3
8 2
6 #edges
9 3
5 9
5 8
5 6
0 5
8 2
6 #edges
5 9
5 8
5 6
0 5
8 2
2 3
6 #edges
5 8
5 6
0 5
8 9
8 2
2 3
6 #edges
9 3
5 8
5 6
0 5
8 9
8 2
6 #edges
5 8
5 6
3 9
0 5
8 2
2 3
6 #edges
9 3
5 8
5 6
0 5
8 2
2 9
6 #edges
9 3
5 9
5 8
0 5
8 6
8 2
6 #edges
9 3
5 9
5 8
0 5
8 2
2 6
6 #edges
9 3
5 9
5 8
3 6
0 5
8 2
6 #edges
5 9
5 8
3 6
0 5
8 3
8 2
6 #edges
9 6
5 9
5 8
0 5
8 3
8 2
6 #edges
5 9
5 8
0 5
8 3
8 6
8 2
6 #edges
5 9
5 8
0 5
8 3
8 2
2 6
6 #edges
5 9
5 8
0 5
8 6
8 2
2 3
6 #edges
5 9
5 8
3 6
0 5
8 2
2 3
6 #edges
9 6
5 9
5 8
0 5
8 2
2 3
6 #edges
5 8
5 2
0 5
8 9
8 6
2 3
6 #edges
5 8
5 2
0 5
8 9
8 3
8 6
6 #edges
9 3
5 8
5 2
0 5
8 9
8 6
6 #edges
9 3
5 8
0 5
8 9
8 6
8 2
6 #edges
5 8
0 5
8 9
8 6
8 2
2 3
6 #edges
9 3
5 8
3 6
0 5
8 9
8 2
6 #edges
9 3
5 8
0 5
8 9
8 2
2 6
6 #edges
9 3
5 8
5 2
0 5
8 9
2 6
6 #edges
9 3
5 8
5 2
3 6
0 5
8 9
6 #edges
9 6
5 8
0 5
8 9
8 3
8 2
6 #edges
9 6
5 8
5 2
0 5
8 9
8 3
6 #edges
5 8
0 5
8 9
8 3
8 2
2 6
6 #edges
5 8
3 6
0 5
8 9
8 3
8 2
6 #edges
5 8
5 2
3 6
0 5
8 9
8 3
6 #edges
5 8
5 2
0 5
8 9
8 3
2 6
6 #edges
9 6
5 8
0 5
8 9
8 2
2 3
6 #edges
5 8
3 6
0 5
8 9
8 2
2 3
6 #edges
5 8
5 2
3 6
0 5
8 9
2 3
6 #edges
9 6
5 8
5 2
0 5
8 9
2 3
6 #edges
5 8
5 2
3 9
0 5
8 3
8 6
6 #edges
9 6
5 8
5 2
3 9
0 5
8 3
6 #edges
5 8
5 2
3 9
0 5
8 3
2 6
6 #edges
5 8
5 2
0 5
8 3
8 6
2 9
6 #edges
9 6
5 8
5 2
0 5
8 3
2 9
6 #edges
5 8
5 2
3 6
0 5
8 3
2 9
6 #edges
5 8
3 9
0 5
8 3
8 6
8 2
6 #edges
9 6
5 8
3 9
0 5
8 3
8 2
6 #edges
5 8
3 9
0 5
8 3
8 2
2 6
6 #edges
5 8
0 5
8 3
8 6
8 2
2 9
6 #edges
5 8
3 6
0 5
8 3
8 2
2 9
6 #edges
9 6
5 8
0 5
8 3
8 2
2 9
6 #edges
9 3
5 8
0 5
8 6
8 2
2 9
6 #edges
5 8
3 9
0 5
8 6
8 2
2 3
6 #edges
9 3
5 8
5 2
0 5
8 6
2 9
6 #edges
5 8
5 2
3 9
0 5
8 6
2 3
6 #edges
9 3
5 8
5 2
3 6
0 5
2 9
6 #edges
9 6
5 8
5 2
3 9
0 5
2 3
6 #edges
9 6
5 8
3 9
0 5
8 2
2 3
6 #edges
9 3
5 8
3 6
0 5
8 2
2 9
6 #trees for patient 89
6 #edges
9 3
5 9
5 8
5 6
0 5
0 2
6 #edges
9 3
5 9
5 8
3 6
0 5
0 2
6 #edges
9 3
5 9
5 8
5 6
5 2
0 5
6 #edges
9 3
5 9
5 8
5 2
3 6
0 5
6 #edges
9 3
9 2
5 9
5 8
5 6
0 5
6 #edges
9 3
9 2
5 9
5 8
3 6
0 5
7 #trees for patient 90
6 #edges
9 3
5 9
5 8
5 6
0 5
0 2
6 #edges
5 9
5 8
5 6
0 5
0 2
6 3
6 #edges
5 3
5 8
5 6
3 9
0 5
0 2
6 #edges
5 3
5 8
5 6
0 5
0 2
6 9
6 #edges
5 8
5 6
0 5
0 2
6 9
6 3
6 #edges
5 8
5 6
3 9
0 5
0 2
6 3
6 #edges
9 3
5 8
5 6
0 5
0 2
6 9
12 #trees for patient 91
6 #edges
9 3
5 8
5 6
0 5
0 2
8 9
6 #edges
5 3
5 8
5 6
0 5
0 2
8 9
6 #edges
5 3
5 8
5 6
3 9
0 5
0 2
6 #edges
9 3
5 9
5 8
5 6
0 5
0 2
6 #edges
5 9
5 8
5 6
0 5
0 2
8 3
6 #edges
5 8
5 6
3 9
0 5
0 2
8 3
6 #edges
5 3
5 8
5 6
0 5
8 9
8 2
6 #edges
5 3
5 8
5 6
3 9
0 5
8 2
6 #edges
9 3
5 8
5 6
0 5
8 9
8 2
6 #edges
5 8
5 6
3 9
0 5
8 3
8 2
6 #edges
5 9
5 8
5 6
0 5
8 3
8 2
6 #edges
9 3
5 9
5 8
5 6
0 5
8 2
12 #trees for patient 92
6 #edges
5 9
5 8
5 6
0 5
0 2
8 3
6 #edges
9 3
5 9
5 8
5 6
0 5
0 2
6 #edges
9 3
5 9
5 8
0 5
0 2
8 6
6 #edges
9 3
9 6
5 9
5 8
0 5
0 2
6 #edges
5 9
5 8
0 5
0 2
8 3
8 6
6 #edges
9 6
5 9
5 8
0 5
0 2
8 3
6 #edges
9 3
5 9
5 8
5 6
0 5
8 2
6 #edges
5 9
5 8
5 6
0 5
8 3
8 2
6 #edges
9 3
9 6
5 9
5 8
0 5
8 2
6 #edges
9 3
5 9
5 8
0 5
8 6
8 2
6 #edges
9 6
5 9
5 8
0 5
8 3
8 2
6 #edges
5 9
5 8
0 5
8 3
8 6
8 2
42 #trees for patient 93
6 #edges
5 6
0 5
0 2
6 9
2 3
2 8
6 #edges
5 9
5 6
0 5
0 2
2 3
2 8
6 #edges
9 3
0 5
0 2
6 9
2 8
2 6
6 #edges
5 3
0 5
0 2
6 9
2 8
2 6
6 #edges
5 9
5 3
0 5
0 2
2 8
2 6
6 #edges
5 9
0 5
0 2
6 3
2 8
2 6
6 #edges
9 3
5 9
0 5
0 2
2 8
2 6
6 #edges
5 3
5 6
0 5
0 2
2 9
2 8
6 #edges
9 3
5 6
0 5
0 2
2 9
2 8
6 #edges
5 6
0 5
0 2
6 3
2 9
2 8
6 #edges
9 3
5 9
5 6
0 5
0 2
2 8
6 #edges
5 9
5 6
0 5
0 2
6 3
2 8
6 #edges
5 3
5 6
0 5
0 2
6 9
2 8
6 #edges
9 3
5 6
0 5
0 2
6 9
2 8
6 #edges
5 9
5 8
0 5
0 2
6 3
2 6
6 #edges
5 9
0 5
0 2
6 3
6 8
2 6
6 #edges
9 3
0 5
0 2
6 9
6 8
2 6
6 #edges
5 3
0 5
0 2
6 9
6 8
2 6
6 #edges
5 3
5 8
0 5
0 2
6 9
2 6
6 #edges
9 3
5 8
0 5
0 2
6 9
2 6
6 #edges
9 3
5 9
5 8
0 5
0 2
2 6
6 #edges
5 9
5 3
5 8
0 5
0 2
2 6
6 #edges
5 9
5 3
0 5
0 2
6 8
2 6
6 #edges
9 3
5 9
0 5
0 2
6 8
2 6
6 #edges
9 3
5 8
5 6
0 5
0 2
2 9
6 #edges
9 3
5 6
0 5
0 2
6 8
2 9
6 #edges
5 6
0 5
0 2
6 3
6 8
2 9
6 #edges
5 3
5 6
0 5
0 2
6 8
2 9
6 #edges
5 3
5 8
5 6
0 5
0 2
2 9
6 #edges
5 8
5 6
0 5
0 2
6 3
2 9
6 #edges
5 8
5 6
0 5
0 2
6 9
2 3
6 #edges
5 9
5 8
5 6
0 5
0 2
2 3
6 #edges
5 6
0 5
0 2
6 9
6 8
2 3
6 #edges
5 9
5 6
0 5
0 2
6 8
2 3
6 #edges
5 9
5 8
5 6
0 5
0 2
6 3
6 #edges
9 3
5 9
5 8
5 6
0 5
0 2
6 #edges
5 3
5 8
5 6
0 5
0 2
6 9
6 #edges
9 3
5 8
5 6
0 5
0 2
6 9
6 #edges
9 3
5 9
5 6
0 5
0 2
6 8
6 #edges
5 9
5 6
0 5
0 2
6 3
6 8
6 #edges
5 3
5 6
0 5
0 2
6 9
6 8
6 #edges
9 3
5 6
0 5
0 2
6 9
6 8
27 #trees for patient 94
6 #edges
5 8
3 9
0 5
0 3
0 6
0 2
6 #edges
5 8
0 9
0 5
0 3
0 6
0 2
6 #edges
5 8
0 5
0 3
0 6
0 2
6 9
6 #edges
5 9
5 8
0 5
0 3
0 6
0 2
6 #edges
5 8
5 6
3 9
0 5
0 3
0 2
6 #edges
5 9
5 8
5 6
0 5
0 3
0 2
6 #edges
5 8
5 6
0 9
0 5
0 3
0 2
6 #edges
5 8
5 6
0 5
0 3
0 2
6 9
6 #edges
5 8
0 9
0 5
0 6
0 2
6 3
6 #edges
9 3
5 8
0 9
0 5
0 6
0 2
6 #edges
5 3
5 8
0 9
0 5
0 6
0 2
6 #edges
5 3
5 8
5 6
0 9
0 5
0 2
6 #edges
9 3
5 8
5 6
0 9
0 5
0 2
6 #edges
5 8
5 6
0 9
0 5
0 2
6 3
6 #edges
5 9
5 8
0 5
0 6
0 2
6 3
6 #edges
5 8
3 9
0 5
0 6
0 2
6 3
6 #edges
5 9
5 3
5 8
0 5
0 6
0 2
6 #edges
5 3
5 8
0 5
0 6
0 2
6 9
6 #edges
5 3
5 8
3 9
0 5
0 6
0 2
6 #edges
9 3
5 9
5 8
0 5
0 6
0 2
6 #edges
9 3
5 8
0 5
0 6
0 2
6 9
6 #edges
5 9
5 8
5 6
0 5
0 2
6 3
6 #edges
9 3
5 9
5 8
5 6
0 5
0 2
6 #edges
5 3
5 8
5 6
0 5
0 2
6 9
6 #edges
5 3
5 8
5 6
3 9
0 5
0 2
6 #edges
9 3
5 8
5 6
0 5
0 2
6 9
6 #edges
5 8
5 6
3 9
0 5
0 2
6 3
2 #trees for patient 95
6 #edges
9 3
5 9
5 8
5 6
0 5
0 2
6 #edges
9 3
9 8
5 9
5 6
0 5
0 2
1 #trees for patient 96
6 #edges
9 3
5 9
5 8
5 6
0 5
0 2
2 #trees for patient 97
6 #edges
5 3
5 8
5 6
3 9
0 5
0 2
6 #edges
9 3
5 9
5 8
5 6
0 5
0 2
9 #trees for patient 98
6 #edges
9 3
5 9
5 8
5 6
0 5
0 2
6 #edges
5 9
5 8
5 6
0 5
0 2
8 3
6 #edges
9 3
5 9
5 8
5 6
5 2
0 5
6 #edges
5 9
5 8
5 6
5 2
0 5
8 3
6 #edges
9 2
5 9
5 8
5 6
0 5
8 3
6 #edges
5 9
5 8
5 6
0 5
8 3
8 2
6 #edges
5 9
5 8
5 6
3 2
0 5
8 3
6 #edges
9 3
5 9
5 8
5 6
0 5
8 2
6 #edges
9 3
5 9
5 8
5 6
3 2
0 5
50 #trees for patient 99
6 #edges
5 8
5 6
3 9
0 5
0 3
6 2
6 #edges
5 6
3 9
0 5
0 3
6 8
6 2
6 #edges
5 9
5 8
5 6
0 5
0 3
6 2
6 #edges
5 9
5 6
0 5
0 3
6 8
6 2
6 #edges
5 8
5 6
0 5
0 3
6 2
2 9
6 #edges
5 6
0 5
0 3
6 8
6 2
2 9
6 #edges
9 3
5 6
0 9
0 5
6 8
6 2
6 #edges
9 3
5 8
5 6
0 9
0 5
6 2
6 #edges
5 3
5 6
0 9
0 5
6 8
6 2
6 #edges
5 6
0 9
0 5
6 8
6 2
2 3
6 #edges
5 3
5 8
5 6
0 9
0 5
6 2
6 #edges
5 8
5 6
0 9
0 5
6 2
2 3
6 #edges
5 9
5 8
5 6
0 5
0 2
2 3
6 #edges
5 9
5 6
0 5
0 2
6 8
2 3
6 #edges
5 8
5 6
3 9
0 5
0 2
2 3
6 #edges
5 8
5 6
0 5
0 2
6 9
2 3
6 #edges
5 6
3 9
0 5
0 2
6 8
2 3
6 #edges
5 6
0 5
0 2
6 9
6 8
2 3
6 #edges
5 3
5 6
3 9
0 5
0 2
6 8
6 #edges
5 3
5 8
5 6
3 9
0 5
0 2
6 #edges
5 3
5 6
0 5
0 2
6 8
2 9
6 #edges
5 3
5 8
5 6
0 5
0 2
2 9
6 #edges
5 3
5 8
5 6
0 5
0 2
6 9
6 #edges
5 3
5 6
0 5
0 2
6 9
6 8
6 #edges
9 3
5 8
5 6
0 5
0 2
2 9
6 #edges
9 3
5 6
0 5
0 2
6 8
2 9
6 #edges
5 8
5 6
0 5
0 2
6 3
2 9
6 #edges
5 6
0 5
0 2
6 3
6 8
2 9
6 #edges
9 3
5 6
0 5
0 2
6 9
6 8
6 #edges
5 6
0 5
0 2
6 9
6 3
6 8
6 #edges
5 6
3 9
0 5
0 2
6 3
6 8
6 #edges
5 9
5 6
0 5
0 2
6 3
6 8
6 #edges
9 3
5 9
5 6
0 5
0 2
6 8
6 #edges
9 3
5 9
5 8
5 6
0 5
0 2
6 #edges
5 9
5 8
5 6
0 5
0 2
6 3
6 #edges
5 8
5 6
0 5
0 2
6 9
6 3
6 #edges
9 3
5 8
5 6
0 5
0 2
6 9
6 #edges
5 8
5 6
3 9
0 5
0 2
6 3
6 #edges
9 3
5 9
5 8
5 6
0 5
6 2
6 #edges
5 9
5 8
5 6
0 5
6 2
2 3
6 #edges
5 9
5 6
0 5
6 8
6 2
2 3
6 #edges
9 3
5 9
5 6
0 5
6 8
6 2
6 #edges
5 3
5 8
5 6
3 9
0 5
6 2
6 #edges
5 3
5 6
3 9
0 5
6 8
6 2
6 #edges
5 3
5 8
5 6
0 5
6 2
2 9
6 #edges
5 3
5 6
0 5
6 8
6 2
2 9
6 #edges
9 3
5 6
0 5
6 8
6 2
2 9
6 #edges
5 6
3 9
0 5
6 8
6 2
2 3
6 #edges
5 8
5 6
3 9
0 5
6 2
2 3
6 #edges
9 3
5 8
5 6
0 5
6 2
2 9
