50 # patients
8 #trees for patient 0
6 #edges
0 9
0 10
0 4
9 2
10 1
2 5
6 #edges
0 5
0 9
0 10
0 4
9 2
10 1
6 #edges
0 5
0 10
0 4
0 2
10 1
2 9
6 #edges
0 10
0 4
0 2
9 5
10 1
2 9
6 #edges
0 5
0 10
0 2
10 1
10 4
2 9
6 #edges
0 5
0 9
0 10
9 2
10 1
10 4
6 #edges
0 10
0 2
9 5
10 1
10 4
2 9
6 #edges
0 9
0 10
9 2
10 1
10 4
2 5
2 #trees for patient 1
6 #edges
0 5
0 10
0 2
10 1
10 4
2 9
6 #edges
0 5
0 10
0 2
10 1
10 4
1 9
10 #trees for patient 2
6 #edges
0 5
0 9
0 10
10 1
10 4
4 2
6 #edges
0 9
0 10
10 1
10 4
1 5
4 2
6 #edges
0 5
0 10
0 2
10 1
10 4
2 9
6 #edges
0 10
0 2
10 1
10 4
1 5
2 9
6 #edges
0 5
0 10
0 2
10 1
10 4
4 9
6 #edges
0 10
0 2
10 1
10 4
1 5
4 9
6 #edges
0 5
0 10
10 1
10 4
4 9
4 2
6 #edges
0 5
0 10
10 1
10 4
4 2
2 9
6 #edges
0 10
10 1
10 4
1 5
4 9
4 2
6 #edges
0 10
10 1
10 4
1 5
4 2
2 9
3 #trees for patient 3
6 #edges
0 5
0 10
0 2
10 1
10 4
2 9
6 #edges
0 5
0 10
0 2
10 4
4 1
2 9
6 #edges
0 5
0 10
0 2
10 4
2 9
2 1
4 #trees for patient 4
6 #edges
0 5
0 10
0 2
10 1
10 4
2 9
6 #edges
0 5
0 10
0 2
9 4
10 1
2 9
6 #edges
0 5
0 9
0 10
9 2
10 1
10 4
6 #edges
0 5
0 9
0 10
9 2
10 1
2 4
3 #trees for patient 5
6 #edges
0 5
0 10
0 2
10 4
2 9
2 1
6 #edges
0 5
0 10
0 2
10 4
4 1
2 9
6 #edges
0 5
0 10
0 2
10 1
10 4
2 9
12 #trees for patient 6
6 #edges
5 9
0 5
0 10
0 2
10 1
10 4
6 #edges
5 9
0 5
0 10
0 2
10 4
4 1
6 #edges
0 5
0 10
0 2
10 1
10 4
2 9
6 #edges
0 5
0 10
0 2
10 4
4 1
2 9
6 #edges
5 2
0 5
0 9
0 10
10 1
10 4
6 #edges
0 5
0 9
0 10
9 2
10 1
10 4
6 #edges
0 5
0 9
0 10
9 2
10 4
4 1
6 #edges
5 2
0 5
0 9
0 10
10 4
4 1
6 #edges
5 2
0 5
0 10
10 1
10 4
2 9
6 #edges
5 9
0 5
0 10
9 2
10 1
10 4
6 #edges
5 9
0 5
0 10
9 2
10 4
4 1
6 #edges
5 2
0 5
0 10
10 4
4 1
2 9
2 #trees for patient 7
6 #edges
0 5
0 10
0 2
10 1
10 4
2 9
6 #edges
0 5
0 9
0 10
9 2
10 1
10 4
12 #trees for patient 8
6 #edges
0 5
0 10
0 2
2 9
2 1
2 4
6 #edges
0 5
0 10
0 2
1 4
2 9
2 1
6 #edges
0 5
0 10
0 2
10 4
2 9
2 1
6 #edges
0 5
0 10
0 2
10 1
2 9
2 4
6 #edges
0 5
0 10
0 2
10 1
10 4
2 9
6 #edges
0 5
0 10
0 2
10 1
1 4
2 9
6 #edges
0 10
0 2
10 5
10 1
2 9
2 4
6 #edges
0 10
0 2
10 5
2 9
2 1
2 4
6 #edges
0 10
0 2
10 5
10 1
10 4
2 9
6 #edges
0 10
0 2
10 5
10 1
1 4
2 9
6 #edges
0 10
0 2
10 5
10 4
2 9
2 1
6 #edges
0 10
0 2
10 5
1 4
2 9
2 1
4 #trees for patient 9
6 #edges
0 5
0 9
0 10
9 2
10 1
10 4
6 #edges
0 5
0 10
0 2
10 1
10 4
2 9
6 #edges
0 10
0 2
10 1
10 4
1 5
2 9
6 #edges
0 9
0 10
9 2
10 1
10 4
1 5
6 #trees for patient 10
6 #edges
5 1
5 4
0 5
0 10
0 2
2 9
6 #edges
5 4
0 5
0 10
0 2
2 9
2 1
6 #edges
5 4
0 5
0 10
0 2
10 1
2 9
6 #edges
0 5
0 10
0 2
10 1
10 4
2 9
6 #edges
0 5
0 10
0 2
10 4
2 9
2 1
6 #edges
5 1
0 5
0 10
0 2
10 4
2 9
2 #trees for patient 11
6 #edges
5 1
0 5
0 10
0 2
10 4
2 9
6 #edges
0 5
0 10
0 2
10 1
10 4
2 9
3 #trees for patient 12
6 #edges
0 5
0 10
0 2
10 1
10 4
2 9
6 #edges
0 10
0 2
10 1
10 4
2 5
2 9
6 #edges
0 10
0 2
10 1
10 4
1 5
2 9
7 #trees for patient 13
6 #edges
0 10
0 4
0 2
10 1
2 5
2 9
6 #edges
5 4
0 5
0 10
0 2
10 1
2 9
6 #edges
0 5
0 10
0 2
10 1
2 9
2 4
6 #edges
0 5
0 10
0 2
10 1
10 4
2 9
6 #edges
0 10
0 2
10 1
2 5
2 9
2 4
6 #edges
5 4
0 10
0 2
10 1
2 5
2 9
6 #edges
0 10
0 2
10 1
10 4
2 5
2 9
35 #trees for patient 14
6 #edges
0 10
0 1
0 2
10 5
10 4
2 9
6 #edges
5 1
0 5
0 10
0 2
10 4
2 9
6 #edges
0 5
0 10
0 2
10 1
10 4
2 9
6 #edges
0 10
0 2
10 5
10 1
10 4
2 9
6 #edges
5 1
0 10
0 2
10 5
10 4
2 9
6 #edges
0 9
0 10
0 2
10 5
10 1
10 4
6 #edges
5 1
0 9
0 10
0 2
10 5
10 4
6 #edges
0 10
0 1
0 2
10 5
10 4
1 9
6 #edges
0 10
0 1
0 2
10 5
10 9
10 4
6 #edges
5 9
0 10
0 1
0 2
10 5
10 4
6 #edges
5 1
0 5
0 10
0 2
10 4
1 9
6 #edges
5 1
0 5
0 10
0 2
10 9
10 4
6 #edges
5 9
0 5
0 10
0 2
10 1
10 4
6 #edges
0 5
0 10
0 2
10 9
10 1
10 4
6 #edges
0 5
0 10
0 2
10 1
10 4
1 9
6 #edges
0 10
0 2
10 5
10 1
10 4
1 9
6 #edges
5 9
0 10
0 2
10 5
10 1
10 4
6 #edges
5 1
0 10
0 2
10 5
10 9
10 4
6 #edges
5 1
0 10
0 2
10 5
10 4
1 9
6 #edges
0 9
0 10
0 1
10 5
10 4
10 2
6 #edges
5 1
0 9
0 10
10 5
10 4
10 2
6 #edges
0 5
0 9
0 10
10 1
10 4
10 2
6 #edges
5 1
0 5
0 9
0 10
10 4
10 2
6 #edges
0 10
0 1
10 5
10 4
10 2
1 9
6 #edges
5 9
0 10
0 1
10 5
10 4
10 2
6 #edges
0 10
0 1
10 5
10 4
10 2
2 9
6 #edges
5 1
0 5
0 10
10 4
10 2
1 9
6 #edges
5 1
0 5
0 10
10 9
10 4
10 2
6 #edges
5 1
0 5
0 10
10 4
10 2
2 9
6 #edges
5 9
0 5
0 10
10 1
10 4
10 2
6 #edges
0 5
0 10
10 9
10 1
10 4
10 2
6 #edges
0 5
0 10
10 1
10 4
10 2
2 9
6 #edges
0 5
0 10
10 1
10 4
10 2
1 9
6 #edges
5 1
0 10
10 5
10 4
10 2
1 9
6 #edges
5 1
0 10
10 5
10 4
10 2
2 9
4 #trees for patient 15
6 #edges
0 5
0 10
0 2
10 1
10 4
2 9
6 #edges
0 5
0 9
0 10
9 2
10 1
10 4
6 #edges
0 9
0 10
9 2
10 1
10 4
4 5
6 #edges
0 10
0 2
10 1
10 4
4 5
2 9
8 #trees for patient 16
6 #edges
0 5
0 9
0 10
0 1
9 2
2 4
6 #edges
0 5
0 9
0 10
0 1
9 2
10 4
6 #edges
0 5
0 10
0 1
0 2
10 4
2 9
6 #edges
0 5
0 10
0 1
0 2
9 4
2 9
6 #edges
0 5
0 9
0 10
9 2
10 1
10 4
6 #edges
0 5
0 9
0 10
9 2
10 1
2 4
6 #edges
0 5
0 10
0 2
10 1
10 4
2 9
6 #edges
0 5
0 10
0 2
9 4
10 1
2 9
8 #trees for patient 17
6 #edges
0 9
0 10
0 4
9 2
10 5
10 1
6 #edges
0 10
0 4
0 2
10 5
10 1
2 9
6 #edges
5 4
0 5
0 10
0 2
10 1
2 9
6 #edges
0 5
0 10
0 2
10 1
10 4
2 9
6 #edges
5 4
0 10
0 2
10 5
10 1
2 9
6 #edges
5 4
0 5
0 9
0 10
9 2
10 1
6 #edges
0 5
0 9
0 10
9 2
10 1
10 4
6 #edges
5 4
0 9
0 10
9 2
10 5
10 1
3 #trees for patient 18
6 #edges
0 5
0 10
0 2
10 1
10 4
2 9
6 #edges
0 5
0 10
0 2
10 1
2 9
2 4
6 #edges
0 5
0 10
0 2
9 4
10 1
2 9
6 #trees for patient 19
6 #edges
5 4
0 5
0 10
0 2
10 1
2 9
6 #edges
0 5
0 10
0 2
10 1
1 4
2 9
6 #edges
0 5
0 10
0 2
10 1
10 4
2 9
6 #edges
5 4
0 5
0 9
0 10
9 2
10 1
6 #edges
0 5
0 9
0 10
9 2
10 1
10 4
6 #edges
0 5
0 9
0 10
9 2
10 1
1 4
8 #trees for patient 20
6 #edges
0 5
0 10
0 2
10 1
10 4
2 9
6 #edges
0 5
0 10
0 2
10 1
1 4
2 9
6 #edges
0 5
0 9
0 10
9 2
10 1
10 4
6 #edges
0 5
0 9
0 10
9 2
10 1
1 4
6 #edges
0 9
0 10
9 2
10 5
10 1
1 4
6 #edges
0 9
0 10
9 2
10 5
10 1
10 4
6 #edges
0 10
0 2
10 5
10 1
1 4
2 9
6 #edges
0 10
0 2
10 5
10 1
10 4
2 9
7 #trees for patient 21
6 #edges
0 5
0 10
0 2
10 1
10 4
4 9
6 #edges
0 5
0 10
0 2
10 1
10 4
2 9
6 #edges
0 5
0 9
0 10
9 2
10 1
10 4
6 #edges
0 5
0 9
0 10
10 1
10 4
4 2
6 #edges
0 5
0 10
9 2
10 1
10 4
4 9
6 #edges
0 5
0 10
10 1
10 4
4 9
4 2
6 #edges
0 5
0 10
10 1
10 4
4 2
2 9
8 #trees for patient 22
6 #edges
0 5
0 9
0 10
0 1
9 2
10 4
6 #edges
0 5
0 10
0 1
0 2
10 4
2 9
6 #edges
5 1
0 5
0 10
0 2
10 4
2 9
6 #edges
5 1
0 5
0 9
0 10
9 2
10 4
6 #edges
0 5
0 10
0 2
9 1
10 4
2 9
6 #edges
0 5
0 10
0 2
10 1
10 4
2 9
6 #edges
0 5
0 9
0 10
9 2
10 1
10 4
6 #edges
0 5
0 9
0 10
9 2
10 4
2 1
6 #trees for patient 23
6 #edges
0 5
0 10
0 4
0 2
10 1
1 9
6 #edges
0 5
0 10
0 4
0 2
10 1
2 9
6 #edges
0 5
0 10
0 2
10 1
10 4
2 9
6 #edges
0 5
0 10
0 2
10 1
1 4
2 9
6 #edges
0 5
0 10
0 2
10 1
10 4
1 9
6 #edges
0 5
0 10
0 2
10 1
1 9
1 4
2 #trees for patient 24
6 #edges
0 5
0 9
0 10
9 2
10 1
10 4
6 #edges
0 5
0 10
0 2
10 1
10 4
2 9
4 #trees for patient 25
6 #edges
5 8
5 2
5 6
5 3
8 9
0 5
6 #edges
5 8
5 6
5 3
8 9
0 5
9 2
6 #edges
5 9
5 2
5 6
5 3
0 5
9 8
6 #edges
5 9
5 6
5 3
8 2
0 5
9 8
4 #trees for patient 26
6 #edges
5 8
5 6
5 3
8 2
0 5
2 9
6 #edges
5 8
5 6
5 3
8 9
0 5
9 2
6 #edges
5 8
5 3
8 2
0 5
2 9
3 6
6 #edges
5 8
5 3
8 9
0 5
9 2
3 6
2 #trees for patient 27
6 #edges
5 8
5 6
5 3
8 9
0 5
9 2
6 #edges
5 8
5 3
8 9
8 6
0 5
9 2
6 #trees for patient 28
6 #edges
5 8
5 6
5 3
8 9
0 5
9 2
6 #edges
5 8
5 6
8 9
0 5
9 2
9 3
6 #edges
5 8
5 3
8 9
8 6
0 5
9 2
6 #edges
5 8
5 3
8 9
0 5
9 2
2 6
6 #edges
5 8
8 9
8 6
0 5
9 2
9 3
6 #edges
5 8
8 9
0 5
9 2
9 3
2 6
4 #trees for patient 29
6 #edges
5 8
5 6
5 3
8 2
0 5
2 9
6 #edges
5 8
5 6
5 3
8 9
0 5
9 2
6 #edges
5 8
5 3
8 2
0 5
2 9
3 6
6 #edges
5 8
5 3
8 9
0 5
9 2
3 6
12 #trees for patient 30
6 #edges
5 9
5 6
5 3
8 2
0 5
9 8
6 #edges
5 9
5 3
8 2
0 5
9 8
3 6
6 #edges
5 9
5 3
0 5
9 2
2 8
3 6
6 #edges
5 9
5 6
5 3
0 5
9 2
2 8
6 #edges
5 8
5 6
5 3
8 2
0 5
2 9
6 #edges
5 8
5 6
5 3
8 9
0 5
9 2
6 #edges
5 2
5 6
5 3
0 5
9 8
2 9
6 #edges
5 2
5 6
5 3
8 9
0 5
2 8
6 #edges
5 8
5 3
8 9
0 5
9 2
3 6
6 #edges
5 8
5 3
8 2
0 5
2 9
3 6
6 #edges
5 2
5 3
0 5
9 8
2 9
3 6
6 #edges
5 2
5 3
8 9
0 5
2 8
3 6
12 #trees for patient 31
6 #edges
5 8
5 6
5 3
8 2
0 5
3 9
6 #edges
5 8
5 6
5 3
8 9
0 5
3 2
6 #edges
5 8
5 6
5 3
8 9
0 5
9 2
6 #edges
5 8
5 6
5 3
0 5
9 2
3 9
6 #edges
5 2
5 6
5 3
8 9
0 5
3 8
6 #edges
5 2
5 6
5 3
0 5
9 8
3 9
6 #edges
5 9
5 6
5 3
0 5
9 8
3 2
6 #edges
5 9
5 6
5 3
8 2
0 5
9 8
6 #edges
5 9
5 6
5 3
0 5
9 2
3 8
6 #edges
5 9
5 6
5 3
8 2
0 5
3 8
6 #edges
5 6
5 3
8 2
0 5
9 8
3 9
6 #edges
5 6
5 3
8 9
0 5
9 2
3 8
2 #trees for patient 32
6 #edges
5 8
5 6
5 3
8 9
0 5
9 2
6 #edges
5 8
5 3
8 9
8 6
0 5
9 2
12 #trees for patient 33
6 #edges
5 8
5 6
8 9
0 5
9 2
2 3
6 #edges
5 8
8 9
0 5
9 2
2 3
3 6
6 #edges
5 8
8 9
0 5
9 2
2 6
2 3
6 #edges
5 8
5 6
5 3
8 9
0 5
9 2
6 #edges
5 8
5 3
8 9
0 5
9 2
2 6
6 #edges
5 8
5 3
8 9
0 5
9 2
3 6
6 #edges
5 8
5 6
5 3
8 2
0 5
2 9
6 #edges
5 8
5 6
8 2
0 5
9 3
2 9
6 #edges
5 8
8 2
0 5
9 6
9 3
2 9
6 #edges
5 8
5 3
8 2
0 5
9 6
2 9
6 #edges
5 8
5 3
8 2
0 5
2 9
3 6
6 #edges
5 8
8 2
0 5
9 3
2 9
3 6
5 #trees for patient 34
6 #edges
5 8
5 9
5 2
5 6
5 3
0 5
6 #edges
5 8
5 9
5 6
5 3
8 2
0 5
6 #edges
5 8
5 9
5 6
5 3
0 5
9 2
6 #edges
5 8
5 2
5 6
5 3
8 9
0 5
6 #edges
5 8
5 6
5 3
8 9
0 5
9 2
4 #trees for patient 35
6 #edges
5 8
5 6
5 3
8 9
0 5
6 2
6 #edges
5 8
5 6
5 3
8 9
0 5
9 2
6 #edges
5 9
5 6
5 3
0 5
9 8
6 2
6 #edges
5 9
5 6
5 3
8 2
0 5
9 8
4 #trees for patient 36
6 #edges
5 8
5 6
5 3
8 9
0 5
9 2
6 #edges
5 9
5 6
5 3
8 2
0 5
9 8
6 #edges
5 9
5 3
8 2
8 6
0 5
9 8
6 #edges
5 8
5 3
8 9
0 5
9 2
9 6
12 #trees for patient 37
6 #edges
8 9
8 7
0 8
0 3
9 11
3 10
6 #edges
8 11
8 7
0 8
0 3
11 9
3 10
6 #edges
8 9
8 10
8 7
0 8
0 3
9 11
6 #edges
8 10
8 11
8 7
0 8
0 3
11 9
6 #edges
8 11
8 7
0 8
0 10
10 3
11 9
6 #edges
8 9
8 7
0 8
0 10
9 11
10 3
6 #edges
8 9
8 3
8 7
0 8
0 10
9 11
6 #edges
8 11
8 3
8 7
0 8
0 10
11 9
6 #edges
8 9
8 10
8 7
0 8
9 11
10 3
6 #edges
8 9
8 3
8 7
0 8
9 11
3 10
6 #edges
8 10
8 11
8 7
0 8
10 3
11 9
6 #edges
8 11
8 3
8 7
0 8
11 9
3 10
16 #trees for patient 38
6 #edges
8 11
8 7
0 8
0 10
0 3
11 9
6 #edges
8 11
0 8
0 10
0 3
9 7
11 9
6 #edges
8 11
8 7
0 8
0 3
11 9
3 10
6 #edges
8 11
0 8
0 3
9 7
11 9
3 10
6 #edges
8 11
8 7
0 8
0 3
9 10
11 9
6 #edges
8 11
0 8
0 3
9 10
9 7
11 9
6 #edges
8 11
8 7
0 8
0 10
10 3
11 9
6 #edges
8 11
0 8
0 10
9 7
10 3
11 9
6 #edges
8 11
8 7
0 8
0 10
9 3
11 9
6 #edges
8 11
0 8
0 10
9 3
9 7
11 9
6 #edges
8 11
8 7
0 8
9 10
10 3
11 9
6 #edges
8 11
8 7
0 8
9 10
9 3
11 9
6 #edges
8 11
8 7
0 8
9 3
11 9
3 10
6 #edges
8 11
0 8
9 10
9 3
9 7
11 9
6 #edges
8 11
0 8
9 10
9 7
10 3
11 9
6 #edges
8 11
0 8
9 3
9 7
11 9
3 10
2 #trees for patient 39
6 #edges
8 11
8 7
0 8
0 3
11 9
3 10
6 #edges
8 11
0 8
0 3
9 7
11 9
3 10
14 #trees for patient 40
6 #edges
8 9
8 11
8 7
0 8
0 3
3 10
6 #edges
8 11
8 7
0 8
0 3
10 9
3 10
6 #edges
8 11
8 7
0 8
0 3
11 9
3 10
6 #edges
8 9
8 11
0 8
0 3
10 7
3 10
6 #edges
8 11
0 8
0 3
10 9
10 7
3 10
6 #edges
8 11
0 8
0 3
10 7
11 9
3 10
6 #edges
8 9
0 8
0 3
9 11
10 7
3 10
6 #edges
8 9
0 8
0 3
10 11
10 7
3 10
6 #edges
8 9
8 7
0 8
0 3
10 11
3 10
6 #edges
8 9
8 7
0 8
0 3
9 11
3 10
6 #edges
0 8
0 3
10 11
10 7
11 9
3 10
6 #edges
0 8
0 3
9 11
10 9
10 7
3 10
6 #edges
8 7
0 8
0 3
10 11
11 9
3 10
6 #edges
8 7
0 8
0 3
9 11
10 9
3 10
26 #trees for patient 41
6 #edges
8 9
8 7
0 8
0 3
9 11
3 10
6 #edges
8 11
8 7
0 8
0 3
11 9
3 10
6 #edges
8 9
8 7
0 8
0 3
9 11
7 10
6 #edges
8 11
8 7
0 8
0 3
11 9
7 10
6 #edges
8 11
8 7
0 8
0 10
10 3
11 9
6 #edges
8 11
8 7
0 8
0 10
11 9
7 3
6 #edges
8 9
8 7
0 8
0 10
9 11
7 3
6 #edges
8 9
8 7
0 8
0 10
9 11
10 3
6 #edges
8 9
8 7
0 8
0 11
7 10
7 3
6 #edges
8 9
8 7
0 8
0 11
10 3
7 10
6 #edges
8 9
8 7
0 8
0 11
3 10
7 3
6 #edges
8 7
0 8
0 11
11 9
7 10
7 3
6 #edges
8 7
0 8
0 11
10 3
11 9
7 10
6 #edges
8 7
0 8
0 11
11 9
3 10
7 3
6 #edges
8 7
0 8
0 9
9 11
3 10
7 3
6 #edges
8 7
0 8
0 9
9 11
7 10
7 3
6 #edges
8 7
0 8
0 9
9 11
10 3
7 10
6 #edges
8 11
8 7
0 8
0 9
3 10
7 3
6 #edges
8 11
8 7
0 8
0 9
7 10
7 3
6 #edges
8 11
8 7
0 8
0 9
10 3
7 10
6 #edges
8 9
8 7
0 8
9 11
7 10
7 3
6 #edges
8 9
8 7
0 8
9 11
3 10
7 3
6 #edges
8 9
8 7
0 8
9 11
10 3
7 10
6 #edges
8 11
8 7
0 8
11 9
3 10
7 3
6 #edges
8 11
8 7
0 8
11 9
7 10
7 3
6 #edges
8 11
8 7
0 8
10 3
11 9
7 10
12 #trees for patient 42
6 #edges
8 11
0 8
0 9
0 10
0 7
10 3
6 #edges
8 11
0 8
0 10
0 7
10 3
11 9
6 #edges
8 11
0 8
0 3
0 7
11 9
3 10
6 #edges
8 11
0 8
0 9
0 3
0 7
3 10
6 #edges
8 11
8 7
0 8
0 9
0 3
3 10
6 #edges
8 11
0 8
0 9
0 3
11 7
3 10
6 #edges
8 11
0 8
0 9
0 10
10 3
11 7
6 #edges
8 11
8 7
0 8
0 9
0 10
10 3
6 #edges
8 11
8 7
0 8
0 3
11 9
3 10
6 #edges
8 11
0 8
0 3
11 9
11 7
3 10
6 #edges
8 11
0 8
0 10
10 3
11 9
11 7
6 #edges
8 11
8 7
0 8
0 10
10 3
11 9
5 #trees for patient 43
6 #edges
8 11
8 7
0 8
0 3
11 9
3 10
6 #edges
8 10
8 11
0 8
0 3
11 9
3 7
6 #edges
8 11
0 8
0 3
11 9
3 7
7 10
6 #edges
8 10
8 11
8 7
0 8
0 3
11 9
6 #edges
8 11
8 7
0 8
0 3
11 9
7 10
54 #trees for patient 44
6 #edges
8 11
8 3
0 8
0 9
0 10
0 7
6 #edges
8 11
8 3
0 8
0 9
0 10
11 7
6 #edges
8 9
8 3
0 8
0 10
0 11
0 7
6 #edges
8 3
0 8
0 10
0 11
0 7
11 9
6 #edges
8 11
8 3
0 8
0 10
0 7
11 9
6 #edges
8 3
0 8
0 10
0 11
11 9
11 7
6 #edges
8 3
8 7
0 8
0 10
0 11
11 9
6 #edges
8 9
8 3
8 7
0 8
0 10
0 11
6 #edges
8 9
8 3
0 8
0 10
0 11
11 7
6 #edges
8 11
8 3
0 8
0 10
11 9
11 7
6 #edges
0 8
0 11
0 3
0 7
11 9
3 10
6 #edges
8 10
0 8
0 11
0 3
0 7
11 9
6 #edges
8 7
0 8
0 11
0 3
11 9
3 10
6 #edges
8 10
8 7
0 8
0 11
0 3
11 9
6 #edges
8 10
0 8
0 11
0 3
11 9
11 7
6 #edges
0 8
0 11
0 3
11 9
11 7
3 10
6 #edges
8 9
0 8
0 11
0 3
0 7
3 10
6 #edges
8 9
8 10
0 8
0 11
0 3
0 7
6 #edges
8 9
8 7
0 8
0 11
0 3
3 10
6 #edges
8 9
0 8
0 11
0 3
11 7
3 10
6 #edges
8 9
8 10
0 8
0 11
0 3
11 7
6 #edges
8 9
8 10
8 7
0 8
0 11
0 3
6 #edges
8 11
0 8
0 3
0 7
11 9
3 10
6 #edges
8 11
0 8
0 9
0 3
0 7
3 10
6 #edges
8 11
8 7
0 8
0 3
11 9
3 10
6 #edges
8 11
8 7
0 8
0 9
0 3
3 10
6 #edges
8 11
0 8
0 9
0 3
11 7
3 10
6 #edges
8 11
0 8
0 3
11 9
11 7
3 10
6 #edges
8 10
8 11
0 8
0 9
0 3
0 7
6 #edges
8 10
8 11
0 8
0 3
0 7
11 9
6 #edges
8 10
8 11
8 7
0 8
0 9
0 3
6 #edges
8 10
8 11
0 8
0 9
0 3
11 7
6 #edges
8 10
8 11
8 7
0 8
0 3
11 9
6 #edges
8 10
8 11
0 8
0 3
11 9
11 7
6 #edges
8 10
8 11
8 3
0 8
0 9
0 7
6 #edges
8 11
8 3
0 8
0 9
0 7
3 10
6 #edges
8 10
8 3
0 8
0 11
0 7
11 9
6 #edges
8 3
0 8
0 11
0 7
11 9
3 10
6 #edges
8 9
8 10
8 3
0 8
0 11
0 7
6 #edges
8 9
8 3
0 8
0 11
0 7
3 10
6 #edges
8 10
8 11
8 3
0 8
0 7
11 9
6 #edges
8 11
8 3
0 8
0 7
11 9
3 10
6 #edges
8 9
8 10
8 3
0 8
0 11
11 7
6 #edges
8 9
8 3
0 8
0 11
11 7
3 10
6 #edges
8 10
8 3
0 8
0 11
11 9
11 7
6 #edges
8 3
0 8
0 11
11 9
11 7
3 10
6 #edges
8 10
8 3
8 7
0 8
0 11
11 9
6 #edges
8 9
8 10
8 3
8 7
0 8
0 11
6 #edges
8 9
8 3
8 7
0 8
0 11
3 10
6 #edges
8 3
8 7
0 8
0 11
11 9
3 10
6 #edges
8 10
8 11
8 3
0 8
0 9
11 7
6 #edges
8 11
8 3
0 8
0 9
11 7
3 10
6 #edges
8 10
8 11
8 3
0 8
11 9
11 7
6 #edges
8 11
8 3
0 8
11 9
11 7
3 10
4 #trees for patient 45
6 #edges
8 11
8 7
0 8
0 3
11 9
3 10
6 #edges
8 9
8 7
0 8
0 3
9 11
3 10
6 #edges
8 11
8 7
0 8
0 10
10 3
11 9
6 #edges
8 9
8 7
0 8
0 10
9 11
10 3
4 #trees for patient 46
6 #edges
8 11
8 7
0 8
0 10
0 3
11 9
6 #edges
8 9
8 7
0 8
0 10
0 3
9 11
6 #edges
8 11
8 7
0 8
0 3
11 9
3 10
6 #edges
8 9
8 7
0 8
0 3
9 11
3 10
14 #trees for patient 47
6 #edges
8 11
8 7
0 8
0 3
11 9
3 10
6 #edges
8 11
0 8
0 3
11 9
11 7
3 10
6 #edges
8 10
8 11
8 7
0 8
0 3
11 9
6 #edges
8 10
8 11
0 8
0 3
11 9
11 7
6 #edges
8 11
8 3
8 7
0 8
0 10
11 9
6 #edges
8 11
8 3
0 8
0 10
11 9
11 7
6 #edges
8 11
8 7
0 8
0 10
10 3
11 9
6 #edges
8 11
0 8
0 10
10 3
11 9
11 7
6 #edges
8 10
8 11
8 7
0 8
10 3
11 9
6 #edges
8 10
8 11
8 3
8 7
0 8
11 9
6 #edges
8 11
8 3
8 7
0 8
11 9
3 10
6 #edges
8 11
8 3
0 8
11 9
11 7
3 10
6 #edges
8 10
8 11
8 3
0 8
11 9
11 7
6 #edges
8 10
8 11
0 8
10 3
11 9
11 7
36 #trees for patient 48
6 #edges
8 9
8 7
0 8
0 3
9 11
3 10
6 #edges
8 9
8 7
0 8
0 3
3 10
7 11
6 #edges
8 11
8 7
0 8
0 3
3 10
7 9
6 #edges
8 7
0 8
0 3
9 11
3 10
7 9
6 #edges
8 11
8 7
0 8
0 3
11 9
3 10
6 #edges
8 7
0 8
0 3
11 9
3 10
7 11
6 #edges
8 9
8 10
8 7
0 8
0 3
9 11
6 #edges
8 9
8 10
8 7
0 8
0 3
7 11
6 #edges
8 10
8 7
0 8
0 3
11 9
7 11
6 #edges
8 10
8 7
0 8
0 3
9 11
7 9
6 #edges
8 10
8 11
8 7
0 8
0 3
7 9
6 #edges
8 10
8 11
8 7
0 8
0 3
11 9
6 #edges
8 11
8 7
0 8
0 10
10 3
11 9
6 #edges
8 11
8 7
0 8
0 10
10 3
7 9
6 #edges
8 9
8 7
0 8
0 10
9 11
10 3
6 #edges
8 9
8 7
0 8
0 10
10 3
7 11
6 #edges
8 7
0 8
0 10
9 11
10 3
7 9
6 #edges
8 7
0 8
0 10
10 3
11 9
7 11
6 #edges
8 9
8 3
8 7
0 8
0 10
9 11
6 #edges
8 9
8 3
8 7
0 8
0 10
7 11
6 #edges
8 3
8 7
0 8
0 10
11 9
7 11
6 #edges
8 11
8 3
8 7
0 8
0 10
11 9
6 #edges
8 11
8 3
8 7
0 8
0 10
7 9
6 #edges
8 3
8 7
0 8
0 10
9 11
7 9
6 #edges
8 10
8 11
8 7
0 8
10 3
7 9
6 #edges
8 10
8 11
8 7
0 8
10 3
11 9
6 #edges
8 10
8 7
0 8
9 11
10 3
7 9
6 #edges
8 9
8 10
8 7
0 8
10 3
7 11
6 #edges
8 9
8 10
8 7
0 8
9 11
10 3
6 #edges
8 10
8 7
0 8
10 3
11 9
7 11
6 #edges
8 9
8 3
8 7
0 8
9 11
3 10
6 #edges
8 9
8 3
8 7
0 8
3 10
7 11
6 #edges
8 11
8 3
8 7
0 8
11 9
3 10
6 #edges
8 11
8 3
8 7
0 8
3 10
7 9
6 #edges
8 3
8 7
0 8
11 9
3 10
7 11
6 #edges
8 3
8 7
0 8
9 11
3 10
7 9
4 #trees for patient 49
6 #edges
8 11
8 7
0 8
0 9
0 3
3 10
6 #edges
8 11
8 7
0 8
0 9
0 10
10 3
6 #edges
8 11
8 7
0 8
0 10
10 3
11 9
6 #edges
8 11
8 7
0 8
0 3
11 9
3 10
