100 # patients
3 #trees for patient 0
6 #edges
4 10
2 9
0 4
0 2
0 5
5 1
6 #edges
4 1
4 10
2 9
0 4
0 2
0 5
6 #edges
4 10
2 9
0 4
0 2
0 5
10 1
14 #trees for patient 1
6 #edges
4 9
4 10
0 4
0 1
0 5
9 2
6 #edges
4 9
4 10
0 4
0 2
0 1
0 5
6 #edges
4 2
4 10
0 4
0 1
0 9
0 5
6 #edges
4 2
4 10
2 9
0 4
0 1
0 5
6 #edges
4 10
0 4
0 1
0 9
0 5
9 2
6 #edges
4 10
0 4
0 2
0 1
0 9
0 5
6 #edges
4 10
2 9
0 4
0 2
0 1
0 5
6 #edges
4 10
0 4
0 9
0 5
9 2
10 1
6 #edges
4 10
0 4
0 2
0 9
0 5
10 1
6 #edges
4 2
4 10
0 4
0 9
0 5
10 1
6 #edges
4 10
2 9
0 4
0 2
0 5
10 1
6 #edges
4 9
4 10
0 4
0 2
0 5
10 1
6 #edges
4 9
4 10
0 4
0 5
9 2
10 1
6 #edges
4 2
4 10
2 9
0 4
0 5
10 1
12 #trees for patient 2
6 #edges
4 1
1 10
0 4
0 9
0 5
9 2
6 #edges
4 1
2 9
1 10
0 4
0 2
0 5
6 #edges
4 1
0 4
0 9
0 5
9 2
5 10
6 #edges
4 1
2 9
0 4
0 2
0 5
5 10
6 #edges
4 10
2 9
0 4
0 2
0 5
5 1
6 #edges
4 10
0 4
0 9
0 5
9 2
5 1
6 #edges
2 9
1 10
0 4
0 2
0 5
5 1
6 #edges
1 10
0 4
0 9
0 5
9 2
5 1
6 #edges
0 4
0 9
0 5
9 2
10 1
5 10
6 #edges
4 10
0 4
0 9
0 5
9 2
10 1
6 #edges
2 9
0 4
0 2
0 5
10 1
5 10
6 #edges
4 10
2 9
0 4
0 2
0 5
10 1
6 #trees for patient 3
6 #edges
2 1
2 9
1 10
0 4
0 2
0 5
6 #edges
4 10
2 1
2 9
0 4
0 2
0 5
6 #edges
4 1
2 9
2 10
0 4
0 2
0 5
6 #edges
2 9
2 10
0 4
0 2
0 5
10 1
6 #edges
4 1
2 9
1 10
0 4
0 2
0 5
6 #edges
4 10
2 9
0 4
0 2
0 5
10 1
18 #trees for patient 4
6 #edges
4 10
2 9
0 4
0 2
0 5
10 1
6 #edges
4 1
2 9
1 10
0 4
0 2
0 5
6 #edges
2 9
1 10
0 2
0 1
0 5
10 4
6 #edges
4 10
2 9
1 4
0 2
0 1
0 5
6 #edges
2 9
1 4
0 2
0 10
0 5
10 1
6 #edges
4 1
2 9
0 2
0 10
0 5
10 4
6 #edges
4 1
2 9
2 5
0 2
0 10
10 4
6 #edges
4 1
2 9
0 2
0 10
9 5
10 4
6 #edges
2 9
1 4
0 2
0 10
9 5
10 1
6 #edges
2 9
2 5
1 4
0 2
0 10
10 1
6 #edges
4 10
2 9
2 5
1 4
0 2
0 1
6 #edges
4 10
2 9
1 4
0 2
0 1
9 5
6 #edges
2 9
2 5
1 10
0 2
0 1
10 4
6 #edges
2 9
1 10
0 2
0 1
9 5
10 4
6 #edges
4 1
2 9
2 5
1 10
0 4
0 2
6 #edges
4 10
2 9
2 5
0 4
0 2
10 1
6 #edges
4 1
2 9
1 10
0 4
0 2
9 5
6 #edges
4 10
2 9
0 4
0 2
9 5
10 1
34 #trees for patient 5
6 #edges
4 1
2 9
0 2
0 10
0 5
10 4
6 #edges
2 9
0 2
0 10
0 5
9 1
10 4
6 #edges
2 9
0 2
0 10
0 5
9 4
10 1
6 #edges
2 9
1 4
0 2
0 10
0 5
10 1
6 #edges
2 9
0 2
0 10
0 5
9 4
9 1
6 #edges
4 1
2 9
0 2
0 10
0 5
9 4
6 #edges
2 9
1 4
0 2
0 10
0 5
9 1
6 #edges
2 9
1 4
0 2
0 1
0 5
9 10
6 #edges
4 10
2 9
1 4
0 2
0 1
0 5
6 #edges
2 9
1 10
0 2
0 1
0 5
10 4
6 #edges
2 9
1 10
0 2
0 1
0 5
9 4
6 #edges
4 10
2 9
0 2
0 1
0 5
9 4
6 #edges
2 9
0 2
0 1
0 5
9 4
9 10
6 #edges
2 9
0 2
0 1
0 5
9 10
10 4
6 #edges
4 1
2 9
0 4
0 2
0 5
9 10
6 #edges
4 1
2 9
1 10
0 4
0 2
0 5
6 #edges
4 10
2 9
0 4
0 2
0 5
9 1
6 #edges
4 10
2 9
0 4
0 2
0 5
10 1
6 #edges
2 9
0 4
0 2
0 5
9 10
10 1
6 #edges
2 9
0 4
0 2
0 5
9 1
9 10
6 #edges
2 9
1 10
0 4
0 2
0 5
9 1
6 #edges
2 9
0 2
0 5
9 4
9 1
9 10
6 #edges
2 9
1 4
0 2
0 5
9 1
9 10
6 #edges
2 9
0 2
0 5
9 1
9 10
10 4
6 #edges
2 9
1 10
0 2
0 5
9 4
9 1
6 #edges
4 10
2 9
0 2
0 5
9 4
9 1
6 #edges
2 9
1 10
0 2
0 5
9 1
10 4
6 #edges
4 10
2 9
1 4
0 2
0 5
9 1
6 #edges
4 1
2 9
0 2
0 5
9 4
9 10
6 #edges
2 9
0 2
0 5
9 4
9 10
10 1
6 #edges
4 1
2 9
1 10
0 2
0 5
9 4
6 #edges
4 10
2 9
0 2
0 5
9 4
10 1
6 #edges
2 9
1 4
0 2
0 5
9 10
10 1
6 #edges
4 1
2 9
0 2
0 5
9 10
10 4
24 #trees for patient 6
6 #edges
0 2
0 1
0 10
0 5
10 4
5 9
6 #edges
2 9
0 2
0 1
0 10
0 5
10 4
6 #edges
4 10
2 9
0 4
0 2
0 1
0 5
6 #edges
4 10
0 4
0 2
0 1
0 5
5 9
6 #edges
0 2
0 9
0 10
0 5
9 1
10 4
6 #edges
2 1
0 2
0 9
0 10
0 5
10 4
6 #edges
0 2
0 9
0 10
0 5
10 4
5 1
6 #edges
4 1
0 2
0 9
0 10
0 5
10 4
6 #edges
4 10
0 4
0 2
0 9
0 5
9 1
6 #edges
4 10
0 4
0 2
0 9
0 5
10 1
6 #edges
4 10
0 4
0 2
0 9
0 5
5 1
6 #edges
4 10
2 1
0 4
0 2
0 9
0 5
6 #edges
2 1
0 2
0 10
0 5
10 4
5 9
6 #edges
4 1
2 9
0 2
0 10
0 5
10 4
6 #edges
4 1
0 2
0 10
0 5
10 4
5 9
6 #edges
2 9
0 2
0 10
0 5
10 4
5 1
6 #edges
2 9
0 2
0 10
0 5
9 1
10 4
6 #edges
0 2
0 10
0 5
9 1
10 4
5 9
6 #edges
4 10
0 4
0 2
0 5
10 1
5 9
6 #edges
4 10
0 4
0 2
0 5
9 1
5 9
6 #edges
4 10
2 1
0 4
0 2
0 5
5 9
6 #edges
4 10
2 9
0 4
0 2
0 5
5 1
6 #edges
4 10
2 9
0 4
0 2
0 5
10 1
6 #edges
4 10
2 9
0 4
0 2
0 5
9 1
6 #trees for patient 7
6 #edges
4 10
0 4
0 9
0 5
10 1
5 2
6 #edges
4 10
0 4
0 9
0 5
9 2
10 1
6 #edges
4 10
2 9
0 4
0 2
0 5
10 1
6 #edges
4 10
0 4
0 2
0 5
10 1
5 9
6 #edges
4 10
0 4
0 5
9 2
10 1
5 9
6 #edges
4 10
2 9
0 4
0 5
10 1
5 2
2 #trees for patient 8
6 #edges
4 10
0 4
0 2
0 5
10 1
5 9
6 #edges
4 10
2 9
0 4
0 2
0 5
10 1
4 #trees for patient 9
6 #edges
4 10
2 1
0 4
0 9
0 5
9 2
6 #edges
4 10
0 4
0 9
0 5
9 2
10 1
6 #edges
4 10
2 9
0 4
0 2
0 5
9 1
6 #edges
4 10
2 9
0 4
0 2
0 5
10 1
8 #trees for patient 10
6 #edges
4 10
2 9
0 4
0 2
0 5
10 1
6 #edges
4 10
0 4
0 9
0 5
9 2
10 1
6 #edges
4 1
0 9
0 10
0 5
9 2
10 4
6 #edges
4 1
2 9
0 2
0 10
0 5
10 4
6 #edges
4 1
2 9
1 5
0 2
0 10
10 4
6 #edges
4 1
1 5
0 9
0 10
9 2
10 4
6 #edges
4 10
2 9
1 5
0 4
0 2
10 1
6 #edges
4 10
1 5
0 4
0 9
9 2
10 1
8 #trees for patient 11
6 #edges
4 10
0 4
0 9
0 5
9 2
10 1
6 #edges
4 10
2 1
0 4
0 9
0 5
9 2
6 #edges
2 1
0 9
0 10
0 5
9 2
10 4
6 #edges
4 1
0 9
0 10
0 5
9 2
10 4
6 #edges
4 10
2 9
0 4
0 2
0 5
9 1
6 #edges
4 10
2 9
0 4
0 2
0 5
10 1
6 #edges
2 9
0 2
0 10
0 5
9 1
10 4
6 #edges
4 1
2 9
0 2
0 10
0 5
10 4
4 #trees for patient 12
6 #edges
4 1
0 9
0 10
0 5
9 2
10 4
6 #edges
4 10
0 4
0 9
0 5
9 2
10 1
6 #edges
4 1
2 9
0 2
0 10
0 5
10 4
6 #edges
4 10
2 9
0 4
0 2
0 5
10 1
4 #trees for patient 13
6 #edges
4 1
0 9
0 10
0 5
9 2
10 4
6 #edges
4 10
0 4
0 9
0 5
9 2
10 1
6 #edges
4 10
2 9
0 4
0 2
0 5
10 1
6 #edges
4 1
2 9
0 2
0 10
0 5
10 4
36 #trees for patient 14
6 #edges
4 10
0 4
0 9
0 5
9 2
5 1
6 #edges
4 10
0 4
0 9
0 5
9 2
10 1
6 #edges
4 10
0 4
0 9
0 5
10 1
5 2
6 #edges
4 10
0 4
0 9
0 5
5 2
5 1
6 #edges
4 10
0 4
0 9
0 5
10 2
5 1
6 #edges
4 10
1 2
0 4
0 9
0 5
10 1
6 #edges
4 10
1 2
0 4
0 9
0 5
5 1
6 #edges
4 10
2 9
0 4
0 2
0 5
5 1
6 #edges
4 10
2 9
0 4
0 2
0 5
10 1
6 #edges
4 10
0 4
0 2
0 5
5 1
5 9
6 #edges
4 10
0 4
0 2
0 5
10 1
5 9
6 #edges
4 10
0 4
0 2
0 5
10 9
5 1
6 #edges
4 10
1 9
0 4
0 2
0 5
5 1
6 #edges
4 10
1 9
0 4
0 2
0 5
10 1
6 #edges
4 10
2 9
0 4
0 5
5 2
5 1
6 #edges
4 10
2 9
0 4
0 5
10 1
5 2
6 #edges
4 10
0 4
0 5
10 9
5 2
5 1
6 #edges
4 10
1 9
0 4
0 5
5 2
5 1
6 #edges
4 10
1 9
0 4
0 5
10 1
5 2
6 #edges
4 10
0 4
0 5
10 1
5 2
5 9
6 #edges
4 10
1 2
1 9
0 4
0 5
5 1
6 #edges
4 10
1 2
0 4
0 5
5 1
5 9
6 #edges
4 10
1 2
0 4
0 5
10 9
5 1
6 #edges
4 10
2 9
1 2
0 4
0 5
5 1
6 #edges
4 10
1 9
0 4
0 5
9 2
5 1
6 #edges
4 10
1 9
0 4
0 5
10 2
5 1
6 #edges
4 10
0 4
0 5
10 2
10 9
5 1
6 #edges
4 10
0 4
0 5
9 2
10 9
5 1
6 #edges
4 10
0 4
0 5
9 2
5 1
5 9
6 #edges
4 10
0 4
0 5
10 2
5 1
5 9
6 #edges
4 10
2 9
0 4
0 5
10 2
5 1
6 #edges
4 10
1 2
0 4
0 5
10 1
5 9
6 #edges
4 10
0 4
0 5
9 2
10 1
5 9
6 #edges
4 10
2 9
1 2
0 4
0 5
10 1
6 #edges
4 10
1 2
1 9
0 4
0 5
10 1
6 #edges
4 10
1 9
0 4
0 5
9 2
10 1
47 #trees for patient 15
6 #edges
4 1
4 10
0 4
0 9
0 5
9 2
6 #edges
4 1
1 10
0 4
0 9
0 5
9 2
6 #edges
4 10
0 4
0 9
0 5
9 2
10 1
6 #edges
4 2
4 10
0 4
0 9
0 5
10 1
6 #edges
4 2
4 1
4 10
0 4
0 9
0 5
6 #edges
4 2
4 1
1 10
0 4
0 9
0 5
6 #edges
4 1
4 10
0 4
0 9
0 5
10 2
6 #edges
4 10
1 2
0 4
0 9
0 5
10 1
6 #edges
4 1
4 10
1 2
0 4
0 9
0 5
6 #edges
4 1
1 10
0 4
0 9
0 5
10 2
6 #edges
4 10
2 9
0 4
0 2
0 5
10 1
6 #edges
4 1
4 10
2 9
0 4
0 2
0 5
6 #edges
4 1
2 9
1 10
0 4
0 2
0 5
6 #edges
4 1
4 10
1 9
0 4
0 2
0 5
6 #edges
4 1
4 10
0 4
0 2
0 5
10 9
6 #edges
4 1
4 9
4 10
0 4
0 2
0 5
6 #edges
4 9
4 10
0 4
0 2
0 5
10 1
6 #edges
4 10
1 9
0 4
0 2
0 5
10 1
6 #edges
4 1
4 9
1 10
0 4
0 2
0 5
6 #edges
4 1
1 10
0 4
0 2
0 5
10 9
6 #edges
4 1
4 9
4 10
1 2
0 4
0 5
6 #edges
4 2
4 1
4 9
4 10
0 4
0 5
6 #edges
4 1
4 9
4 10
0 4
0 5
9 2
6 #edges
4 1
4 9
4 10
0 4
0 5
10 2
6 #edges
4 1
4 9
1 10
0 4
0 5
10 2
6 #edges
4 2
4 1
4 9
1 10
0 4
0 5
6 #edges
4 1
4 9
1 10
0 4
0 5
9 2
6 #edges
4 9
4 10
0 4
0 5
9 2
10 1
6 #edges
4 9
4 10
1 2
0 4
0 5
10 1
6 #edges
4 2
4 9
4 10
0 4
0 5
10 1
6 #edges
4 2
4 1
4 10
2 9
0 4
0 5
6 #edges
4 2
4 1
2 9
1 10
0 4
0 5
6 #edges
4 2
4 10
2 9
0 4
0 5
10 1
6 #edges
4 2
4 1
4 10
1 9
0 4
0 5
6 #edges
4 2
4 1
4 10
0 4
0 5
10 9
6 #edges
4 2
4 1
1 10
0 4
0 5
10 9
6 #edges
4 2
4 10
1 9
0 4
0 5
10 1
6 #edges
4 1
4 10
1 2
0 4
0 5
10 9
6 #edges
4 1
4 10
2 9
1 2
0 4
0 5
6 #edges
4 1
4 10
1 9
0 4
0 5
10 2
6 #edges
4 1
4 10
1 9
0 4
0 5
9 2
6 #edges
4 1
4 10
2 9
0 4
0 5
10 2
6 #edges
4 1
4 10
0 4
0 5
9 2
10 9
6 #edges
4 1
1 10
0 4
0 5
9 2
10 9
6 #edges
4 1
2 9
1 10
0 4
0 5
10 2
6 #edges
4 10
1 9
0 4
0 5
9 2
10 1
6 #edges
4 10
2 9
1 2
0 4
0 5
10 1
8 #trees for patient 16
6 #edges
4 10
2 9
0 4
0 2
0 5
9 1
6 #edges
4 10
2 9
0 4
0 2
0 5
10 1
6 #edges
4 1
2 9
0 2
0 10
0 5
10 4
6 #edges
2 9
0 2
0 10
0 5
9 1
10 4
6 #edges
4 1
2 9
0 2
0 10
9 5
10 4
6 #edges
2 9
0 2
0 10
9 1
9 5
10 4
6 #edges
4 10
2 9
0 4
0 2
9 5
10 1
6 #edges
4 10
2 9
0 4
0 2
9 1
9 5
12 #trees for patient 17
6 #edges
4 10
2 9
0 4
0 2
0 5
10 1
6 #edges
4 10
0 4
0 9
0 5
9 2
10 1
6 #edges
4 1
0 9
0 10
0 5
9 2
10 4
6 #edges
4 1
2 9
0 2
0 10
0 5
10 4
6 #edges
4 1
2 9
0 2
0 10
9 5
10 4
6 #edges
4 1
2 9
1 5
0 2
0 10
10 4
6 #edges
4 1
2 5
0 9
0 10
9 2
10 4
6 #edges
4 1
1 5
0 9
0 10
9 2
10 4
6 #edges
4 10
2 5
0 4
0 9
9 2
10 1
6 #edges
4 10
1 5
0 4
0 9
9 2
10 1
6 #edges
4 10
2 9
1 5
0 4
0 2
10 1
6 #edges
4 10
2 9
0 4
0 2
9 5
10 1
4 #trees for patient 18
6 #edges
4 1
0 9
0 10
0 5
9 2
10 4
6 #edges
4 10
0 4
0 9
0 5
9 2
10 1
6 #edges
4 1
2 9
0 2
0 10
0 5
10 4
6 #edges
4 10
2 9
0 4
0 2
0 5
10 1
12 #trees for patient 19
6 #edges
4 1
0 2
0 9
0 10
0 5
10 4
6 #edges
4 1
2 9
0 2
0 10
0 5
10 4
6 #edges
4 10
2 9
0 4
0 2
0 5
10 1
6 #edges
4 10
0 4
0 2
0 9
0 5
10 1
6 #edges
4 1
0 2
0 9
0 10
9 5
10 4
6 #edges
4 10
0 4
0 2
0 9
9 5
10 1
6 #edges
4 1
2 5
0 2
0 9
0 10
10 4
6 #edges
4 10
2 5
0 4
0 2
0 9
10 1
6 #edges
4 1
2 9
2 5
0 2
0 10
10 4
6 #edges
4 10
2 9
2 5
0 4
0 2
10 1
6 #edges
4 1
2 9
0 2
0 10
9 5
10 4
6 #edges
4 10
2 9
0 4
0 2
9 5
10 1
35 #trees for patient 20
6 #edges
4 2
0 4
0 1
0 10
0 5
5 9
6 #edges
4 2
2 9
0 4
0 1
0 10
0 5
6 #edges
4 5
2 9
0 4
0 2
0 1
0 10
6 #edges
4 5
0 4
0 2
0 1
0 10
5 9
6 #edges
4 2
2 9
0 4
0 10
0 5
10 1
6 #edges
4 2
0 4
0 10
0 5
10 1
5 9
6 #edges
4 2
2 9
0 4
0 10
0 5
5 1
6 #edges
4 2
0 4
0 10
0 5
5 1
5 9
6 #edges
4 2
0 4
0 10
0 5
9 1
5 9
6 #edges
4 2
2 1
0 4
0 10
0 5
5 9
6 #edges
4 2
2 9
0 4
0 10
0 5
9 1
6 #edges
4 5
0 4
0 2
0 9
0 10
5 1
6 #edges
4 5
0 4
0 2
0 10
5 1
5 9
6 #edges
4 5
2 9
0 4
0 2
0 10
5 1
6 #edges
4 5
0 4
0 2
0 10
10 1
5 9
6 #edges
4 5
0 4
0 2
0 9
0 10
10 1
6 #edges
4 5
2 9
0 4
0 2
0 10
10 1
6 #edges
4 5
2 1
0 4
0 2
0 10
5 9
6 #edges
4 5
0 4
0 2
0 10
9 1
5 9
6 #edges
4 5
2 9
0 4
0 2
0 10
9 1
6 #edges
4 5
0 4
0 2
0 9
0 10
9 1
6 #edges
4 5
2 1
0 4
0 2
0 9
0 10
6 #edges
4 9
4 10
0 4
0 2
0 5
5 1
6 #edges
4 9
4 10
0 4
0 2
0 5
9 1
6 #edges
4 9
4 10
0 4
0 2
0 5
10 1
6 #edges
4 9
4 10
2 1
0 4
0 2
0 5
6 #edges
4 10
2 1
0 4
0 2
0 5
5 9
6 #edges
4 1
4 10
0 4
0 2
0 5
5 9
6 #edges
4 10
0 4
0 2
0 5
9 1
5 9
6 #edges
4 10
0 4
0 2
0 5
10 1
5 9
6 #edges
4 10
0 4
0 2
0 5
5 1
5 9
6 #edges
4 10
2 9
0 4
0 2
0 5
10 1
6 #edges
4 10
2 9
0 4
0 2
0 5
5 1
6 #edges
4 1
4 10
2 9
0 4
0 2
0 5
6 #edges
4 10
2 9
0 4
0 2
0 5
9 1
2 #trees for patient 21
6 #edges
4 9
4 10
0 4
0 2
0 5
10 1
6 #edges
4 10
2 9
0 4
0 2
0 5
10 1
24 #trees for patient 22
6 #edges
1 10
0 1
0 9
0 5
9 2
10 4
6 #edges
4 10
1 4
0 1
0 9
0 5
9 2
6 #edges
4 1
0 9
0 10
0 5
9 2
10 4
6 #edges
1 4
0 9
0 10
0 5
9 2
10 1
6 #edges
4 10
0 4
0 9
0 5
9 2
10 1
6 #edges
4 1
1 10
0 4
0 9
0 5
9 2
6 #edges
4 10
2 9
0 4
0 2
0 5
10 1
6 #edges
4 1
2 9
1 10
0 4
0 2
0 5
6 #edges
2 9
1 10
0 2
0 1
0 5
10 4
6 #edges
4 10
2 9
1 4
0 2
0 1
0 5
6 #edges
2 9
1 4
0 2
0 10
0 5
10 1
6 #edges
4 1
2 9
0 2
0 10
0 5
10 4
6 #edges
4 1
2 5
0 9
0 10
9 2
10 4
6 #edges
4 1
2 9
0 2
0 10
9 5
10 4
6 #edges
2 5
1 4
0 9
0 10
9 2
10 1
6 #edges
2 9
1 4
0 2
0 10
9 5
10 1
6 #edges
4 10
2 5
1 4
0 1
0 9
9 2
6 #edges
4 10
2 9
1 4
0 2
0 1
9 5
6 #edges
2 5
1 10
0 1
0 9
9 2
10 4
6 #edges
2 9
1 10
0 2
0 1
9 5
10 4
6 #edges
4 1
2 9
1 10
0 4
0 2
9 5
6 #edges
4 10
2 9
0 4
0 2
9 5
10 1
6 #edges
4 1
2 5
1 10
0 4
0 9
9 2
6 #edges
4 10
2 5
0 4
0 9
9 2
10 1
28 #trees for patient 23
6 #edges
0 1
0 9
0 10
0 5
9 2
10 4
6 #edges
4 10
0 4
0 1
0 9
0 5
9 2
6 #edges
0 1
0 9
0 10
0 5
10 4
5 2
6 #edges
4 10
0 4
0 1
0 9
0 5
5 2
6 #edges
4 1
0 9
0 10
0 5
10 4
5 2
6 #edges
4 1
0 9
0 10
0 5
9 2
10 4
6 #edges
4 10
0 4
0 9
0 5
10 1
5 2
6 #edges
4 10
0 4
0 9
0 5
9 2
10 1
6 #edges
4 10
0 4
0 2
0 1
0 5
5 9
6 #edges
4 10
2 9
0 4
0 2
0 1
0 5
6 #edges
4 10
2 9
0 4
0 2
0 5
10 1
6 #edges
4 10
0 4
0 2
0 5
10 1
5 9
6 #edges
2 9
0 2
0 1
0 10
0 5
10 4
6 #edges
4 1
2 9
0 2
0 10
0 5
10 4
6 #edges
0 2
0 1
0 10
0 5
10 4
5 9
6 #edges
4 1
0 2
0 10
0 5
10 4
5 9
6 #edges
2 9
0 1
0 10
0 5
10 4
5 2
6 #edges
0 1
0 10
0 5
10 4
5 2
5 9
6 #edges
0 1
0 10
0 5
9 2
10 4
5 9
6 #edges
4 10
2 9
0 4
0 1
0 5
5 2
6 #edges
4 10
0 4
0 1
0 5
5 2
5 9
6 #edges
4 10
0 4
0 1
0 5
9 2
5 9
6 #edges
4 1
0 10
0 5
10 4
5 2
5 9
6 #edges
4 1
0 10
0 5
9 2
10 4
5 9
6 #edges
4 1
2 9
0 10
0 5
10 4
5 2
6 #edges
4 10
2 9
0 4
0 5
10 1
5 2
6 #edges
4 10
0 4
0 5
10 1
5 2
5 9
6 #edges
4 10
0 4
0 5
9 2
10 1
5 9
6 #trees for patient 24
6 #edges
4 1
4 10
2 9
0 4
0 2
0 5
6 #edges
4 1
4 10
0 4
0 9
0 5
9 2
6 #edges
4 1
2 9
1 10
0 4
0 2
0 5
6 #edges
4 1
1 10
0 4
0 9
0 5
9 2
6 #edges
4 10
2 9
0 4
0 2
0 5
10 1
6 #edges
4 10
0 4
0 9
0 5
9 2
10 1
4 #trees for patient 25
6 #edges
4 9
4 10
0 4
0 2
0 5
10 1
6 #edges
4 1
4 9
1 10
0 4
0 2
0 5
6 #edges
4 10
2 9
0 4
0 2
0 5
10 1
6 #edges
4 1
2 9
1 10
0 4
0 2
0 5
14 #trees for patient 26
6 #edges
4 10
0 4
0 9
0 5
9 2
10 1
6 #edges
4 1
0 9
0 10
0 5
9 2
10 4
6 #edges
4 2
4 1
0 9
0 10
0 5
10 4
6 #edges
4 10
0 4
0 9
0 5
10 2
10 1
6 #edges
4 10
2 9
0 4
0 2
0 5
10 1
6 #edges
4 10
0 4
0 2
0 5
10 1
10 9
6 #edges
4 1
2 9
0 2
0 10
0 5
10 4
6 #edges
4 1
4 9
0 2
0 10
0 5
10 4
6 #edges
4 1
4 9
0 10
0 5
9 2
10 4
6 #edges
4 2
4 1
4 9
0 10
0 5
10 4
6 #edges
4 2
4 1
2 9
0 10
0 5
10 4
6 #edges
4 10
0 4
0 5
9 2
10 1
10 9
6 #edges
4 10
0 4
0 5
10 2
10 1
10 9
6 #edges
4 10
2 9
0 4
0 5
10 2
10 1
4 #trees for patient 27
6 #edges
4 1
2 9
0 2
0 10
0 5
10 4
6 #edges
4 10
2 9
0 4
0 2
0 5
10 1
6 #edges
4 1
4 5
2 9
0 2
0 10
10 4
6 #edges
4 10
2 9
0 4
0 2
10 1
10 5
24 #trees for patient 28
6 #edges
4 5
2 9
0 4
0 2
0 10
5 1
6 #edges
4 5
2 9
0 4
0 2
0 10
10 1
6 #edges
4 5
0 4
0 9
0 10
9 2
10 1
6 #edges
4 5
0 4
0 9
0 10
9 2
5 1
6 #edges
4 5
1 10
0 4
0 1
0 9
9 2
6 #edges
4 5
0 4
0 1
0 9
9 2
5 10
6 #edges
4 5
2 9
1 10
0 4
0 2
0 1
6 #edges
4 5
2 9
0 4
0 2
0 1
5 10
6 #edges
4 10
2 9
0 4
0 2
0 5
10 1
6 #edges
4 10
0 4
0 9
0 5
9 2
10 1
6 #edges
4 10
0 4
0 9
0 5
9 2
5 1
6 #edges
4 10
2 9
0 4
0 2
0 5
5 1
6 #edges
0 4
0 9
0 5
9 2
10 1
5 10
6 #edges
4 1
0 4
0 9
0 5
9 2
5 10
6 #edges
4 1
1 10
0 4
0 9
0 5
9 2
6 #edges
1 10
0 4
0 9
0 5
9 2
5 1
6 #edges
4 1
2 9
0 4
0 2
0 5
5 10
6 #edges
2 9
0 4
0 2
0 5
10 1
5 10
6 #edges
2 9
1 10
0 4
0 2
0 5
5 1
6 #edges
4 1
2 9
1 10
0 4
0 2
0 5
6 #edges
4 5
2 9
0 4
0 2
10 1
5 10
6 #edges
4 5
2 9
1 10
0 4
0 2
5 1
6 #edges
4 5
1 10
0 4
0 9
9 2
5 1
6 #edges
4 5
0 4
0 9
9 2
10 1
5 10
8 #trees for patient 29
6 #edges
4 10
2 9
0 4
0 2
0 5
10 1
6 #edges
4 1
2 9
1 10
0 4
0 2
0 5
6 #edges
4 10
2 9
2 5
0 4
0 2
10 1
6 #edges
4 1
2 9
2 5
1 10
0 4
0 2
6 #edges
4 1
4 5
2 9
1 10
0 4
0 2
6 #edges
4 10
4 5
2 9
0 4
0 2
10 1
6 #edges
4 1
2 9
1 10
0 4
0 2
9 5
6 #edges
4 10
2 9
0 4
0 2
9 5
10 1
7 #trees for patient 30
6 #edges
4 10
0 4
0 9
0 5
10 1
5 2
6 #edges
4 10
0 4
0 9
0 5
9 2
10 1
6 #edges
4 10
2 9
0 4
0 2
0 5
10 1
6 #edges
4 10
0 4
0 2
0 5
10 1
5 9
6 #edges
4 10
0 4
0 5
10 1
5 2
5 9
6 #edges
4 10
0 4
0 5
9 2
10 1
5 9
6 #edges
4 10
2 9
0 4
0 5
10 1
5 2
4 #trees for patient 31
6 #edges
4 1
2 9
1 10
0 4
0 2
0 5
6 #edges
4 10
2 9
0 4
0 2
0 5
10 1
6 #edges
4 10
2 9
2 5
0 4
0 2
10 1
6 #edges
4 1
2 9
2 5
1 10
0 4
0 2
6 #trees for patient 32
6 #edges
4 1
4 10
2 9
0 4
0 2
0 5
6 #edges
4 1
2 9
1 10
0 4
0 2
0 5
6 #edges
4 10
2 9
0 4
0 2
0 5
10 1
6 #edges
4 1
4 10
0 4
0 2
0 5
5 9
6 #edges
4 1
1 10
0 4
0 2
0 5
5 9
6 #edges
4 10
0 4
0 2
0 5
10 1
5 9
4 #trees for patient 33
6 #edges
4 10
0 4
0 9
0 5
9 2
10 1
6 #edges
4 1
0 9
0 10
0 5
9 2
10 4
6 #edges
4 10
2 9
0 4
0 2
0 5
10 1
6 #edges
4 1
2 9
0 2
0 10
0 5
10 4
28 #trees for patient 34
6 #edges
4 10
0 4
0 2
0 1
0 5
10 9
6 #edges
4 10
2 9
0 4
0 2
0 1
0 5
6 #edges
4 10
0 4
0 2
0 1
0 9
0 5
6 #edges
4 10
0 4
0 1
0 9
0 5
9 2
6 #edges
4 10
0 4
0 1
0 9
0 5
10 2
6 #edges
4 10
0 4
0 1
0 5
10 2
10 9
6 #edges
4 10
0 4
0 1
0 5
9 2
10 9
6 #edges
4 10
2 9
0 4
0 1
0 5
10 2
6 #edges
4 10
2 1
0 4
0 9
0 5
9 2
6 #edges
4 10
0 4
0 9
0 5
9 2
10 1
6 #edges
4 10
0 4
0 2
0 9
0 5
9 1
6 #edges
4 10
2 1
0 4
0 2
0 9
0 5
6 #edges
4 10
0 4
0 2
0 9
0 5
10 1
6 #edges
4 10
0 4
0 9
0 5
9 1
10 2
6 #edges
4 10
0 4
0 9
0 5
10 2
10 1
6 #edges
4 10
2 1
0 4
0 9
0 5
10 2
6 #edges
4 10
2 1
0 4
0 2
0 5
10 9
6 #edges
4 10
2 9
0 4
0 2
0 5
9 1
6 #edges
4 10
2 9
0 4
0 2
0 5
10 1
6 #edges
4 10
0 4
0 2
0 5
10 1
10 9
6 #edges
4 10
0 4
0 2
0 5
9 1
10 9
6 #edges
4 10
0 4
0 5
9 2
10 1
10 9
6 #edges
4 10
0 4
0 5
10 2
10 1
10 9
6 #edges
4 10
0 4
0 5
9 1
10 2
10 9
6 #edges
4 10
2 1
0 4
0 5
10 2
10 9
6 #edges
4 10
2 1
0 4
0 5
9 2
10 9
6 #edges
4 10
2 9
0 4
0 5
10 2
10 1
6 #edges
4 10
2 9
0 4
0 5
9 1
10 2
14 #trees for patient 35
6 #edges
2 1
2 9
2 10
0 4
0 2
0 5
6 #edges
4 1
2 9
2 10
0 4
0 2
0 5
6 #edges
2 9
2 10
0 4
0 2
0 5
10 1
6 #edges
4 10
2 1
2 9
0 4
0 2
0 5
6 #edges
2 1
2 9
1 10
0 4
0 2
0 5
6 #edges
4 10
2 9
0 4
0 2
0 5
10 1
6 #edges
4 1
2 9
1 10
0 4
0 2
0 5
6 #edges
4 1
2 9
1 10
0 4
0 2
9 5
6 #edges
4 1
2 9
2 10
0 4
0 2
9 5
6 #edges
4 10
2 9
0 4
0 2
9 5
10 1
6 #edges
4 10
2 1
2 9
0 4
0 2
9 5
6 #edges
2 1
2 9
1 10
0 4
0 2
9 5
6 #edges
2 1
2 9
2 10
0 4
0 2
9 5
6 #edges
2 9
2 10
0 4
0 2
9 5
10 1
6 #trees for patient 36
6 #edges
4 10
0 4
0 9
0 5
9 2
10 1
6 #edges
4 10
0 4
0 9
0 5
10 2
10 1
6 #edges
4 10
2 9
0 4
0 2
0 5
10 1
6 #edges
4 10
0 4
0 2
0 5
10 1
10 9
6 #edges
4 10
2 9
0 4
0 5
10 2
10 1
6 #edges
4 10
0 4
0 5
9 2
10 1
10 9
4 #trees for patient 37
6 #edges
4 1
1 10
0 4
0 9
0 5
9 2
6 #edges
4 10
0 4
0 9
0 5
9 2
10 1
6 #edges
4 10
2 9
0 4
0 2
0 5
10 1
6 #edges
4 1
2 9
1 10
0 4
0 2
0 5
53 #trees for patient 38
6 #edges
4 10
0 4
0 2
0 1
0 9
0 5
6 #edges
2 10
0 4
0 2
0 1
0 9
0 5
6 #edges
2 10
0 2
0 1
0 9
0 5
10 4
6 #edges
2 4
2 10
0 2
0 1
0 9
0 5
6 #edges
0 2
0 1
0 9
0 10
0 5
10 4
6 #edges
2 4
0 2
0 1
0 9
0 10
0 5
6 #edges
4 10
2 4
0 2
0 1
0 9
0 5
6 #edges
2 9
0 2
0 1
0 10
0 5
10 4
6 #edges
2 4
2 9
0 2
0 1
0 10
0 5
6 #edges
2 9
2 10
0 4
0 2
0 1
0 5
6 #edges
4 10
2 9
0 4
0 2
0 1
0 5
6 #edges
4 10
2 4
2 9
0 2
0 1
0 5
6 #edges
2 9
2 10
0 2
0 1
0 5
10 4
6 #edges
4 10
0 4
0 2
0 9
0 5
9 1
6 #edges
2 10
0 4
0 2
0 9
0 5
9 1
6 #edges
4 10
2 1
0 4
0 2
0 9
0 5
6 #edges
4 10
0 4
0 2
0 9
0 5
10 1
6 #edges
4 1
2 10
0 4
0 2
0 9
0 5
6 #edges
2 1
2 10
0 4
0 2
0 9
0 5
6 #edges
2 10
0 4
0 2
0 9
0 5
10 1
6 #edges
2 4
0 2
0 9
0 10
0 5
9 1
6 #edges
0 2
0 9
0 10
0 5
9 1
10 4
6 #edges
2 10
0 2
0 9
0 5
9 1
10 4
6 #edges
2 4
2 10
0 2
0 9
0 5
9 1
6 #edges
4 10
2 4
0 2
0 9
0 5
9 1
6 #edges
2 4
2 1
0 2
0 9
0 10
0 5
6 #edges
2 1
0 2
0 9
0 10
0 5
10 4
6 #edges
2 4
2 1
2 10
0 2
0 9
0 5
6 #edges
4 10
2 4
2 1
0 2
0 9
0 5
6 #edges
2 1
2 10
0 2
0 9
0 5
10 4
6 #edges
4 1
2 4
2 10
0 2
0 9
0 5
6 #edges
4 1
2 4
0 2
0 9
0 10
0 5
6 #edges
2 4
0 2
0 9
0 10
0 5
10 1
6 #edges
4 10
2 4
0 2
0 9
0 5
10 1
6 #edges
2 4
2 10
0 2
0 9
0 5
10 1
6 #edges
4 1
2 10
0 2
0 9
0 5
10 4
6 #edges
4 1
0 2
0 9
0 10
0 5
10 4
6 #edges
2 1
2 9
0 2
0 10
0 5
10 4
6 #edges
2 9
0 2
0 10
0 5
9 1
10 4
6 #edges
4 1
2 9
0 2
0 10
0 5
10 4
6 #edges
2 4
2 9
0 2
0 10
0 5
10 1
6 #edges
4 1
2 4
2 9
0 2
0 10
0 5
6 #edges
2 4
2 9
0 2
0 10
0 5
9 1
6 #edges
4 10
2 1
2 9
0 4
0 2
0 5
6 #edges
4 1
2 9
2 10
0 4
0 2
0 5
6 #edges
2 9
2 10
0 4
0 2
0 5
10 1
6 #edges
2 9
2 10
0 4
0 2
0 5
9 1
6 #edges
4 10
2 9
0 4
0 2
0 5
9 1
6 #edges
4 10
2 9
0 4
0 2
0 5
10 1
6 #edges
4 10
2 4
2 9
0 2
0 5
10 1
6 #edges
4 10
2 4
2 9
0 2
0 5
9 1
6 #edges
4 1
2 9
2 10
0 2
0 5
10 4
6 #edges
2 9
2 10
0 2
0 5
9 1
10 4
6 #trees for patient 39
6 #edges
4 10
2 9
0 4
0 2
0 5
10 1
6 #edges
4 1
2 9
0 2
0 10
0 5
10 4
6 #edges
4 1
2 9
2 5
0 2
0 10
10 4
6 #edges
4 1
2 9
1 5
0 2
0 10
10 4
6 #edges
4 10
2 9
2 5
0 4
0 2
10 1
6 #edges
4 10
2 9
1 5
0 4
0 2
10 1
8 #trees for patient 40
6 #edges
4 1
2 9
0 2
0 10
0 5
10 4
6 #edges
4 1
0 9
0 10
0 5
9 2
10 4
6 #edges
4 10
2 9
0 4
0 2
0 5
10 1
6 #edges
4 10
0 4
0 9
0 5
9 2
10 1
6 #edges
4 10
2 5
0 4
0 9
9 2
10 1
6 #edges
4 1
2 5
0 9
0 10
9 2
10 4
6 #edges
4 10
2 9
0 4
0 2
9 5
10 1
6 #edges
4 1
2 9
0 2
0 10
9 5
10 4
14 #trees for patient 41
6 #edges
8 6
0 9
9 5
5 8
5 2
5 3
6 #edges
3 6
0 9
9 5
5 8
5 2
5 3
6 #edges
2 6
0 9
9 5
5 8
5 2
5 3
6 #edges
3 8
3 6
0 9
9 5
5 2
5 3
6 #edges
8 6
3 8
0 9
9 5
5 2
5 3
6 #edges
3 8
0 9
9 5
5 2
5 6
5 3
6 #edges
2 6
3 8
0 9
9 5
5 2
5 3
6 #edges
2 8
0 9
9 5
5 2
5 6
5 3
6 #edges
2 8
2 6
0 9
9 5
5 2
5 3
6 #edges
2 8
3 6
0 9
9 5
5 2
5 3
6 #edges
8 6
2 8
0 9
9 5
5 2
5 3
6 #edges
2 6
6 8
0 9
9 5
5 2
5 3
6 #edges
6 8
0 9
9 5
5 2
5 6
5 3
6 #edges
6 8
3 6
0 9
9 5
5 2
5 3
4 #trees for patient 42
6 #edges
8 6
0 9
9 5
5 8
5 2
5 3
6 #edges
8 6
2 3
0 9
9 5
5 8
5 2
6 #edges
6 8
0 9
9 5
5 2
5 6
5 3
6 #edges
2 3
6 8
0 9
9 5
5 2
5 6
4 #trees for patient 43
6 #edges
8 6
0 5
9 8
9 2
9 3
5 9
6 #edges
8 6
6 2
0 5
9 8
9 3
5 9
6 #edges
8 6
0 9
9 5
5 8
5 2
5 3
6 #edges
8 6
6 2
0 9
9 5
5 8
5 3
2 #trees for patient 44
6 #edges
6 8
0 9
9 5
5 2
5 6
5 3
6 #edges
8 6
0 9
9 5
5 8
5 2
5 3
6 #trees for patient 45
6 #edges
0 3
0 9
9 6
9 5
5 8
5 2
6 #edges
8 6
0 3
0 9
9 5
5 8
5 2
6 #edges
0 9
9 6
9 5
5 8
5 2
5 3
6 #edges
2 3
0 9
9 6
9 5
5 8
5 2
6 #edges
8 6
0 9
9 5
5 8
5 2
5 3
6 #edges
8 6
2 3
0 9
9 5
5 8
5 2
8 #trees for patient 46
6 #edges
6 8
0 2
0 5
9 6
9 3
5 9
6 #edges
8 6
0 2
0 5
9 8
9 3
5 9
6 #edges
6 8
0 2
0 9
9 5
5 6
5 3
6 #edges
8 6
0 2
0 9
9 5
5 8
5 3
6 #edges
6 8
0 5
9 2
9 6
9 3
5 9
6 #edges
8 6
0 5
9 8
9 2
9 3
5 9
6 #edges
8 6
0 9
9 5
5 8
5 2
5 3
6 #edges
6 8
0 9
9 5
5 2
5 6
5 3
7 #trees for patient 47
6 #edges
6 8
3 6
0 9
9 5
5 2
5 3
6 #edges
3 6
0 9
9 5
5 8
5 2
5 3
6 #edges
3 8
3 6
0 9
9 5
5 2
5 3
6 #edges
6 8
0 9
9 5
5 2
5 6
5 3
6 #edges
3 8
0 9
9 5
5 2
5 6
5 3
6 #edges
8 6
0 9
9 5
5 8
5 2
5 3
6 #edges
8 6
3 8
0 9
9 5
5 2
5 3
10 #trees for patient 48
6 #edges
8 6
0 9
9 5
5 8
5 2
5 3
6 #edges
8 6
3 2
0 9
9 5
5 8
5 3
6 #edges
8 6
6 2
0 9
9 5
5 8
5 3
6 #edges
8 6
6 3
0 9
9 5
5 8
5 2
6 #edges
8 6
6 3
3 2
0 9
9 5
5 8
6 #edges
6 8
0 9
9 5
5 2
5 6
5 3
6 #edges
8 3
6 8
0 9
9 5
5 2
5 6
6 #edges
8 3
6 8
3 2
0 9
9 5
5 6
6 #edges
8 2
6 8
0 9
9 5
5 6
5 3
6 #edges
6 8
3 2
0 9
9 5
5 6
5 3
4 #trees for patient 49
6 #edges
8 6
3 2
0 5
9 8
9 3
5 9
6 #edges
8 6
0 5
9 8
9 2
9 3
5 9
6 #edges
8 6
3 2
0 9
9 5
5 8
5 3
6 #edges
8 6
0 9
9 5
5 8
5 2
5 3
2 #trees for patient 50
6 #edges
8 6
0 5
9 8
9 2
9 3
5 9
6 #edges
8 6
0 9
9 5
5 8
5 2
5 3
22 #trees for patient 51
6 #edges
8 6
8 3
0 9
9 5
5 8
5 2
6 #edges
8 3
3 6
0 9
9 5
5 8
5 2
6 #edges
8 3
0 9
9 5
5 8
5 2
5 6
6 #edges
8 6
0 9
9 5
5 8
5 2
5 3
6 #edges
3 6
0 9
9 5
5 8
5 2
5 3
6 #edges
8 2
8 3
0 9
9 5
5 8
5 6
6 #edges
8 2
3 6
0 9
9 5
5 8
5 3
6 #edges
8 2
8 6
0 9
9 5
5 8
5 3
6 #edges
8 2
8 3
3 6
0 9
9 5
5 8
6 #edges
8 3
3 2
0 9
9 5
5 8
5 6
6 #edges
8 6
8 3
3 2
0 9
9 5
5 8
6 #edges
8 3
6 2
0 9
9 5
5 8
5 6
6 #edges
8 3
0 9
9 2
9 5
5 8
5 6
6 #edges
8 6
8 3
0 9
9 2
9 5
5 8
6 #edges
8 3
3 6
0 9
9 2
9 5
5 8
6 #edges
8 6
8 3
6 2
0 9
9 5
5 8
6 #edges
8 3
6 2
3 6
0 9
9 5
5 8
6 #edges
8 6
0 9
9 2
9 5
5 8
5 3
6 #edges
3 6
0 9
9 2
9 5
5 8
5 3
6 #edges
8 6
6 2
0 9
9 5
5 8
5 3
6 #edges
8 6
3 2
0 9
9 5
5 8
5 3
6 #edges
6 2
3 6
0 9
9 5
5 8
5 3
4 #trees for patient 52
6 #edges
8 6
6 3
0 9
9 5
5 8
5 2
6 #edges
8 6
0 9
9 5
5 8
5 2
5 3
6 #edges
8 2
8 6
0 9
9 5
5 8
5 3
6 #edges
8 2
8 6
6 3
0 9
9 5
5 8
8 #trees for patient 53
6 #edges
8 6
0 5
9 8
9 2
9 3
5 9
6 #edges
8 6
6 3
0 5
9 8
9 2
5 9
6 #edges
6 8
0 5
9 2
9 6
9 3
5 9
6 #edges
8 3
6 8
0 5
9 2
9 6
5 9
6 #edges
6 8
0 9
9 5
5 2
5 6
5 3
6 #edges
8 6
0 9
9 5
5 8
5 2
5 3
6 #edges
8 3
6 8
0 9
9 5
5 2
5 6
6 #edges
8 6
6 3
0 9
9 5
5 8
5 2
2 #trees for patient 54
6 #edges
6 8
0 9
9 5
5 2
5 6
5 3
6 #edges
8 6
0 9
9 5
5 8
5 2
5 3
4 #trees for patient 55
6 #edges
8 6
0 9
9 3
9 5
5 8
5 2
6 #edges
8 6
6 2
0 9
9 3
9 5
5 8
6 #edges
8 6
0 9
9 5
5 8
5 2
5 3
6 #edges
8 6
6 2
0 9
9 5
5 8
5 3
6 #trees for patient 56
6 #edges
0 6
0 9
9 5
5 8
5 2
5 3
6 #edges
0 6
0 5
9 8
9 2
9 3
5 9
6 #edges
8 6
0 5
9 8
9 2
9 3
5 9
6 #edges
3 6
0 5
9 8
9 2
9 3
5 9
6 #edges
8 6
0 9
9 5
5 8
5 2
5 3
6 #edges
3 6
0 9
9 5
5 8
5 2
5 3
8 #trees for patient 57
6 #edges
6 8
0 5
9 2
9 6
9 3
5 9
6 #edges
8 3
6 8
0 5
9 2
9 6
5 9
6 #edges
8 6
0 5
9 8
9 2
9 3
5 9
6 #edges
8 6
6 3
0 5
9 8
9 2
5 9
6 #edges
6 8
0 9
9 5
5 2
5 6
5 3
6 #edges
8 3
6 8
0 9
9 5
5 2
5 6
6 #edges
8 6
0 9
9 5
5 8
5 2
5 3
6 #edges
8 6
6 3
0 9
9 5
5 8
5 2
4 #trees for patient 58
6 #edges
8 6
0 5
9 8
9 2
9 3
5 9
6 #edges
8 2
8 6
0 5
9 8
9 3
5 9
6 #edges
8 6
0 9
9 5
5 8
5 2
5 3
6 #edges
8 2
8 6
0 9
9 5
5 8
5 3
4 #trees for patient 59
6 #edges
6 8
0 9
9 5
5 2
5 6
5 3
6 #edges
8 3
6 8
0 9
9 5
5 2
5 6
6 #edges
8 6
0 9
9 5
5 8
5 2
5 3
6 #edges
8 6
6 3
0 9
9 5
5 8
5 2
12 #trees for patient 60
6 #edges
8 6
0 5
9 8
9 2
9 3
5 9
6 #edges
8 6
8 3
0 5
9 8
9 2
5 9
6 #edges
8 2
8 6
8 3
0 5
9 8
5 9
6 #edges
8 6
8 3
3 2
0 5
9 8
5 9
6 #edges
8 6
3 2
0 5
9 8
9 3
5 9
6 #edges
8 2
8 6
0 5
9 8
9 3
5 9
6 #edges
8 6
0 9
9 5
5 8
5 2
5 3
6 #edges
8 6
8 3
0 9
9 5
5 8
5 2
6 #edges
8 6
3 2
0 9
9 5
5 8
5 3
6 #edges
8 2
8 6
0 9
9 5
5 8
5 3
6 #edges
8 2
8 6
8 3
0 9
9 5
5 8
6 #edges
8 6
8 3
3 2
0 9
9 5
5 8
8 #trees for patient 61
6 #edges
6 8
0 2
0 9
9 5
5 6
5 3
6 #edges
8 6
0 2
0 9
9 5
5 8
5 3
6 #edges
6 8
0 2
0 5
9 6
9 3
5 9
6 #edges
8 6
0 2
0 5
9 8
9 3
5 9
6 #edges
6 8
0 5
9 2
9 6
9 3
5 9
6 #edges
8 6
0 5
9 8
9 2
9 3
5 9
6 #edges
8 6
0 9
9 5
5 8
5 2
5 3
6 #edges
6 8
0 9
9 5
5 2
5 6
5 3
7 #trees for patient 62
6 #edges
8 10
3 9
0 8
0 3
0 7
7 11
6 #edges
8 11
8 10
3 9
0 8
0 3
0 7
6 #edges
8 10
11 7
3 9
0 8
0 11
0 3
6 #edges
8 7
8 10
3 9
0 8
0 11
0 3
6 #edges
8 7
8 10
3 9
0 8
0 3
7 11
6 #edges
8 11
8 7
8 10
3 9
0 8
0 3
6 #edges
8 11
8 10
11 7
3 9
0 8
0 3
8 #trees for patient 63
6 #edges
11 7
0 8
0 11
0 9
0 10
9 3
6 #edges
11 7
3 9
0 8
0 11
0 3
0 10
6 #edges
11 7
3 10
0 8
0 11
0 9
9 3
6 #edges
11 7
0 8
0 11
0 9
9 3
7 10
6 #edges
8 10
11 7
0 8
0 11
0 9
9 3
6 #edges
8 10
11 7
3 9
0 8
0 11
0 3
6 #edges
11 7
3 9
0 8
0 11
0 3
7 10
6 #edges
11 7
3 9
0 8
0 11
0 3
9 10
8 #trees for patient 64
6 #edges
8 9
0 3
0 7
0 10
7 11
10 8
6 #edges
3 9
0 3
0 7
0 10
7 11
10 8
6 #edges
8 10
3 9
0 8
0 3
0 7
7 11
6 #edges
8 10
0 8
0 3
0 7
7 11
10 9
6 #edges
8 9
11 7
0 11
0 3
0 10
10 8
6 #edges
11 7
3 9
0 11
0 3
0 10
10 8
6 #edges
8 10
11 7
0 8
0 11
0 3
10 9
6 #edges
8 10
11 7
3 9
0 8
0 11
0 3
24 #trees for patient 65
6 #edges
0 8
0 9
0 7
0 10
9 3
7 11
6 #edges
11 3
0 8
0 9
0 7
0 10
7 11
6 #edges
11 9
0 8
0 3
0 7
0 10
7 11
6 #edges
3 9
0 8
0 3
0 7
0 10
7 11
6 #edges
11 9
0 8
0 7
0 10
9 3
7 11
6 #edges
11 3
3 9
0 8
0 7
0 10
7 11
6 #edges
11 7
3 9
0 8
0 11
0 3
0 10
6 #edges
11 7
0 8
0 11
0 3
0 10
7 9
6 #edges
11 7
0 8
0 11
0 9
0 10
7 3
6 #edges
11 7
3 9
0 8
0 11
0 10
7 3
6 #edges
11 7
0 8
0 11
0 10
9 3
7 9
6 #edges
11 7
0 8
0 11
0 9
0 10
9 3
6 #edges
8 10
11 7
0 8
0 11
0 9
9 3
6 #edges
8 10
0 8
0 9
0 7
9 3
7 11
6 #edges
8 10
11 7
0 8
0 11
0 9
7 3
6 #edges
8 10
11 3
0 8
0 9
0 7
7 11
6 #edges
8 10
3 9
0 8
0 3
0 7
7 11
6 #edges
8 10
11 9
0 8
0 3
0 7
7 11
6 #edges
8 10
11 7
3 9
0 8
0 11
0 3
6 #edges
8 10
11 7
0 8
0 11
0 3
7 9
6 #edges
8 10
11 3
3 9
0 8
0 7
7 11
6 #edges
8 10
11 9
0 8
0 7
9 3
7 11
6 #edges
8 10
11 7
3 9
0 8
0 11
7 3
6 #edges
8 10
11 7
0 8
0 11
9 3
7 9
4 #trees for patient 66
6 #edges
11 7
3 9
0 11
0 3
0 10
10 8
6 #edges
8 10
11 7
3 9
0 8
0 11
0 3
6 #edges
8 10
3 9
0 8
0 3
0 7
7 11
6 #edges
3 9
0 3
0 7
0 10
7 11
10 8
2 #trees for patient 67
6 #edges
11 7
3 9
0 11
0 3
0 10
10 8
6 #edges
8 10
11 7
3 9
0 8
0 11
0 3
8 #trees for patient 68
6 #edges
0 9
0 7
0 10
9 3
7 11
10 8
6 #edges
8 10
0 8
0 9
0 7
9 3
7 11
6 #edges
8 10
11 7
0 8
0 11
0 9
9 3
6 #edges
11 7
0 11
0 9
0 10
9 3
10 8
6 #edges
11 7
3 9
0 11
0 3
0 10
10 8
6 #edges
3 9
0 3
0 7
0 10
7 11
10 8
6 #edges
8 10
11 7
3 9
0 8
0 11
0 3
6 #edges
8 10
3 9
0 8
0 3
0 7
7 11
1 #trees for patient 69
6 #edges
8 10
11 7
3 9
0 8
0 11
0 3
7 #trees for patient 70
6 #edges
8 10
3 9
0 8
0 3
0 7
7 11
6 #edges
8 10
3 9
0 8
0 3
0 7
9 11
6 #edges
8 10
11 7
3 9
0 8
0 11
0 3
6 #edges
8 10
3 9
0 8
0 11
0 3
9 7
6 #edges
8 10
3 9
0 8
0 3
9 11
9 7
6 #edges
8 10
3 9
0 8
0 3
9 7
7 11
6 #edges
8 10
11 7
3 9
0 8
0 3
9 11
14 #trees for patient 71
6 #edges
8 10
0 8
0 9
0 7
9 3
7 11
6 #edges
8 10
0 8
0 9
0 7
7 11
10 3
6 #edges
8 10
11 7
0 8
0 11
0 9
9 3
6 #edges
8 10
11 7
0 8
0 11
0 9
10 3
6 #edges
8 10
3 9
0 8
0 3
0 7
7 11
6 #edges
8 10
0 8
0 3
0 7
7 11
10 9
6 #edges
8 10
11 7
3 9
0 8
0 11
0 3
6 #edges
8 10
11 7
0 8
0 11
0 3
10 9
6 #edges
8 10
3 9
0 8
0 7
7 11
10 3
6 #edges
8 10
0 8
0 7
7 11
10 3
10 9
6 #edges
8 10
11 7
0 8
0 11
10 3
10 9
6 #edges
8 10
11 7
3 9
0 8
0 11
10 3
6 #edges
8 10
0 8
0 7
9 3
7 11
10 9
6 #edges
8 10
11 7
0 8
0 11
9 3
10 9
4 #trees for patient 72
6 #edges
8 10
11 7
3 9
0 8
0 11
0 3
6 #edges
8 10
11 7
0 8
0 11
0 3
10 9
6 #edges
8 10
3 7
0 8
0 11
0 3
10 9
6 #edges
8 10
3 9
3 7
0 8
0 11
0 3
7 #trees for patient 73
6 #edges
8 10
11 7
0 8
0 11
0 9
9 3
6 #edges
8 10
11 7
0 8
0 11
0 9
10 3
6 #edges
8 10
11 7
3 9
0 8
0 11
0 3
6 #edges
8 10
11 7
0 8
0 11
0 3
10 9
6 #edges
8 10
11 7
0 8
0 11
10 3
10 9
6 #edges
8 10
11 7
3 9
0 8
0 11
10 3
6 #edges
8 10
11 7
0 8
0 11
9 3
10 9
28 #trees for patient 74
6 #edges
8 10
11 3
0 8
0 11
0 9
0 7
6 #edges
8 10
11 3
3 9
0 8
0 11
0 7
6 #edges
11 3
3 9
0 11
0 7
0 10
10 8
6 #edges
11 3
0 11
0 9
0 7
0 10
10 8
6 #edges
11 3
0 11
0 9
0 10
9 7
10 8
6 #edges
11 3
11 7
0 11
0 9
0 10
10 8
6 #edges
11 3
3 7
0 11
0 9
0 10
10 8
6 #edges
8 10
11 3
11 7
0 8
0 11
0 9
6 #edges
8 10
11 3
3 7
0 8
0 11
0 9
6 #edges
8 10
11 3
0 8
0 11
0 9
9 7
6 #edges
11 7
3 9
0 11
0 3
0 10
10 8
6 #edges
11 9
11 7
0 11
0 3
0 10
10 8
6 #edges
8 10
11 7
3 9
0 8
0 11
0 3
6 #edges
8 10
11 9
11 7
0 8
0 11
0 3
6 #edges
11 9
0 11
0 3
0 10
9 7
10 8
6 #edges
11 9
3 7
0 11
0 3
0 10
10 8
6 #edges
3 9
3 7
0 11
0 3
0 10
10 8
6 #edges
3 9
0 11
0 3
0 10
9 7
10 8
6 #edges
8 10
11 9
3 7
0 8
0 11
0 3
6 #edges
8 10
3 9
3 7
0 8
0 11
0 3
6 #edges
8 10
3 9
0 8
0 11
0 3
9 7
6 #edges
8 10
11 9
0 8
0 11
0 3
9 7
6 #edges
8 10
11 3
11 7
3 9
0 8
0 11
6 #edges
11 3
11 7
3 9
0 11
0 10
10 8
6 #edges
11 3
3 9
3 7
0 11
0 10
10 8
6 #edges
8 10
11 3
3 9
3 7
0 8
0 11
6 #edges
11 3
3 9
0 11
0 10
9 7
10 8
6 #edges
8 10
11 3
3 9
0 8
0 11
9 7
2 #trees for patient 75
6 #edges
8 10
11 7
3 9
0 8
0 11
0 3
6 #edges
11 7
3 9
0 8
0 11
0 3
7 10
52 #trees for patient 76
6 #edges
11 8
11 7
3 9
0 11
0 3
0 10
6 #edges
11 7
3 9
0 11
0 3
0 10
10 8
6 #edges
11 7
3 9
0 11
0 3
0 10
9 8
6 #edges
3 9
0 11
0 3
0 10
9 8
9 7
6 #edges
11 8
3 9
0 11
0 3
0 10
9 7
6 #edges
3 9
0 11
0 3
0 10
9 7
10 8
6 #edges
3 7
0 11
0 9
0 10
9 3
10 8
6 #edges
11 7
0 11
0 9
0 10
9 3
10 8
6 #edges
3 8
3 7
0 11
0 9
0 10
9 3
6 #edges
11 7
3 8
0 11
0 9
0 10
9 3
6 #edges
11 8
3 7
0 11
0 9
0 10
9 3
6 #edges
11 8
11 7
0 11
0 9
0 10
9 3
6 #edges
8 10
11 7
0 8
0 11
0 9
9 3
6 #edges
11 7
11 10
0 8
0 11
0 9
9 3
6 #edges
11 7
3 10
0 8
0 11
0 9
9 3
6 #edges
11 7
11 10
3 9
0 8
0 11
0 3
6 #edges
8 10
11 7
3 9
0 8
0 11
0 3
6 #edges
11 7
3 9
0 8
0 11
0 3
9 10
6 #edges
11 10
3 9
0 8
0 11
0 3
9 7
6 #edges
8 10
3 9
0 8
0 11
0 3
9 7
6 #edges
3 9
0 8
0 11
0 3
9 7
9 10
6 #edges
11 10
3 7
0 8
0 11
0 9
9 3
6 #edges
8 10
3 7
0 8
0 11
0 9
9 3
6 #edges
3 7
3 10
0 8
0 11
0 9
9 3
6 #edges
11 7
11 10
0 11
0 9
9 3
10 8
6 #edges
11 7
11 10
3 8
0 11
0 9
9 3
6 #edges
11 10
3 7
0 11
0 9
9 3
10 8
6 #edges
11 10
3 8
3 7
0 11
0 9
9 3
6 #edges
8 10
11 8
11 7
0 11
0 9
9 3
6 #edges
8 10
11 8
3 7
0 11
0 9
9 3
6 #edges
11 8
11 7
3 10
0 11
0 9
9 3
6 #edges
11 8
3 7
3 10
0 11
0 9
9 3
6 #edges
11 7
3 8
3 10
0 11
0 9
9 3
6 #edges
8 10
11 7
3 8
0 11
0 9
9 3
6 #edges
11 7
3 10
0 11
0 9
9 3
10 8
6 #edges
8 10
3 8
3 7
0 11
0 9
9 3
6 #edges
3 8
3 7
3 10
0 11
0 9
9 3
6 #edges
3 7
3 10
0 11
0 9
9 3
10 8
6 #edges
11 8
3 9
0 11
0 3
9 7
9 10
6 #edges
11 8
11 7
3 9
0 11
0 3
9 10
6 #edges
8 10
11 8
3 9
0 11
0 3
9 7
6 #edges
8 10
11 8
11 7
3 9
0 11
0 3
6 #edges
11 7
3 9
0 11
0 3
9 8
9 10
6 #edges
8 10
11 7
3 9
0 11
0 3
9 8
6 #edges
11 7
11 10
3 9
0 11
0 3
9 8
6 #edges
11 7
3 9
0 11
0 3
9 10
10 8
6 #edges
11 7
11 10
3 9
0 11
0 3
10 8
6 #edges
11 10
3 9
0 11
0 3
9 8
9 7
6 #edges
3 9
0 11
0 3
9 8
9 7
9 10
6 #edges
8 10
3 9
0 11
0 3
9 8
9 7
6 #edges
3 9
0 11
0 3
9 7
9 10
10 8
6 #edges
11 10
3 9
0 11
0 3
9 7
10 8
4 #trees for patient 77
6 #edges
8 10
11 7
0 8
0 11
0 9
9 3
6 #edges
8 10
11 7
3 9
0 8
0 11
0 3
6 #edges
11 7
3 9
0 8
0 11
0 3
7 10
6 #edges
11 7
0 8
0 11
0 9
9 3
7 10
28 #trees for patient 78
6 #edges
0 9
0 7
0 10
9 3
7 11
10 8
6 #edges
3 8
0 9
0 7
0 10
9 3
7 11
6 #edges
11 7
3 8
0 11
0 9
0 10
9 3
6 #edges
11 7
0 11
0 9
0 10
9 3
10 8
6 #edges
3 9
0 3
0 7
0 10
7 11
10 8
6 #edges
3 9
0 3
0 7
0 10
9 8
7 11
6 #edges
11 7
3 9
0 11
0 3
0 10
10 8
6 #edges
11 7
3 9
0 11
0 3
0 10
9 8
6 #edges
8 10
11 7
0 8
0 11
0 9
9 3
6 #edges
8 10
11 7
3 9
0 8
0 11
0 3
6 #edges
11 7
3 10
0 8
0 11
0 9
9 3
6 #edges
11 7
3 9
0 8
0 11
0 3
9 10
6 #edges
8 10
3 9
0 8
0 3
0 7
7 11
6 #edges
3 9
0 8
0 3
0 7
9 10
7 11
6 #edges
8 10
0 8
0 9
0 7
9 3
7 11
6 #edges
3 10
0 8
0 9
0 7
9 3
7 11
6 #edges
3 8
3 10
0 9
0 7
9 3
7 11
6 #edges
8 10
3 8
0 9
0 7
9 3
7 11
6 #edges
3 10
0 9
0 7
9 3
7 11
10 8
6 #edges
11 7
3 8
3 10
0 11
0 9
9 3
6 #edges
11 7
3 10
0 11
0 9
9 3
10 8
6 #edges
8 10
11 7
3 8
0 11
0 9
9 3
6 #edges
3 9
0 3
0 7
9 8
9 10
7 11
6 #edges
3 9
0 3
0 7
9 10
7 11
10 8
6 #edges
8 10
3 9
0 3
0 7
9 8
7 11
6 #edges
11 7
3 9
0 11
0 3
9 8
9 10
6 #edges
11 7
3 9
0 11
0 3
9 10
10 8
6 #edges
8 10
11 7
3 9
0 11
0 3
9 8
4 #trees for patient 79
6 #edges
8 10
3 9
0 8
0 3
0 7
7 11
6 #edges
8 10
11 7
3 9
0 8
0 11
0 3
6 #edges
8 10
11 9
0 8
0 3
0 7
7 11
6 #edges
8 10
11 7
0 8
0 11
0 3
7 9
14 #trees for patient 80
6 #edges
8 10
0 8
0 9
0 7
9 3
10 11
6 #edges
8 10
0 8
0 9
0 7
9 3
7 11
6 #edges
8 10
3 9
0 8
0 3
0 7
7 11
6 #edges
8 10
3 9
0 8
0 3
0 7
10 11
6 #edges
8 10
11 7
0 8
0 11
0 9
9 3
6 #edges
8 10
0 8
0 11
0 9
9 3
10 7
6 #edges
8 10
11 7
3 9
0 8
0 11
0 3
6 #edges
8 10
3 9
0 8
0 11
0 3
10 7
6 #edges
8 10
0 8
0 9
9 3
7 11
10 7
6 #edges
8 10
0 8
0 9
9 3
10 11
10 7
6 #edges
8 10
11 7
0 8
0 9
9 3
10 11
6 #edges
8 10
3 9
0 8
0 3
10 11
10 7
6 #edges
8 10
11 7
3 9
0 8
0 3
10 11
6 #edges
8 10
3 9
0 8
0 3
7 11
10 7
2 #trees for patient 81
6 #edges
8 10
3 9
0 8
0 3
0 7
7 11
6 #edges
8 10
11 7
3 9
0 8
0 11
0 3
12 #trees for patient 82
6 #edges
11 7
0 11
0 9
0 10
9 3
10 8
6 #edges
8 3
11 7
0 11
0 9
0 10
10 8
6 #edges
8 10
11 7
0 8
0 11
0 9
10 3
6 #edges
8 10
11 7
0 8
0 11
0 9
9 3
6 #edges
11 7
3 9
0 11
0 3
0 10
10 8
6 #edges
8 10
11 7
3 9
0 8
0 11
0 3
6 #edges
8 10
11 7
0 8
0 11
0 3
10 9
6 #edges
8 9
11 7
0 11
0 3
0 10
10 8
6 #edges
8 9
11 7
0 11
0 10
9 3
10 8
6 #edges
8 3
11 7
3 9
0 11
0 10
10 8
6 #edges
8 10
11 7
3 9
0 8
0 11
10 3
6 #edges
8 10
11 7
0 8
0 11
9 3
10 9
2 #trees for patient 83
6 #edges
8 7
4 3
11 8
11 10
0 11
7 4
6 #edges
8 7
11 8
11 10
0 11
7 4
7 3
8 #trees for patient 84
6 #edges
8 7
11 8
11 10
0 11
0 3
10 4
6 #edges
8 7
11 8
11 10
0 11
0 3
7 4
6 #edges
8 4
11 7
11 10
0 11
0 3
7 8
6 #edges
11 7
11 10
0 11
0 3
7 8
10 4
6 #edges
8 3
11 7
11 10
0 11
7 8
10 4
6 #edges
8 4
8 3
11 7
11 10
0 11
7 8
6 #edges
8 7
11 8
11 10
0 11
7 4
7 3
6 #edges
8 7
11 8
11 10
0 11
7 3
10 4
4 #trees for patient 85
6 #edges
8 7
11 8
11 10
0 11
7 4
7 3
6 #edges
8 7
4 3
11 8
11 10
0 11
7 4
6 #edges
8 7
8 10
4 3
11 8
0 11
7 4
6 #edges
8 7
8 10
11 8
0 11
7 4
7 3
6 #trees for patient 86
6 #edges
8 7
11 8
11 10
0 11
7 4
7 3
6 #edges
8 7
11 8
11 10
3 4
0 11
7 3
6 #edges
8 7
8 10
11 8
0 11
7 4
7 3
6 #edges
8 7
8 10
11 8
3 4
0 11
7 3
6 #edges
8 7
11 8
3 4
0 11
7 3
7 10
6 #edges
8 7
11 8
0 11
7 4
7 3
7 10
2 #trees for patient 87
6 #edges
8 7
11 8
11 10
0 11
0 3
7 4
6 #edges
8 7
11 8
11 10
0 11
7 4
7 3
10 #trees for patient 88
6 #edges
8 7
4 3
11 8
11 10
0 11
7 4
6 #edges
8 7
11 8
11 10
0 11
7 4
7 3
6 #edges
8 7
11 8
11 10
0 11
7 4
10 3
6 #edges
8 7
11 8
11 10
0 11
7 3
10 4
6 #edges
8 7
4 3
11 8
11 10
0 11
10 4
6 #edges
8 4
8 3
11 7
11 10
0 11
7 8
6 #edges
8 4
4 3
11 7
11 10
0 11
7 8
6 #edges
8 4
11 7
11 10
0 11
7 8
10 3
6 #edges
8 3
11 7
11 10
0 11
7 8
10 4
6 #edges
4 3
11 7
11 10
0 11
7 8
10 4
4 #trees for patient 89
6 #edges
8 4
8 3
11 7
11 10
0 11
7 8
6 #edges
8 7
11 8
11 10
0 11
7 4
7 3
6 #edges
8 4
8 3
4 10
11 7
0 11
7 8
6 #edges
8 7
4 10
11 8
0 11
7 4
7 3
4 #trees for patient 90
6 #edges
8 4
8 3
11 7
11 10
0 11
7 8
6 #edges
8 4
8 3
11 7
3 10
0 11
7 8
6 #edges
8 7
11 8
11 10
0 11
7 4
7 3
6 #edges
8 7
11 8
3 10
0 11
7 4
7 3
12 #trees for patient 91
6 #edges
8 3
11 7
11 10
0 4
0 11
7 8
6 #edges
8 3
8 10
11 7
0 4
0 11
7 8
6 #edges
8 7
11 8
0 4
0 11
7 3
7 10
6 #edges
8 7
11 8
11 10
0 4
0 11
7 3
6 #edges
8 4
8 3
11 7
11 10
0 11
7 8
6 #edges
8 3
11 7
11 10
3 4
0 11
7 8
6 #edges
8 4
8 3
8 10
11 7
0 11
7 8
6 #edges
8 3
8 10
11 7
3 4
0 11
7 8
6 #edges
8 7
11 8
11 10
0 11
7 4
7 3
6 #edges
8 7
11 8
11 10
3 4
0 11
7 3
6 #edges
8 7
11 8
3 4
0 11
7 3
7 10
6 #edges
8 7
11 8
0 11
7 4
7 3
7 10
6 #trees for patient 92
6 #edges
8 4
8 7
11 8
11 10
0 11
0 3
6 #edges
8 7
11 8
11 4
11 10
0 11
0 3
6 #edges
8 7
11 8
11 10
0 11
0 3
7 4
6 #edges
8 7
11 8
11 4
11 10
0 11
7 3
6 #edges
8 4
8 7
11 8
11 10
0 11
7 3
6 #edges
8 7
11 8
11 10
0 11
7 4
7 3
1 #trees for patient 93
6 #edges
8 7
11 8
11 10
0 11
7 4
7 3
3 #trees for patient 94
6 #edges
8 7
11 8
11 10
0 11
7 4
10 3
6 #edges
8 3
8 7
11 8
11 10
0 11
7 4
6 #edges
8 7
11 8
11 10
0 11
7 4
7 3
1 #trees for patient 95
6 #edges
8 7
11 8
11 10
0 11
7 4
7 3
2 #trees for patient 96
6 #edges
8 4
8 3
11 7
11 10
0 11
7 8
6 #edges
8 7
11 8
11 10
0 11
7 4
7 3
2 #trees for patient 97
6 #edges
8 3
8 7
11 8
11 10
0 11
7 4
6 #edges
8 7
11 8
11 10
0 11
7 4
7 3
4 #trees for patient 98
6 #edges
8 4
8 3
11 7
11 10
0 11
7 8
6 #edges
8 7
11 8
11 10
0 11
7 4
7 3
6 #edges
8 4
8 3
4 10
11 7
0 11
7 8
6 #edges
8 7
4 10
11 8
0 11
7 4
7 3
6 #trees for patient 99
6 #edges
8 7
11 8
11 10
0 11
7 4
7 3
6 #edges
8 4
8 3
11 7
11 10
0 11
7 8
6 #edges
8 7
11 8
0 11
7 4
7 3
7 10
6 #edges
8 7
4 10
11 8
0 11
7 4
7 3
6 #edges
8 4
8 3
8 10
11 7
0 11
7 8
6 #edges
8 4
8 3
4 10
11 7
0 11
7 8
