50 # patients
4 #trees for patient 0
6 #edges
5 11
9 8
8 4
11 9
0 5
0 6
6 #edges
5 11
9 4
11 9
0 5
0 6
4 8
6 #edges
5 9
9 11
8 4
11 8
0 5
0 6
6 #edges
5 9
9 11
11 4
0 5
0 6
4 8
28 #trees for patient 1
6 #edges
5 9
11 5
0 8
0 11
0 4
4 6
6 #edges
5 9
9 6
11 5
0 8
0 11
0 4
6 #edges
5 11
11 9
0 5
0 8
0 4
4 6
6 #edges
5 11
9 6
11 9
0 5
0 8
0 4
6 #edges
5 9
9 4
11 5
0 8
0 11
0 6
6 #edges
5 11
9 4
11 9
0 5
0 8
0 6
6 #edges
5 11
9 4
11 9
0 5
0 8
4 6
6 #edges
5 9
9 4
11 5
0 8
0 11
4 6
6 #edges
5 9
11 5
0 11
0 6
0 4
6 8
6 #edges
5 9
9 4
11 5
0 11
0 6
6 8
6 #edges
5 9
11 5
0 11
0 6
0 4
4 8
6 #edges
5 9
9 8
11 5
0 11
0 6
0 4
6 #edges
5 9
9 4
11 5
0 11
0 6
4 8
6 #edges
5 11
11 9
0 5
0 6
0 4
6 8
6 #edges
5 11
9 4
11 9
0 5
0 6
6 8
6 #edges
5 11
11 9
0 5
0 6
0 4
4 8
6 #edges
5 11
9 8
11 9
0 5
0 6
0 4
6 #edges
5 11
9 4
11 9
0 5
0 6
4 8
6 #edges
5 11
11 9
0 5
0 4
6 8
4 6
6 #edges
5 9
11 5
0 11
0 4
6 8
4 6
6 #edges
5 11
9 8
11 9
0 5
0 4
4 6
6 #edges
5 9
9 8
11 5
0 11
0 4
4 6
6 #edges
5 9
9 6
11 5
0 11
0 4
4 8
6 #edges
5 11
9 6
11 9
0 5
0 4
4 8
6 #edges
5 9
9 6
11 5
0 11
0 4
6 8
6 #edges
5 11
9 6
11 9
0 5
0 4
6 8
6 #edges
5 9
9 4
11 5
0 11
6 8
4 6
6 #edges
5 11
9 4
11 9
0 5
6 8
4 6
48 #trees for patient 2
6 #edges
5 11
8 9
0 5
0 6
6 4
4 8
6 #edges
8 9
11 5
0 11
0 6
6 4
4 8
6 #edges
5 11
11 9
0 5
0 6
6 4
4 8
6 #edges
5 9
11 5
0 11
0 6
6 4
4 8
6 #edges
5 11
9 8
0 5
0 6
6 4
4 9
6 #edges
5 11
11 8
0 5
0 6
6 4
4 9
6 #edges
5 11
9 8
11 9
0 5
0 6
6 4
6 #edges
5 11
8 9
11 8
0 5
0 6
6 4
6 #edges
5 8
11 5
0 11
0 6
6 4
4 9
6 #edges
9 8
11 5
0 11
0 6
6 4
4 9
6 #edges
5 9
9 8
11 5
0 11
0 6
6 4
6 #edges
5 8
8 9
11 5
0 11
0 6
6 4
6 #edges
9 8
8 4
11 5
0 11
0 6
6 9
6 #edges
5 4
9 8
11 5
0 11
0 6
6 9
6 #edges
5 11
9 8
8 4
0 5
0 6
6 9
6 #edges
5 11
9 8
11 4
0 5
0 6
6 9
6 #edges
5 11
8 4
11 8
0 5
0 6
6 9
6 #edges
5 11
9 4
11 8
0 5
0 6
6 9
6 #edges
5 11
9 4
0 5
0 6
6 9
4 8
6 #edges
5 11
11 4
0 5
0 6
6 9
4 8
6 #edges
5 8
9 4
11 5
0 11
0 6
6 9
6 #edges
9 4
11 5
0 11
0 6
6 9
4 8
6 #edges
5 8
8 4
11 5
0 11
0 6
6 9
6 #edges
5 4
11 5
0 11
0 6
6 9
4 8
6 #edges
5 11
9 4
8 9
0 5
0 6
6 8
6 #edges
5 11
8 9
11 4
0 5
0 6
6 8
6 #edges
5 11
11 4
0 5
0 6
6 8
4 9
6 #edges
5 11
8 4
11 9
0 5
0 6
6 8
6 #edges
5 11
9 4
11 9
0 5
0 6
6 8
6 #edges
5 11
8 4
0 5
0 6
6 8
4 9
6 #edges
5 11
9 8
8 4
11 9
0 5
0 6
6 #edges
5 11
9 4
11 9
0 5
0 6
4 8
6 #edges
5 11
8 4
11 8
0 5
0 6
4 9
6 #edges
5 11
9 4
8 9
11 8
0 5
0 6
6 #edges
5 11
9 8
11 4
0 5
0 6
4 9
6 #edges
5 11
8 9
11 4
0 5
0 6
4 8
6 #edges
5 8
9 4
8 9
11 5
0 11
0 6
6 #edges
5 8
8 4
11 5
0 11
0 6
4 9
6 #edges
5 4
8 9
11 5
0 11
0 6
4 8
6 #edges
5 4
9 8
11 5
0 11
0 6
4 9
6 #edges
5 4
11 5
0 11
0 6
6 8
4 9
6 #edges
5 4
8 9
11 5
0 11
0 6
6 8
6 #edges
5 9
9 4
11 5
0 11
0 6
6 8
6 #edges
5 9
9 4
11 5
0 11
0 6
4 8
6 #edges
5 9
9 8
8 4
11 5
0 11
0 6
6 #edges
5 9
8 4
11 5
0 11
0 6
6 8
6 #edges
8 4
11 5
0 11
0 6
6 8
4 9
6 #edges
9 4
8 9
11 5
0 11
0 6
6 8
52 #trees for patient 3
6 #edges
5 9
5 8
5 4
11 5
0 11
0 6
6 #edges
5 8
5 4
11 5
0 11
0 6
4 9
6 #edges
5 8
5 4
8 9
11 5
0 11
0 6
6 #edges
5 4
8 9
11 5
0 11
0 6
4 8
6 #edges
5 9
5 4
11 5
0 11
0 6
4 8
6 #edges
5 4
9 8
11 5
0 11
0 6
4 9
6 #edges
5 9
5 4
9 8
11 5
0 11
0 6
6 #edges
5 9
5 8
9 4
11 5
0 11
0 6
6 #edges
5 9
5 8
8 4
11 5
0 11
0 6
6 #edges
5 8
8 4
11 5
0 11
0 6
4 9
6 #edges
5 8
9 4
8 9
11 5
0 11
0 6
6 #edges
5 9
9 8
8 4
11 5
0 11
0 6
6 #edges
5 9
9 4
11 5
0 11
0 6
4 8
6 #edges
5 11
9 8
11 9
11 4
0 5
0 6
6 #edges
5 11
11 9
11 4
0 5
0 6
4 8
6 #edges
5 11
11 9
11 8
11 4
0 5
0 6
6 #edges
5 11
8 9
11 8
11 4
0 5
0 6
6 #edges
5 11
11 8
11 4
0 5
0 6
4 9
6 #edges
5 11
9 8
11 4
0 5
0 6
4 9
6 #edges
5 11
8 9
11 4
0 5
0 6
4 8
6 #edges
5 11
8 4
11 8
0 5
0 6
4 9
6 #edges
5 11
8 4
11 9
11 8
0 5
0 6
6 #edges
5 11
9 4
8 9
11 8
0 5
0 6
6 #edges
5 11
9 4
11 9
11 8
0 5
0 6
6 #edges
5 11
9 8
8 4
11 9
0 5
0 6
6 #edges
5 11
9 4
11 9
0 5
0 6
4 8
6 #edges
5 8
5 6
5 4
8 9
11 5
0 11
6 #edges
5 8
5 6
9 4
8 9
11 5
0 11
6 #edges
5 8
5 6
5 4
11 5
0 11
4 9
6 #edges
5 9
5 8
5 6
5 4
11 5
0 11
6 #edges
5 9
5 8
5 6
9 4
11 5
0 11
6 #edges
5 9
5 8
5 6
8 4
11 5
0 11
6 #edges
5 8
5 6
8 4
11 5
0 11
4 9
6 #edges
5 9
5 6
5 4
9 8
11 5
0 11
6 #edges
5 9
5 6
5 4
11 5
0 11
4 8
6 #edges
5 9
5 6
9 4
11 5
0 11
4 8
6 #edges
5 9
5 6
9 8
8 4
11 5
0 11
6 #edges
5 6
5 4
8 9
11 5
0 11
4 8
6 #edges
5 6
5 4
9 8
11 5
0 11
4 9
6 #edges
5 11
11 8
11 6
11 4
0 5
4 9
6 #edges
5 11
9 8
11 6
11 4
0 5
4 9
6 #edges
5 11
11 9
11 6
11 4
0 5
4 8
6 #edges
5 11
11 9
11 8
11 6
11 4
0 5
6 #edges
5 11
9 8
11 9
11 6
11 4
0 5
6 #edges
5 11
8 9
11 8
11 6
11 4
0 5
6 #edges
5 11
8 9
11 6
11 4
0 5
4 8
6 #edges
5 11
9 8
8 4
11 9
11 6
0 5
6 #edges
5 11
9 4
11 9
11 6
0 5
4 8
6 #edges
5 11
9 4
11 9
11 8
11 6
0 5
6 #edges
5 11
8 4
11 9
11 8
11 6
0 5
6 #edges
5 11
9 4
8 9
11 8
11 6
0 5
6 #edges
5 11
8 4
11 8
11 6
0 5
4 9
24 #trees for patient 4
6 #edges
5 8
9 5
11 9
0 6
0 4
4 11
6 #edges
5 9
9 8
11 5
0 6
0 4
4 11
6 #edges
5 11
9 5
11 8
0 6
0 4
4 9
6 #edges
5 8
9 11
11 5
0 6
0 4
4 9
6 #edges
5 9
9 11
11 8
0 6
0 4
4 5
6 #edges
5 11
9 8
11 9
0 6
0 4
4 5
6 #edges
5 11
9 5
11 4
0 9
0 6
4 8
6 #edges
5 4
9 5
11 8
0 9
0 6
4 11
6 #edges
5 11
9 4
11 8
0 9
0 6
4 5
6 #edges
5 8
9 4
11 5
0 9
0 6
4 11
6 #edges
5 8
9 11
11 4
0 9
0 6
4 5
6 #edges
5 4
9 11
11 5
0 9
0 6
4 8
6 #edges
5 4
9 5
11 9
0 11
0 6
4 8
6 #edges
5 8
9 4
11 9
0 11
0 6
4 5
6 #edges
5 8
9 5
11 4
0 11
0 6
4 9
6 #edges
5 9
9 8
11 4
0 11
0 6
4 5
6 #edges
5 4
9 8
11 5
0 11
0 6
4 9
6 #edges
5 9
9 4
11 5
0 11
0 6
4 8
6 #edges
5 9
9 11
11 4
0 5
0 6
4 8
6 #edges
5 9
9 4
11 8
0 5
0 6
4 11
6 #edges
5 4
9 11
11 8
0 5
0 6
4 9
6 #edges
5 4
9 8
11 9
0 5
0 6
4 11
6 #edges
5 11
9 8
11 4
0 5
0 6
4 9
6 #edges
5 11
9 4
11 9
0 5
0 6
4 8
2 #trees for patient 5
6 #edges
5 11
9 4
11 9
0 5
0 6
4 8
6 #edges
5 9
9 4
11 5
0 11
0 6
4 8
12 #trees for patient 6
6 #edges
5 4
9 11
11 5
0 9
0 6
4 8
6 #edges
5 11
9 5
11 4
0 9
0 6
4 8
6 #edges
5 9
9 4
11 5
0 11
0 6
4 8
6 #edges
5 4
9 5
11 9
0 11
0 6
4 8
6 #edges
5 9
9 11
11 4
0 5
0 6
4 8
6 #edges
5 11
9 4
11 9
0 5
0 6
4 8
6 #edges
5 4
9 5
8 6
11 9
0 11
4 8
6 #edges
5 9
9 4
8 6
11 5
0 11
4 8
6 #edges
5 11
9 5
8 6
11 4
0 9
4 8
6 #edges
5 4
9 11
8 6
11 5
0 9
4 8
6 #edges
5 9
9 11
8 6
11 4
0 5
4 8
6 #edges
5 11
9 4
8 6
11 9
0 5
4 8
1 #trees for patient 7
6 #edges
5 11
9 4
11 9
0 5
0 6
4 8
2 #trees for patient 8
6 #edges
5 11
9 4
11 9
0 5
0 6
4 8
6 #edges
5 9
9 11
11 4
0 5
0 6
4 8
2 #trees for patient 9
6 #edges
5 11
9 4
11 9
0 5
0 6
4 8
6 #edges
5 9
9 4
11 5
0 11
0 6
4 8
12 #trees for patient 10
6 #edges
5 11
9 6
11 9
0 5
0 4
4 8
6 #edges
5 11
9 6
11 9
0 5
0 4
6 8
6 #edges
5 11
9 6
8 4
11 9
0 5
0 8
6 #edges
5 11
9 6
11 9
0 5
0 8
6 4
6 #edges
5 11
11 9
0 5
0 6
6 4
4 8
6 #edges
5 11
9 8
11 9
0 5
0 6
6 4
6 #edges
5 11
9 4
11 9
0 5
0 6
6 8
6 #edges
5 11
9 4
11 9
0 5
0 6
4 8
6 #edges
5 11
9 8
8 4
11 9
0 5
0 6
6 #edges
5 11
8 4
11 9
0 5
0 6
6 8
6 #edges
5 11
9 6
11 9
0 5
6 4
4 8
6 #edges
5 11
9 6
8 4
11 9
0 5
6 8
4 #trees for patient 11
6 #edges
5 11
9 8
9 4
11 9
0 5
0 6
6 #edges
5 8
5 11
9 4
11 9
0 5
0 6
6 #edges
5 11
9 4
11 9
0 5
0 6
4 8
6 #edges
5 11
9 4
11 9
11 8
0 5
0 6
12 #trees for patient 12
6 #edges
5 4
9 8
11 5
0 11
0 6
4 9
6 #edges
5 4
8 9
11 5
0 11
0 6
4 8
6 #edges
5 9
9 4
11 5
0 11
0 6
4 8
6 #edges
5 9
9 8
8 4
11 5
0 11
0 6
6 #edges
5 8
9 4
8 9
11 5
0 11
0 6
6 #edges
5 8
8 4
11 5
0 11
0 6
4 9
6 #edges
5 11
9 4
11 9
0 5
0 6
4 8
6 #edges
5 11
9 8
8 4
11 9
0 5
0 6
6 #edges
5 11
9 4
8 9
11 8
0 5
0 6
6 #edges
5 11
8 4
11 8
0 5
0 6
4 9
6 #edges
5 11
8 9
11 4
0 5
0 6
4 8
6 #edges
5 11
9 8
11 4
0 5
0 6
4 9
48 #trees for patient 13
6 #edges
5 9
9 4
11 8
0 5
0 6
4 11
6 #edges
5 9
9 4
8 11
0 5
0 6
4 8
6 #edges
5 9
9 8
8 11
11 4
0 5
0 6
6 #edges
5 9
9 8
8 4
0 5
0 6
4 11
6 #edges
5 9
9 11
11 4
0 5
0 6
4 8
6 #edges
5 9
9 11
8 4
11 8
0 5
0 6
6 #edges
5 8
9 11
8 9
11 4
0 5
0 6
6 #edges
5 8
9 4
8 9
0 5
0 6
4 11
6 #edges
5 8
9 4
8 11
11 9
0 5
0 6
6 #edges
5 8
8 11
11 4
0 5
0 6
4 9
6 #edges
5 8
8 4
11 9
0 5
0 6
4 11
6 #edges
5 8
9 11
8 4
0 5
0 6
4 9
6 #edges
5 11
8 9
11 4
0 5
0 6
4 8
6 #edges
5 11
9 8
11 4
0 5
0 6
4 9
6 #edges
5 11
8 4
11 8
0 5
0 6
4 9
6 #edges
5 11
9 4
8 9
11 8
0 5
0 6
6 #edges
5 11
9 4
11 9
0 5
0 6
4 8
6 #edges
5 11
9 8
8 4
11 9
0 5
0 6
6 #edges
5 4
8 11
11 9
0 5
0 6
4 8
6 #edges
5 4
9 11
8 9
0 5
0 6
4 8
6 #edges
5 4
9 8
11 9
0 5
0 6
4 11
6 #edges
5 4
8 9
11 8
0 5
0 6
4 11
6 #edges
5 4
9 8
8 11
0 5
0 6
4 9
6 #edges
5 4
9 11
11 8
0 5
0 6
4 9
6 #edges
5 4
9 11
8 9
11 6
0 5
4 8
6 #edges
5 4
9 6
8 11
11 9
0 5
4 8
6 #edges
5 4
9 8
8 6
11 9
0 5
4 11
6 #edges
5 4
9 6
8 9
11 8
0 5
4 11
6 #edges
5 4
9 8
8 11
11 6
0 5
4 9
6 #edges
5 4
9 11
8 6
11 8
0 5
4 9
6 #edges
5 9
9 11
8 4
11 8
0 5
4 6
6 #edges
5 9
9 11
8 6
11 4
0 5
4 8
6 #edges
5 9
9 8
8 11
11 4
0 5
4 6
6 #edges
5 9
9 8
8 4
11 6
0 5
4 11
6 #edges
5 9
9 4
8 11
11 6
0 5
4 8
6 #edges
5 9
9 4
8 6
11 8
0 5
4 11
6 #edges
5 11
9 4
8 6
11 9
0 5
4 8
6 #edges
5 11
9 8
8 4
11 9
0 5
4 6
6 #edges
5 11
9 6
8 9
11 4
0 5
4 8
6 #edges
5 11
9 8
8 6
11 4
0 5
4 9
6 #edges
5 11
9 6
8 4
11 8
0 5
4 9
6 #edges
5 11
9 4
8 9
11 8
0 5
4 6
6 #edges
5 8
9 6
8 11
11 4
0 5
4 9
6 #edges
5 8
9 4
8 11
11 9
0 5
4 6
6 #edges
5 8
9 11
8 9
11 4
0 5
4 6
6 #edges
5 8
9 4
8 9
11 6
0 5
4 11
6 #edges
5 8
9 11
8 4
11 6
0 5
4 9
6 #edges
5 8
9 6
8 4
11 9
0 5
4 11
14 #trees for patient 14
6 #edges
5 7
9 5
9 6
0 9
6 8
6 4
6 #edges
5 7
5 4
9 5
9 6
0 9
6 8
6 #edges
5 7
9 5
9 6
8 4
0 9
6 8
6 #edges
7 4
5 7
9 5
9 6
0 9
6 8
6 #edges
7 8
5 7
5 4
9 5
9 6
0 9
6 #edges
5 7
5 4
9 5
9 6
0 9
4 8
6 #edges
5 7
5 8
9 5
9 6
0 9
6 4
6 #edges
5 7
9 5
9 6
0 9
6 4
4 8
6 #edges
7 8
5 7
9 5
9 6
0 9
6 4
6 #edges
7 4
5 7
9 5
9 6
0 9
4 8
6 #edges
7 4
5 7
5 8
9 5
9 6
0 9
6 #edges
7 8
7 4
5 7
9 5
9 6
0 9
6 #edges
5 7
5 8
9 5
9 6
8 4
0 9
6 #edges
7 8
5 7
9 5
9 6
8 4
0 9
13 #trees for patient 15
6 #edges
5 7
9 5
9 6
0 9
0 4
4 8
6 #edges
5 7
5 8
9 5
9 6
0 9
0 4
6 #edges
7 8
5 7
9 5
9 6
0 9
0 4
6 #edges
5 7
9 5
9 6
8 4
0 9
0 8
6 #edges
5 7
5 4
9 5
9 6
0 9
0 8
6 #edges
7 4
5 7
9 5
9 6
0 9
0 8
6 #edges
7 8
5 7
5 4
9 5
9 6
0 9
6 #edges
5 7
5 4
9 5
9 6
0 9
4 8
6 #edges
7 8
7 4
5 7
9 5
9 6
0 9
6 #edges
7 8
5 7
9 5
9 6
8 4
0 9
6 #edges
5 7
5 8
9 5
9 6
8 4
0 9
6 #edges
7 4
5 7
5 8
9 5
9 6
0 9
6 #edges
7 4
5 7
9 5
9 6
0 9
4 8
2 #trees for patient 16
6 #edges
5 7
5 8
9 5
9 6
8 4
0 9
6 #edges
5 7
5 4
9 5
9 6
0 9
4 8
19 #trees for patient 17
6 #edges
5 7
9 5
9 6
0 9
0 4
4 8
6 #edges
5 7
5 8
9 5
9 6
0 9
0 4
6 #edges
7 8
5 7
9 5
9 6
0 9
0 4
6 #edges
5 7
9 5
9 6
8 4
0 9
0 8
6 #edges
7 4
5 7
9 5
9 6
0 9
0 8
6 #edges
5 7
5 4
9 5
9 6
0 9
0 8
6 #edges
7 4
9 5
9 6
0 7
0 9
4 8
6 #edges
7 4
5 8
9 5
9 6
0 7
0 9
6 #edges
7 8
9 5
9 6
8 4
0 7
0 9
6 #edges
7 8
5 4
9 5
9 6
0 7
0 9
6 #edges
5 4
9 5
9 6
0 7
0 9
4 8
6 #edges
5 8
5 4
9 5
9 6
0 7
0 9
6 #edges
5 8
9 5
9 6
8 4
0 7
0 9
6 #edges
7 4
5 7
5 8
9 5
9 6
0 9
6 #edges
5 7
5 8
9 5
9 6
8 4
0 9
6 #edges
7 8
5 7
5 4
9 5
9 6
0 9
6 #edges
5 7
5 4
9 5
9 6
0 9
4 8
6 #edges
7 8
5 7
9 5
9 6
8 4
0 9
6 #edges
7 4
5 7
9 5
9 6
0 9
4 8
2 #trees for patient 18
6 #edges
5 7
5 8
9 5
9 6
0 9
6 4
6 #edges
5 7
5 8
9 5
9 6
8 4
0 9
52 #trees for patient 19
6 #edges
7 4
9 7
9 5
9 8
0 9
0 6
6 #edges
9 7
9 5
9 8
8 4
0 9
0 6
6 #edges
5 4
9 7
9 5
9 8
0 9
0 6
6 #edges
5 7
9 5
9 8
9 4
0 9
0 6
6 #edges
5 7
9 5
9 8
8 4
0 9
0 6
6 #edges
5 7
5 4
9 5
9 8
0 9
0 6
6 #edges
7 4
5 7
9 5
9 8
0 9
0 6
6 #edges
5 4
9 7
9 5
0 9
0 6
4 8
6 #edges
5 7
5 4
9 5
0 9
0 6
4 8
6 #edges
7 8
5 4
9 7
9 5
0 9
0 6
6 #edges
5 8
5 4
9 7
9 5
0 9
0 6
6 #edges
7 8
5 7
5 4
9 5
0 9
0 6
6 #edges
5 7
5 8
9 5
9 4
0 9
0 6
6 #edges
7 8
5 7
9 5
9 4
0 9
0 6
6 #edges
5 7
9 5
9 4
0 9
0 6
4 8
6 #edges
7 4
5 7
5 8
9 5
0 9
0 6
6 #edges
7 4
5 7
9 5
0 9
0 6
4 8
6 #edges
7 8
5 7
9 5
8 4
0 9
0 6
6 #edges
5 7
5 8
9 5
8 4
0 9
0 6
6 #edges
5 8
9 7
9 5
9 4
0 9
0 6
6 #edges
7 8
9 7
9 5
9 4
0 9
0 6
6 #edges
9 7
9 5
9 4
0 9
0 6
4 8
6 #edges
7 4
9 7
9 5
0 9
0 6
4 8
6 #edges
7 4
5 8
9 7
9 5
0 9
0 6
6 #edges
7 8
9 7
9 5
8 4
0 9
0 6
6 #edges
5 8
9 7
9 5
8 4
0 9
0 6
6 #edges
9 7
9 5
9 8
9 6
8 4
0 9
6 #edges
5 7
9 5
9 8
9 6
8 4
0 9
6 #edges
5 7
9 5
9 8
9 6
9 4
0 9
6 #edges
7 4
5 7
9 5
9 8
9 6
0 9
6 #edges
5 7
5 4
9 5
9 8
9 6
0 9
6 #edges
5 4
9 7
9 5
9 8
9 6
0 9
6 #edges
7 4
9 7
9 5
9 8
9 6
0 9
6 #edges
7 8
5 7
9 5
9 6
9 4
0 9
6 #edges
7 8
5 7
9 5
9 6
8 4
0 9
6 #edges
7 8
5 7
5 4
9 5
9 6
0 9
6 #edges
7 4
5 7
5 8
9 5
9 6
0 9
6 #edges
7 4
5 7
9 5
9 6
0 9
4 8
6 #edges
5 7
5 8
9 5
9 6
9 4
0 9
6 #edges
5 7
5 8
9 5
9 6
8 4
0 9
6 #edges
5 7
9 5
9 6
9 4
0 9
4 8
6 #edges
5 7
5 4
9 5
9 6
0 9
4 8
6 #edges
5 8
9 7
9 5
9 6
9 4
0 9
6 #edges
9 7
9 5
9 6
9 4
0 9
4 8
6 #edges
7 8
9 7
9 5
9 6
9 4
0 9
6 #edges
5 4
9 7
9 5
9 6
0 9
4 8
6 #edges
5 8
5 4
9 7
9 5
9 6
0 9
6 #edges
7 8
5 4
9 7
9 5
9 6
0 9
6 #edges
5 8
9 7
9 5
9 6
8 4
0 9
6 #edges
7 4
5 8
9 7
9 5
9 6
0 9
6 #edges
7 4
9 7
9 5
9 6
0 9
4 8
6 #edges
7 8
9 7
9 5
9 6
8 4
0 9
4 #trees for patient 20
6 #edges
5 4
9 7
9 5
9 6
0 9
4 8
6 #edges
5 8
9 7
9 5
9 6
8 4
0 9
6 #edges
5 7
5 8
9 5
9 6
8 4
0 9
6 #edges
5 7
5 4
9 5
9 6
0 9
4 8
4 #trees for patient 21
6 #edges
5 4
9 5
9 6
0 7
0 9
4 8
6 #edges
5 8
9 5
9 6
8 4
0 7
0 9
6 #edges
5 7
5 8
9 5
9 6
8 4
0 9
6 #edges
5 7
5 4
9 5
9 6
0 9
4 8
2 #trees for patient 22
6 #edges
5 8
9 7
9 5
9 6
8 4
0 9
6 #edges
5 7
5 8
9 5
9 6
8 4
0 9
2 #trees for patient 23
6 #edges
5 7
5 8
9 5
9 6
8 4
0 9
6 #edges
5 7
5 4
9 5
9 6
0 9
4 8
6 #trees for patient 24
6 #edges
5 7
5 8
9 5
9 6
8 4
0 9
6 #edges
5 7
5 4
9 5
9 6
0 9
4 8
6 #edges
5 4
9 7
9 5
9 6
0 9
4 8
6 #edges
5 4
9 5
9 6
8 7
0 9
4 8
6 #edges
5 8
9 7
9 5
9 6
8 4
0 9
6 #edges
5 8
9 5
9 6
8 4
0 9
4 7
8 #trees for patient 25
6 #edges
5 8
9 5
9 6
8 4
0 7
0 9
6 #edges
5 8
9 5
9 6
0 9
0 4
4 7
6 #edges
5 8
9 5
9 6
0 9
0 4
6 7
6 #edges
5 7
5 8
9 5
9 6
0 9
0 4
6 #edges
5 8
9 5
9 6
8 7
0 9
0 4
6 #edges
5 8
9 5
9 6
8 4
0 9
6 7
6 #edges
5 7
5 8
9 5
9 6
8 4
0 9
6 #edges
5 8
9 5
9 6
8 4
0 9
4 7
6 #trees for patient 26
6 #edges
5 7
5 8
9 5
9 6
8 4
0 9
6 #edges
5 7
5 8
9 5
9 6
0 9
6 4
6 #edges
5 7
5 8
5 4
9 5
9 6
0 9
6 #edges
5 7
5 4
9 5
9 6
0 9
6 8
6 #edges
5 7
9 5
9 6
8 4
0 9
6 8
6 #edges
5 7
9 5
9 6
0 9
6 8
6 4
6 #trees for patient 27
6 #edges
5 8
9 5
9 6
8 4
0 7
0 9
6 #edges
5 8
9 5
8 4
0 9
0 6
6 7
6 #edges
5 8
9 7
9 5
8 4
0 9
0 6
6 #edges
5 7
5 8
9 5
8 4
0 9
0 6
6 #edges
5 8
9 5
9 6
8 4
0 9
6 7
6 #edges
5 7
5 8
9 5
9 6
8 4
0 9
1 #trees for patient 28
6 #edges
5 7
5 8
9 5
9 6
8 4
0 9
2 #trees for patient 29
6 #edges
5 8
9 5
9 6
8 4
0 9
6 7
6 #edges
5 7
5 8
9 5
9 6
8 4
0 9
8 #trees for patient 30
6 #edges
5 2
5 1
3 10
0 7
0 5
1 3
6 #edges
5 2
5 10
5 1
0 7
0 5
1 3
6 #edges
5 2
5 10
5 1
2 7
0 5
1 3
6 #edges
5 2
5 1
3 10
2 7
0 5
1 3
6 #edges
5 2
5 10
5 1
0 5
1 7
1 3
6 #edges
5 2
5 1
3 10
0 5
1 7
1 3
6 #edges
5 2
5 10
5 1
3 7
0 5
1 3
6 #edges
5 2
5 1
3 7
3 10
0 5
1 3
6 #trees for patient 31
6 #edges
5 2
5 10
5 1
0 7
0 5
1 3
6 #edges
5 2
5 10
5 1
0 7
0 5
10 3
6 #edges
5 2
5 10
5 1
0 5
10 3
1 7
6 #edges
5 2
5 10
5 1
3 7
0 5
1 3
6 #edges
5 2
5 10
5 1
0 5
10 7
1 3
6 #edges
5 2
5 10
5 1
3 7
0 5
10 3
3 #trees for patient 32
6 #edges
5 2
5 10
5 1
0 7
0 5
1 3
6 #edges
5 10
5 1
0 7
0 5
10 2
1 3
6 #edges
5 10
5 1
0 7
0 5
1 3
1 2
2 #trees for patient 33
6 #edges
5 2
5 10
5 1
0 7
0 5
1 3
6 #edges
5 2
5 1
2 10
0 7
0 5
1 3
8 #trees for patient 34
6 #edges
5 3
5 2
5 10
3 1
0 7
0 5
6 #edges
5 3
5 2
5 10
0 7
0 5
10 1
6 #edges
5 2
5 10
5 1
0 7
0 5
10 3
6 #edges
5 2
5 10
5 1
0 7
0 5
1 3
6 #edges
5 2
5 10
3 1
0 7
0 5
10 3
6 #edges
5 2
5 10
0 7
0 5
10 1
1 3
6 #edges
5 7
5 2
5 10
0 5
10 1
1 3
6 #edges
5 7
5 2
5 10
3 1
0 5
10 3
13 #trees for patient 35
6 #edges
7 3
5 2
5 10
3 1
0 7
0 5
6 #edges
7 3
5 2
5 10
5 1
0 7
0 5
6 #edges
7 3
5 2
5 10
0 7
0 5
10 1
6 #edges
7 1
5 2
5 10
0 7
0 5
1 3
6 #edges
7 1
5 2
5 10
0 7
0 5
10 3
6 #edges
7 1
5 3
5 2
5 10
0 7
0 5
6 #edges
5 3
5 2
5 10
3 1
0 7
0 5
6 #edges
5 3
5 2
5 10
0 7
0 5
10 1
6 #edges
5 2
5 10
5 1
0 7
0 5
1 3
6 #edges
5 2
5 10
5 1
0 7
0 5
10 3
6 #edges
5 2
5 10
0 7
0 5
10 3
10 1
6 #edges
5 2
5 10
0 7
0 5
10 1
1 3
6 #edges
5 2
5 10
3 1
0 7
0 5
10 3
2 #trees for patient 36
6 #edges
5 2
5 10
5 1
0 7
0 5
1 3
6 #edges
5 2
5 10
5 1
0 7
0 5
10 3
4 #trees for patient 37
6 #edges
5 3
5 2
5 10
3 1
0 7
0 5
6 #edges
5 2
5 10
5 1
0 7
0 5
1 3
6 #edges
5 7
5 3
5 2
5 10
3 1
0 5
6 #edges
5 7
5 2
5 10
5 1
0 5
1 3
6 #trees for patient 38
6 #edges
7 9
3 2
8 7
8 3
2 1
0 8
6 #edges
3 9
3 2
8 7
8 3
2 1
0 8
6 #edges
3 2
8 7
8 3
2 1
0 8
1 9
6 #edges
7 9
3 1
8 7
8 3
0 8
1 2
6 #edges
3 1
8 7
8 3
2 9
0 8
1 2
6 #edges
3 9
3 1
8 7
8 3
0 8
1 2
2 #trees for patient 39
6 #edges
3 9
3 2
8 7
8 3
2 1
0 8
6 #edges
3 9
3 1
8 7
8 3
0 8
1 2
6 #trees for patient 40
6 #edges
7 2
3 9
3 1
8 7
8 3
0 8
6 #edges
7 9
3 1
9 2
8 7
8 3
0 8
6 #edges
7 9
3 1
8 7
8 3
0 8
1 2
6 #edges
7 9
3 2
3 1
8 7
8 3
0 8
6 #edges
3 9
3 1
9 2
8 7
8 3
0 8
6 #edges
3 9
3 1
8 7
8 3
0 8
1 2
8 #trees for patient 41
6 #edges
3 1
8 3
8 2
0 9
0 8
1 7
6 #edges
3 1
8 7
8 3
0 9
0 8
1 2
6 #edges
7 2
3 1
8 7
8 3
0 9
0 8
6 #edges
7 2
3 1
8 3
0 9
0 8
1 7
6 #edges
3 9
3 1
8 3
8 2
0 8
1 7
6 #edges
7 2
3 9
3 1
8 7
8 3
0 8
6 #edges
3 9
3 1
8 7
8 3
0 8
1 2
6 #edges
7 2
3 9
3 1
8 3
0 8
1 7
1 #trees for patient 42
6 #edges
3 9
3 1
8 7
8 3
0 8
1 2
6 #trees for patient 43
6 #edges
3 9
3 1
8 7
8 3
8 2
0 8
6 #edges
3 1
8 7
8 3
8 2
0 8
1 9
6 #edges
7 2
3 9
3 1
8 7
8 3
0 8
6 #edges
3 9
3 1
8 7
8 3
0 8
1 2
6 #edges
3 1
8 7
8 3
0 8
1 9
1 2
6 #edges
7 2
3 1
8 7
8 3
0 8
1 9
2 #trees for patient 44
6 #edges
7 2
3 9
3 1
8 7
8 3
0 8
6 #edges
3 9
3 1
8 7
8 3
0 8
1 2
4 #trees for patient 45
6 #edges
3 9
3 2
8 3
2 1
0 7
0 8
6 #edges
3 9
3 1
8 3
0 7
0 8
1 2
6 #edges
3 9
3 2
8 7
8 3
2 1
0 8
6 #edges
3 9
3 1
8 7
8 3
0 8
1 2
2 #trees for patient 46
6 #edges
3 9
3 2
8 7
8 3
2 1
0 8
6 #edges
3 9
3 1
8 7
8 3
0 8
1 2
2 #trees for patient 47
6 #edges
3 9
3 1
9 2
8 7
8 3
0 8
6 #edges
3 9
3 1
8 7
8 3
0 8
1 2
2 #trees for patient 48
6 #edges
3 9
3 1
8 7
8 3
0 8
1 2
6 #edges
3 1
8 7
8 3
2 9
0 8
1 2
2 #trees for patient 49
6 #edges
3 9
3 1
8 7
8 3
0 8
1 2
6 #edges
7 9
3 1
8 7
8 3
0 8
1 2
