50 # patients
141 #trees for patient 0
6 #edges
0 6
0 4
0 5
4 9
11 8
5 11
6 #edges
0 6
0 4
0 5
6 8
4 9
5 11
6 #edges
0 6
0 4
0 5
6 11
4 9
11 8
6 #edges
0 6
0 4
0 5
6 11
4 9
5 8
6 #edges
0 6
0 4
0 5
6 11
5 8
5 9
6 #edges
0 6
0 4
0 5
6 11
11 8
5 9
6 #edges
0 6
0 4
0 5
11 8
11 9
5 11
6 #edges
0 6
0 4
0 5
8 9
11 8
5 11
6 #edges
0 6
0 4
0 5
6 9
11 8
5 11
6 #edges
0 6
0 4
0 5
6 8
11 9
5 11
6 #edges
0 6
0 4
0 5
6 8
8 9
5 11
6 #edges
0 6
0 4
0 5
6 8
6 9
5 11
6 #edges
0 6
0 4
0 5
6 9
6 11
5 8
6 #edges
0 6
0 4
0 5
6 9
6 11
11 8
6 #edges
0 6
0 4
0 5
6 11
8 9
5 8
6 #edges
0 6
0 4
0 5
6 11
11 9
5 8
6 #edges
0 6
0 4
0 5
6 11
11 8
11 9
6 #edges
0 6
0 4
0 5
6 11
8 9
11 8
6 #edges
0 6
0 9
0 5
6 8
9 4
5 11
6 #edges
0 6
0 9
0 5
6 11
9 4
5 8
6 #edges
0 6
0 9
0 5
6 11
9 4
11 8
6 #edges
0 6
0 9
0 5
9 4
11 8
5 11
6 #edges
0 6
0 9
0 5
6 4
6 11
11 8
6 #edges
0 6
0 9
0 5
6 4
6 11
5 8
6 #edges
0 6
0 9
0 5
6 11
11 8
11 4
6 #edges
0 6
0 9
0 5
6 11
8 4
11 8
6 #edges
0 6
0 9
0 5
6 11
11 8
5 4
6 #edges
0 6
0 9
0 5
6 11
11 4
5 8
6 #edges
0 6
0 9
0 5
6 11
5 8
5 4
6 #edges
0 6
0 9
0 5
6 11
8 4
5 8
6 #edges
0 6
0 9
0 5
6 8
6 4
5 11
6 #edges
0 6
0 9
0 5
6 8
8 4
5 11
6 #edges
0 6
0 9
0 5
6 8
11 4
5 11
6 #edges
0 6
0 9
0 5
6 4
11 8
5 11
6 #edges
0 6
0 9
0 5
11 8
11 4
5 11
6 #edges
0 6
0 9
0 5
8 4
11 8
5 11
6 #edges
0 6
0 8
0 5
6 4
11 9
5 11
6 #edges
0 6
0 8
0 5
8 4
11 9
5 11
6 #edges
0 6
0 8
0 5
11 9
11 4
5 11
6 #edges
0 6
0 8
0 5
9 4
11 9
5 11
6 #edges
0 6
0 8
0 5
8 9
11 4
5 11
6 #edges
0 6
0 8
0 5
8 9
9 4
5 11
6 #edges
0 6
0 8
0 5
6 4
8 9
5 11
6 #edges
0 6
0 8
0 5
6 9
11 4
5 11
6 #edges
0 6
0 8
0 5
4 9
11 4
5 11
6 #edges
0 6
0 8
0 5
8 4
4 9
5 11
6 #edges
0 6
0 8
0 5
6 9
8 4
5 11
6 #edges
0 6
0 8
0 5
6 4
4 9
5 11
6 #edges
0 6
0 8
0 5
6 9
6 4
5 11
6 #edges
0 6
0 8
0 5
6 9
9 4
5 11
6 #edges
0 6
0 8
0 5
6 11
8 4
5 9
6 #edges
0 6
0 8
0 5
6 11
8 4
4 9
6 #edges
0 6
0 8
0 5
6 9
6 11
8 4
6 #edges
0 6
0 8
0 5
6 11
8 4
11 9
6 #edges
0 6
0 8
0 5
6 11
5 9
5 4
6 #edges
0 6
0 8
0 5
6 11
11 4
5 9
6 #edges
0 6
0 8
0 5
6 4
6 11
5 9
6 #edges
0 6
0 8
0 5
6 11
9 4
5 9
6 #edges
0 6
0 8
0 5
6 11
8 9
5 4
6 #edges
0 6
0 8
0 5
6 11
8 9
11 4
6 #edges
0 6
0 8
0 5
6 4
6 11
8 9
6 #edges
0 6
0 8
0 5
6 11
8 9
9 4
6 #edges
0 6
0 8
0 5
6 11
4 9
5 4
6 #edges
0 6
0 8
0 5
6 9
6 11
5 4
6 #edges
0 6
0 8
0 5
6 11
11 9
5 4
6 #edges
0 6
0 8
0 5
6 4
6 11
11 9
6 #edges
0 6
0 8
0 5
6 11
9 4
11 9
6 #edges
0 6
0 8
0 5
6 11
11 9
11 4
6 #edges
0 6
0 8
0 5
6 9
6 11
11 4
6 #edges
0 6
0 8
0 5
6 9
6 11
9 4
6 #edges
0 6
0 8
0 5
6 11
4 9
11 4
6 #edges
0 6
0 8
0 5
6 4
6 11
4 9
6 #edges
0 6
0 5
6 8
6 9
8 4
5 11
6 #edges
0 6
0 5
6 8
6 9
6 4
5 11
6 #edges
0 6
0 5
6 8
6 9
9 4
5 11
6 #edges
0 6
0 5
6 8
6 9
11 4
5 11
6 #edges
0 6
0 5
6 8
8 9
11 4
5 11
6 #edges
0 6
0 5
6 8
8 9
9 4
5 11
6 #edges
0 6
0 5
6 8
6 4
8 9
5 11
6 #edges
0 6
0 5
6 8
6 4
11 9
5 11
6 #edges
0 6
0 5
6 8
6 4
4 9
5 11
6 #edges
0 6
0 5
6 8
11 9
11 4
5 11
6 #edges
0 6
0 5
6 8
4 9
11 4
5 11
6 #edges
0 6
0 5
6 8
8 4
4 9
5 11
6 #edges
0 6
0 5
6 8
8 4
11 9
5 11
6 #edges
0 6
0 5
6 8
9 4
11 9
5 11
6 #edges
0 6
0 5
6 4
6 11
4 9
11 8
6 #edges
0 6
0 5
6 4
6 11
4 9
5 8
6 #edges
0 6
0 5
6 4
6 11
5 8
5 9
6 #edges
0 6
0 5
6 4
6 11
11 8
5 9
6 #edges
0 6
0 5
6 4
6 11
8 9
5 8
6 #edges
0 6
0 5
6 4
6 11
11 9
5 8
6 #edges
0 6
0 5
6 4
6 11
11 8
11 9
6 #edges
0 6
0 5
6 4
6 11
8 9
11 8
6 #edges
0 6
0 5
6 11
11 9
11 4
5 8
6 #edges
0 6
0 5
6 11
4 9
11 8
11 4
6 #edges
0 6
0 5
6 11
8 9
11 8
11 4
6 #edges
0 6
0 5
6 11
11 8
11 4
5 9
6 #edges
0 6
0 5
6 9
6 11
11 8
11 4
6 #edges
0 6
0 5
6 11
11 4
5 8
5 9
6 #edges
0 6
0 5
6 11
4 9
11 4
5 8
6 #edges
0 6
0 5
6 9
6 11
11 4
5 8
6 #edges
0 6
0 5
6 11
8 9
11 4
5 8
6 #edges
0 6
0 5
6 9
6 11
8 4
11 8
6 #edges
0 6
0 5
6 11
8 4
4 9
11 8
6 #edges
0 6
0 5
6 11
8 4
11 8
5 9
6 #edges
0 6
0 5
6 11
8 4
11 8
11 9
6 #edges
0 6
0 5
6 9
6 11
11 8
5 4
6 #edges
0 6
0 5
6 9
6 11
9 4
11 8
6 #edges
0 6
0 5
6 11
9 4
11 8
11 9
6 #edges
0 6
0 5
6 11
11 8
11 9
5 4
6 #edges
0 6
0 5
6 11
11 8
5 9
5 4
6 #edges
0 6
0 5
6 11
8 9
11 8
5 4
6 #edges
0 6
0 5
6 11
4 9
11 8
5 4
6 #edges
0 6
0 5
6 11
8 9
9 4
11 8
6 #edges
0 6
0 5
6 11
9 4
11 8
5 9
6 #edges
0 6
0 5
6 11
9 4
11 9
5 8
6 #edges
0 6
0 5
6 11
11 9
5 8
5 4
6 #edges
0 6
0 5
6 11
8 4
11 9
5 8
6 #edges
0 6
0 5
6 11
8 4
5 8
5 9
6 #edges
0 6
0 5
6 11
9 4
5 8
5 9
6 #edges
0 6
0 5
6 9
6 11
5 8
5 4
6 #edges
0 6
0 5
6 9
6 11
9 4
5 8
6 #edges
0 6
0 5
6 9
6 11
8 4
5 8
6 #edges
0 6
0 5
6 11
8 9
5 8
5 4
6 #edges
0 6
0 5
6 11
4 9
5 8
5 4
6 #edges
0 6
0 5
6 11
8 9
9 4
5 8
6 #edges
0 6
0 5
6 11
8 4
4 9
5 8
6 #edges
0 6
0 5
6 9
6 4
11 8
5 11
6 #edges
0 6
0 5
6 9
9 4
11 8
5 11
6 #edges
0 6
0 5
6 9
11 8
11 4
5 11
6 #edges
0 6
0 5
6 9
8 4
11 8
5 11
6 #edges
0 6
0 5
6 4
4 9
11 8
5 11
6 #edges
0 6
0 5
6 4
11 8
11 9
5 11
6 #edges
0 6
0 5
6 4
8 9
11 8
5 11
6 #edges
0 6
0 5
9 4
11 8
11 9
5 11
6 #edges
0 6
0 5
8 4
11 8
11 9
5 11
6 #edges
0 6
0 5
8 9
11 8
11 4
5 11
6 #edges
0 6
0 5
4 9
11 8
11 4
5 11
6 #edges
0 6
0 5
8 4
4 9
11 8
5 11
6 #edges
0 6
0 5
8 9
9 4
11 8
5 11
48 #trees for patient 1
6 #edges
0 6
0 8
0 9
9 4
4 5
5 11
6 #edges
0 6
0 8
0 9
9 4
4 11
11 5
6 #edges
0 6
0 8
0 9
9 5
11 4
5 11
6 #edges
0 6
0 8
0 9
9 5
4 11
5 4
6 #edges
0 6
0 8
0 9
9 11
11 5
5 4
6 #edges
0 6
0 8
0 9
9 11
4 5
11 4
6 #edges
0 6
0 8
0 4
4 5
11 9
5 11
6 #edges
0 6
0 8
0 4
9 11
4 5
5 9
6 #edges
0 6
0 8
0 4
9 11
4 9
11 5
6 #edges
0 6
0 8
0 4
9 5
4 9
5 11
6 #edges
0 6
0 8
0 4
4 11
11 5
5 9
6 #edges
0 6
0 8
0 4
9 5
4 11
11 9
6 #edges
0 6
0 8
0 11
4 5
11 4
5 9
6 #edges
0 6
0 8
0 11
9 5
4 9
11 4
6 #edges
0 6
0 8
0 11
4 9
11 5
5 4
6 #edges
0 6
0 8
0 11
9 4
11 5
5 9
6 #edges
0 6
0 8
0 11
9 4
4 5
11 9
6 #edges
0 6
0 8
0 11
9 5
11 9
5 4
6 #edges
0 6
0 8
0 5
4 11
11 9
5 4
6 #edges
0 6
0 8
0 5
9 11
4 9
5 4
6 #edges
0 6
0 8
0 5
9 4
4 11
5 9
6 #edges
0 6
0 8
0 5
9 11
11 4
5 9
6 #edges
0 6
0 8
0 5
9 4
11 9
5 11
6 #edges
0 6
0 8
0 5
4 9
11 4
5 11
6 #edges
0 8
0 5
9 6
4 11
11 9
5 4
6 #edges
0 8
0 5
9 11
4 9
11 6
5 4
6 #edges
0 8
0 5
9 4
4 11
11 6
5 9
6 #edges
0 8
0 5
9 11
4 6
11 4
5 9
6 #edges
0 8
0 5
9 4
4 6
11 9
5 11
6 #edges
0 8
0 5
9 6
4 9
11 4
5 11
6 #edges
0 8
0 11
9 4
4 5
11 9
5 6
6 #edges
0 8
0 11
9 5
4 6
11 9
5 4
6 #edges
0 8
0 11
9 4
4 6
11 5
5 9
6 #edges
0 8
0 11
9 6
4 9
11 5
5 4
6 #edges
0 8
0 11
9 5
4 9
11 4
5 6
6 #edges
0 8
0 11
9 6
4 5
11 4
5 9
6 #edges
0 8
0 4
9 11
4 5
11 6
5 9
6 #edges
0 8
0 4
9 6
4 5
11 9
5 11
6 #edges
0 8
0 4
9 5
4 11
11 9
5 6
6 #edges
0 8
0 4
9 6
4 11
11 5
5 9
6 #edges
0 8
0 4
9 5
4 9
11 6
5 11
6 #edges
0 8
0 4
9 11
4 9
11 5
5 6
6 #edges
0 8
0 9
9 5
4 11
11 6
5 4
6 #edges
0 8
0 9
9 5
4 6
11 4
5 11
6 #edges
0 8
0 9
9 4
4 11
11 5
5 6
6 #edges
0 8
0 9
9 4
4 5
11 6
5 11
6 #edges
0 8
0 9
9 11
4 5
11 4
5 6
6 #edges
0 8
0 9
9 11
4 6
11 5
5 4
12 #trees for patient 2
6 #edges
0 6
0 8
0 5
6 9
4 11
5 4
6 #edges
0 6
0 8
0 5
4 11
11 9
5 4
6 #edges
0 6
0 8
0 5
6 9
11 4
5 11
6 #edges
0 6
0 8
0 5
4 9
11 4
5 11
6 #edges
0 6
0 8
0 11
6 9
11 5
5 4
6 #edges
0 6
0 8
0 11
4 9
11 5
5 4
6 #edges
0 6
0 8
0 11
6 9
4 5
11 4
6 #edges
0 6
0 8
0 11
4 5
11 4
5 9
6 #edges
0 6
0 8
0 4
6 9
4 11
11 5
6 #edges
0 6
0 8
0 4
6 9
4 5
5 11
6 #edges
0 6
0 8
0 4
4 5
11 9
5 11
6 #edges
0 6
0 8
0 4
4 11
11 5
5 9
4 #trees for patient 3
6 #edges
0 6
0 8
0 5
9 4
11 9
5 11
6 #edges
0 6
0 8
0 5
4 9
11 4
5 11
6 #edges
0 8
0 5
9 4
11 6
11 9
5 11
6 #edges
0 8
0 5
4 9
11 6
11 4
5 11
120 #trees for patient 4
6 #edges
0 6
0 8
0 5
6 4
4 11
5 9
6 #edges
0 6
0 8
0 5
6 4
9 11
5 9
6 #edges
0 6
0 8
0 5
9 4
4 11
5 9
6 #edges
0 6
0 8
0 5
6 11
9 4
5 9
6 #edges
0 6
0 8
0 5
6 11
11 4
5 9
6 #edges
0 6
0 8
0 5
9 11
11 4
5 9
6 #edges
0 6
0 8
0 5
6 9
9 4
5 11
6 #edges
0 6
0 8
0 5
6 9
11 4
5 11
6 #edges
0 6
0 8
0 5
6 4
11 9
5 11
6 #edges
0 6
0 8
0 5
9 4
11 9
5 11
6 #edges
0 6
0 8
0 5
4 9
11 4
5 11
6 #edges
0 6
0 8
0 5
6 4
4 9
5 11
6 #edges
0 6
0 8
0 5
4 11
11 9
5 4
6 #edges
0 6
0 8
0 5
6 9
4 11
5 4
6 #edges
0 6
0 8
0 5
9 11
4 9
5 4
6 #edges
0 6
0 8
0 5
6 11
4 9
5 4
6 #edges
0 6
0 8
0 5
6 11
11 9
5 4
6 #edges
0 6
0 8
0 5
6 9
9 11
5 4
6 #edges
0 6
0 8
0 5
6 9
9 11
11 4
6 #edges
0 6
0 8
0 5
6 9
9 4
4 11
6 #edges
0 6
0 8
0 5
6 11
4 9
11 4
6 #edges
0 6
0 8
0 5
6 11
9 4
11 9
6 #edges
0 6
0 8
0 5
6 4
4 11
11 9
6 #edges
0 6
0 8
0 5
6 4
9 11
4 9
6 #edges
0 6
0 8
0 11
6 4
11 5
5 9
6 #edges
0 6
0 8
0 11
9 4
11 5
5 9
6 #edges
0 6
0 8
0 11
6 9
11 5
5 4
6 #edges
0 6
0 8
0 11
6 9
9 4
11 5
6 #edges
0 6
0 8
0 11
6 4
4 9
11 5
6 #edges
0 6
0 8
0 11
4 9
11 5
5 4
6 #edges
0 6
0 8
0 11
4 5
11 4
5 9
6 #edges
0 6
0 8
0 11
6 9
4 5
11 4
6 #edges
0 6
0 8
0 11
6 5
4 9
11 4
6 #edges
0 6
0 8
0 11
9 5
4 9
11 4
6 #edges
0 6
0 8
0 11
6 9
9 5
11 4
6 #edges
0 6
0 8
0 11
6 5
11 4
5 9
6 #edges
0 6
0 8
0 11
9 4
4 5
11 9
6 #edges
0 6
0 8
0 11
6 5
9 4
11 9
6 #edges
0 6
0 8
0 11
6 4
4 5
11 9
6 #edges
0 6
0 8
0 11
6 4
9 5
11 9
6 #edges
0 6
0 8
0 11
9 5
11 9
5 4
6 #edges
0 6
0 8
0 11
6 5
11 9
5 4
6 #edges
0 6
0 8
0 11
6 9
9 4
4 5
6 #edges
0 6
0 8
0 11
6 9
9 5
5 4
6 #edges
0 6
0 8
0 11
6 4
4 5
5 9
6 #edges
0 6
0 8
0 11
6 4
9 5
4 9
6 #edges
0 6
0 8
0 11
6 5
9 4
5 9
6 #edges
0 6
0 8
0 11
6 5
4 9
5 4
6 #edges
0 6
0 8
0 4
6 5
4 11
11 9
6 #edges
0 6
0 8
0 4
9 5
4 11
11 9
6 #edges
0 6
0 8
0 4
4 11
11 5
5 9
6 #edges
0 6
0 8
0 4
6 9
4 11
11 5
6 #edges
0 6
0 8
0 4
6 5
4 11
5 9
6 #edges
0 6
0 8
0 4
6 9
9 5
4 11
6 #edges
0 6
0 8
0 4
4 5
11 9
5 11
6 #edges
0 6
0 8
0 4
6 9
4 5
5 11
6 #edges
0 6
0 8
0 4
6 11
4 5
5 9
6 #edges
0 6
0 8
0 4
9 11
4 5
5 9
6 #edges
0 6
0 8
0 4
6 11
4 5
11 9
6 #edges
0 6
0 8
0 4
6 9
9 11
4 5
6 #edges
0 6
0 8
0 4
9 11
4 9
11 5
6 #edges
0 6
0 8
0 4
6 5
9 11
4 9
6 #edges
0 6
0 8
0 4
6 11
4 9
11 5
6 #edges
0 6
0 8
0 4
6 11
9 5
4 9
6 #edges
0 6
0 8
0 4
6 5
4 9
5 11
6 #edges
0 6
0 8
0 4
9 5
4 9
5 11
6 #edges
0 6
0 8
0 4
6 9
9 11
11 5
6 #edges
0 6
0 8
0 4
6 9
9 5
5 11
6 #edges
0 6
0 8
0 4
6 5
11 9
5 11
6 #edges
0 6
0 8
0 4
6 5
9 11
5 9
6 #edges
0 6
0 8
0 4
6 11
11 5
5 9
6 #edges
0 6
0 8
0 4
6 11
9 5
11 9
6 #edges
0 6
0 8
0 9
9 4
4 5
5 11
6 #edges
0 6
0 8
0 9
6 11
9 4
4 5
6 #edges
0 6
0 8
0 9
6 5
9 4
4 11
6 #edges
0 6
0 8
0 9
9 4
4 11
11 5
6 #edges
0 6
0 8
0 9
6 11
9 4
11 5
6 #edges
0 6
0 8
0 9
6 5
9 4
5 11
6 #edges
0 6
0 8
0 9
6 11
9 5
11 4
6 #edges
0 6
0 8
0 9
6 11
9 5
5 4
6 #edges
0 6
0 8
0 9
6 4
9 5
5 11
6 #edges
0 6
0 8
0 9
9 5
11 4
5 11
6 #edges
0 6
0 8
0 9
9 5
4 11
5 4
6 #edges
0 6
0 8
0 9
6 4
9 5
4 11
6 #edges
0 6
0 8
0 9
6 4
9 11
4 5
6 #edges
0 6
0 8
0 9
6 4
9 11
11 5
6 #edges
0 6
0 8
0 9
6 4
4 11
11 5
6 #edges
0 6
0 8
0 9
6 4
4 5
5 11
6 #edges
0 6
0 8
0 9
6 5
9 11
5 4
6 #edges
0 6
0 8
0 9
6 5
9 11
11 4
6 #edges
0 6
0 8
0 9
6 5
11 4
5 11
6 #edges
0 6
0 8
0 9
6 5
4 11
5 4
6 #edges
0 6
0 8
0 9
9 11
4 5
11 4
6 #edges
0 6
0 8
0 9
9 11
11 5
5 4
6 #edges
0 6
0 8
0 9
6 11
11 5
5 4
6 #edges
0 6
0 8
0 9
6 11
4 5
11 4
6 #edges
0 6
0 8
6 4
9 11
4 9
11 5
6 #edges
0 6
0 8
6 4
9 5
4 9
5 11
6 #edges
0 6
0 8
6 4
9 11
4 5
5 9
6 #edges
0 6
0 8
6 4
4 5
11 9
5 11
6 #edges
0 6
0 8
6 4
4 11
11 5
5 9
6 #edges
0 6
0 8
6 4
9 5
4 11
11 9
6 #edges
0 6
0 8
6 11
4 5
11 4
5 9
6 #edges
0 6
0 8
6 11
9 5
4 9
11 4
6 #edges
0 6
0 8
6 11
9 4
11 5
5 9
6 #edges
0 6
0 8
6 11
4 9
11 5
5 4
6 #edges
0 6
0 8
6 11
9 5
11 9
5 4
6 #edges
0 6
0 8
6 11
9 4
4 5
11 9
6 #edges
0 6
0 8
6 5
9 11
4 9
5 4
6 #edges
0 6
0 8
6 5
4 11
11 9
5 4
6 #edges
0 6
0 8
6 5
9 4
11 9
5 11
6 #edges
0 6
0 8
6 5
4 9
11 4
5 11
6 #edges
0 6
0 8
6 5
9 4
4 11
5 9
6 #edges
0 6
0 8
6 5
9 11
11 4
5 9
6 #edges
0 6
0 8
6 9
9 11
11 5
5 4
6 #edges
0 6
0 8
6 9
9 11
4 5
11 4
6 #edges
0 6
0 8
6 9
9 5
4 11
5 4
6 #edges
0 6
0 8
6 9
9 5
11 4
5 11
6 #edges
0 6
0 8
6 9
9 4
4 11
11 5
6 #edges
0 6
0 8
6 9
9 4
4 5
5 11
7 #trees for patient 5
6 #edges
0 6
0 8
0 5
6 9
6 4
5 11
6 #edges
0 6
0 8
0 5
6 9
11 4
5 11
6 #edges
0 6
0 8
0 5
6 9
9 4
5 11
6 #edges
0 6
0 8
0 5
4 9
11 4
5 11
6 #edges
0 6
0 8
0 5
6 4
4 9
5 11
6 #edges
0 6
0 8
0 5
6 4
11 9
5 11
6 #edges
0 6
0 8
0 5
9 4
11 9
5 11
2 #trees for patient 6
6 #edges
0 6
0 8
0 5
4 9
11 4
5 11
6 #edges
0 6
0 8
0 5
9 4
11 9
5 11
4 #trees for patient 7
6 #edges
0 6
0 8
0 11
4 9
11 5
5 4
6 #edges
0 6
0 8
0 5
4 9
11 4
5 11
6 #edges
0 8
0 11
8 6
4 9
11 5
5 4
6 #edges
0 8
0 5
8 6
4 9
11 4
5 11
2 #trees for patient 8
6 #edges
0 6
0 8
0 5
6 9
11 4
5 11
6 #edges
0 6
0 8
0 5
4 9
11 4
5 11
12 #trees for patient 9
6 #edges
0 6
0 8
0 11
6 4
4 9
11 5
6 #edges
0 6
0 8
0 11
6 4
8 9
11 5
6 #edges
0 6
0 8
0 11
6 4
11 5
5 9
6 #edges
0 6
0 8
0 5
6 4
4 9
5 11
6 #edges
0 6
0 8
0 5
6 4
8 9
5 11
6 #edges
0 6
0 8
0 5
6 4
11 9
5 11
6 #edges
0 6
0 8
0 5
8 9
11 4
5 11
6 #edges
0 6
0 8
0 11
8 9
11 5
5 4
6 #edges
0 6
0 8
0 11
6 9
11 5
5 4
6 #edges
0 6
0 8
0 5
6 9
11 4
5 11
6 #edges
0 6
0 8
0 5
4 9
11 4
5 11
6 #edges
0 6
0 8
0 11
4 9
11 5
5 4
66 #trees for patient 10
6 #edges
0 6
0 8
0 5
6 11
9 4
5 9
6 #edges
0 6
0 8
0 5
6 4
6 11
5 9
6 #edges
0 6
0 8
0 5
6 11
11 4
5 9
6 #edges
0 6
0 8
0 5
9 4
11 9
5 11
6 #edges
0 6
0 8
0 5
6 4
11 9
5 11
6 #edges
0 6
0 8
0 5
6 9
11 4
5 11
6 #edges
0 6
0 8
0 5
6 9
9 4
5 11
6 #edges
0 6
0 8
0 5
6 9
6 4
5 11
6 #edges
0 6
0 8
0 5
6 4
4 9
5 11
6 #edges
0 6
0 8
0 5
4 9
11 4
5 11
6 #edges
0 6
0 8
0 5
6 11
4 9
5 4
6 #edges
0 6
0 8
0 5
6 9
6 11
5 4
6 #edges
0 6
0 8
0 5
6 11
11 9
5 4
6 #edges
0 6
0 8
0 5
6 9
6 4
6 11
6 #edges
0 6
0 8
0 5
6 4
6 11
4 9
6 #edges
0 6
0 8
0 5
6 4
6 11
11 9
6 #edges
0 6
0 8
0 5
6 11
9 4
11 9
6 #edges
0 6
0 8
0 5
6 9
6 11
9 4
6 #edges
0 6
0 8
0 5
6 9
6 11
11 4
6 #edges
0 6
0 8
0 5
6 11
4 9
11 4
6 #edges
0 6
0 8
0 11
6 9
6 5
11 4
6 #edges
0 6
0 8
0 11
6 5
4 9
11 4
6 #edges
0 6
0 8
0 11
6 5
11 4
5 9
6 #edges
0 6
0 8
0 11
9 4
11 5
5 9
6 #edges
0 6
0 8
0 11
6 4
11 5
5 9
6 #edges
0 6
0 8
0 11
4 9
11 5
5 4
6 #edges
0 6
0 8
0 11
6 9
11 5
5 4
6 #edges
0 6
0 8
0 11
6 9
6 4
11 5
6 #edges
0 6
0 8
0 11
6 4
4 9
11 5
6 #edges
0 6
0 8
0 11
6 9
9 4
11 5
6 #edges
0 6
0 8
0 11
6 4
6 5
4 9
6 #edges
0 6
0 8
0 11
6 4
6 5
11 9
6 #edges
0 6
0 8
0 11
6 9
6 4
6 5
6 #edges
0 6
0 8
0 11
6 4
6 5
5 9
6 #edges
0 6
0 8
0 11
6 5
9 4
11 9
6 #edges
0 6
0 8
0 11
6 5
11 9
5 4
6 #edges
0 6
0 8
0 11
6 9
6 5
9 4
6 #edges
0 6
0 8
0 11
6 9
6 5
5 4
6 #edges
0 6
0 8
0 11
6 5
9 4
5 9
6 #edges
0 6
0 8
0 11
6 5
4 9
5 4
6 #edges
0 6
0 8
0 4
6 5
4 9
5 11
6 #edges
0 6
0 8
0 4
6 11
4 9
11 5
6 #edges
0 6
0 8
0 4
6 9
6 11
11 5
6 #edges
0 6
0 8
0 4
6 9
6 5
5 11
6 #edges
0 6
0 8
0 4
6 11
11 5
5 9
6 #edges
0 6
0 8
0 4
6 5
11 9
5 11
6 #edges
0 6
0 8
0 9
6 11
9 4
11 5
6 #edges
0 6
0 8
0 9
6 5
9 4
5 11
6 #edges
0 6
0 8
0 9
6 4
6 5
5 11
6 #edges
0 6
0 8
0 9
6 5
11 4
5 11
6 #edges
0 6
0 8
0 9
6 4
6 11
11 5
6 #edges
0 6
0 8
0 9
6 11
11 5
5 4
6 #edges
0 6
0 8
6 9
6 4
6 11
11 5
6 #edges
0 6
0 8
6 9
6 11
11 5
5 4
6 #edges
0 6
0 8
6 9
6 11
9 4
11 5
6 #edges
0 6
0 8
6 9
6 5
9 4
5 11
6 #edges
0 6
0 8
6 9
6 5
11 4
5 11
6 #edges
0 6
0 8
6 9
6 4
6 5
5 11
6 #edges
0 6
0 8
6 4
6 5
11 9
5 11
6 #edges
0 6
0 8
6 4
6 5
4 9
5 11
6 #edges
0 6
0 8
6 5
9 4
11 9
5 11
6 #edges
0 6
0 8
6 5
4 9
11 4
5 11
6 #edges
0 6
0 8
6 4
6 11
11 5
5 9
6 #edges
0 6
0 8
6 4
6 11
4 9
11 5
6 #edges
0 6
0 8
6 11
9 4
11 5
5 9
6 #edges
0 6
0 8
6 11
4 9
11 5
5 4
1 #trees for patient 11
6 #edges
0 6
0 8
0 5
4 9
11 4
5 11
9 #trees for patient 12
6 #edges
0 8
0 9
0 5
8 6
11 4
5 11
6 #edges
0 6
0 8
0 5
6 9
8 4
5 11
6 #edges
0 6
0 8
0 5
6 9
11 4
5 11
6 #edges
0 6
0 8
0 5
8 9
11 4
5 11
6 #edges
0 6
0 8
0 5
8 4
4 9
5 11
6 #edges
0 6
0 8
0 5
8 4
11 9
5 11
6 #edges
0 6
0 8
0 5
4 9
11 4
5 11
6 #edges
0 8
0 5
8 6
4 9
11 4
5 11
6 #edges
0 8
0 5
6 9
8 6
11 4
5 11
6 #trees for patient 13
6 #edges
0 6
0 8
0 5
9 11
11 4
5 9
6 #edges
0 6
0 8
0 5
9 4
4 11
5 9
6 #edges
0 6
0 8
0 5
4 9
11 4
5 11
6 #edges
0 6
0 8
0 5
9 4
11 9
5 11
6 #edges
0 6
0 8
0 5
4 11
11 9
5 4
6 #edges
0 6
0 8
0 5
9 11
4 9
5 4
4 #trees for patient 14
6 #edges
0 6
0 8
0 11
4 9
11 5
5 4
6 #edges
0 6
0 11
9 8
4 9
11 5
5 4
6 #edges
0 6
0 8
0 5
4 9
11 4
5 11
6 #edges
0 6
0 5
9 8
4 9
11 4
5 11
12 #trees for patient 15
6 #edges
0 6
0 8
0 4
4 5
11 9
5 11
6 #edges
0 6
0 8
0 4
4 11
11 5
5 9
6 #edges
0 6
0 8
0 11
4 9
11 5
5 4
6 #edges
0 6
0 8
0 11
4 5
11 4
5 9
6 #edges
0 6
0 8
0 5
4 11
11 9
5 4
6 #edges
0 6
0 8
0 5
4 9
11 4
5 11
6 #edges
0 8
0 5
8 6
4 11
11 9
5 4
6 #edges
0 8
0 5
8 6
4 9
11 4
5 11
6 #edges
0 8
0 4
8 6
4 11
11 5
5 9
6 #edges
0 8
0 4
8 6
4 5
11 9
5 11
6 #edges
0 8
0 11
8 6
4 9
11 5
5 4
6 #edges
0 8
0 11
8 6
4 5
11 4
5 9
6 #trees for patient 16
6 #edges
0 6
0 8
0 5
4 9
11 4
5 11
6 #edges
0 6
0 8
0 11
4 9
11 5
5 4
6 #edges
0 8
0 11
4 6
4 9
11 5
5 4
6 #edges
0 8
0 11
9 6
4 9
11 5
5 4
6 #edges
0 8
0 5
9 6
4 9
11 4
5 11
6 #edges
0 8
0 5
4 6
4 9
11 4
5 11
4 #trees for patient 17
6 #edges
0 6
0 8
0 11
4 9
11 5
5 4
6 #edges
0 6
0 8
0 11
11 5
5 9
5 4
6 #edges
0 6
0 8
0 5
4 9
11 4
5 11
6 #edges
0 6
0 8
0 5
11 9
11 4
5 11
1 #trees for patient 18
6 #edges
0 8
8 6
8 5
9 7
9 4
5 9
4 #trees for patient 19
6 #edges
0 8
0 4
8 6
8 5
9 7
5 9
6 #edges
0 8
0 4
8 6
8 9
9 5
5 7
6 #edges
0 8
8 6
8 9
9 5
5 7
5 4
6 #edges
0 8
8 6
8 5
9 7
9 4
5 9
36 #trees for patient 20
6 #edges
0 8
6 7
6 4
8 6
8 9
9 5
6 #edges
0 8
6 7
8 6
8 9
9 5
5 4
6 #edges
0 8
6 7
8 6
8 5
9 4
5 9
6 #edges
0 8
6 7
6 4
8 6
8 5
5 9
6 #edges
0 8
6 9
8 7
8 6
9 5
5 4
6 #edges
0 8
6 9
8 7
8 6
8 4
9 5
6 #edges
0 8
6 9
8 6
8 5
9 7
9 4
6 #edges
0 8
6 9
8 6
8 5
9 7
5 4
6 #edges
0 8
6 9
8 6
8 5
5 7
5 4
6 #edges
0 8
6 9
8 6
8 5
4 7
5 4
6 #edges
0 8
6 9
8 6
8 5
9 4
5 7
6 #edges
0 8
6 9
8 6
8 5
4 7
9 4
6 #edges
0 8
6 9
8 6
8 4
4 7
9 5
6 #edges
0 8
6 9
8 6
8 4
9 5
5 7
6 #edges
0 8
6 9
8 6
9 5
5 7
5 4
6 #edges
0 8
6 9
8 6
4 7
9 5
5 4
6 #edges
0 8
6 5
8 6
8 4
4 7
5 9
6 #edges
0 8
6 5
8 6
8 4
9 7
5 9
6 #edges
0 8
6 5
8 7
8 6
8 4
5 9
6 #edges
0 8
6 4
8 6
8 5
9 7
5 9
6 #edges
0 8
6 4
8 6
8 5
4 7
5 9
6 #edges
0 8
8 6
8 5
9 7
9 4
5 9
6 #edges
0 8
8 6
8 5
4 7
9 4
5 9
6 #edges
0 8
6 5
8 7
8 6
9 4
5 9
6 #edges
0 8
6 4
8 6
8 9
4 7
9 5
6 #edges
0 8
6 4
8 6
8 9
9 5
5 7
6 #edges
0 8
6 5
8 6
8 9
9 4
5 7
6 #edges
0 8
6 5
8 6
8 9
5 7
5 4
6 #edges
0 8
6 5
8 6
8 9
4 7
5 4
6 #edges
0 8
6 5
8 6
8 9
9 7
5 4
6 #edges
0 8
6 5
8 6
9 7
9 4
5 9
6 #edges
0 8
6 5
8 6
4 7
9 4
5 9
6 #edges
0 8
6 5
8 6
8 9
9 7
9 4
6 #edges
0 8
6 5
8 6
8 9
4 7
9 4
6 #edges
0 8
8 6
8 9
9 5
5 7
5 4
6 #edges
0 8
8 6
8 9
4 7
9 5
5 4
12 #trees for patient 21
6 #edges
0 8
8 7
8 6
8 5
9 4
5 9
6 #edges
0 8
8 7
8 5
4 6
9 4
5 9
6 #edges
0 8
8 6
8 5
9 7
9 4
5 9
6 #edges
0 8
8 5
4 6
9 7
9 4
5 9
6 #edges
0 8
8 6
8 5
4 7
9 4
5 9
6 #edges
0 8
8 5
4 7
4 6
9 4
5 9
6 #edges
0 8
8 7
8 6
8 9
9 5
5 4
6 #edges
0 8
8 7
8 9
4 6
9 5
5 4
6 #edges
0 8
8 6
8 9
9 5
5 7
5 4
6 #edges
0 8
8 6
8 9
4 7
9 5
5 4
6 #edges
0 8
8 9
4 6
9 5
5 7
5 4
6 #edges
0 8
8 9
4 7
4 6
9 5
5 4
4 #trees for patient 22
6 #edges
0 8
7 4
8 6
8 9
9 5
5 7
6 #edges
0 8
8 6
8 9
9 5
5 7
5 4
6 #edges
0 8
8 6
8 5
9 7
9 4
5 9
6 #edges
0 8
7 4
8 6
8 5
9 7
5 9
4 #trees for patient 23
6 #edges
0 8
8 6
8 9
9 5
5 7
5 4
6 #edges
0 8
8 6
8 9
4 7
9 5
5 4
6 #edges
0 8
8 6
8 5
9 7
9 4
5 9
6 #edges
0 8
8 6
8 5
4 7
9 4
5 9
18 #trees for patient 24
6 #edges
0 8
7 4
8 7
8 6
8 9
9 5
6 #edges
0 8
8 7
8 6
8 4
8 9
9 5
6 #edges
0 8
8 7
8 6
8 9
9 5
5 4
6 #edges
0 8
8 6
8 4
8 9
9 5
5 7
6 #edges
0 8
8 6
8 9
8 5
9 7
5 4
6 #edges
0 8
8 6
8 9
8 5
5 7
5 4
6 #edges
0 8
7 4
8 6
8 9
8 5
9 7
6 #edges
0 8
8 6
8 9
8 5
9 7
9 4
6 #edges
0 8
7 4
8 6
8 9
8 5
5 7
6 #edges
0 8
8 6
8 9
8 5
9 4
5 7
6 #edges
0 8
8 6
8 9
9 5
5 7
5 4
6 #edges
0 8
7 4
8 6
8 9
9 5
5 7
6 #edges
0 8
8 6
8 4
8 5
9 7
5 9
6 #edges
0 8
8 6
8 5
9 7
9 4
5 9
6 #edges
0 8
7 4
8 6
8 5
9 7
5 9
6 #edges
0 8
8 7
8 6
8 5
9 4
5 9
6 #edges
0 8
8 7
8 6
8 4
8 5
5 9
6 #edges
0 8
7 4
8 7
8 6
8 5
5 9
2 #trees for patient 25
6 #edges
0 8
8 6
8 5
9 7
9 4
5 9
6 #edges
0 8
6 4
8 6
8 5
9 7
5 9
12 #trees for patient 26
6 #edges
0 8
8 6
8 4
8 9
9 5
5 7
6 #edges
0 8
8 6
8 9
9 5
5 7
5 4
6 #edges
0 8
7 4
8 6
8 9
9 5
5 7
6 #edges
0 8
8 6
8 4
8 5
9 7
5 9
6 #edges
0 8
8 6
8 5
9 7
9 4
5 9
6 #edges
0 8
7 4
8 6
8 5
9 7
5 9
6 #edges
0 8
7 4
8 5
9 7
9 6
5 9
6 #edges
0 8
8 5
9 7
9 6
9 4
5 9
6 #edges
0 8
8 4
8 5
9 7
9 6
5 9
6 #edges
0 8
8 4
8 9
9 5
5 7
5 6
6 #edges
0 8
7 4
8 9
9 5
5 7
5 6
6 #edges
0 8
8 9
9 5
5 7
5 6
5 4
2 #trees for patient 27
6 #edges
0 8
8 6
8 5
9 7
9 4
5 9
6 #edges
0 8
8 5
4 6
9 7
9 4
5 9
1 #trees for patient 28
6 #edges
0 8
8 6
8 5
9 7
9 4
5 9
4 #trees for patient 29
6 #edges
0 8
8 6
8 9
9 5
5 7
5 4
6 #edges
0 8
6 4
8 6
8 9
9 5
5 7
6 #edges
0 8
8 6
8 5
9 7
9 4
5 9
6 #edges
0 8
6 4
8 6
8 5
9 7
5 9
4 #trees for patient 30
6 #edges
0 8
6 7
8 6
8 9
9 5
5 4
6 #edges
0 8
8 6
8 9
9 5
5 7
5 4
6 #edges
0 8
8 6
8 5
9 7
9 4
5 9
6 #edges
0 8
6 7
8 6
8 5
9 4
5 9
8 #trees for patient 31
6 #edges
0 8
8 6
8 5
9 7
9 4
5 9
6 #edges
0 8
7 4
8 6
8 5
9 7
5 9
6 #edges
0 8
8 5
9 7
9 6
9 4
5 9
6 #edges
0 8
7 4
8 5
9 7
9 6
5 9
6 #edges
0 8
7 4
8 6
8 9
9 5
5 7
6 #edges
0 8
8 6
8 9
9 5
5 7
5 4
6 #edges
0 8
7 4
8 9
9 5
5 7
5 6
6 #edges
0 8
8 9
9 5
5 7
5 6
5 4
2 #trees for patient 32
6 #edges
0 8
8 6
8 5
9 7
9 4
5 9
6 #edges
0 8
8 5
9 7
9 6
9 4
5 9
4 #trees for patient 33
6 #edges
0 6
0 8
8 5
9 7
9 4
5 9
6 #edges
0 6
0 8
8 9
9 5
5 7
5 4
6 #edges
0 8
8 6
8 9
9 5
5 7
5 4
6 #edges
0 8
8 6
8 5
9 7
9 4
5 9
8 #trees for patient 34
6 #edges
0 8
0 4
8 6
8 5
9 7
5 9
6 #edges
0 8
0 4
7 6
8 5
9 7
5 9
6 #edges
0 8
0 4
8 6
8 9
9 5
5 7
6 #edges
0 8
0 4
7 6
8 9
9 5
5 7
6 #edges
0 8
8 6
8 9
9 5
5 7
5 4
6 #edges
0 8
7 6
8 9
9 5
5 7
5 4
6 #edges
0 8
8 6
8 5
9 7
9 4
5 9
6 #edges
0 8
7 6
8 5
9 7
9 4
5 9
2 #trees for patient 35
6 #edges
0 8
7 4
8 6
8 5
9 7
5 9
6 #edges
0 8
8 6
8 5
9 7
9 4
5 9
12 #trees for patient 36
6 #edges
0 8
0 4
8 5
9 7
5 6
5 9
6 #edges
0 8
0 4
7 6
8 5
5 7
5 9
6 #edges
0 8
0 4
8 6
8 5
5 7
5 9
6 #edges
0 8
0 4
8 5
9 6
5 7
5 9
6 #edges
0 8
0 4
8 6
8 5
9 7
5 9
6 #edges
0 8
0 4
7 6
8 5
9 7
5 9
6 #edges
0 8
8 6
8 5
9 4
5 7
5 9
6 #edges
0 8
8 6
8 5
9 7
9 4
5 9
6 #edges
0 8
7 6
8 5
9 4
5 7
5 9
6 #edges
0 8
8 5
9 6
9 4
5 7
5 9
6 #edges
0 8
8 5
9 7
9 4
5 6
5 9
6 #edges
0 8
7 6
8 5
9 7
9 4
5 9
1 #trees for patient 37
6 #edges
0 8
8 6
8 5
9 7
9 4
5 9
2 #trees for patient 38
6 #edges
0 8
8 6
8 9
9 5
5 7
5 4
6 #edges
0 8
8 6
8 5
9 7
9 4
5 9
21 #trees for patient 39
6 #edges
0 10
0 2
0 5
0 3
1 7
5 1
6 #edges
0 10
0 5
0 3
1 7
5 1
3 2
6 #edges
0 10
0 5
0 3
1 7
5 1
5 2
6 #edges
0 5
0 3
1 7
1 10
5 1
3 2
6 #edges
0 5
0 3
7 10
1 7
5 1
3 2
6 #edges
0 2
0 5
0 3
1 7
1 10
5 1
6 #edges
0 2
0 5
0 3
7 10
1 7
5 1
6 #edges
0 5
0 3
1 7
1 10
5 1
5 2
6 #edges
0 5
0 3
7 10
1 7
5 1
5 2
6 #edges
0 2
0 5
1 7
1 10
2 3
5 1
6 #edges
0 10
0 2
0 5
1 7
2 3
5 1
6 #edges
0 2
0 5
7 10
1 7
2 3
5 1
6 #edges
0 10
0 2
0 5
1 7
5 1
5 3
6 #edges
0 2
0 5
1 7
1 10
5 1
5 3
6 #edges
0 2
0 5
7 10
1 7
5 1
5 3
6 #edges
0 10
0 5
1 7
2 3
5 1
5 2
6 #edges
0 10
0 5
1 7
5 1
5 3
3 2
6 #edges
0 5
7 10
1 7
5 1
5 3
3 2
6 #edges
0 5
1 7
1 10
5 1
5 3
3 2
6 #edges
0 5
1 7
1 10
2 3
5 1
5 2
6 #edges
0 5
7 10
1 7
2 3
5 1
5 2
4 #trees for patient 40
6 #edges
0 10
0 5
1 7
2 3
5 1
5 2
6 #edges
0 5
7 10
1 7
2 3
5 1
5 2
6 #edges
0 5
1 7
1 10
2 3
5 1
5 2
6 #edges
0 5
1 7
2 3
5 1
5 2
3 10
2 #trees for patient 41
6 #edges
0 10
0 5
1 7
2 3
5 1
5 2
6 #edges
0 5
1 7
2 3
5 1
5 2
3 10
24 #trees for patient 42
6 #edges
0 10
0 5
10 7
2 3
5 1
5 2
6 #edges
0 10
0 5
1 7
10 3
5 1
5 2
6 #edges
0 10
0 5
10 3
2 7
5 1
5 2
6 #edges
0 10
0 5
10 3
5 1
5 2
3 7
6 #edges
0 10
0 5
2 3
5 1
5 2
3 7
6 #edges
0 10
0 5
1 7
2 3
5 1
5 2
6 #edges
0 10
0 5
10 3
5 7
5 2
3 1
6 #edges
0 10
0 5
7 1
10 3
5 7
5 2
6 #edges
0 10
0 5
10 3
2 1
5 7
5 2
6 #edges
0 10
0 5
10 3
2 7
5 2
3 1
6 #edges
0 10
0 5
1 7
10 3
5 2
3 1
6 #edges
0 10
0 5
10 3
2 1
5 2
3 7
6 #edges
0 10
0 5
1 7
10 3
2 1
5 2
6 #edges
0 10
0 5
7 1
10 3
5 2
3 7
6 #edges
0 10
0 5
7 1
10 3
2 7
5 2
6 #edges
0 10
0 5
10 1
2 3
5 7
5 2
6 #edges
0 10
0 5
7 1
2 3
5 7
5 2
6 #edges
0 10
0 5
2 3
5 7
5 2
3 1
6 #edges
0 10
0 5
1 7
10 1
2 3
5 2
6 #edges
0 10
0 5
10 1
2 3
5 2
3 7
6 #edges
0 10
0 5
7 1
10 7
2 3
5 2
6 #edges
0 10
0 5
10 7
2 3
5 2
3 1
6 #edges
0 10
0 5
1 7
2 3
5 2
3 1
6 #edges
0 10
0 5
7 1
2 3
5 2
3 7
2 #trees for patient 43
6 #edges
0 10
0 5
7 1
2 3
5 7
5 2
6 #edges
0 10
0 5
1 7
2 3
5 1
5 2
4 #trees for patient 44
6 #edges
0 10
0 5
7 1
2 3
5 7
5 2
6 #edges
0 10
0 5
7 1
5 7
5 3
3 2
6 #edges
0 10
0 5
1 7
5 1
5 3
3 2
6 #edges
0 10
0 5
1 7
2 3
5 1
5 2
4 #trees for patient 45
6 #edges
0 10
0 5
1 7
2 3
5 1
5 2
6 #edges
0 10
0 5
2 3
5 1
5 2
3 7
6 #edges
0 5
1 7
1 10
2 3
5 1
5 2
6 #edges
0 5
1 10
2 3
5 1
5 2
3 7
2 #trees for patient 46
6 #edges
0 10
0 5
7 1
2 3
5 7
5 2
6 #edges
0 10
0 5
1 7
2 3
5 1
5 2
54 #trees for patient 47
6 #edges
0 10
0 5
1 7
5 1
5 3
3 2
6 #edges
0 10
0 5
2 7
5 1
5 3
3 2
6 #edges
0 10
0 5
7 1
2 7
5 3
3 2
6 #edges
0 10
0 5
2 7
2 1
5 3
3 2
6 #edges
0 10
0 5
2 1
5 7
5 3
3 2
6 #edges
0 10
0 5
7 1
5 7
5 3
3 2
6 #edges
0 10
0 5
1 7
2 1
5 3
3 2
6 #edges
0 10
0 5
1 7
2 3
5 1
5 2
6 #edges
0 10
0 5
2 3
5 1
5 2
3 7
6 #edges
0 10
0 5
7 1
2 3
5 7
5 2
6 #edges
0 10
0 5
2 3
5 7
5 2
3 1
6 #edges
0 10
0 5
1 7
2 3
5 2
3 1
6 #edges
0 10
0 5
2 3
5 2
3 7
3 1
6 #edges
0 10
0 5
7 1
2 3
5 2
3 7
6 #edges
0 5
7 10
1 7
2 3
5 1
5 2
6 #edges
0 5
1 7
2 3
5 1
5 2
3 10
6 #edges
0 5
7 10
1 7
5 1
5 3
3 2
6 #edges
0 5
1 7
2 10
5 1
5 3
3 2
6 #edges
0 5
1 10
2 7
5 1
5 3
3 2
6 #edges
0 5
2 7
2 10
5 1
5 3
3 2
6 #edges
0 5
7 10
2 7
5 1
5 3
3 2
6 #edges
0 5
1 10
2 3
5 1
5 2
3 7
6 #edges
0 5
2 3
5 1
5 2
3 7
3 10
6 #edges
0 5
7 10
2 3
5 1
5 2
3 7
6 #edges
0 5
7 1
2 10
5 7
5 3
3 2
6 #edges
0 5
2 1
2 10
5 7
5 3
3 2
6 #edges
0 5
7 1
2 7
2 10
5 3
3 2
6 #edges
0 5
2 7
2 1
2 10
5 3
3 2
6 #edges
0 5
1 7
2 1
2 10
5 3
3 2
6 #edges
0 5
2 7
2 1
5 10
5 3
3 2
6 #edges
0 5
7 10
2 7
2 1
5 3
3 2
6 #edges
0 5
1 10
2 7
2 1
5 3
3 2
6 #edges
0 5
7 1
2 7
5 10
5 3
3 2
6 #edges
0 5
7 1
1 10
2 7
5 3
3 2
6 #edges
0 5
7 10
2 1
5 7
5 3
3 2
6 #edges
0 5
1 10
2 1
5 7
5 3
3 2
6 #edges
0 5
7 1
1 10
5 7
5 3
3 2
6 #edges
0 5
1 7
2 1
5 10
5 3
3 2
6 #edges
0 5
7 10
1 7
2 1
5 3
3 2
6 #edges
0 5
7 10
2 3
5 7
5 2
3 1
6 #edges
0 5
2 3
5 7
5 2
3 1
3 10
6 #edges
0 5
1 10
2 3
5 7
5 2
3 1
6 #edges
0 5
7 1
1 10
2 3
5 7
5 2
6 #edges
0 5
7 1
2 3
5 7
5 2
3 10
6 #edges
0 5
7 1
2 3
5 2
3 7
3 10
6 #edges
0 5
2 3
5 2
3 7
3 1
3 10
6 #edges
0 5
1 7
2 3
5 2
3 1
3 10
6 #edges
0 5
7 1
1 10
2 3
5 2
3 7
6 #edges
0 5
7 1
2 3
5 10
5 2
3 7
6 #edges
0 5
1 10
2 3
5 2
3 7
3 1
6 #edges
0 5
2 3
5 10
5 2
3 7
3 1
6 #edges
0 5
7 10
2 3
5 2
3 7
3 1
6 #edges
0 5
1 7
2 3
5 10
5 2
3 1
6 #edges
0 5
7 10
1 7
2 3
5 2
3 1
19 #trees for patient 48
6 #edges
0 10
0 5
7 3
2 7
5 1
5 2
6 #edges
0 10
0 5
1 3
2 7
5 1
5 2
6 #edges
0 10
0 5
2 7
2 3
5 1
5 2
6 #edges
0 10
0 5
2 7
2 1
5 2
5 3
6 #edges
0 10
0 5
1 3
2 7
2 1
5 2
6 #edges
0 10
0 5
7 3
2 7
2 1
5 2
6 #edges
0 10
0 5
7 1
2 7
2 3
5 2
6 #edges
0 10
0 5
7 1
2 7
5 2
5 3
6 #edges
0 10
0 5
7 1
1 3
2 7
5 2
6 #edges
0 10
0 5
7 1
2 3
5 7
5 2
6 #edges
0 10
0 5
2 1
2 3
5 7
5 2
6 #edges
0 10
0 5
7 3
2 1
5 7
5 2
6 #edges
0 10
0 5
7 1
1 3
5 7
5 2
6 #edges
0 10
0 5
1 3
2 1
5 7
5 2
6 #edges
0 10
0 5
1 7
2 1
5 2
5 3
6 #edges
0 10
0 5
1 7
2 1
2 3
5 2
6 #edges
0 10
0 5
7 3
1 7
2 1
5 2
6 #edges
0 10
0 5
1 7
2 3
5 1
5 2
6 #edges
0 10
0 5
7 3
1 7
5 1
5 2
3 #trees for patient 49
6 #edges
0 10
0 5
1 7
2 3
5 1
5 2
6 #edges
0 10
0 5
2 3
5 7
5 1
5 2
6 #edges
0 10
0 5
7 1
2 3
5 7
5 2
