100 # patients
2 #trees for patient 0
6 #edges
11 8
11 4
0 5
5 11
4 9
9 6
6 #edges
11 8
11 9
0 5
5 11
4 6
9 4
4 #trees for patient 1
6 #edges
8 6
11 8
11 9
0 5
5 11
9 4
6 #edges
11 8
11 9
0 5
5 11
4 6
9 4
6 #edges
8 6
11 5
0 11
5 8
5 9
9 4
6 #edges
11 5
0 11
5 8
5 9
4 6
9 4
1 #trees for patient 2
6 #edges
11 8
11 9
0 5
5 11
4 6
9 4
24 #trees for patient 3
6 #edges
11 8
11 4
11 9
0 5
5 11
4 6
6 #edges
11 8
11 4
0 5
5 11
6 9
4 6
6 #edges
11 8
11 4
11 9
0 5
5 11
9 6
6 #edges
11 8
11 6
11 4
0 5
5 11
4 9
6 #edges
11 8
11 4
0 5
5 11
4 9
9 6
6 #edges
11 8
11 6
11 4
0 5
5 11
6 9
6 #edges
11 8
11 9
0 5
5 11
4 6
9 4
6 #edges
11 8
11 6
11 9
0 5
5 11
9 4
6 #edges
11 8
11 6
11 9
0 5
5 11
6 4
6 #edges
11 8
11 9
0 5
5 11
6 4
9 6
6 #edges
11 8
11 6
0 5
5 11
6 9
9 4
6 #edges
11 8
11 6
0 5
5 11
6 4
4 9
6 #edges
11 5
0 11
5 8
5 6
5 4
6 9
6 #edges
11 5
0 11
5 8
5 6
5 4
4 9
6 #edges
11 5
0 11
5 8
5 6
5 9
9 4
6 #edges
11 5
0 11
5 8
5 6
5 9
6 4
6 #edges
11 5
0 11
5 8
5 6
6 4
4 9
6 #edges
11 5
0 11
5 8
5 6
6 9
9 4
6 #edges
11 5
0 11
5 8
5 9
6 4
9 6
6 #edges
11 5
0 11
5 8
5 4
5 9
9 6
6 #edges
11 5
0 11
5 8
5 9
4 6
9 4
6 #edges
11 5
0 11
5 8
5 4
5 9
4 6
6 #edges
11 5
0 11
5 8
5 4
4 9
9 6
6 #edges
11 5
0 11
5 8
5 4
6 9
4 6
24 #trees for patient 4
6 #edges
8 6
11 8
11 9
0 5
5 11
6 4
6 #edges
8 6
11 8
11 9
0 5
5 11
9 4
6 #edges
8 4
11 8
11 9
0 5
5 11
4 6
6 #edges
8 4
11 8
11 9
0 5
5 11
9 6
6 #edges
11 8
11 9
0 5
5 11
6 4
9 6
6 #edges
11 8
11 9
0 5
5 11
4 6
9 4
6 #edges
8 4
11 8
0 5
5 11
4 9
9 6
6 #edges
8 4
11 8
11 6
0 5
5 11
4 9
6 #edges
8 4
11 8
0 5
5 11
6 9
4 6
6 #edges
8 4
11 8
11 6
0 5
5 11
6 9
6 #edges
11 8
11 4
0 5
5 11
6 9
4 6
6 #edges
8 9
11 8
11 4
0 5
5 11
4 6
6 #edges
8 6
11 8
11 4
0 5
5 11
4 9
6 #edges
11 8
11 4
0 5
5 11
4 9
9 6
6 #edges
8 6
11 8
11 4
0 5
5 11
6 9
6 #edges
8 9
11 8
11 4
0 5
5 11
9 6
6 #edges
8 9
11 8
11 6
0 5
5 11
9 4
6 #edges
8 9
11 8
11 6
0 5
5 11
6 4
6 #edges
11 8
11 6
0 5
5 11
6 4
4 9
6 #edges
11 8
11 6
0 5
5 11
6 9
9 4
6 #edges
8 6
11 8
0 5
5 11
6 4
4 9
6 #edges
8 6
11 8
0 5
5 11
6 9
9 4
6 #edges
8 9
11 8
0 5
5 11
6 4
9 6
6 #edges
8 9
11 8
0 5
5 11
4 6
9 4
16 #trees for patient 5
6 #edges
11 8
11 6
11 9
0 5
5 11
9 4
6 #edges
11 8
11 6
11 4
0 5
5 11
4 9
6 #edges
11 8
11 4
0 5
5 11
4 9
9 6
6 #edges
11 8
11 9
0 5
5 11
4 6
9 4
6 #edges
11 6
11 9
0 5
5 11
4 8
9 4
6 #edges
11 9
0 5
5 11
4 8
4 6
9 4
6 #edges
11 6
11 4
0 5
5 11
4 9
9 8
6 #edges
11 4
0 5
5 11
4 9
9 8
9 6
6 #edges
11 5
0 11
5 8
5 6
5 9
9 4
6 #edges
11 5
0 11
5 8
5 6
5 4
4 9
6 #edges
11 5
0 11
5 8
5 9
4 6
9 4
6 #edges
11 5
0 11
5 8
5 4
4 9
9 6
6 #edges
11 5
0 11
5 6
5 4
4 9
9 8
6 #edges
11 5
0 11
5 4
4 9
9 8
9 6
6 #edges
11 5
0 11
5 6
5 9
4 8
9 4
6 #edges
11 5
0 11
5 9
4 8
4 6
9 4
24 #trees for patient 6
6 #edges
8 4
11 8
11 6
0 5
5 11
6 9
6 #edges
8 4
11 8
11 6
0 5
5 11
4 9
6 #edges
11 8
11 6
0 5
5 11
6 4
4 9
6 #edges
8 9
11 8
11 6
0 5
5 11
6 4
6 #edges
11 8
11 6
0 5
5 11
6 9
9 4
6 #edges
8 9
11 8
11 6
0 5
5 11
9 4
6 #edges
11 8
11 9
0 5
5 11
4 6
9 4
6 #edges
8 6
11 8
11 9
0 5
5 11
9 4
6 #edges
8 4
11 8
11 9
0 5
5 11
9 6
6 #edges
11 8
11 9
0 5
5 11
6 4
9 6
6 #edges
8 6
11 8
11 9
0 5
5 11
6 4
6 #edges
8 4
11 8
11 9
0 5
5 11
4 6
6 #edges
8 6
11 8
0 5
5 11
6 9
9 4
6 #edges
8 6
11 8
11 4
0 5
5 11
6 9
6 #edges
8 6
11 8
0 5
5 11
6 4
4 9
6 #edges
8 6
11 8
11 4
0 5
5 11
4 9
6 #edges
8 9
11 8
11 4
0 5
5 11
9 6
6 #edges
8 9
11 8
0 5
5 11
6 4
9 6
6 #edges
8 9
11 8
11 4
0 5
5 11
4 6
6 #edges
8 9
11 8
0 5
5 11
4 6
9 4
6 #edges
8 4
11 8
0 5
5 11
6 9
4 6
6 #edges
8 4
11 8
0 5
5 11
4 9
9 6
6 #edges
11 8
11 4
0 5
5 11
4 9
9 6
6 #edges
11 8
11 4
0 5
5 11
6 9
4 6
2 #trees for patient 7
6 #edges
11 8
11 9
0 5
5 11
6 4
9 6
6 #edges
11 8
11 9
0 5
5 11
4 6
9 4
34 #trees for patient 8
6 #edges
11 8
11 6
0 5
5 11
6 9
9 4
6 #edges
8 4
11 8
11 6
0 5
5 11
6 9
6 #edges
11 8
11 6
0 5
5 11
6 4
4 9
6 #edges
8 9
11 8
11 6
0 5
5 11
6 4
6 #edges
8 4
11 8
11 6
0 5
5 11
4 9
6 #edges
8 4
8 9
11 8
11 6
0 5
5 11
6 #edges
8 9
11 8
11 6
0 5
5 11
9 4
6 #edges
8 6
8 9
11 8
0 5
5 11
9 4
6 #edges
8 6
8 9
11 8
11 4
0 5
5 11
6 #edges
8 6
8 9
11 8
0 5
5 11
6 4
6 #edges
8 6
8 4
8 9
11 8
0 5
5 11
6 #edges
8 9
11 8
0 5
5 11
4 6
9 4
6 #edges
8 4
8 9
11 8
0 5
5 11
9 6
6 #edges
8 9
11 8
0 5
5 11
6 4
9 6
6 #edges
8 9
11 8
11 4
0 5
5 11
9 6
6 #edges
8 9
11 8
11 4
0 5
5 11
4 6
6 #edges
8 4
8 9
11 8
0 5
5 11
4 6
6 #edges
8 6
11 8
11 4
0 5
5 11
6 9
6 #edges
8 6
11 8
0 5
5 11
6 9
9 4
6 #edges
8 6
8 4
11 8
0 5
5 11
6 9
6 #edges
8 6
8 4
11 8
0 5
5 11
4 9
6 #edges
8 6
8 4
11 8
11 9
0 5
5 11
6 #edges
8 6
11 8
11 4
0 5
5 11
4 9
6 #edges
8 6
11 8
11 9
0 5
5 11
6 4
6 #edges
8 6
11 8
11 9
0 5
5 11
9 4
6 #edges
8 6
11 8
0 5
5 11
6 4
4 9
6 #edges
11 8
11 4
0 5
5 11
4 9
9 6
6 #edges
11 8
11 4
0 5
5 11
6 9
4 6
6 #edges
11 8
11 9
0 5
5 11
6 4
9 6
6 #edges
8 4
11 8
11 9
0 5
5 11
9 6
6 #edges
11 8
11 9
0 5
5 11
4 6
9 4
6 #edges
8 4
11 8
11 9
0 5
5 11
4 6
6 #edges
8 4
11 8
0 5
5 11
6 9
4 6
6 #edges
8 4
11 8
0 5
5 11
4 9
9 6
3 #trees for patient 9
6 #edges
11 8
11 9
0 5
5 11
5 6
9 4
6 #edges
11 8
11 9
0 5
5 11
9 6
9 4
6 #edges
11 8
11 9
0 5
5 11
4 6
9 4
28 #trees for patient 10
6 #edges
11 9
0 8
0 5
0 6
0 4
5 11
6 #edges
11 5
0 8
0 11
0 6
0 4
5 9
6 #edges
11 5
0 8
0 11
0 6
5 9
6 4
6 #edges
11 5
0 8
0 11
0 6
5 9
9 4
6 #edges
11 9
0 8
0 5
0 6
5 11
6 4
6 #edges
11 9
0 8
0 5
0 6
5 11
9 4
6 #edges
11 5
0 8
0 11
0 4
5 9
4 6
6 #edges
11 5
0 8
0 11
0 4
5 9
9 6
6 #edges
11 9
0 8
0 5
0 4
5 11
4 6
6 #edges
11 9
0 8
0 5
0 4
5 11
9 6
6 #edges
11 5
0 8
0 11
5 9
4 6
9 4
6 #edges
11 5
0 8
0 11
5 9
6 4
9 6
6 #edges
11 9
0 8
0 5
5 11
6 4
9 6
6 #edges
11 9
0 8
0 5
5 11
4 6
9 4
6 #edges
11 5
0 11
0 6
0 4
5 8
5 9
6 #edges
11 5
0 11
0 4
5 8
5 9
4 6
6 #edges
11 5
0 11
0 4
5 8
5 9
9 6
6 #edges
11 8
11 9
0 5
0 4
5 11
4 6
6 #edges
11 8
11 9
0 5
0 6
0 4
5 11
6 #edges
11 8
11 9
0 5
0 4
5 11
9 6
6 #edges
11 8
11 9
0 5
0 6
5 11
6 4
6 #edges
11 8
11 9
0 5
0 6
5 11
9 4
6 #edges
11 5
0 11
0 6
5 8
5 9
6 4
6 #edges
11 5
0 11
0 6
5 8
5 9
9 4
6 #edges
11 8
11 9
0 5
5 11
6 4
9 6
6 #edges
11 8
11 9
0 5
5 11
4 6
9 4
6 #edges
11 5
0 11
5 8
5 9
4 6
9 4
6 #edges
11 5
0 11
5 8
5 9
6 4
9 6
4 #trees for patient 11
6 #edges
11 8
11 4
0 5
5 11
4 9
9 6
6 #edges
11 4
0 5
5 11
4 9
9 8
9 6
6 #edges
11 8
11 9
0 5
5 11
4 6
9 4
6 #edges
11 9
0 5
5 11
4 8
4 6
9 4
8 #trees for patient 12
6 #edges
11 8
11 9
0 5
5 11
6 4
9 6
6 #edges
11 8
11 9
0 5
5 11
4 6
9 4
6 #edges
11 9
0 5
5 11
6 4
4 8
9 6
6 #edges
11 9
0 5
5 11
6 8
4 6
9 4
6 #edges
11 5
0 11
5 8
5 9
6 4
9 6
6 #edges
11 5
0 11
5 8
5 9
4 6
9 4
6 #edges
11 5
0 11
5 9
6 4
4 8
9 6
6 #edges
11 5
0 11
5 9
6 8
4 6
9 4
18 #trees for patient 13
6 #edges
11 8
11 4
0 5
5 11
5 9
4 6
6 #edges
8 6
11 8
11 4
0 5
5 11
5 9
6 #edges
8 6
11 8
11 4
0 5
5 11
4 9
6 #edges
11 8
11 4
0 5
5 11
5 6
4 9
6 #edges
11 8
11 4
0 5
5 11
4 9
9 6
6 #edges
11 8
11 4
0 5
5 11
5 9
9 6
6 #edges
11 8
11 6
0 5
5 11
5 4
4 9
6 #edges
11 8
11 6
0 5
5 11
5 9
9 4
6 #edges
8 6
11 8
11 9
0 5
5 11
5 4
6 #edges
8 6
11 8
11 9
0 5
5 11
9 4
6 #edges
11 8
11 9
0 5
5 11
5 4
9 6
6 #edges
11 8
11 9
0 5
5 11
4 6
9 4
6 #edges
11 8
11 9
0 5
5 11
5 6
9 4
6 #edges
11 8
11 9
0 5
5 11
5 4
4 6
6 #edges
8 6
11 8
0 5
5 11
5 9
9 4
6 #edges
11 8
0 5
5 11
5 9
4 6
9 4
6 #edges
8 6
11 8
0 5
5 11
5 4
4 9
6 #edges
11 8
0 5
5 11
5 4
4 9
9 6
6 #trees for patient 14
6 #edges
11 8
11 9
0 5
0 6
5 11
9 4
6 #edges
11 8
11 4
0 5
0 6
5 11
4 9
6 #edges
11 8
11 9
0 5
5 11
5 6
9 4
6 #edges
11 8
11 4
0 5
5 11
5 6
4 9
6 #edges
11 8
11 4
0 5
5 11
4 9
9 6
6 #edges
11 8
11 9
0 5
5 11
4 6
9 4
12 #trees for patient 15
6 #edges
11 5
0 8
0 11
5 9
4 6
9 4
6 #edges
11 5
0 8
0 11
5 6
5 9
9 4
6 #edges
11 6
11 9
0 8
0 5
5 11
9 4
6 #edges
11 9
0 8
0 5
5 11
4 6
9 4
6 #edges
11 8
11 9
0 5
5 11
4 6
9 4
6 #edges
11 6
11 9
0 5
5 11
6 8
9 4
6 #edges
11 6
11 9
0 5
5 11
4 8
9 4
6 #edges
11 9
0 5
5 11
6 8
4 6
9 4
6 #edges
11 5
0 11
5 8
5 9
4 6
9 4
6 #edges
11 5
0 11
5 6
5 9
4 8
9 4
6 #edges
11 5
0 11
5 6
5 9
6 8
9 4
6 #edges
11 5
0 11
5 9
6 8
4 6
9 4
12 #trees for patient 16
6 #edges
11 5
0 8
0 11
5 9
6 4
9 6
6 #edges
11 5
0 8
0 11
5 9
4 6
9 4
6 #edges
11 9
0 8
0 5
5 11
6 4
9 6
6 #edges
11 9
0 8
0 5
5 11
4 6
9 4
6 #edges
11 9
0 5
5 11
6 4
9 8
9 6
6 #edges
11 8
11 9
0 5
5 11
6 4
9 6
6 #edges
11 8
11 9
0 5
5 11
4 6
9 4
6 #edges
11 9
0 5
5 11
4 6
9 8
9 4
6 #edges
11 5
0 11
5 9
4 6
9 8
9 4
6 #edges
11 5
0 11
5 8
5 9
4 6
9 4
6 #edges
11 5
0 11
5 8
5 9
6 4
9 6
6 #edges
11 5
0 11
5 9
6 4
9 8
9 6
12 #trees for patient 17
6 #edges
11 8
11 4
0 5
5 11
4 9
9 6
6 #edges
11 8
11 4
0 5
5 11
6 9
4 6
6 #edges
11 8
11 6
0 5
5 11
6 4
4 9
6 #edges
11 8
11 6
0 5
5 11
6 9
9 4
6 #edges
11 8
11 9
0 5
5 11
6 4
9 6
6 #edges
11 8
11 9
0 5
5 11
4 6
9 4
6 #edges
11 5
0 11
5 8
5 6
6 9
9 4
6 #edges
11 5
0 11
5 8
5 6
6 4
4 9
6 #edges
11 5
0 11
5 8
5 4
6 9
4 6
6 #edges
11 5
0 11
5 8
5 4
4 9
9 6
6 #edges
11 5
0 11
5 8
5 9
4 6
9 4
6 #edges
11 5
0 11
5 8
5 9
6 4
9 6
12 #trees for patient 18
6 #edges
8 5
0 8
5 6
5 9
4 7
9 4
6 #edges
8 5
0 8
5 9
7 6
4 7
9 4
6 #edges
8 5
0 8
5 9
7 4
4 6
9 7
6 #edges
8 5
0 8
5 6
5 9
7 4
9 7
6 #edges
8 5
0 8
5 6
5 4
4 9
9 7
6 #edges
8 5
0 8
5 6
5 4
7 9
4 7
6 #edges
8 5
0 8
5 7
5 6
7 9
9 4
6 #edges
8 5
0 8
5 7
5 6
7 4
4 9
6 #edges
8 5
0 8
5 4
7 9
4 7
9 6
6 #edges
8 5
0 8
5 4
7 6
4 9
9 7
6 #edges
8 5
0 8
5 7
7 4
4 9
9 6
6 #edges
8 5
0 8
5 7
7 9
4 6
9 4
12 #trees for patient 19
6 #edges
8 5
0 8
5 7
5 6
7 4
4 9
6 #edges
8 5
0 8
5 7
5 6
7 9
9 4
6 #edges
8 5
8 6
0 8
5 7
7 4
4 9
6 #edges
8 5
8 6
0 8
5 7
7 9
9 4
6 #edges
8 5
0 8
5 6
5 4
4 9
9 7
6 #edges
8 5
0 8
5 6
5 4
7 9
4 7
6 #edges
8 5
0 8
5 6
5 9
4 7
9 4
6 #edges
8 5
0 8
5 6
5 9
7 4
9 7
6 #edges
8 5
8 6
0 8
5 9
7 4
9 7
6 #edges
8 5
8 6
0 8
5 9
4 7
9 4
6 #edges
8 5
8 6
0 8
5 4
7 9
4 7
6 #edges
8 5
8 6
0 8
5 4
4 9
9 7
4 #trees for patient 20
6 #edges
8 7
8 6
0 5
5 8
7 9
9 4
6 #edges
8 7
0 5
5 8
7 9
4 6
9 4
6 #edges
8 5
0 8
5 7
5 6
7 9
9 4
6 #edges
8 5
0 8
5 7
7 9
4 6
9 4
6 #trees for patient 21
6 #edges
8 5
8 6
0 8
5 7
7 9
9 4
6 #edges
8 5
0 8
5 7
7 9
9 6
9 4
6 #edges
8 5
0 8
5 7
5 6
7 9
9 4
6 #edges
8 5
0 8
5 6
5 9
7 4
9 7
6 #edges
8 5
8 6
0 8
5 9
7 4
9 7
6 #edges
8 5
0 8
5 9
7 6
7 4
9 7
2 #trees for patient 22
6 #edges
8 5
0 8
5 7
5 6
7 9
9 4
6 #edges
8 5
0 8
5 6
5 9
7 4
9 7
34 #trees for patient 23
6 #edges
8 5
8 4
0 8
5 6
4 9
9 7
6 #edges
8 5
8 7
8 4
0 8
5 6
4 9
6 #edges
8 5
8 4
0 8
5 7
5 6
4 9
6 #edges
8 5
8 4
0 8
5 7
5 6
7 9
6 #edges
8 5
8 4
8 9
0 8
5 7
5 6
6 #edges
8 5
8 7
8 4
8 9
0 8
5 6
6 #edges
8 5
8 7
8 4
0 8
5 6
7 9
6 #edges
8 5
8 7
8 4
0 8
5 6
5 9
6 #edges
8 5
8 4
0 8
5 6
5 9
4 7
6 #edges
8 5
8 4
0 8
5 6
7 9
4 7
6 #edges
8 5
8 4
8 9
0 8
5 6
4 7
6 #edges
8 5
8 4
0 8
5 6
5 9
9 7
6 #edges
8 5
8 4
8 9
0 8
5 6
9 7
6 #edges
8 5
8 7
0 8
5 6
7 4
4 9
6 #edges
8 5
8 7
8 9
0 8
5 6
7 4
6 #edges
8 5
8 7
0 8
5 6
5 9
7 4
6 #edges
8 5
8 7
0 8
5 6
5 9
9 4
6 #edges
8 5
8 7
0 8
5 6
5 4
7 9
6 #edges
8 5
8 7
0 8
5 6
7 9
9 4
6 #edges
8 5
8 7
8 9
0 8
5 6
5 4
6 #edges
8 5
8 7
8 9
0 8
5 6
9 4
6 #edges
8 5
8 7
0 8
5 6
5 4
4 9
6 #edges
8 5
8 9
0 8
5 6
7 4
9 7
6 #edges
8 5
8 9
0 8
5 6
5 4
9 7
6 #edges
8 5
8 9
0 8
5 7
5 6
9 4
6 #edges
8 5
8 9
0 8
5 7
5 6
7 4
6 #edges
8 5
8 9
0 8
5 6
4 7
9 4
6 #edges
8 5
8 9
0 8
5 6
5 4
4 7
6 #edges
8 5
0 8
5 6
5 4
7 9
4 7
6 #edges
8 5
0 8
5 6
5 4
4 9
9 7
6 #edges
8 5
0 8
5 7
5 6
7 4
4 9
6 #edges
8 5
0 8
5 7
5 6
7 9
9 4
6 #edges
8 5
0 8
5 6
5 9
4 7
9 4
6 #edges
8 5
0 8
5 6
5 9
7 4
9 7
66 #trees for patient 24
6 #edges
8 6
8 9
0 5
5 8
7 4
9 7
6 #edges
8 6
8 9
0 5
5 8
6 4
9 7
6 #edges
8 6
8 9
0 5
5 8
4 7
9 4
6 #edges
8 6
8 9
0 5
5 8
6 7
9 4
6 #edges
8 6
8 9
0 5
5 8
6 7
6 4
6 #edges
8 6
8 9
0 5
5 8
6 4
4 7
6 #edges
8 6
8 9
0 5
5 8
7 4
6 7
6 #edges
8 6
8 4
0 5
5 8
4 9
9 7
6 #edges
8 6
8 4
0 5
5 8
6 7
4 9
6 #edges
8 6
8 4
0 5
5 8
6 9
4 7
6 #edges
8 6
8 4
0 5
5 8
6 9
9 7
6 #edges
8 6
8 4
0 5
5 8
6 7
6 9
6 #edges
8 6
8 4
0 5
5 8
7 9
6 7
6 #edges
8 6
8 4
0 5
5 8
7 9
4 7
6 #edges
8 6
0 5
5 8
7 4
6 7
6 9
6 #edges
8 6
0 5
5 8
6 7
6 9
9 4
6 #edges
8 6
0 5
5 8
7 4
6 7
4 9
6 #edges
8 6
0 5
5 8
6 7
6 4
4 9
6 #edges
8 6
0 5
5 8
7 9
6 7
6 4
6 #edges
8 6
0 5
5 8
7 9
6 7
9 4
6 #edges
8 7
8 6
0 5
5 8
6 9
9 4
6 #edges
8 7
8 6
0 5
5 8
7 4
6 9
6 #edges
8 7
8 6
0 5
5 8
6 4
6 9
6 #edges
8 6
0 5
5 8
6 4
6 9
9 7
6 #edges
8 6
0 5
5 8
7 4
6 9
9 7
6 #edges
8 6
0 5
5 8
6 4
6 9
4 7
6 #edges
8 6
0 5
5 8
6 9
4 7
9 4
6 #edges
8 7
8 6
0 5
5 8
7 4
4 9
6 #edges
8 7
8 6
0 5
5 8
7 9
6 4
6 #edges
8 7
8 6
0 5
5 8
6 4
4 9
6 #edges
8 7
8 6
0 5
5 8
7 9
9 4
6 #edges
8 6
0 5
5 8
7 9
6 4
4 7
6 #edges
8 6
0 5
5 8
6 4
4 9
9 7
6 #edges
8 5
0 8
5 6
5 9
4 7
9 4
6 #edges
8 5
0 8
5 6
5 9
6 7
9 4
6 #edges
8 5
0 8
5 6
5 9
7 4
9 7
6 #edges
8 5
0 8
5 6
5 9
6 4
9 7
6 #edges
8 5
0 8
5 6
5 9
7 4
6 7
6 #edges
8 5
0 8
5 6
5 9
6 7
6 4
6 #edges
8 5
0 8
5 6
5 9
6 4
4 7
6 #edges
8 5
0 8
5 7
5 6
7 9
6 4
6 #edges
8 5
0 8
5 7
5 6
7 9
9 4
6 #edges
8 5
0 8
5 7
5 6
7 4
6 9
6 #edges
8 5
0 8
5 7
5 6
7 4
4 9
6 #edges
8 5
0 8
5 7
5 6
6 4
6 9
6 #edges
8 5
0 8
5 7
5 6
6 4
4 9
6 #edges
8 5
0 8
5 7
5 6
6 9
9 4
6 #edges
8 5
0 8
5 6
5 4
6 7
4 9
6 #edges
8 5
0 8
5 6
5 4
4 9
9 7
6 #edges
8 5
0 8
5 6
5 4
7 9
6 7
6 #edges
8 5
0 8
5 6
5 4
6 7
6 9
6 #edges
8 5
0 8
5 6
5 4
6 9
4 7
6 #edges
8 5
0 8
5 6
5 4
6 9
9 7
6 #edges
8 5
0 8
5 6
5 4
7 9
4 7
6 #edges
8 5
0 8
5 6
6 9
4 7
9 4
6 #edges
8 5
0 8
5 6
6 7
6 9
9 4
6 #edges
8 5
0 8
5 6
7 4
6 9
9 7
6 #edges
8 5
0 8
5 6
6 4
6 9
9 7
6 #edges
8 5
0 8
5 6
7 4
6 7
6 9
6 #edges
8 5
0 8
5 6
6 4
6 9
4 7
6 #edges
8 5
0 8
5 6
6 4
4 9
9 7
6 #edges
8 5
0 8
5 6
6 7
6 4
4 9
6 #edges
8 5
0 8
5 6
7 9
6 4
4 7
6 #edges
8 5
0 8
5 6
7 9
6 7
6 4
6 #edges
8 5
0 8
5 6
7 9
6 7
9 4
6 #edges
8 5
0 8
5 6
7 4
6 7
4 9
4 #trees for patient 25
6 #edges
8 5
0 8
5 7
5 6
7 9
9 4
6 #edges
8 5
0 8
5 7
7 9
4 6
9 4
6 #edges
8 5
0 8
5 6
5 9
7 4
9 7
6 #edges
8 5
0 8
5 9
7 4
4 6
9 7
4 #trees for patient 26
6 #edges
8 7
8 6
0 5
5 8
7 9
9 4
6 #edges
8 6
8 9
0 5
5 8
7 4
9 7
6 #edges
8 5
0 8
5 7
5 6
7 9
9 4
6 #edges
8 5
0 8
5 6
5 9
7 4
9 7
6 #trees for patient 27
6 #edges
8 7
8 6
0 5
5 8
7 9
9 4
6 #edges
8 7
0 5
5 8
7 9
4 6
9 4
6 #edges
8 7
0 5
5 8
7 9
9 6
9 4
6 #edges
8 5
0 8
5 7
5 6
7 9
9 4
6 #edges
8 5
0 8
5 7
7 9
9 6
9 4
6 #edges
8 5
0 8
5 7
7 9
4 6
9 4
1 #trees for patient 28
6 #edges
8 5
0 8
5 7
5 6
7 9
9 4
12 #trees for patient 29
6 #edges
8 6
8 4
0 5
5 8
4 9
9 7
6 #edges
8 6
8 4
0 5
5 8
7 9
4 7
6 #edges
8 6
8 9
0 5
5 8
4 7
9 4
6 #edges
8 6
8 9
0 5
5 8
7 4
9 7
6 #edges
8 7
8 6
0 5
5 8
7 4
4 9
6 #edges
8 7
8 6
0 5
5 8
7 9
9 4
6 #edges
8 5
0 8
5 6
5 9
7 4
9 7
6 #edges
8 5
0 8
5 6
5 9
4 7
9 4
6 #edges
8 5
0 8
5 6
5 4
7 9
4 7
6 #edges
8 5
0 8
5 6
5 4
4 9
9 7
6 #edges
8 5
0 8
5 7
5 6
7 4
4 9
6 #edges
8 5
0 8
5 7
5 6
7 9
9 4
4 #trees for patient 30
6 #edges
8 6
8 9
0 5
5 8
7 4
9 7
6 #edges
8 7
8 6
0 5
5 8
7 9
9 4
6 #edges
8 5
0 8
5 7
5 6
7 9
9 4
6 #edges
8 5
0 8
5 6
5 9
7 4
9 7
6 #trees for patient 31
6 #edges
8 7
8 6
0 5
5 8
7 4
7 9
6 #edges
8 7
8 6
0 5
5 8
7 9
9 4
6 #edges
8 7
8 6
0 5
5 8
7 4
4 9
6 #edges
8 5
0 8
5 7
5 6
7 4
4 9
6 #edges
8 5
0 8
5 7
5 6
7 4
7 9
6 #edges
8 5
0 8
5 7
5 6
7 9
9 4
4 #trees for patient 32
6 #edges
8 5
0 8
5 6
5 9
7 4
9 7
6 #edges
8 5
0 8
5 6
5 9
6 4
9 7
6 #edges
8 5
0 8
5 7
5 6
7 9
9 4
6 #edges
8 5
0 8
5 7
5 6
7 9
6 4
4 #trees for patient 33
6 #edges
8 5
0 8
5 7
5 6
7 9
9 4
6 #edges
8 5
0 8
5 7
7 9
4 6
9 4
6 #edges
8 5
0 8
5 7
5 6
7 4
4 9
6 #edges
8 5
0 8
5 7
7 4
4 9
9 6
1 #trees for patient 34
6 #edges
8 5
0 8
5 7
5 6
7 9
9 4
24 #trees for patient 35
6 #edges
8 5
0 8
0 9
5 7
5 6
9 4
6 #edges
8 5
0 8
0 9
5 6
4 7
9 4
6 #edges
8 5
0 8
0 9
5 6
5 4
9 7
6 #edges
8 5
0 8
0 9
5 6
7 4
9 7
6 #edges
8 5
0 8
0 9
5 6
5 4
4 7
6 #edges
8 5
0 8
0 9
5 7
5 6
7 4
6 #edges
8 5
0 8
0 4
5 6
7 9
4 7
6 #edges
8 5
0 8
0 4
5 6
5 9
4 7
6 #edges
8 5
0 8
0 4
5 6
4 9
9 7
6 #edges
8 5
0 8
0 4
5 7
5 6
4 9
6 #edges
8 5
0 8
0 4
5 6
5 9
9 7
6 #edges
8 5
0 8
0 4
5 7
5 6
7 9
6 #edges
8 5
0 8
0 7
5 6
7 4
4 9
6 #edges
8 5
0 8
0 7
5 6
5 9
7 4
6 #edges
8 5
0 8
0 7
5 6
5 4
4 9
6 #edges
8 5
0 8
0 7
5 6
5 4
7 9
6 #edges
8 5
0 8
0 7
5 6
7 9
9 4
6 #edges
8 5
0 8
0 7
5 6
5 9
9 4
6 #edges
8 5
0 8
5 7
5 6
7 4
4 9
6 #edges
8 5
0 8
5 7
5 6
7 9
9 4
6 #edges
8 5
0 8
5 6
5 4
7 9
4 7
6 #edges
8 5
0 8
5 6
5 4
4 9
9 7
6 #edges
8 5
0 8
5 6
5 9
4 7
9 4
6 #edges
8 5
0 8
5 6
5 9
7 4
9 7
86 #trees for patient 36
6 #edges
8 5
0 8
0 6
0 4
0 9
9 7
6 #edges
8 5
0 8
0 6
0 9
7 4
9 7
6 #edges
8 5
0 8
0 6
0 9
5 4
9 7
6 #edges
8 5
0 8
0 4
0 9
5 6
9 7
6 #edges
8 5
0 8
0 9
5 6
7 4
9 7
6 #edges
8 5
0 8
0 9
5 6
5 4
9 7
6 #edges
8 5
0 8
0 6
0 4
0 9
4 7
6 #edges
8 5
0 8
0 4
0 9
5 6
4 7
6 #edges
8 5
0 8
0 6
0 4
0 9
5 7
6 #edges
8 5
0 8
0 4
0 9
5 7
5 6
6 #edges
8 5
0 8
0 7
0 6
0 9
9 4
6 #edges
8 5
0 8
0 6
0 9
4 7
9 4
6 #edges
8 5
0 8
0 6
0 9
5 7
9 4
6 #edges
8 5
0 8
0 7
0 6
0 9
7 4
6 #edges
8 5
0 8
0 7
0 6
0 9
5 4
6 #edges
8 5
0 8
0 6
0 9
5 4
4 7
6 #edges
8 5
0 8
0 6
0 9
5 7
5 4
6 #edges
8 5
0 8
0 6
0 9
5 7
7 4
6 #edges
8 5
0 8
0 7
0 9
5 6
9 4
6 #edges
8 5
0 8
0 9
5 6
4 7
9 4
6 #edges
8 5
0 8
0 9
5 7
5 6
9 4
6 #edges
8 5
0 8
0 7
0 9
5 6
7 4
6 #edges
8 5
0 8
0 7
0 9
5 6
5 4
6 #edges
8 5
0 8
0 9
5 7
5 6
5 4
6 #edges
8 5
0 8
0 9
5 6
5 4
4 7
6 #edges
8 5
0 8
0 9
5 7
5 6
7 4
6 #edges
8 5
0 8
0 6
0 4
7 9
4 7
6 #edges
8 5
0 8
0 6
0 4
5 9
4 7
6 #edges
8 5
0 8
0 4
5 6
7 9
4 7
6 #edges
8 5
0 8
0 4
5 6
5 9
4 7
6 #edges
8 5
0 8
0 7
0 4
5 6
4 9
6 #edges
8 5
0 8
0 7
0 6
0 4
4 9
6 #edges
8 5
0 8
0 4
5 6
4 9
9 7
6 #edges
8 5
0 8
0 6
0 4
4 9
9 7
6 #edges
8 5
0 8
0 6
0 4
5 7
4 9
6 #edges
8 5
0 8
0 4
5 7
5 6
4 9
6 #edges
8 5
0 8
0 7
0 6
0 4
7 9
6 #edges
8 5
0 8
0 7
0 6
0 4
5 9
6 #edges
8 5
0 8
0 6
0 4
5 7
7 9
6 #edges
8 5
0 8
0 6
0 4
5 7
5 9
6 #edges
8 5
0 8
0 6
0 4
5 9
9 7
6 #edges
8 5
0 8
0 7
0 4
5 6
7 9
6 #edges
8 5
0 8
0 7
0 4
5 6
5 9
6 #edges
8 5
0 8
0 4
5 7
5 6
7 9
6 #edges
8 5
0 8
0 4
5 7
5 6
5 9
6 #edges
8 5
0 8
0 4
5 6
5 9
9 7
6 #edges
8 5
0 8
0 7
0 6
7 9
9 4
6 #edges
8 5
0 8
0 7
0 6
5 4
7 9
6 #edges
8 5
0 8
0 7
5 6
7 9
9 4
6 #edges
8 5
0 8
0 7
5 6
5 4
7 9
6 #edges
8 5
0 8
0 7
0 6
7 4
4 9
6 #edges
8 5
0 8
0 7
0 6
5 9
7 4
6 #edges
8 5
0 8
0 7
0 6
5 4
5 9
6 #edges
8 5
0 8
0 7
0 6
5 4
4 9
6 #edges
8 5
0 8
0 7
0 6
5 9
9 4
6 #edges
8 5
0 8
0 7
5 6
5 9
7 4
6 #edges
8 5
0 8
0 7
5 6
5 4
5 9
6 #edges
8 5
0 8
0 7
5 6
5 9
9 4
6 #edges
8 5
0 8
0 7
5 6
5 4
4 9
6 #edges
8 5
0 8
0 7
5 6
7 4
4 9
6 #edges
8 5
0 8
0 6
5 7
5 4
7 9
6 #edges
8 5
0 8
0 6
5 7
5 4
4 9
6 #edges
8 5
0 8
0 6
5 7
5 4
5 9
6 #edges
8 5
0 8
0 6
5 7
5 9
7 4
6 #edges
8 5
0 8
0 6
5 7
5 9
9 4
6 #edges
8 5
0 8
0 6
5 7
7 9
9 4
6 #edges
8 5
0 8
0 6
5 7
7 4
4 9
6 #edges
8 5
0 8
0 6
5 4
7 9
4 7
6 #edges
8 5
0 8
0 6
5 4
5 9
4 7
6 #edges
8 5
0 8
0 6
5 4
4 9
9 7
6 #edges
8 5
0 8
0 6
5 4
5 9
9 7
6 #edges
8 5
0 8
0 6
5 9
4 7
9 4
6 #edges
8 5
0 8
0 6
5 9
7 4
9 7
6 #edges
8 5
0 8
5 7
5 6
5 9
9 4
6 #edges
8 5
0 8
5 7
5 6
5 4
5 9
6 #edges
8 5
0 8
5 7
5 6
5 9
7 4
6 #edges
8 5
0 8
5 6
5 4
5 9
9 7
6 #edges
8 5
0 8
5 6
5 9
7 4
9 7
6 #edges
8 5
0 8
5 6
5 4
5 9
4 7
6 #edges
8 5
0 8
5 6
5 9
4 7
9 4
6 #edges
8 5
0 8
5 7
5 6
5 4
7 9
6 #edges
8 5
0 8
5 7
5 6
7 9
9 4
6 #edges
8 5
0 8
5 7
5 6
5 4
4 9
6 #edges
8 5
0 8
5 7
5 6
7 4
4 9
6 #edges
8 5
0 8
5 6
5 4
7 9
4 7
6 #edges
8 5
0 8
5 6
5 4
4 9
9 7
7 #trees for patient 37
6 #edges
8 5
8 4
8 9
0 8
5 7
5 6
6 #edges
8 5
8 9
0 8
5 7
5 6
7 4
6 #edges
8 5
8 9
0 8
5 7
5 6
9 4
6 #edges
8 5
8 4
0 8
5 7
5 6
4 9
6 #edges
8 5
8 4
0 8
5 7
5 6
7 9
6 #edges
8 5
0 8
5 7
5 6
7 9
9 4
6 #edges
8 5
0 8
5 7
5 6
7 4
4 9
4 #trees for patient 38
6 #edges
8 7
8 6
0 5
5 8
7 9
9 4
6 #edges
8 6
8 9
0 5
5 8
7 4
9 7
6 #edges
8 5
0 8
5 7
5 6
7 9
9 4
6 #edges
8 5
0 8
5 6
5 9
7 4
9 7
8 #trees for patient 39
6 #edges
8 5
0 8
0 4
5 7
5 6
7 9
6 #edges
8 7
8 6
0 5
0 4
5 8
7 9
6 #edges
8 7
8 6
0 5
5 8
7 9
6 4
6 #edges
8 7
8 6
0 5
5 8
7 9
9 4
6 #edges
8 7
8 6
0 5
5 8
7 4
7 9
6 #edges
8 5
0 8
5 7
5 6
7 9
6 4
6 #edges
8 5
0 8
5 7
5 6
7 9
9 4
6 #edges
8 5
0 8
5 7
5 6
7 4
7 9
4 #trees for patient 40
6 #edges
8 7
8 6
0 5
5 8
7 9
9 4
6 #edges
8 7
8 6
0 5
5 8
7 9
6 4
6 #edges
8 5
0 8
5 7
5 6
7 9
9 4
6 #edges
8 5
0 8
5 7
5 6
7 9
6 4
2 #trees for patient 41
6 #edges
0 3
0 5
5 7
5 1
7 10
1 2
6 #edges
0 5
5 7
5 1
7 10
1 3
1 2
26 #trees for patient 42
6 #edges
0 3
0 5
5 2
5 7
2 1
7 10
6 #edges
0 10
0 3
0 5
5 2
5 7
2 1
6 #edges
0 10
0 3
0 5
3 1
5 2
5 7
6 #edges
0 10
0 3
0 5
5 2
5 7
7 1
6 #edges
0 3
0 5
5 2
5 7
7 10
7 1
6 #edges
0 3
0 5
3 1
5 2
5 7
7 10
6 #edges
0 10
0 3
0 5
3 1
5 7
7 2
6 #edges
0 10
0 3
0 5
3 2
3 1
5 7
6 #edges
0 10
0 3
0 5
3 1
5 7
1 2
6 #edges
0 10
0 3
0 5
3 2
5 7
7 1
6 #edges
0 10
0 3
0 5
5 7
7 1
1 2
6 #edges
0 10
0 3
0 5
3 2
5 7
2 1
6 #edges
0 10
0 3
0 5
3 2
5 7
5 1
6 #edges
0 10
0 3
0 5
5 7
5 1
1 2
6 #edges
0 10
0 3
0 5
5 7
5 1
7 2
6 #edges
0 10
0 3
0 5
5 7
2 1
7 2
6 #edges
0 3
0 5
3 2
5 7
2 1
7 10
6 #edges
0 3
0 5
3 2
3 1
5 7
7 10
6 #edges
0 3
0 5
3 2
5 7
5 1
7 10
6 #edges
0 3
0 5
3 2
5 7
7 10
7 1
6 #edges
0 3
0 5
3 1
5 7
7 10
1 2
6 #edges
0 3
0 5
3 1
5 7
7 10
7 2
6 #edges
0 3
0 5
5 7
5 1
7 10
1 2
6 #edges
0 3
0 5
5 7
5 1
7 10
7 2
6 #edges
0 3
0 5
5 7
2 1
7 10
7 2
6 #edges
0 3
0 5
5 7
7 10
7 1
1 2
4 #trees for patient 43
6 #edges
10 7
0 3
0 5
5 10
5 1
1 2
6 #edges
10 7
0 3
0 5
5 10
5 2
2 1
6 #edges
0 3
0 5
5 7
5 1
7 10
1 2
6 #edges
0 3
0 5
5 2
5 7
2 1
7 10
2 #trees for patient 44
6 #edges
0 3
0 5
5 7
5 1
7 10
1 2
6 #edges
0 5
5 7
5 1
2 3
7 10
1 2
12 #trees for patient 45
6 #edges
0 3
0 5
0 7
5 10
5 1
1 2
6 #edges
0 3
0 5
0 7
5 1
7 10
1 2
6 #edges
0 5
0 7
5 10
5 1
1 3
1 2
6 #edges
0 5
0 7
5 1
7 10
1 3
1 2
6 #edges
10 7
0 10
0 3
0 5
5 1
1 2
6 #edges
10 7
0 10
0 5
5 1
1 3
1 2
6 #edges
0 10
0 3
0 5
5 7
5 1
1 2
6 #edges
0 10
0 5
5 7
5 1
1 3
1 2
6 #edges
10 7
0 3
0 5
5 10
5 1
1 2
6 #edges
0 3
0 5
5 7
5 1
7 10
1 2
6 #edges
0 5
5 7
5 1
7 10
1 3
1 2
6 #edges
10 7
0 5
5 10
5 1
1 3
1 2
4 #trees for patient 46
6 #edges
0 3
0 5
5 7
5 1
7 10
7 2
6 #edges
0 3
0 5
5 7
5 1
7 10
1 2
6 #edges
10 3
0 5
5 7
5 1
7 10
1 2
6 #edges
10 3
0 5
5 7
5 1
7 10
7 2
4 #trees for patient 47
6 #edges
0 3
0 5
5 7
5 1
7 10
1 2
6 #edges
10 7
0 3
0 5
5 10
5 1
1 2
6 #edges
0 3
0 5
5 2
5 7
2 1
7 10
6 #edges
10 7
0 3
0 5
5 10
5 2
2 1
6 #trees for patient 48
6 #edges
0 3
0 5
3 2
5 7
5 1
7 10
6 #edges
0 3
0 5
5 7
5 1
7 10
1 2
6 #edges
0 3
0 5
3 1
5 7
7 10
1 2
6 #edges
0 3
0 5
3 1
5 2
5 7
7 10
6 #edges
0 3
0 5
5 2
5 7
2 1
7 10
6 #edges
0 3
0 5
3 2
5 7
2 1
7 10
46 #trees for patient 49
6 #edges
0 10
0 3
0 5
5 2
5 7
2 1
6 #edges
0 10
0 3
0 5
5 2
2 1
1 7
6 #edges
0 10
0 3
0 5
5 7
5 1
1 2
6 #edges
0 10
0 3
0 5
5 1
2 7
1 2
6 #edges
0 3
0 5
0 7
5 1
7 10
1 2
6 #edges
0 3
0 5
0 7
5 2
2 1
7 10
6 #edges
0 3
0 5
0 7
5 10
5 2
2 1
6 #edges
0 3
0 5
0 7
5 2
2 1
1 10
6 #edges
0 3
0 5
0 7
5 10
5 1
1 2
6 #edges
0 3
0 5
0 7
5 1
2 10
1 2
6 #edges
0 3
0 5
0 1
2 7
7 10
1 2
6 #edges
0 3
0 5
0 1
5 10
2 7
1 2
6 #edges
0 3
0 5
0 1
5 7
2 10
1 2
6 #edges
0 3
0 5
0 1
5 10
5 7
1 2
6 #edges
0 3
0 5
0 1
5 7
7 10
1 2
6 #edges
0 3
0 5
0 1
5 2
5 7
1 10
6 #edges
0 3
0 5
0 1
5 2
2 7
1 10
6 #edges
0 3
0 5
0 1
5 2
7 10
1 7
6 #edges
0 3
0 5
0 1
5 10
5 2
1 7
6 #edges
0 3
0 5
0 1
5 2
2 10
1 7
6 #edges
0 3
0 5
0 1
5 10
5 2
2 7
6 #edges
0 3
0 5
0 1
5 2
2 7
7 10
6 #edges
0 3
0 5
0 1
5 2
5 7
2 10
6 #edges
0 3
0 5
0 1
5 2
5 7
7 10
6 #edges
0 3
0 5
0 2
5 7
5 1
2 10
6 #edges
0 3
0 5
0 2
5 1
2 10
1 7
6 #edges
0 3
0 5
0 2
5 7
2 1
7 10
6 #edges
0 3
0 5
0 2
5 10
5 7
2 1
6 #edges
0 3
0 5
0 2
5 7
2 1
1 10
6 #edges
0 3
0 5
0 2
5 7
5 1
7 10
6 #edges
0 3
0 5
0 2
5 7
5 1
1 10
6 #edges
0 3
0 5
0 2
5 1
2 7
7 10
6 #edges
0 3
0 5
0 2
5 10
5 1
2 7
6 #edges
0 3
0 5
0 2
5 1
2 7
1 10
6 #edges
0 3
0 5
0 2
5 10
5 1
1 7
6 #edges
0 3
0 5
0 2
5 10
2 1
1 7
6 #edges
0 3
0 5
0 2
5 1
7 10
1 7
6 #edges
0 3
0 5
0 2
2 1
7 10
1 7
6 #edges
0 3
0 5
5 10
5 2
2 1
1 7
6 #edges
0 3
0 5
5 10
5 1
2 7
1 2
6 #edges
0 3
0 5
5 2
5 7
2 1
1 10
6 #edges
0 3
0 5
5 2
5 7
2 1
7 10
6 #edges
0 3
0 5
5 2
2 1
7 10
1 7
6 #edges
0 3
0 5
5 7
5 1
7 10
1 2
6 #edges
0 3
0 5
5 7
5 1
2 10
1 2
6 #edges
0 3
0 5
5 1
2 7
7 10
1 2
14 #trees for patient 50
6 #edges
0 3
0 5
3 2
5 7
5 1
1 10
6 #edges
0 3
0 5
3 2
5 7
5 1
7 10
6 #edges
10 7
0 3
0 5
3 2
5 10
5 1
6 #edges
0 3
0 5
3 2
5 10
5 1
1 7
6 #edges
0 3
0 5
3 2
5 1
7 10
1 7
6 #edges
0 3
0 5
3 2
5 1
1 10
1 7
6 #edges
10 7
0 3
0 5
3 2
5 1
1 10
6 #edges
10 7
0 3
0 5
5 1
1 10
1 2
6 #edges
0 3
0 5
5 1
1 10
1 2
1 7
6 #edges
0 3
0 5
5 7
5 1
1 10
1 2
6 #edges
0 3
0 5
5 10
5 1
1 2
1 7
6 #edges
0 3
0 5
5 1
7 10
1 2
1 7
6 #edges
10 7
0 3
0 5
5 10
5 1
1 2
6 #edges
0 3
0 5
5 7
5 1
7 10
1 2
3 #trees for patient 51
6 #edges
0 3
0 5
5 7
5 1
7 10
1 2
6 #edges
0 3
0 5
3 2
5 7
5 1
7 10
6 #edges
0 3
0 5
3 2
5 7
5 1
1 10
2 #trees for patient 52
6 #edges
0 3
0 5
5 2
5 7
2 1
7 10
6 #edges
0 3
0 5
5 7
5 1
7 10
1 2
2 #trees for patient 53
6 #edges
0 3
0 5
5 7
5 1
7 10
1 2
6 #edges
0 5
5 7
5 1
7 10
1 3
1 2
4 #trees for patient 54
6 #edges
0 3
0 5
5 2
5 7
2 1
7 10
6 #edges
0 3
0 5
5 7
5 1
7 10
1 2
6 #edges
0 5
5 7
5 1
2 3
7 10
1 2
6 #edges
0 5
5 2
5 7
2 1
7 10
1 3
6 #trees for patient 55
6 #edges
0 3
0 5
5 2
5 7
2 1
7 10
6 #edges
10 1
0 3
0 5
5 2
5 7
7 10
6 #edges
10 2
0 3
0 5
5 7
5 1
7 10
6 #edges
10 2
0 3
0 5
5 7
2 1
7 10
6 #edges
10 1
0 3
0 5
5 7
7 10
1 2
6 #edges
0 3
0 5
5 7
5 1
7 10
1 2
12 #trees for patient 56
6 #edges
0 3
0 5
5 7
5 1
7 10
1 2
6 #edges
0 3
0 5
5 7
5 1
7 10
7 2
6 #edges
0 3
0 5
5 2
5 7
2 1
7 10
6 #edges
0 3
0 5
5 2
5 7
7 10
7 1
6 #edges
0 3
0 5
5 7
2 1
7 10
7 2
6 #edges
0 3
0 5
5 7
7 10
7 1
1 2
6 #edges
10 3
0 5
5 7
5 1
7 10
1 2
6 #edges
10 3
0 5
5 7
5 1
7 10
7 2
6 #edges
10 3
0 5
5 2
5 7
2 1
7 10
6 #edges
10 3
0 5
5 2
5 7
7 10
7 1
6 #edges
10 3
0 5
5 7
2 1
7 10
7 2
6 #edges
10 3
0 5
5 7
7 10
7 1
1 2
4 #trees for patient 57
6 #edges
10 7
0 3
0 5
5 10
5 1
7 2
6 #edges
10 7
0 3
0 5
5 10
5 1
1 2
6 #edges
0 3
0 5
5 7
5 1
7 10
1 2
6 #edges
10 2
0 3
0 5
5 7
5 1
7 10
12 #trees for patient 58
6 #edges
0 3
0 5
0 2
5 7
5 1
7 10
6 #edges
10 2
0 3
0 5
5 7
5 1
7 10
6 #edges
0 3
0 5
5 7
5 1
7 10
1 2
6 #edges
0 5
0 2
5 3
5 7
5 1
7 10
6 #edges
0 5
0 2
5 7
5 1
7 10
7 3
6 #edges
0 5
0 2
5 7
5 1
7 10
1 3
6 #edges
0 5
5 7
5 1
7 10
7 3
1 2
6 #edges
10 2
0 5
5 7
5 1
7 10
7 3
6 #edges
0 5
5 3
5 7
5 1
7 10
1 2
6 #edges
10 2
0 5
5 3
5 7
5 1
7 10
6 #edges
0 5
5 7
5 1
7 10
1 3
1 2
6 #edges
10 2
0 5
5 7
5 1
7 10
1 3
7 #trees for patient 59
6 #edges
0 3
0 5
0 2
0 1
5 7
7 10
6 #edges
0 3
0 5
0 1
5 7
7 10
1 2
6 #edges
0 3
0 5
0 1
5 2
5 7
7 10
6 #edges
0 3
0 5
0 2
5 7
5 1
7 10
6 #edges
0 3
0 5
0 2
5 7
2 1
7 10
6 #edges
0 3
0 5
5 2
5 7
2 1
7 10
6 #edges
0 3
0 5
5 7
5 1
7 10
1 2
2 #trees for patient 60
6 #edges
0 3
0 5
5 7
5 1
7 10
1 2
6 #edges
10 7
0 3
0 5
5 10
5 1
1 2
2 #trees for patient 61
6 #edges
0 3
0 5
5 7
5 1
7 10
1 2
6 #edges
10 7
0 3
0 5
5 10
5 1
1 2
8 #trees for patient 62
6 #edges
0 3
0 5
5 10
5 7
5 1
1 2
6 #edges
0 3
0 5
5 7
5 1
7 10
1 2
6 #edges
0 3
0 5
5 10
5 2
5 7
2 1
6 #edges
0 3
0 5
5 2
5 7
2 1
7 10
6 #edges
0 5
5 10
5 2
5 7
2 1
1 3
6 #edges
0 5
5 2
5 7
2 1
7 10
1 3
6 #edges
0 5
5 10
5 7
5 1
2 3
1 2
6 #edges
0 5
5 7
5 1
2 3
7 10
1 2
36 #trees for patient 63
6 #edges
0 5
0 7
5 10
5 1
2 3
1 2
6 #edges
0 5
0 7
5 1
2 3
7 10
1 2
6 #edges
0 5
0 7
5 1
2 10
2 3
1 2
6 #edges
0 5
0 7
3 10
5 1
2 3
1 2
6 #edges
10 7
0 10
0 5
5 1
2 3
1 2
6 #edges
0 10
0 5
5 7
5 1
2 3
1 2
6 #edges
0 10
0 5
5 1
2 3
2 7
1 2
6 #edges
0 10
0 5
3 7
5 1
2 3
1 2
6 #edges
0 3
0 5
3 7
5 1
7 10
1 2
6 #edges
0 3
0 5
3 7
5 10
5 1
1 2
6 #edges
0 3
0 5
3 7
5 1
2 10
1 2
6 #edges
0 3
0 5
5 10
5 1
2 7
1 2
6 #edges
10 7
0 3
0 5
5 10
5 1
1 2
6 #edges
0 3
0 5
5 10
5 7
5 1
1 2
6 #edges
0 3
0 5
5 1
2 7
7 10
1 2
6 #edges
0 3
0 5
3 10
5 1
2 7
1 2
6 #edges
0 3
0 5
5 1
2 10
2 7
1 2
6 #edges
10 7
0 3
0 5
5 1
2 10
1 2
6 #edges
0 3
0 5
5 7
5 1
2 10
1 2
6 #edges
0 3
0 5
3 10
5 7
5 1
1 2
6 #edges
10 7
0 3
0 5
3 10
5 1
1 2
6 #edges
0 3
0 5
5 7
5 1
7 10
1 2
6 #edges
0 5
5 7
5 1
2 3
7 10
1 2
6 #edges
0 5
5 10
5 7
5 1
2 3
1 2
6 #edges
0 5
5 7
5 1
2 10
2 3
1 2
6 #edges
0 5
3 10
5 7
5 1
2 3
1 2
6 #edges
10 7
0 5
5 10
5 1
2 3
1 2
6 #edges
0 5
5 10
5 1
2 3
2 7
1 2
6 #edges
0 5
3 7
5 10
5 1
2 3
1 2
6 #edges
0 5
3 7
5 1
2 10
2 3
1 2
6 #edges
0 5
5 1
2 10
2 3
2 7
1 2
6 #edges
10 7
0 5
5 1
2 10
2 3
1 2
6 #edges
0 5
3 7
5 1
2 3
7 10
1 2
6 #edges
0 5
5 1
2 3
2 7
7 10
1 2
6 #edges
0 5
3 10
5 1
2 3
2 7
1 2
6 #edges
10 7
0 5
3 10
5 1
2 3
1 2
4 #trees for patient 64
6 #edges
0 3
0 5
5 2
5 7
2 1
7 10
6 #edges
0 3
0 5
5 7
5 1
7 10
1 2
6 #edges
10 3
0 5
5 7
5 1
7 10
1 2
6 #edges
10 3
0 5
5 2
5 7
2 1
7 10
14 #trees for patient 65
6 #edges
0 3
0 5
0 2
0 1
5 7
7 10
6 #edges
0 3
0 5
0 1
5 7
7 10
1 2
6 #edges
0 3
0 5
0 1
5 2
5 7
7 10
6 #edges
0 3
0 5
0 2
5 7
5 1
7 10
6 #edges
0 3
0 5
5 7
5 1
7 10
1 2
6 #edges
0 3
0 5
5 2
5 7
2 1
7 10
6 #edges
0 3
0 5
0 2
5 7
2 1
7 10
6 #edges
10 7
0 3
0 5
5 10
5 2
2 1
6 #edges
10 7
0 3
0 5
0 1
5 10
5 2
6 #edges
10 7
0 3
0 5
0 2
5 10
5 1
6 #edges
10 7
0 3
0 5
5 10
5 1
1 2
6 #edges
10 7
0 3
0 5
0 2
0 1
5 10
6 #edges
10 7
0 3
0 5
0 1
5 10
1 2
6 #edges
10 7
0 3
0 5
0 2
5 10
2 1
8 #trees for patient 66
6 #edges
8 2
0 1
3 7
3 9
1 3
9 8
6 #edges
8 9
0 1
3 8
3 7
1 3
9 2
6 #edges
8 2
0 1
3 9
2 7
1 3
9 8
6 #edges
8 9
0 1
3 8
2 7
1 3
9 2
6 #edges
8 2
0 3
3 1
2 7
1 9
9 8
6 #edges
8 2
0 3
3 1
1 7
1 9
9 8
6 #edges
8 9
0 3
3 1
1 8
1 7
9 2
6 #edges
8 9
0 3
3 1
2 7
1 8
9 2
6 #trees for patient 67
6 #edges
8 9
0 1
3 8
3 7
1 3
9 2
6 #edges
8 2
0 1
3 8
3 7
2 9
1 3
6 #edges
8 2
0 1
3 7
3 9
1 3
9 8
6 #edges
0 1
3 7
3 9
2 8
1 3
9 2
6 #edges
0 1
3 2
3 7
2 9
1 3
9 8
6 #edges
8 9
0 1
3 2
3 7
2 8
1 3
4 #trees for patient 68
6 #edges
8 2
0 1
3 7
3 9
1 3
9 8
6 #edges
8 2
0 1
3 9
2 7
1 3
9 8
6 #edges
8 2
0 3
3 1
1 7
1 9
9 8
6 #edges
8 2
0 3
3 1
2 7
1 9
9 8
2 #trees for patient 69
6 #edges
8 2
0 1
3 7
3 9
1 3
9 8
6 #edges
8 2
0 3
3 1
1 7
1 9
9 8
12 #trees for patient 70
6 #edges
8 2
0 1
3 7
3 9
1 3
9 8
6 #edges
0 1
3 7
3 9
2 8
1 3
9 2
6 #edges
8 9
0 1
3 2
3 7
2 8
1 3
6 #edges
0 1
3 2
3 7
2 9
1 3
9 8
6 #edges
8 9
0 1
3 8
3 7
1 3
9 2
6 #edges
8 2
0 1
3 8
3 7
2 9
1 3
6 #edges
8 2
0 3
3 1
1 7
1 9
9 8
6 #edges
0 3
3 1
2 8
1 7
1 9
9 2
6 #edges
8 9
0 3
3 1
2 8
1 2
1 7
6 #edges
0 3
3 1
2 9
1 2
1 7
9 8
6 #edges
8 2
0 3
3 1
2 9
1 8
1 7
6 #edges
8 9
0 3
3 1
1 8
1 7
9 2
1 #trees for patient 71
6 #edges
8 2
0 1
3 7
3 9
1 3
9 8
12 #trees for patient 72
6 #edges
8 9
0 1
3 2
3 7
2 8
1 3
6 #edges
0 1
3 2
3 7
2 9
1 3
9 8
6 #edges
8 2
0 1
3 8
3 7
2 9
1 3
6 #edges
8 9
0 1
3 8
3 7
1 3
9 2
6 #edges
8 2
0 1
3 7
3 9
1 3
9 8
6 #edges
0 1
3 7
3 9
2 8
1 3
9 2
6 #edges
0 3
3 1
2 9
1 2
1 7
9 8
6 #edges
8 9
0 3
3 1
2 8
1 2
1 7
6 #edges
0 3
3 1
2 8
1 7
1 9
9 2
6 #edges
8 2
0 3
3 1
1 7
1 9
9 8
6 #edges
8 2
0 3
3 1
2 9
1 8
1 7
6 #edges
8 9
0 3
3 1
1 8
1 7
9 2
12 #trees for patient 73
6 #edges
8 9
0 1
3 2
3 7
2 8
1 3
6 #edges
0 1
3 2
3 7
2 9
1 3
9 8
6 #edges
8 2
0 1
3 8
3 7
2 9
1 3
6 #edges
8 9
0 1
3 8
3 7
1 3
9 2
6 #edges
8 2
0 1
3 7
3 9
1 3
9 8
6 #edges
0 1
3 7
3 9
2 8
1 3
9 2
6 #edges
0 3
3 1
2 9
1 2
1 7
9 8
6 #edges
8 9
0 3
3 1
2 8
1 2
1 7
6 #edges
0 3
3 1
2 8
1 7
1 9
9 2
6 #edges
8 2
0 3
3 1
1 7
1 9
9 8
6 #edges
8 2
0 3
3 1
2 9
1 8
1 7
6 #edges
8 9
0 3
3 1
1 8
1 7
9 2
19 #trees for patient 74
6 #edges
8 2
0 1
3 7
3 9
1 3
9 8
6 #edges
0 1
3 7
3 9
7 2
1 3
9 8
6 #edges
0 1
3 7
3 9
7 8
7 2
1 3
6 #edges
0 1
3 7
3 9
2 8
7 2
1 3
6 #edges
8 2
0 1
3 7
3 9
7 8
1 3
6 #edges
0 1
3 7
3 9
7 8
1 3
9 2
6 #edges
0 1
3 7
3 9
2 8
1 3
9 2
6 #edges
8 2
0 1
3 8
3 7
7 9
1 3
6 #edges
0 1
3 8
3 7
7 2
7 9
1 3
6 #edges
0 1
3 8
3 7
7 9
1 3
9 2
6 #edges
0 1
3 2
3 7
7 8
7 9
1 3
6 #edges
0 1
3 2
3 7
2 8
7 9
1 3
6 #edges
0 1
3 2
3 7
7 9
1 3
9 8
6 #edges
0 1
3 7
2 8
7 2
7 9
1 3
6 #edges
0 1
3 7
7 2
7 9
1 3
9 8
6 #edges
0 1
3 7
7 8
7 9
1 3
9 2
6 #edges
8 2
0 1
3 7
7 8
7 9
1 3
6 #edges
8 2
0 1
3 7
7 9
1 3
9 8
6 #edges
0 1
3 7
2 8
7 9
1 3
9 2
2 #trees for patient 75
6 #edges
8 2
0 1
3 7
3 9
1 3
9 8
6 #edges
8 2
0 1
3 9
1 3
9 8
9 7
2 #trees for patient 76
6 #edges
0 1
3 7
3 9
7 2
1 3
9 8
6 #edges
8 2
0 1
3 7
3 9
1 3
9 8
24 #trees for patient 77
6 #edges
0 1
3 8
3 7
2 9
1 3
1 2
6 #edges
0 1
3 7
2 9
1 3
1 2
9 8
6 #edges
0 1
3 7
3 9
1 3
1 2
9 8
6 #edges
0 1
3 7
3 9
2 8
1 3
1 2
6 #edges
8 9
0 1
3 8
3 7
1 3
1 2
6 #edges
8 9
0 1
3 7
2 8
1 3
1 2
6 #edges
0 1
3 7
2 8
1 3
1 9
9 2
6 #edges
0 1
3 8
3 7
1 3
1 9
9 2
6 #edges
8 2
0 1
3 7
1 3
1 9
9 8
6 #edges
0 1
3 2
3 7
1 3
1 9
9 8
6 #edges
0 1
3 2
3 7
2 8
1 3
1 9
6 #edges
8 2
0 1
3 8
3 7
1 3
1 9
6 #edges
8 2
0 1
3 8
3 7
2 9
1 3
6 #edges
8 9
0 1
3 8
3 7
1 3
9 2
6 #edges
0 1
3 7
3 9
2 8
1 3
9 2
6 #edges
0 1
3 7
3 9
1 8
1 3
9 2
6 #edges
8 2
0 1
3 7
3 9
1 3
9 8
6 #edges
8 2
0 1
3 7
3 9
1 8
1 3
6 #edges
8 9
0 1
3 2
3 7
1 8
1 3
6 #edges
0 1
3 2
3 7
2 9
1 8
1 3
6 #edges
8 2
0 1
3 7
2 9
1 8
1 3
6 #edges
8 9
0 1
3 7
1 8
1 3
9 2
6 #edges
0 1
3 2
3 7
2 9
1 3
9 8
6 #edges
8 9
0 1
3 2
3 7
2 8
1 3
4 #trees for patient 78
6 #edges
8 2
8 7
0 1
3 9
1 3
9 8
6 #edges
8 2
0 1
3 7
3 9
1 3
9 8
6 #edges
8 2
0 3
3 1
1 7
1 9
9 8
6 #edges
8 2
8 7
0 3
3 1
1 9
9 8
4 #trees for patient 79
6 #edges
0 1
3 7
3 9
2 8
1 3
9 2
6 #edges
8 2
0 1
3 7
3 9
1 3
9 8
6 #edges
8 2
0 3
3 1
1 7
1 9
9 8
6 #edges
0 3
3 1
2 8
1 7
1 9
9 2
3 #trees for patient 80
6 #edges
0 1
3 7
3 9
1 3
9 8
9 2
6 #edges
8 2
0 1
3 7
3 9
1 3
9 8
6 #edges
0 1
3 7
3 9
2 8
1 3
9 2
4 #trees for patient 81
6 #edges
8 9
0 1
3 8
3 7
1 3
9 2
6 #edges
8 2
0 1
3 7
3 9
1 3
9 8
6 #edges
8 9
0 3
3 1
1 8
1 7
9 2
6 #edges
8 2
0 3
3 1
1 7
1 9
9 8
2 #trees for patient 82
6 #edges
0 9
2 6
6 10
6 3
9 2
9 1
6 #edges
10 1
0 9
2 6
6 10
6 3
9 2
14 #trees for patient 83
6 #edges
0 9
2 10
2 1
2 6
6 3
9 2
6 #edges
0 9
2 1
2 6
1 10
6 3
9 2
6 #edges
0 9
2 1
2 6
6 10
6 3
9 2
6 #edges
0 9
2 10
2 6
6 3
6 1
9 2
6 #edges
10 1
0 9
2 10
2 6
6 3
9 2
6 #edges
0 9
2 6
1 10
6 3
6 1
9 2
6 #edges
10 1
0 9
2 6
6 10
6 3
9 2
6 #edges
0 2
2 9
6 10
6 3
9 1
9 6
6 #edges
0 2
2 9
1 10
6 3
9 1
9 6
6 #edges
0 2
2 9
6 3
9 10
9 1
9 6
6 #edges
10 1
0 2
2 9
6 10
6 3
9 6
6 #edges
0 2
2 9
6 3
6 1
9 10
9 6
6 #edges
0 2
2 9
1 10
6 3
6 1
9 6
6 #edges
10 1
0 2
2 9
6 3
9 10
9 6
12 #trees for patient 84
6 #edges
10 1
0 9
2 6
6 10
6 3
9 2
6 #edges
0 9
2 6
1 10
6 3
6 1
9 2
6 #edges
10 1
0 9
2 10
2 3
6 2
9 6
6 #edges
0 9
2 3
2 1
1 10
6 2
9 6
6 #edges
0 6
2 9
1 10
6 2
9 3
9 1
6 #edges
10 1
0 6
2 9
6 2
9 10
9 3
6 #edges
10 1
0 6
2 10
2 3
6 9
9 2
6 #edges
0 6
2 3
2 1
1 10
6 9
9 2
6 #edges
0 2
2 6
1 10
6 9
9 3
9 1
6 #edges
10 1
0 2
2 6
6 9
9 10
9 3
6 #edges
0 2
2 9
1 10
6 3
6 1
9 6
6 #edges
10 1
0 2
2 9
6 10
6 3
9 6
2 #trees for patient 85
6 #edges
0 9
2 6
1 10
6 3
6 1
9 2
6 #edges
10 1
0 9
2 6
6 10
6 3
9 2
6 #trees for patient 86
6 #edges
10 1
0 9
2 10
2 3
6 2
9 6
6 #edges
10 1
0 9
2 6
6 10
6 3
9 2
6 #edges
10 1
0 6
2 10
2 3
6 9
9 2
6 #edges
10 1
0 6
2 9
6 2
9 10
9 3
6 #edges
10 1
0 2
2 6
6 9
9 10
9 3
6 #edges
10 1
0 2
2 9
6 10
6 3
9 6
4 #trees for patient 87
6 #edges
0 9
3 1
2 10
2 3
6 2
9 6
6 #edges
10 1
0 9
2 10
2 3
6 2
9 6
6 #edges
0 9
3 1
2 6
6 10
6 3
9 2
6 #edges
10 1
0 9
2 6
6 10
6 3
9 2
4 #trees for patient 88
6 #edges
10 1
0 9
2 6
6 10
6 3
9 2
6 #edges
0 9
2 6
1 10
6 3
6 1
9 2
6 #edges
0 2
2 9
1 10
6 3
6 1
9 6
6 #edges
10 1
0 2
2 9
6 10
6 3
9 6
24 #trees for patient 89
6 #edges
0 9
2 3
2 1
1 10
6 2
9 6
6 #edges
10 1
0 9
2 10
2 3
6 2
9 6
6 #edges
10 3
0 9
2 1
1 10
6 2
9 6
6 #edges
10 1
0 9
2 10
1 3
6 2
9 6
6 #edges
0 9
2 6
1 10
6 3
6 1
9 2
6 #edges
10 3
0 9
2 6
1 10
6 1
9 2
6 #edges
10 1
0 9
2 6
6 10
6 3
9 2
6 #edges
10 1
0 9
2 6
1 3
6 10
9 2
6 #edges
10 1
0 6
2 9
6 2
9 10
9 3
6 #edges
10 1
0 6
2 9
1 3
6 2
9 10
6 #edges
0 6
2 9
1 10
6 2
9 3
9 1
6 #edges
10 3
0 6
2 9
1 10
6 2
9 1
6 #edges
0 6
2 3
2 1
1 10
6 9
9 2
6 #edges
10 1
0 6
2 10
2 3
6 9
9 2
6 #edges
10 1
0 6
2 10
1 3
6 9
9 2
6 #edges
10 3
0 6
2 1
1 10
6 9
9 2
6 #edges
10 3
0 2
2 9
1 10
6 1
9 6
6 #edges
0 2
2 9
1 10
6 3
6 1
9 6
6 #edges
10 1
0 2
2 9
6 10
6 3
9 6
6 #edges
10 1
0 2
2 9
1 3
6 10
9 6
6 #edges
0 2
2 6
1 10
6 9
9 3
9 1
6 #edges
10 3
0 2
2 6
1 10
6 9
9 1
6 #edges
10 1
0 2
2 6
6 9
9 10
9 3
6 #edges
10 1
0 2
2 6
1 3
6 9
9 10
4 #trees for patient 90
6 #edges
10 1
0 9
2 6
1 3
6 10
9 2
6 #edges
10 1
0 9
2 6
6 10
6 3
9 2
6 #edges
10 1
0 2
2 9
6 10
6 3
9 6
6 #edges
10 1
0 2
2 9
1 3
6 10
9 6
6 #trees for patient 91
6 #edges
0 1
0 9
2 3
2 6
6 10
9 2
6 #edges
0 1
0 9
2 6
6 10
6 3
9 2
6 #edges
0 9
2 6
6 10
6 3
9 2
9 1
6 #edges
0 9
2 3
2 6
6 10
9 2
9 1
6 #edges
10 1
0 9
2 3
2 6
6 10
9 2
6 #edges
10 1
0 9
2 6
6 10
6 3
9 2
4 #trees for patient 92
6 #edges
10 1
0 9
2 6
6 10
6 3
9 2
6 #edges
10 1
0 9
2 6
1 3
6 10
9 2
6 #edges
10 1
0 9
2 10
2 3
6 2
9 6
6 #edges
10 1
0 9
2 10
1 3
6 2
9 6
2 #trees for patient 93
6 #edges
10 1
0 9
2 10
2 3
6 2
9 6
6 #edges
10 1
0 9
2 6
6 10
6 3
9 2
2 #trees for patient 94
6 #edges
10 1
0 9
2 6
6 10
6 3
9 2
6 #edges
10 1
0 9
2 10
2 3
6 2
9 6
14 #trees for patient 95
6 #edges
0 9
2 1
2 6
1 10
6 3
9 2
6 #edges
0 9
2 10
2 1
2 6
6 3
9 2
6 #edges
0 9
2 1
2 6
6 10
6 3
9 2
6 #edges
10 1
0 9
2 10
2 6
6 3
9 2
6 #edges
0 9
2 10
2 6
6 3
6 1
9 2
6 #edges
10 1
0 9
2 6
6 10
6 3
9 2
6 #edges
0 9
2 6
1 10
6 3
6 1
9 2
6 #edges
0 2
2 9
6 10
6 3
9 1
9 6
6 #edges
0 2
2 9
6 3
9 10
9 1
9 6
6 #edges
0 2
2 9
1 10
6 3
9 1
9 6
6 #edges
10 1
0 2
2 9
6 3
9 10
9 6
6 #edges
0 2
2 9
6 3
6 1
9 10
9 6
6 #edges
10 1
0 2
2 9
6 10
6 3
9 6
6 #edges
0 2
2 9
1 10
6 3
6 1
9 6
24 #trees for patient 96
6 #edges
10 1
0 9
2 6
6 10
6 3
9 2
6 #edges
0 9
2 6
1 10
6 3
6 1
9 2
6 #edges
10 1
0 9
2 6
1 3
6 10
9 2
6 #edges
10 3
0 9
2 6
1 10
6 1
9 2
6 #edges
0 9
2 3
2 1
1 10
6 2
9 6
6 #edges
10 3
0 9
2 1
1 10
6 2
9 6
6 #edges
10 1
0 9
2 10
2 3
6 2
9 6
6 #edges
10 1
0 9
2 10
1 3
6 2
9 6
6 #edges
10 3
0 6
2 1
1 10
6 9
9 2
6 #edges
0 6
2 3
2 1
1 10
6 9
9 2
6 #edges
10 1
0 6
2 10
2 3
6 9
9 2
6 #edges
10 1
0 6
2 10
1 3
6 9
9 2
6 #edges
10 3
0 6
2 9
1 10
6 2
9 1
6 #edges
0 6
2 9
1 10
6 2
9 3
9 1
6 #edges
10 1
0 6
2 9
1 3
6 2
9 10
6 #edges
10 1
0 6
2 9
6 2
9 10
9 3
6 #edges
10 1
0 2
2 9
6 10
6 3
9 6
6 #edges
0 2
2 9
1 10
6 3
6 1
9 6
6 #edges
10 1
0 2
2 9
1 3
6 10
9 6
6 #edges
10 3
0 2
2 9
1 10
6 1
9 6
6 #edges
10 1
0 2
2 6
1 3
6 9
9 10
6 #edges
10 1
0 2
2 6
6 9
9 10
9 3
6 #edges
0 2
2 6
1 10
6 9
9 3
9 1
6 #edges
10 3
0 2
2 6
1 10
6 9
9 1
2 #trees for patient 97
6 #edges
10 1
0 9
2 6
6 10
6 3
9 2
6 #edges
10 1
0 9
2 10
2 3
6 2
9 6
6 #trees for patient 98
6 #edges
0 9
2 1
2 6
6 10
6 3
9 2
6 #edges
10 1
0 9
2 6
6 10
6 3
9 2
6 #edges
0 9
3 1
2 6
6 10
6 3
9 2
6 #edges
0 2
2 9
6 10
6 3
9 1
9 6
6 #edges
10 1
0 2
2 9
6 10
6 3
9 6
6 #edges
0 2
3 1
2 9
6 10
6 3
9 6
2 #trees for patient 99
6 #edges
10 1
0 9
2 6
6 10
6 3
9 2
6 #edges
10 1
0 9
2 10
2 3
6 2
9 6
