100 # patients
4 #trees for patient 0
6 #edges
9 11
4 8
0 6
0 5
11 4
5 9
6 #edges
9 11
8 4
0 6
0 5
11 8
5 9
6 #edges
9 8
8 4
0 6
0 5
11 9
5 11
6 #edges
9 4
4 8
0 6
0 5
11 9
5 11
28 #trees for patient 1
6 #edges
9 4
0 8
0 6
0 5
11 9
5 11
6 #edges
9 4
0 8
0 6
0 11
11 5
5 9
6 #edges
4 6
0 8
0 4
0 5
11 9
5 11
6 #edges
4 6
0 8
0 4
0 11
11 5
5 9
6 #edges
9 6
0 8
0 4
0 11
11 5
5 9
6 #edges
9 6
0 8
0 4
0 5
11 9
5 11
6 #edges
9 4
4 6
0 8
0 5
11 9
5 11
6 #edges
9 4
4 6
0 8
0 11
11 5
5 9
6 #edges
0 4
0 6
0 11
6 8
11 5
5 9
6 #edges
9 4
0 6
0 11
6 8
11 5
5 9
6 #edges
0 4
0 6
0 5
6 8
11 9
5 11
6 #edges
9 4
0 6
0 5
6 8
11 9
5 11
6 #edges
9 8
0 4
0 6
0 11
11 5
5 9
6 #edges
4 8
0 4
0 6
0 11
11 5
5 9
6 #edges
9 4
4 8
0 6
0 11
11 5
5 9
6 #edges
4 8
0 4
0 6
0 5
11 9
5 11
6 #edges
9 8
0 4
0 6
0 5
11 9
5 11
6 #edges
9 4
4 8
0 6
0 5
11 9
5 11
6 #edges
9 6
4 8
0 4
0 5
11 9
5 11
6 #edges
9 6
4 8
0 4
0 11
11 5
5 9
6 #edges
4 6
0 4
0 5
6 8
11 9
5 11
6 #edges
9 8
4 6
0 4
0 5
11 9
5 11
6 #edges
9 6
0 4
0 5
6 8
11 9
5 11
6 #edges
4 6
0 4
0 11
6 8
11 5
5 9
6 #edges
9 8
4 6
0 4
0 11
11 5
5 9
6 #edges
9 6
0 4
0 11
6 8
11 5
5 9
6 #edges
9 4
4 6
0 5
6 8
11 9
5 11
6 #edges
9 4
4 6
0 11
6 8
11 5
5 9
48 #trees for patient 2
6 #edges
9 8
0 6
0 5
6 9
11 4
5 11
6 #edges
9 8
8 4
0 6
0 5
6 9
5 11
6 #edges
8 4
0 6
0 5
6 9
11 8
5 11
6 #edges
9 4
0 6
0 5
6 9
11 8
5 11
6 #edges
4 8
0 6
0 5
6 9
11 4
5 11
6 #edges
9 4
4 8
0 6
0 5
6 9
5 11
6 #edges
9 4
8 9
0 6
0 5
11 8
5 11
6 #edges
8 9
0 6
0 5
6 4
11 8
5 11
6 #edges
4 9
0 6
0 5
6 4
11 8
5 11
6 #edges
8 4
4 9
0 6
0 5
11 8
5 11
6 #edges
8 9
4 8
0 6
0 5
11 4
5 11
6 #edges
4 9
0 6
0 5
6 8
11 4
5 11
6 #edges
8 9
0 6
0 5
6 8
11 4
5 11
6 #edges
9 8
4 9
0 6
0 5
11 4
5 11
6 #edges
9 8
4 9
0 6
0 5
6 4
5 11
6 #edges
9 8
0 6
0 5
6 4
11 9
5 11
6 #edges
4 8
0 6
0 5
6 4
11 9
5 11
6 #edges
8 9
4 8
0 6
0 5
6 4
5 11
6 #edges
8 4
4 9
0 6
0 5
6 8
5 11
6 #edges
8 4
0 6
0 5
6 8
11 9
5 11
6 #edges
9 4
0 6
0 5
6 8
11 9
5 11
6 #edges
9 4
8 9
0 6
0 5
6 8
5 11
6 #edges
9 4
4 8
0 6
0 5
11 9
5 11
6 #edges
9 8
8 4
0 6
0 5
11 9
5 11
6 #edges
9 4
8 9
0 6
0 11
6 8
11 5
6 #edges
8 9
0 6
0 11
6 8
11 5
5 4
6 #edges
4 9
0 6
0 11
6 8
11 5
5 4
6 #edges
8 4
4 9
0 6
0 11
6 8
11 5
6 #edges
8 4
0 6
0 11
6 8
11 5
5 9
6 #edges
9 4
0 6
0 11
6 8
11 5
5 9
6 #edges
8 9
4 8
0 6
0 11
6 4
11 5
6 #edges
4 8
0 6
0 11
6 4
11 5
5 9
6 #edges
9 8
4 9
0 6
0 11
6 4
11 5
6 #edges
4 9
0 6
0 11
6 4
11 5
5 8
6 #edges
9 8
0 6
0 11
6 4
11 5
5 9
6 #edges
8 9
0 6
0 11
6 4
11 5
5 8
6 #edges
9 4
4 8
0 6
0 11
6 9
11 5
6 #edges
9 4
0 6
0 11
6 9
11 5
5 8
6 #edges
9 8
8 4
0 6
0 11
6 9
11 5
6 #edges
9 8
0 6
0 11
6 9
11 5
5 4
6 #edges
4 8
0 6
0 11
6 9
11 5
5 4
6 #edges
8 4
0 6
0 11
6 9
11 5
5 8
6 #edges
9 8
4 9
0 6
0 11
11 5
5 4
6 #edges
8 9
4 8
0 6
0 11
11 5
5 4
6 #edges
9 4
8 9
0 6
0 11
11 5
5 8
6 #edges
8 4
4 9
0 6
0 11
11 5
5 8
6 #edges
9 8
8 4
0 6
0 11
11 5
5 9
6 #edges
9 4
4 8
0 6
0 11
11 5
5 9
52 #trees for patient 3
6 #edges
8 4
4 9
0 6
0 11
11 5
5 8
6 #edges
8 4
0 6
0 11
11 5
5 9
5 8
6 #edges
9 4
8 9
0 6
0 11
11 5
5 8
6 #edges
8 9
0 6
0 11
11 5
5 8
5 4
6 #edges
0 6
0 11
11 5
5 9
5 8
5 4
6 #edges
4 9
0 6
0 11
11 5
5 8
5 4
6 #edges
9 4
0 6
0 11
11 5
5 9
5 8
6 #edges
9 8
4 9
0 6
0 11
11 5
5 4
6 #edges
8 9
4 8
0 6
0 11
11 5
5 4
6 #edges
4 8
0 6
0 11
11 5
5 9
5 4
6 #edges
9 8
0 6
0 11
11 5
5 9
5 4
6 #edges
9 8
8 4
0 6
0 11
11 5
5 9
6 #edges
9 4
4 8
0 6
0 11
11 5
5 9
6 #edges
8 9
4 8
0 6
0 5
11 4
5 11
6 #edges
4 8
0 6
0 5
11 9
11 4
5 11
6 #edges
9 8
0 6
0 5
11 9
11 4
5 11
6 #edges
0 6
0 5
11 9
11 8
11 4
5 11
6 #edges
9 8
4 9
0 6
0 5
11 4
5 11
6 #edges
4 9
0 6
0 5
11 8
11 4
5 11
6 #edges
8 9
0 6
0 5
11 8
11 4
5 11
6 #edges
8 4
0 6
0 5
11 9
11 8
5 11
6 #edges
9 4
0 6
0 5
11 9
11 8
5 11
6 #edges
9 4
4 8
0 6
0 5
11 9
5 11
6 #edges
9 8
8 4
0 6
0 5
11 9
5 11
6 #edges
8 4
4 9
0 6
0 5
11 8
5 11
6 #edges
9 4
8 9
0 6
0 5
11 8
5 11
6 #edges
0 5
11 9
11 8
11 4
11 6
5 11
6 #edges
9 4
0 5
11 9
11 8
11 6
5 11
6 #edges
8 4
0 5
11 9
11 8
11 6
5 11
6 #edges
9 8
0 5
11 9
11 4
11 6
5 11
6 #edges
4 8
0 5
11 9
11 4
11 6
5 11
6 #edges
9 8
8 4
0 5
11 9
11 6
5 11
6 #edges
9 4
4 8
0 5
11 9
11 6
5 11
6 #edges
8 4
4 9
0 5
11 8
11 6
5 11
6 #edges
8 9
0 5
11 8
11 4
11 6
5 11
6 #edges
4 9
0 5
11 8
11 4
11 6
5 11
6 #edges
9 4
8 9
0 5
11 8
11 6
5 11
6 #edges
9 8
4 9
0 5
11 4
11 6
5 11
6 #edges
8 9
4 8
0 5
11 4
11 6
5 11
6 #edges
9 8
4 9
0 11
11 5
5 4
5 6
6 #edges
4 9
0 11
11 5
5 8
5 4
5 6
6 #edges
8 9
0 11
11 5
5 8
5 4
5 6
6 #edges
0 11
11 5
5 9
5 8
5 4
5 6
6 #edges
8 9
4 8
0 11
11 5
5 4
5 6
6 #edges
4 8
0 11
11 5
5 9
5 4
5 6
6 #edges
9 8
0 11
11 5
5 9
5 4
5 6
6 #edges
9 4
4 8
0 11
11 5
5 9
5 6
6 #edges
9 4
0 11
11 5
5 9
5 8
5 6
6 #edges
9 8
8 4
0 11
11 5
5 9
5 6
6 #edges
8 4
0 11
11 5
5 9
5 8
5 6
6 #edges
8 4
4 9
0 11
11 5
5 8
5 6
6 #edges
9 4
8 9
0 11
11 5
5 8
5 6
24 #trees for patient 4
6 #edges
9 8
4 9
0 6
0 5
11 4
5 11
6 #edges
9 4
4 8
0 6
0 5
11 9
5 11
6 #edges
9 11
4 8
0 6
0 5
11 4
5 9
6 #edges
9 4
4 11
0 6
0 5
11 8
5 9
6 #edges
9 11
4 9
0 6
0 5
11 8
5 4
6 #edges
9 8
4 11
0 6
0 5
11 9
5 4
6 #edges
9 4
4 11
0 9
0 6
11 5
5 8
6 #edges
9 4
4 5
0 9
0 6
11 8
5 11
6 #edges
9 5
4 8
0 9
0 6
11 4
5 11
6 #edges
9 5
4 11
0 9
0 6
11 8
5 4
6 #edges
9 11
4 5
0 9
0 6
11 4
5 8
6 #edges
9 11
4 8
0 9
0 6
11 5
5 4
6 #edges
9 8
4 5
0 4
0 6
11 9
5 11
6 #edges
9 11
4 5
0 4
0 6
11 8
5 9
6 #edges
9 5
4 9
0 4
0 6
11 8
5 11
6 #edges
9 11
4 9
0 4
0 6
11 5
5 8
6 #edges
9 8
4 11
0 4
0 6
11 5
5 9
6 #edges
9 5
4 11
0 4
0 6
11 9
5 8
6 #edges
9 8
4 9
0 6
0 11
11 5
5 4
6 #edges
9 4
4 8
0 6
0 11
11 5
5 9
6 #edges
9 5
4 9
0 6
0 11
11 4
5 8
6 #edges
9 8
4 5
0 6
0 11
11 4
5 9
6 #edges
9 5
4 8
0 6
0 11
11 9
5 4
6 #edges
9 4
4 5
0 6
0 11
11 9
5 8
2 #trees for patient 5
6 #edges
9 4
4 8
0 6
0 5
11 9
5 11
6 #edges
9 4
4 8
0 6
0 11
11 5
5 9
12 #trees for patient 6
6 #edges
9 4
4 8
0 6
0 5
11 9
5 11
6 #edges
9 11
4 8
0 6
0 5
11 4
5 9
6 #edges
9 5
4 8
0 6
0 11
11 9
5 4
6 #edges
9 4
4 8
0 6
0 11
11 5
5 9
6 #edges
9 5
4 8
0 9
0 6
11 4
5 11
6 #edges
9 11
4 8
0 9
0 6
11 5
5 4
6 #edges
9 11
8 6
4 8
0 5
11 4
5 9
6 #edges
9 4
8 6
4 8
0 5
11 9
5 11
6 #edges
9 5
8 6
4 8
0 11
11 9
5 4
6 #edges
9 4
8 6
4 8
0 11
11 5
5 9
6 #edges
9 11
8 6
4 8
0 9
11 5
5 4
6 #edges
9 5
8 6
4 8
0 9
11 4
5 11
1 #trees for patient 7
6 #edges
9 4
4 8
0 6
0 5
11 9
5 11
2 #trees for patient 8
6 #edges
9 11
4 8
0 6
0 5
11 4
5 9
6 #edges
9 4
4 8
0 6
0 5
11 9
5 11
2 #trees for patient 9
6 #edges
9 4
4 8
0 6
0 11
11 5
5 9
6 #edges
9 4
4 8
0 6
0 5
11 9
5 11
12 #trees for patient 10
6 #edges
9 6
4 8
0 4
0 5
11 9
5 11
6 #edges
9 6
0 4
0 5
6 8
11 9
5 11
6 #edges
9 6
8 4
0 8
0 5
11 9
5 11
6 #edges
9 6
0 8
0 5
6 4
11 9
5 11
6 #edges
8 4
0 6
0 5
6 8
11 9
5 11
6 #edges
9 4
0 6
0 5
6 8
11 9
5 11
6 #edges
4 8
0 6
0 5
6 4
11 9
5 11
6 #edges
9 8
0 6
0 5
6 4
11 9
5 11
6 #edges
9 8
8 4
0 6
0 5
11 9
5 11
6 #edges
9 4
4 8
0 6
0 5
11 9
5 11
6 #edges
9 6
4 8
0 5
6 4
11 9
5 11
6 #edges
9 6
8 4
0 5
6 8
11 9
5 11
4 #trees for patient 11
6 #edges
9 4
0 6
0 5
11 9
5 8
5 11
6 #edges
9 8
9 4
0 6
0 5
11 9
5 11
6 #edges
9 4
0 6
0 5
11 9
11 8
5 11
6 #edges
9 4
4 8
0 6
0 5
11 9
5 11
12 #trees for patient 12
6 #edges
8 4
4 9
0 6
0 5
11 8
5 11
6 #edges
9 4
8 9
0 6
0 5
11 8
5 11
6 #edges
9 8
4 9
0 6
0 5
11 4
5 11
6 #edges
8 9
4 8
0 6
0 5
11 4
5 11
6 #edges
9 4
4 8
0 6
0 5
11 9
5 11
6 #edges
9 8
8 4
0 6
0 5
11 9
5 11
6 #edges
9 4
8 9
0 6
0 11
11 5
5 8
6 #edges
8 4
4 9
0 6
0 11
11 5
5 8
6 #edges
9 8
8 4
0 6
0 11
11 5
5 9
6 #edges
9 4
4 8
0 6
0 11
11 5
5 9
6 #edges
9 8
4 9
0 6
0 11
11 5
5 4
6 #edges
8 9
4 8
0 6
0 11
11 5
5 4
48 #trees for patient 13
6 #edges
8 4
4 11
0 6
0 5
11 9
5 8
6 #edges
9 11
8 4
4 9
0 6
0 5
5 8
6 #edges
9 4
8 9
4 11
0 6
0 5
5 8
6 #edges
9 11
8 9
0 6
0 5
11 4
5 8
6 #edges
8 11
4 9
0 6
0 5
11 4
5 8
6 #edges
9 4
8 11
0 6
0 5
11 9
5 8
6 #edges
9 11
4 9
0 6
0 5
11 8
5 4
6 #edges
9 8
8 11
4 9
0 6
0 5
5 4
6 #edges
8 11
4 8
0 6
0 5
11 9
5 4
6 #edges
9 11
8 9
4 8
0 6
0 5
5 4
6 #edges
9 8
4 11
0 6
0 5
11 9
5 4
6 #edges
8 9
4 11
0 6
0 5
11 8
5 4
6 #edges
8 9
4 8
0 6
0 5
11 4
5 11
6 #edges
9 8
4 9
0 6
0 5
11 4
5 11
6 #edges
9 4
4 8
0 6
0 5
11 9
5 11
6 #edges
9 8
8 4
0 6
0 5
11 9
5 11
6 #edges
9 4
8 9
0 6
0 5
11 8
5 11
6 #edges
8 4
4 9
0 6
0 5
11 8
5 11
6 #edges
9 4
4 11
0 6
0 5
11 8
5 9
6 #edges
9 4
8 11
4 8
0 6
0 5
5 9
6 #edges
9 11
4 8
0 6
0 5
11 4
5 9
6 #edges
9 11
8 4
0 6
0 5
11 8
5 9
6 #edges
9 8
8 4
4 11
0 6
0 5
5 9
6 #edges
9 8
8 11
0 6
0 5
11 4
5 9
6 #edges
9 11
8 4
4 6
0 5
11 8
5 9
6 #edges
9 11
8 6
4 8
0 5
11 4
5 9
6 #edges
9 8
8 4
4 11
0 5
11 6
5 9
6 #edges
9 8
8 11
4 6
0 5
11 4
5 9
6 #edges
9 4
8 6
4 11
0 5
11 8
5 9
6 #edges
9 4
8 11
4 8
0 5
11 6
5 9
6 #edges
9 6
8 9
4 11
0 5
11 8
5 4
6 #edges
9 8
8 6
4 11
0 5
11 9
5 4
6 #edges
9 11
8 9
4 8
0 5
11 6
5 4
6 #edges
9 6
8 11
4 8
0 5
11 9
5 4
6 #edges
9 8
8 11
4 9
0 5
11 6
5 4
6 #edges
9 11
8 6
4 9
0 5
11 8
5 4
6 #edges
9 6
8 4
4 9
0 5
11 8
5 11
6 #edges
9 4
8 9
4 6
0 5
11 8
5 11
6 #edges
9 8
8 6
4 9
0 5
11 4
5 11
6 #edges
9 6
8 9
4 8
0 5
11 4
5 11
6 #edges
9 8
8 4
4 6
0 5
11 9
5 11
6 #edges
9 4
8 6
4 8
0 5
11 9
5 11
6 #edges
9 6
8 4
4 11
0 5
11 9
5 8
6 #edges
9 11
8 4
4 9
0 5
11 6
5 8
6 #edges
9 4
8 9
4 11
0 5
11 6
5 8
6 #edges
9 11
8 9
4 6
0 5
11 4
5 8
6 #edges
9 6
8 11
4 9
0 5
11 4
5 8
6 #edges
9 4
8 11
4 6
0 5
11 9
5 8
4 #trees for patient 14
6 #edges
9 4
4 8
0 6
0 5
11 9
5 11
6 #edges
9 8
4 9
0 6
0 5
11 4
5 11
6 #edges
9 8
4 9
0 5
11 4
11 6
5 11
6 #edges
9 4
4 8
0 5
11 9
11 6
5 11
4 #trees for patient 15
6 #edges
9 8
4 9
0 6
0 5
11 4
5 11
6 #edges
9 4
4 8
0 6
0 5
11 9
5 11
6 #edges
9 4
4 8
0 6
0 11
11 5
5 9
6 #edges
9 8
4 9
0 6
0 11
11 5
5 4
12 #trees for patient 16
6 #edges
9 4
4 8
0 6
0 5
11 9
5 11
6 #edges
9 8
8 4
0 6
0 5
11 9
5 11
6 #edges
8 4
4 9
0 6
0 5
11 8
5 11
6 #edges
9 4
8 9
0 6
0 5
11 8
5 11
6 #edges
8 9
4 8
0 6
0 5
11 4
5 11
6 #edges
9 8
4 9
0 6
0 5
11 4
5 11
6 #edges
9 8
4 9
0 6
0 11
11 5
5 4
6 #edges
8 9
4 8
0 6
0 11
11 5
5 4
6 #edges
9 4
4 8
0 6
0 11
11 5
5 9
6 #edges
9 8
8 4
0 6
0 11
11 5
5 9
6 #edges
9 4
8 9
0 6
0 11
11 5
5 8
6 #edges
8 4
4 9
0 6
0 11
11 5
5 8
12 #trees for patient 17
6 #edges
9 11
4 8
0 6
0 5
11 4
5 9
6 #edges
9 11
8 4
0 6
0 5
11 8
5 9
6 #edges
9 8
8 4
0 6
0 5
11 9
5 11
6 #edges
9 4
4 8
0 6
0 5
11 9
5 11
6 #edges
9 8
9 6
8 4
0 5
11 9
5 11
6 #edges
9 4
9 6
4 8
0 5
11 9
5 11
6 #edges
9 4
8 6
4 8
0 5
11 9
5 11
6 #edges
9 8
8 4
4 6
0 5
11 9
5 11
6 #edges
9 11
4 8
0 5
11 4
11 6
5 9
6 #edges
9 11
8 6
4 8
0 5
11 4
5 9
6 #edges
9 11
8 4
0 5
11 8
11 6
5 9
6 #edges
9 11
8 4
4 6
0 5
11 8
5 9
42 #trees for patient 18
6 #edges
4 8
0 4
0 6
0 11
11 5
5 9
6 #edges
0 4
0 6
0 11
11 5
5 9
5 8
6 #edges
9 8
0 4
0 6
0 11
11 5
5 9
6 #edges
0 4
0 6
0 11
6 8
11 5
5 9
6 #edges
0 4
0 6
0 5
11 9
11 8
5 11
6 #edges
4 8
0 4
0 6
0 5
11 9
5 11
6 #edges
9 8
0 4
0 6
0 5
11 9
5 11
6 #edges
0 4
0 6
0 5
6 8
11 9
5 11
6 #edges
8 4
0 8
0 6
0 11
11 5
5 9
6 #edges
0 8
0 6
0 11
11 5
5 9
5 4
6 #edges
9 4
0 8
0 6
0 11
11 5
5 9
6 #edges
0 8
0 6
0 11
6 4
11 5
5 9
6 #edges
8 4
0 8
0 6
0 5
11 9
5 11
6 #edges
0 8
0 6
0 5
6 4
11 9
5 11
6 #edges
0 8
0 6
0 5
11 9
11 4
5 11
6 #edges
9 4
0 8
0 6
0 5
11 9
5 11
6 #edges
4 8
0 6
0 5
6 4
11 9
5 11
6 #edges
0 6
0 5
6 8
6 4
11 9
5 11
6 #edges
0 6
0 5
6 4
11 9
11 8
5 11
6 #edges
9 8
0 6
0 5
6 4
11 9
5 11
6 #edges
0 6
0 5
6 8
11 9
11 4
5 11
6 #edges
8 4
0 6
0 5
6 8
11 9
5 11
6 #edges
9 4
0 6
0 5
6 8
11 9
5 11
6 #edges
4 8
0 6
0 5
11 9
11 4
5 11
6 #edges
9 8
0 6
0 5
11 9
11 4
5 11
6 #edges
9 4
4 8
0 6
0 5
11 9
5 11
6 #edges
9 4
0 6
0 5
11 9
11 8
5 11
6 #edges
9 8
8 4
0 6
0 5
11 9
5 11
6 #edges
8 4
0 6
0 5
11 9
11 8
5 11
6 #edges
8 4
0 6
0 11
6 8
11 5
5 9
6 #edges
9 4
0 6
0 11
6 8
11 5
5 9
6 #edges
0 6
0 11
6 8
6 4
11 5
5 9
6 #edges
0 6
0 11
6 8
11 5
5 9
5 4
6 #edges
4 8
0 6
0 11
6 4
11 5
5 9
6 #edges
0 6
0 11
6 4
11 5
5 9
5 8
6 #edges
9 8
0 6
0 11
6 4
11 5
5 9
6 #edges
8 4
0 6
0 11
11 5
5 9
5 8
6 #edges
9 4
0 6
0 11
11 5
5 9
5 8
6 #edges
9 8
8 4
0 6
0 11
11 5
5 9
6 #edges
9 8
0 6
0 11
11 5
5 9
5 4
6 #edges
4 8
0 6
0 11
11 5
5 9
5 4
6 #edges
9 4
4 8
0 6
0 11
11 5
5 9
2 #trees for patient 19
6 #edges
9 4
4 8
0 6
0 5
11 9
5 11
6 #edges
9 11
4 8
0 6
0 5
11 4
5 9
120 #trees for patient 20
6 #edges
9 4
4 11
0 6
0 5
6 8
5 9
6 #edges
9 4
8 11
0 6
0 5
6 8
5 9
6 #edges
8 4
4 11
0 6
0 5
6 8
5 9
6 #edges
9 11
8 4
0 6
0 5
6 8
5 9
6 #edges
8 11
0 6
0 5
6 8
11 4
5 9
6 #edges
9 11
0 6
0 5
6 8
11 4
5 9
6 #edges
9 11
4 8
0 6
0 5
11 4
5 9
6 #edges
9 11
0 6
0 5
6 4
11 8
5 9
6 #edges
9 11
4 8
0 6
0 5
6 4
5 9
6 #edges
9 11
8 4
0 6
0 5
11 8
5 9
6 #edges
9 8
8 4
0 6
0 5
6 11
5 9
6 #edges
9 8
0 6
0 5
6 11
11 4
5 9
6 #edges
9 8
8 11
0 6
0 5
11 4
5 9
6 #edges
9 8
8 11
0 6
0 5
6 4
5 9
6 #edges
9 8
8 4
4 11
0 6
0 5
5 9
6 #edges
9 8
4 11
0 6
0 5
6 4
5 9
6 #edges
9 4
0 6
0 5
6 11
11 8
5 9
6 #edges
9 4
4 8
0 6
0 5
6 11
5 9
6 #edges
9 4
8 11
4 8
0 6
0 5
5 9
6 #edges
9 4
4 11
0 6
0 5
11 8
5 9
6 #edges
8 11
4 8
0 6
0 5
6 4
5 9
6 #edges
4 11
0 6
0 5
6 4
11 8
5 9
6 #edges
8 4
0 6
0 5
6 11
11 8
5 9
6 #edges
4 8
0 6
0 5
6 11
11 4
5 9
6 #edges
9 4
8 9
0 6
0 5
11 8
5 11
6 #edges
8 9
0 6
0 5
6 4
11 8
5 11
6 #edges
4 9
0 6
0 5
6 4
11 8
5 11
6 #edges
9 4
0 6
0 5
6 9
11 8
5 11
6 #edges
8 4
0 6
0 5
6 9
11 8
5 11
6 #edges
8 4
4 9
0 6
0 5
11 8
5 11
6 #edges
8 4
0 6
0 5
6 8
11 9
5 11
6 #edges
9 4
0 6
0 5
6 8
11 9
5 11
6 #edges
9 8
0 6
0 5
6 4
11 9
5 11
6 #edges
4 8
0 6
0 5
6 4
11 9
5 11
6 #edges
9 8
8 4
0 6
0 5
11 9
5 11
6 #edges
9 4
4 8
0 6
0 5
11 9
5 11
6 #edges
8 9
4 8
0 6
0 5
11 4
5 11
6 #edges
4 8
0 6
0 5
6 9
11 4
5 11
6 #edges
9 8
4 9
0 6
0 5
11 4
5 11
6 #edges
4 9
0 6
0 5
6 8
11 4
5 11
6 #edges
9 8
0 6
0 5
6 9
11 4
5 11
6 #edges
8 9
0 6
0 5
6 8
11 4
5 11
6 #edges
8 4
4 9
0 6
0 5
6 8
5 11
6 #edges
9 4
8 9
0 6
0 5
6 8
5 11
6 #edges
8 9
4 8
0 6
0 5
6 4
5 11
6 #edges
9 8
4 9
0 6
0 5
6 4
5 11
6 #edges
9 8
8 4
0 6
0 5
6 9
5 11
6 #edges
9 4
4 8
0 6
0 5
6 9
5 11
6 #edges
8 11
4 9
0 6
0 5
6 8
5 4
6 #edges
8 11
0 6
0 5
6 8
11 9
5 4
6 #edges
8 11
4 9
0 6
0 5
6 8
11 4
6 #edges
9 4
8 11
0 6
0 5
6 8
11 9
6 #edges
9 4
8 9
4 11
0 6
0 5
6 8
6 #edges
9 11
8 9
0 6
0 5
6 8
5 4
6 #edges
9 11
8 9
0 6
0 5
6 8
11 4
6 #edges
8 9
4 11
0 6
0 5
6 8
5 4
6 #edges
8 4
4 11
0 6
0 5
6 8
11 9
6 #edges
9 11
8 4
4 9
0 6
0 5
6 8
6 #edges
9 11
4 9
0 6
0 5
6 8
5 4
6 #edges
4 11
0 6
0 5
6 8
11 9
5 4
6 #edges
9 8
4 9
0 6
0 5
6 11
5 4
6 #edges
4 9
0 6
0 5
6 11
11 8
5 4
6 #edges
8 9
0 6
0 5
6 11
11 8
5 4
6 #edges
8 9
4 8
0 6
0 5
6 11
5 4
6 #edges
4 8
0 6
0 5
6 11
11 9
5 4
6 #edges
9 8
0 6
0 5
6 11
11 9
5 4
6 #edges
8 9
0 6
0 5
6 11
11 4
5 8
6 #edges
4 9
0 6
0 5
6 11
11 4
5 8
6 #edges
9 4
0 6
0 5
6 11
11 9
5 8
6 #edges
8 4
0 6
0 5
6 11
11 9
5 8
6 #edges
9 4
8 9
0 6
0 5
6 11
5 8
6 #edges
8 4
4 9
0 6
0 5
6 11
5 8
6 #edges
9 8
4 9
0 6
0 5
6 11
11 4
6 #edges
8 9
4 8
0 6
0 5
6 11
11 4
6 #edges
9 8
8 4
0 6
0 5
6 11
11 9
6 #edges
9 4
4 8
0 6
0 5
6 11
11 9
6 #edges
9 4
8 9
0 6
0 5
6 11
11 8
6 #edges
8 4
4 9
0 6
0 5
6 11
11 8
6 #edges
9 8
4 11
0 6
0 5
6 9
5 4
6 #edges
9 8
8 11
0 6
0 5
6 9
5 4
6 #edges
9 11
4 8
0 6
0 5
6 9
5 4
6 #edges
9 11
0 6
0 5
6 9
11 8
5 4
6 #edges
8 11
4 8
0 6
0 5
6 9
5 4
6 #edges
4 11
0 6
0 5
6 9
11 8
5 4
6 #edges
8 9
4 11
0 6
0 5
11 8
5 4
6 #edges
9 8
4 11
0 6
0 5
11 9
5 4
6 #edges
9 11
4 9
0 6
0 5
11 8
5 4
6 #edges
9 8
8 11
4 9
0 6
0 5
5 4
6 #edges
8 11
4 8
0 6
0 5
11 9
5 4
6 #edges
9 11
8 9
4 8
0 6
0 5
5 4
6 #edges
9 11
4 9
0 6
0 5
6 4
5 8
6 #edges
8 11
4 9
0 6
0 5
6 4
5 8
6 #edges
8 9
4 11
0 6
0 5
6 4
5 8
6 #edges
9 11
8 9
0 6
0 5
6 4
5 8
6 #edges
8 11
0 6
0 5
6 4
11 9
5 8
6 #edges
4 11
0 6
0 5
6 4
11 9
5 8
6 #edges
9 11
8 9
4 8
0 6
0 5
6 4
6 #edges
8 11
4 8
0 6
0 5
6 4
11 9
6 #edges
9 8
8 11
4 9
0 6
0 5
6 4
6 #edges
9 11
4 9
0 6
0 5
6 4
11 8
6 #edges
8 9
4 11
0 6
0 5
6 4
11 8
6 #edges
9 8
4 11
0 6
0 5
6 4
11 9
6 #edges
9 8
8 11
0 6
0 5
6 9
11 4
6 #edges
9 8
8 4
4 11
0 6
0 5
6 9
6 #edges
9 11
8 4
0 6
0 5
6 9
11 8
6 #edges
9 11
4 8
0 6
0 5
6 9
11 4
6 #edges
9 11
0 6
0 5
6 9
11 4
5 8
6 #edges
9 11
8 4
0 6
0 5
6 9
5 8
6 #edges
9 4
4 11
0 6
0 5
6 9
5 8
6 #edges
9 4
4 11
0 6
0 5
6 9
11 8
6 #edges
9 4
8 11
0 6
0 5
6 9
5 8
6 #edges
9 4
8 11
4 8
0 6
0 5
6 9
6 #edges
8 11
0 6
0 5
6 9
11 4
5 8
6 #edges
8 4
4 11
0 6
0 5
6 9
5 8
6 #edges
8 4
4 11
0 6
0 5
11 9
5 8
6 #edges
9 11
8 4
4 9
0 6
0 5
5 8
6 #edges
9 4
8 11
0 6
0 5
11 9
5 8
6 #edges
8 11
4 9
0 6
0 5
11 4
5 8
6 #edges
9 11
8 9
0 6
0 5
11 4
5 8
6 #edges
9 4
8 9
4 11
0 6
0 5
5 8
4 #trees for patient 21
6 #edges
9 4
0 8
0 6
0 5
11 9
5 11
6 #edges
4 9
0 8
0 6
0 5
11 4
5 11
6 #edges
9 8
4 9
0 6
0 5
11 4
5 11
6 #edges
9 4
4 8
0 6
0 5
11 9
5 11
48 #trees for patient 22
6 #edges
9 8
4 11
0 4
0 6
11 5
5 9
6 #edges
9 5
4 11
0 4
0 6
11 9
5 8
6 #edges
9 11
4 9
0 4
0 6
11 5
5 8
6 #edges
9 5
4 9
0 4
0 6
11 8
5 11
6 #edges
9 11
4 5
0 4
0 6
11 8
5 9
6 #edges
9 8
4 5
0 4
0 6
11 9
5 11
6 #edges
9 11
4 9
0 6
0 5
11 8
5 4
6 #edges
9 8
4 11
0 6
0 5
11 9
5 4
6 #edges
9 4
4 8
0 6
0 5
11 9
5 11
6 #edges
9 8
4 9
0 6
0 5
11 4
5 11
6 #edges
9 4
4 11
0 6
0 5
11 8
5 9
6 #edges
9 11
4 8
0 6
0 5
11 4
5 9
6 #edges
9 5
4 9
0 6
0 11
11 4
5 8
6 #edges
9 8
4 5
0 6
0 11
11 4
5 9
6 #edges
9 5
4 8
0 6
0 11
11 9
5 4
6 #edges
9 4
4 5
0 6
0 11
11 9
5 8
6 #edges
9 8
4 9
0 6
0 11
11 5
5 4
6 #edges
9 4
4 8
0 6
0 11
11 5
5 9
6 #edges
9 4
4 11
0 9
0 6
11 5
5 8
6 #edges
9 4
4 5
0 9
0 6
11 8
5 11
6 #edges
9 5
4 8
0 9
0 6
11 4
5 11
6 #edges
9 5
4 11
0 9
0 6
11 8
5 4
6 #edges
9 11
4 5
0 9
0 6
11 4
5 8
6 #edges
9 11
4 8
0 9
0 6
11 5
5 4
6 #edges
9 4
4 8
4 6
0 5
11 9
5 11
6 #edges
9 8
9 6
4 9
0 5
11 4
5 11
6 #edges
9 11
4 8
4 6
0 5
11 4
5 9
6 #edges
9 4
4 11
0 5
11 8
11 6
5 9
6 #edges
9 8
9 6
4 11
0 5
11 9
5 4
6 #edges
9 11
4 9
0 5
11 8
11 6
5 4
6 #edges
9 5
4 8
4 6
0 11
11 9
5 4
6 #edges
9 4
4 5
0 11
11 9
5 8
5 6
6 #edges
9 8
9 6
4 5
0 11
11 4
5 9
6 #edges
9 5
4 9
0 11
11 4
5 8
5 6
6 #edges
9 8
9 6
4 9
0 11
11 5
5 4
6 #edges
9 4
4 8
4 6
0 11
11 5
5 9
6 #edges
9 8
9 6
4 11
0 4
11 5
5 9
6 #edges
9 5
4 11
0 4
11 9
5 8
5 6
6 #edges
9 8
9 6
4 5
0 4
11 9
5 11
6 #edges
9 11
4 5
0 4
11 8
11 6
5 9
6 #edges
9 5
4 9
0 4
11 8
11 6
5 11
6 #edges
9 11
4 9
0 4
11 5
5 8
5 6
6 #edges
9 4
4 5
0 9
11 8
11 6
5 11
6 #edges
9 4
4 11
0 9
11 5
5 8
5 6
6 #edges
9 11
4 5
0 9
11 4
5 8
5 6
6 #edges
9 11
4 8
4 6
0 9
11 5
5 4
6 #edges
9 5
4 11
0 9
11 8
11 6
5 4
6 #edges
9 5
4 8
4 6
0 9
11 4
5 11
4 #trees for patient 23
6 #edges
9 8
4 9
0 6
0 11
11 5
5 4
6 #edges
9 4
4 8
0 6
0 11
11 5
5 9
6 #edges
9 4
4 8
0 6
0 5
11 9
5 11
6 #edges
9 8
4 9
0 6
0 5
11 4
5 11
4 #trees for patient 24
6 #edges
9 8
8 4
0 6
0 5
11 9
5 11
6 #edges
9 4
4 8
0 6
0 5
11 9
5 11
6 #edges
9 4
4 8
0 6
0 11
11 5
5 9
6 #edges
9 8
8 4
0 6
0 11
11 5
5 9
6 #trees for patient 25
6 #edges
9 8
4 9
0 6
0 5
11 4
5 11
6 #edges
9 4
4 8
0 6
0 5
11 9
5 11
6 #edges
9 4
4 8
4 6
0 5
11 9
5 11
6 #edges
9 4
8 6
4 8
0 5
11 9
5 11
6 #edges
9 8
9 6
4 9
0 5
11 4
5 11
6 #edges
9 8
8 6
4 9
0 5
11 4
5 11
1 #trees for patient 26
6 #edges
9 4
4 8
0 6
0 5
11 9
5 11
84 #trees for patient 27
6 #edges
9 8
0 4
0 6
0 5
11 9
5 11
6 #edges
9 8
8 4
0 6
0 5
11 9
5 11
6 #edges
9 4
4 8
0 6
0 5
11 9
5 11
6 #edges
9 4
0 8
0 6
0 5
11 9
5 11
6 #edges
0 8
0 4
0 6
0 5
11 9
5 11
6 #edges
4 8
0 4
0 6
0 5
11 9
5 11
6 #edges
8 4
0 8
0 6
0 5
11 9
5 11
6 #edges
9 11
0 8
0 4
0 6
0 5
5 9
6 #edges
9 11
4 8
0 4
0 6
0 5
5 9
6 #edges
9 11
0 4
0 6
0 5
11 8
5 9
6 #edges
9 11
0 8
0 6
0 5
11 4
5 9
6 #edges
9 11
8 4
0 8
0 6
0 5
5 9
6 #edges
9 11
4 8
0 6
0 5
11 4
5 9
6 #edges
9 11
8 4
0 6
0 5
11 8
5 9
6 #edges
9 4
0 8
0 6
0 11
11 5
5 9
6 #edges
0 8
0 4
0 6
0 11
11 5
5 9
6 #edges
8 4
0 8
0 6
0 11
11 5
5 9
6 #edges
9 5
0 8
0 4
0 6
0 11
11 9
6 #edges
9 5
8 4
0 8
0 6
0 11
11 9
6 #edges
9 5
0 8
0 6
0 11
11 9
5 4
6 #edges
9 5
8 4
0 9
0 8
0 6
5 11
6 #edges
9 11
8 4
0 9
0 8
0 6
11 5
6 #edges
9 5
0 9
0 8
0 4
0 6
5 11
6 #edges
9 11
0 9
0 8
0 4
0 6
11 5
6 #edges
9 5
0 9
0 8
0 6
11 4
5 11
6 #edges
9 11
0 9
0 8
0 6
11 5
5 4
6 #edges
9 5
4 8
0 4
0 6
0 11
11 9
6 #edges
9 5
0 4
0 6
0 11
11 9
5 8
6 #edges
9 5
4 8
0 6
0 11
11 9
5 4
6 #edges
9 5
8 4
0 6
0 11
11 9
5 8
6 #edges
4 8
0 4
0 6
0 11
11 5
5 9
6 #edges
9 8
0 4
0 6
0 11
11 5
5 9
6 #edges
9 8
8 4
0 6
0 11
11 5
5 9
6 #edges
9 4
4 8
0 6
0 11
11 5
5 9
6 #edges
9 11
4 8
0 9
0 4
0 6
11 5
6 #edges
9 5
4 8
0 9
0 4
0 6
5 11
6 #edges
9 11
0 9
0 4
0 6
11 5
5 8
6 #edges
9 5
0 9
0 4
0 6
11 8
5 11
6 #edges
9 11
4 8
0 9
0 6
11 5
5 4
6 #edges
9 11
8 4
0 9
0 6
11 5
5 8
6 #edges
9 5
4 8
0 9
0 6
11 4
5 11
6 #edges
9 5
8 4
0 9
0 6
11 8
5 11
6 #edges
9 11
0 8
0 4
0 5
11 6
5 9
6 #edges
9 11
4 8
0 4
0 5
11 6
5 9
6 #edges
9 11
0 4
0 5
11 8
11 6
5 9
6 #edges
9 6
4 8
0 4
0 5
11 9
5 11
6 #edges
9 6
0 8
0 4
0 5
11 9
5 11
6 #edges
9 8
9 6
0 4
0 5
11 9
5 11
6 #edges
9 6
4 8
0 4
0 11
11 5
5 9
6 #edges
9 8
9 6
0 4
0 11
11 5
5 9
6 #edges
9 6
0 8
0 4
0 11
11 5
5 9
6 #edges
9 5
4 8
0 4
0 11
11 9
5 6
6 #edges
9 5
0 8
0 4
0 11
11 9
5 6
6 #edges
9 5
0 4
0 11
11 9
5 8
5 6
6 #edges
9 5
4 8
0 9
0 4
11 6
5 11
6 #edges
9 11
4 8
0 9
0 4
11 5
5 6
6 #edges
9 5
0 9
0 8
0 4
11 6
5 11
6 #edges
9 5
0 9
0 4
11 8
11 6
5 11
6 #edges
9 11
0 9
0 8
0 4
11 5
5 6
6 #edges
9 11
0 9
0 4
11 5
5 8
5 6
6 #edges
9 11
8 4
0 8
0 5
11 6
5 9
6 #edges
9 6
8 4
0 8
0 5
11 9
5 11
6 #edges
9 6
8 4
0 8
0 11
11 5
5 9
6 #edges
9 5
8 4
0 8
0 11
11 9
5 6
6 #edges
9 5
8 4
0 9
0 8
11 6
5 11
6 #edges
9 11
8 4
0 9
0 8
11 5
5 6
6 #edges
9 4
9 6
0 8
0 5
11 9
5 11
6 #edges
9 11
0 8
0 5
11 4
11 6
5 9
6 #edges
9 5
0 9
0 8
11 4
11 6
5 11
6 #edges
9 11
0 9
0 8
11 5
5 4
5 6
6 #edges
9 4
9 6
0 8
0 11
11 5
5 9
6 #edges
9 5
0 8
0 11
11 9
5 4
5 6
6 #edges
9 8
9 6
8 4
0 5
11 9
5 11
6 #edges
9 4
9 6
4 8
0 5
11 9
5 11
6 #edges
9 11
8 4
0 5
11 8
11 6
5 9
6 #edges
9 11
4 8
0 5
11 4
11 6
5 9
6 #edges
9 5
8 4
0 11
11 9
5 8
5 6
6 #edges
9 5
4 8
0 11
11 9
5 4
5 6
6 #edges
9 8
9 6
8 4
0 11
11 5
5 9
6 #edges
9 4
9 6
4 8
0 11
11 5
5 9
6 #edges
9 11
8 4
0 9
11 5
5 8
5 6
6 #edges
9 11
4 8
0 9
11 5
5 4
5 6
6 #edges
9 5
4 8
0 9
11 4
11 6
5 11
6 #edges
9 5
8 4
0 9
11 8
11 6
5 11
2 #trees for patient 28
6 #edges
9 6
9 5
4 8
0 9
5 4
5 7
6 #edges
9 6
9 5
8 4
0 9
5 8
5 7
6 #trees for patient 29
6 #edges
9 6
9 7
9 5
4 8
0 9
5 4
6 #edges
9 6
9 7
9 5
8 4
0 9
5 8
6 #edges
9 6
9 5
4 8
0 9
5 4
5 7
6 #edges
9 6
9 5
8 4
0 9
5 8
5 7
6 #edges
9 6
9 5
8 4
4 7
0 9
5 8
6 #edges
9 6
9 5
8 7
4 8
0 9
5 4
8 #trees for patient 30
6 #edges
9 6
9 5
8 4
0 9
0 7
5 8
6 #edges
9 6
9 5
0 9
0 4
6 7
5 8
6 #edges
9 6
9 5
4 7
0 9
0 4
5 8
6 #edges
9 6
9 5
8 7
0 9
0 4
5 8
6 #edges
9 6
9 5
0 9
0 4
5 8
5 7
6 #edges
9 6
9 5
8 4
0 9
5 8
5 7
6 #edges
9 6
9 5
8 4
0 9
6 7
5 8
6 #edges
9 6
9 5
8 4
4 7
0 9
5 8
6 #trees for patient 31
6 #edges
9 6
9 5
8 4
0 9
5 8
5 7
6 #edges
9 6
9 5
0 9
6 4
5 8
5 7
6 #edges
9 6
9 5
0 9
5 8
5 4
5 7
6 #edges
9 6
9 5
0 9
6 8
5 4
5 7
6 #edges
9 6
9 5
0 9
6 8
6 4
5 7
6 #edges
9 6
9 5
8 4
0 9
6 8
5 7
6 #trees for patient 32
6 #edges
9 6
9 5
8 4
0 9
0 7
5 8
6 #edges
9 5
8 4
0 9
0 6
6 7
5 8
6 #edges
9 7
9 5
8 4
0 9
0 6
5 8
6 #edges
9 5
8 4
0 9
0 6
5 8
5 7
6 #edges
9 6
9 5
8 4
0 9
5 8
5 7
6 #edges
9 6
9 5
8 4
0 9
6 7
5 8
1 #trees for patient 33
6 #edges
9 6
9 5
8 4
0 9
5 8
5 7
2 #trees for patient 34
6 #edges
9 6
9 5
8 4
0 9
5 8
5 7
6 #edges
9 6
9 5
8 4
0 9
6 7
5 8
8 #trees for patient 35
6 #edges
9 6
9 5
8 4
0 9
5 8
5 7
6 #edges
9 6
9 7
9 5
8 4
0 9
5 8
6 #edges
9 5
8 4
4 6
0 9
5 8
5 7
6 #edges
9 7
9 5
8 4
4 6
0 9
5 8
6 #edges
9 6
9 7
9 5
4 8
0 9
5 4
6 #edges
9 7
9 5
8 6
4 8
0 9
5 4
6 #edges
9 5
8 6
4 8
0 9
5 4
5 7
6 #edges
9 6
9 5
4 8
0 9
5 4
5 7
2 #trees for patient 36
6 #edges
9 6
9 5
8 4
0 9
5 8
5 7
6 #edges
9 5
8 4
8 6
0 9
5 8
5 7
6 #trees for patient 37
6 #edges
9 6
9 5
8 4
0 9
5 8
5 7
6 #edges
9 6
9 5
8 4
4 7
0 9
5 8
6 #edges
9 5
8 4
0 9
7 6
5 8
5 7
6 #edges
9 5
8 4
4 6
0 9
5 8
5 7
6 #edges
9 5
8 4
4 7
0 9
5 8
5 6
6 #edges
9 5
8 4
4 7
0 9
7 6
5 8
2 #trees for patient 38
6 #edges
9 6
9 5
8 4
0 9
5 8
5 7
6 #edges
9 6
9 5
4 8
0 9
5 4
5 7
2 #trees for patient 39
6 #edges
9 6
9 5
8 4
0 9
5 8
5 7
6 #edges
9 6
9 5
8 4
4 7
0 9
5 8
6 #trees for patient 40
6 #edges
9 6
9 5
0 9
7 4
5 8
5 7
6 #edges
9 6
9 5
8 4
0 9
5 8
5 7
6 #edges
9 6
9 5
0 9
6 4
5 8
5 7
6 #edges
9 6
9 5
0 9
7 8
5 4
5 7
6 #edges
9 6
9 5
0 9
6 4
7 8
5 7
6 #edges
9 6
9 5
8 4
0 9
7 8
5 7
2 #trees for patient 41
6 #edges
9 5
8 4
0 9
0 6
5 8
5 7
6 #edges
9 6
9 5
8 4
0 9
5 8
5 7
6 #trees for patient 42
6 #edges
9 4
9 6
9 5
0 9
5 8
5 7
6 #edges
9 4
9 6
9 5
4 8
0 9
5 7
6 #edges
9 8
9 6
9 5
0 9
5 4
5 7
6 #edges
9 8
9 6
9 5
8 4
0 9
5 7
6 #edges
9 6
9 5
8 4
0 9
5 8
5 7
6 #edges
9 6
9 5
4 8
0 9
5 4
5 7
4 #trees for patient 43
6 #edges
9 6
9 7
9 5
8 4
0 9
5 8
6 #edges
9 6
9 5
8 4
0 9
5 8
5 7
6 #edges
9 7
9 5
8 4
4 6
0 9
5 8
6 #edges
9 5
8 4
4 6
0 9
5 8
5 7
7 #trees for patient 44
6 #edges
9 6
9 5
4 8
0 9
5 4
5 7
6 #edges
9 6
9 5
0 9
7 8
5 4
5 7
6 #edges
9 6
9 5
8 4
0 9
5 8
5 7
6 #edges
9 6
9 5
0 9
7 4
5 8
5 7
6 #edges
9 6
9 5
0 9
7 8
7 4
5 7
6 #edges
9 6
9 5
4 8
0 9
7 4
5 7
6 #edges
9 6
9 5
8 4
0 9
7 8
5 7
28 #trees for patient 45
6 #edges
9 6
9 5
4 8
0 9
0 4
0 7
6 #edges
9 6
9 5
0 9
0 8
0 4
0 7
6 #edges
9 6
9 5
0 9
0 4
0 7
6 8
6 #edges
9 6
9 5
0 9
0 4
0 7
5 8
6 #edges
9 6
9 5
8 4
0 9
0 8
0 7
6 #edges
9 6
9 5
0 9
0 8
0 7
6 4
6 #edges
9 6
9 5
0 9
0 8
0 7
5 4
6 #edges
9 6
9 5
0 9
0 7
6 4
5 8
6 #edges
9 6
9 5
8 4
0 9
0 7
5 8
6 #edges
9 6
9 5
4 8
0 9
0 7
6 4
6 #edges
9 6
9 5
0 9
0 7
6 8
6 4
6 #edges
9 6
9 5
0 9
0 7
6 8
5 4
6 #edges
9 6
9 5
4 8
0 9
0 7
5 4
6 #edges
9 6
9 5
8 4
0 9
0 7
6 8
6 #edges
9 6
9 5
0 9
0 8
0 4
5 7
6 #edges
9 6
9 5
4 8
0 9
0 4
5 7
6 #edges
9 6
9 5
0 9
0 4
5 8
5 7
6 #edges
9 6
9 5
0 9
0 4
6 8
5 7
6 #edges
9 6
9 5
8 4
0 9
0 8
5 7
6 #edges
9 6
9 5
0 9
0 8
5 4
5 7
6 #edges
9 6
9 5
0 9
0 8
6 4
5 7
6 #edges
9 6
9 5
0 9
6 8
6 4
5 7
6 #edges
9 6
9 5
0 9
6 4
5 8
5 7
6 #edges
9 6
9 5
4 8
0 9
6 4
5 7
6 #edges
9 6
9 5
4 8
0 9
5 4
5 7
6 #edges
9 6
9 5
0 9
6 8
5 4
5 7
6 #edges
9 6
9 5
8 4
0 9
5 8
5 7
6 #edges
9 6
9 5
8 4
0 9
6 8
5 7
4 #trees for patient 46
6 #edges
9 6
9 5
8 4
0 9
5 8
5 7
6 #edges
9 6
9 5
4 8
0 9
5 4
5 7
6 #edges
9 5
8 6
4 8
0 9
5 4
5 7
6 #edges
9 5
8 4
4 6
0 9
5 8
5 7
1 #trees for patient 47
6 #edges
9 6
9 5
8 4
0 9
5 8
5 7
4 #trees for patient 48
6 #edges
9 6
9 5
8 4
0 9
0 7
5 8
6 #edges
9 6
9 5
4 8
0 9
0 7
5 4
6 #edges
9 6
9 5
4 8
0 9
5 4
5 7
6 #edges
9 6
9 5
8 4
0 9
5 8
5 7
1 #trees for patient 49
6 #edges
9 6
9 5
8 4
0 9
5 8
5 7
4 #trees for patient 50
6 #edges
9 6
9 5
8 4
0 9
5 8
5 7
6 #edges
9 6
9 5
4 8
0 9
5 4
5 7
6 #edges
9 5
8 6
4 8
0 9
5 4
5 7
6 #edges
9 5
8 4
4 6
0 9
5 8
5 7
6 #trees for patient 51
6 #edges
9 6
9 5
4 8
0 9
5 4
5 7
6 #edges
9 6
9 5
8 4
0 9
5 8
5 7
6 #edges
9 5
4 8
0 9
7 6
5 4
5 7
6 #edges
9 5
8 6
4 8
0 9
5 4
5 7
6 #edges
9 5
8 4
0 9
7 6
5 8
5 7
6 #edges
9 5
8 4
4 6
0 9
5 8
5 7
4 #trees for patient 52
6 #edges
9 6
9 5
8 4
0 9
5 8
5 7
6 #edges
9 5
8 4
0 9
7 6
5 8
5 7
6 #edges
9 6
9 5
4 8
0 9
5 4
5 7
6 #edges
9 5
4 8
0 9
7 6
5 4
5 7
26 #trees for patient 53
6 #edges
9 6
9 5
0 9
0 7
6 4
5 8
6 #edges
9 6
9 5
8 4
0 9
0 7
5 8
6 #edges
9 4
9 6
9 5
0 9
0 7
5 8
6 #edges
9 6
9 5
0 9
0 7
6 8
5 4
6 #edges
9 4
9 6
9 5
0 9
0 7
6 8
6 #edges
9 6
9 5
0 9
0 7
6 8
6 4
6 #edges
9 6
9 5
8 4
0 9
0 7
6 8
6 #edges
9 6
9 5
4 8
0 9
0 7
5 4
6 #edges
9 8
9 6
9 5
0 9
0 7
5 4
6 #edges
9 8
9 6
9 5
8 4
0 9
0 7
6 #edges
9 8
9 6
9 5
0 9
0 7
6 4
6 #edges
9 6
9 5
4 8
0 9
0 7
6 4
6 #edges
9 4
9 6
9 5
4 8
0 9
0 7
6 #edges
9 8
9 6
9 5
8 4
0 9
5 7
6 #edges
9 8
9 6
9 5
0 9
6 4
5 7
6 #edges
9 8
9 6
9 5
0 9
5 4
5 7
6 #edges
9 4
9 6
9 5
0 9
5 8
5 7
6 #edges
9 6
9 5
0 9
6 4
5 8
5 7
6 #edges
9 6
9 5
8 4
0 9
5 8
5 7
6 #edges
9 6
9 5
0 9
6 8
6 4
5 7
6 #edges
9 6
9 5
4 8
0 9
6 4
5 7
6 #edges
9 6
9 5
0 9
6 8
5 4
5 7
6 #edges
9 6
9 5
4 8
0 9
5 4
5 7
6 #edges
9 6
9 5
8 4
0 9
6 8
5 7
6 #edges
9 4
9 6
9 5
0 9
6 8
5 7
6 #edges
9 4
9 6
9 5
4 8
0 9
5 7
2 #trees for patient 54
6 #edges
9 6
9 5
0 9
6 4
5 8
5 7
6 #edges
9 6
9 5
8 4
0 9
5 8
5 7
9 #trees for patient 55
6 #edges
9 6
9 5
8 7
0 9
0 4
5 8
6 #edges
9 6
9 5
0 9
0 4
6 7
5 8
6 #edges
9 6
9 5
0 9
0 4
5 8
5 7
6 #edges
9 6
9 5
8 7
0 9
5 8
5 4
6 #edges
9 6
9 5
0 9
5 8
5 4
5 7
6 #edges
9 6
9 5
0 9
6 7
5 8
5 4
6 #edges
9 6
9 5
8 4
8 7
0 9
5 8
6 #edges
9 6
9 5
8 4
0 9
5 8
5 7
6 #edges
9 6
9 5
8 4
0 9
6 7
5 8
4 #trees for patient 56
6 #edges
9 6
9 5
8 4
0 9
6 7
5 8
6 #edges
9 6
9 5
8 4
0 9
5 8
5 7
6 #edges
9 6
9 7
9 5
8 4
0 9
5 8
6 #edges
9 6
9 5
8 4
4 7
0 9
5 8
7 #trees for patient 57
6 #edges
9 6
9 5
4 8
0 9
5 4
5 7
6 #edges
9 6
9 5
0 9
7 8
5 4
5 7
6 #edges
9 6
9 5
0 9
7 4
5 8
5 7
6 #edges
9 6
9 5
8 4
0 9
5 8
5 7
6 #edges
9 6
9 5
4 8
0 9
7 4
5 7
6 #edges
9 6
9 5
0 9
7 8
7 4
5 7
6 #edges
9 6
9 5
8 4
0 9
7 8
5 7
2 #trees for patient 58
6 #edges
9 6
9 5
0 9
7 4
5 8
5 7
6 #edges
9 6
9 5
8 4
0 9
5 8
5 7
2 #trees for patient 59
6 #edges
0 7
0 5
2 3
5 1
5 10
5 2
6 #edges
0 7
0 5
1 3
5 1
5 10
5 2
2 #trees for patient 60
6 #edges
0 7
0 5
1 3
3 2
5 1
5 10
6 #edges
0 7
0 5
1 3
5 1
5 10
5 2
8 #trees for patient 61
6 #edges
0 7
0 10
0 5
2 1
5 3
5 2
6 #edges
0 7
0 10
0 5
2 3
5 1
5 2
6 #edges
0 7
0 10
0 5
1 3
5 1
5 2
6 #edges
0 7
0 10
0 5
1 3
2 1
5 2
6 #edges
0 7
0 5
2 1
5 3
5 10
5 2
6 #edges
0 7
0 5
2 3
5 1
5 10
5 2
6 #edges
0 7
0 5
1 3
5 1
5 10
5 2
6 #edges
0 7
0 5
1 3
2 1
5 10
5 2
8 #trees for patient 62
6 #edges
0 7
0 5
3 1
5 3
5 10
5 2
6 #edges
0 7
0 5
1 3
5 1
5 10
5 2
6 #edges
0 7
0 5
1 3
10 2
5 1
5 10
6 #edges
0 7
0 5
3 1
10 2
5 3
5 10
6 #edges
0 5
1 7
3 1
5 3
5 10
5 2
6 #edges
0 5
1 7
3 1
10 2
5 3
5 10
6 #edges
0 5
1 3
3 7
5 1
5 10
5 2
6 #edges
0 5
1 3
3 7
10 2
5 1
5 10
4 #trees for patient 63
6 #edges
0 7
0 5
1 3
5 1
5 10
5 2
6 #edges
0 7
0 5
10 3
5 1
5 10
5 2
6 #edges
0 7
0 5
1 10
5 1
5 3
5 2
6 #edges
0 7
0 5
1 10
10 3
5 1
5 2
8 #trees for patient 64
6 #edges
0 7
0 5
3 1
5 3
5 10
5 2
6 #edges
0 7
0 5
1 10
3 1
5 3
5 2
6 #edges
0 7
0 5
1 3
5 1
5 10
5 2
6 #edges
0 7
0 5
1 3
3 10
5 1
5 2
6 #edges
0 5
3 1
5 7
5 3
5 10
5 2
6 #edges
0 5
1 3
5 1
5 7
5 10
5 2
6 #edges
0 5
1 3
3 10
5 1
5 7
5 2
6 #edges
0 5
1 10
3 1
5 7
5 3
5 2
7 #trees for patient 65
6 #edges
0 7
0 5
1 3
5 1
5 10
5 2
6 #edges
0 7
0 5
1 3
10 2
5 1
5 10
6 #edges
0 5
1 3
2 7
5 1
5 10
5 2
6 #edges
0 5
1 3
10 7
5 1
5 10
5 2
6 #edges
0 5
1 3
10 7
10 2
5 1
5 10
6 #edges
0 5
1 3
10 2
2 7
5 1
5 10
6 #edges
0 5
1 3
10 2
5 1
5 7
5 10
3 #trees for patient 66
6 #edges
0 7
0 5
1 3
5 1
5 10
5 2
6 #edges
0 7
0 5
1 3
1 2
5 1
5 10
6 #edges
0 7
0 5
1 3
10 2
5 1
5 10
6 #trees for patient 67
6 #edges
0 7
0 5
1 3
7 2
5 1
5 10
6 #edges
0 7
0 5
7 3
5 1
5 10
5 2
6 #edges
0 7
0 5
1 3
5 1
5 10
5 2
6 #edges
0 7
0 5
1 2
7 3
5 1
5 10
6 #edges
0 7
0 5
1 3
3 2
5 1
5 10
6 #edges
0 7
0 5
7 3
3 2
5 1
5 10
2 #trees for patient 68
6 #edges
0 7
0 5
1 3
5 1
5 10
5 2
6 #edges
0 5
1 3
10 7
5 1
5 10
5 2
7 #trees for patient 69
6 #edges
0 7
0 5
1 3
5 1
5 10
5 2
6 #edges
0 7
0 5
2 3
5 1
5 10
5 2
6 #edges
0 7
0 5
2 1
5 3
5 10
5 2
6 #edges
0 7
0 5
1 3
2 1
5 10
5 2
6 #edges
0 7
0 5
2 1
2 3
5 10
5 2
6 #edges
0 7
0 5
3 1
2 3
5 10
5 2
6 #edges
0 7
0 5
3 1
5 3
5 10
5 2
14 #trees for patient 70
6 #edges
0 7
0 5
1 3
5 1
5 10
5 2
6 #edges
0 7
0 5
2 3
5 1
5 10
5 2
6 #edges
0 7
0 5
1 3
1 10
5 1
5 2
6 #edges
0 7
0 5
1 3
2 10
5 1
5 2
6 #edges
0 7
0 5
1 3
3 10
5 1
5 2
6 #edges
0 7
0 5
3 10
2 3
5 1
5 2
6 #edges
0 7
0 5
1 10
2 3
5 1
5 2
6 #edges
0 5
1 3
1 10
2 7
5 1
5 2
6 #edges
0 5
1 3
3 10
2 7
5 1
5 2
6 #edges
0 5
1 3
2 7
5 1
5 10
5 2
6 #edges
0 5
1 3
2 7
2 10
5 1
5 2
6 #edges
0 5
2 7
2 3
5 1
5 10
5 2
6 #edges
0 5
1 10
2 7
2 3
5 1
5 2
6 #edges
0 5
3 10
2 7
2 3
5 1
5 2
26 #trees for patient 71
6 #edges
0 7
0 3
0 5
5 1
5 10
5 2
6 #edges
0 7
0 3
0 5
3 1
5 10
5 2
6 #edges
0 7
0 3
0 5
10 1
5 10
5 2
6 #edges
0 3
0 5
3 1
2 7
5 10
5 2
6 #edges
0 3
0 5
10 1
2 7
5 10
5 2
6 #edges
0 3
0 5
2 7
5 1
5 10
5 2
6 #edges
0 1
0 7
0 5
1 3
5 10
5 2
6 #edges
0 1
0 5
1 3
2 7
5 10
5 2
6 #edges
0 1
0 7
0 5
5 3
5 10
5 2
6 #edges
0 1
0 7
0 5
10 3
5 10
5 2
6 #edges
0 1
0 5
10 3
2 7
5 10
5 2
6 #edges
0 1
0 5
2 7
5 3
5 10
5 2
6 #edges
0 7
0 5
10 3
5 1
5 10
5 2
6 #edges
0 7
0 5
1 3
5 1
5 10
5 2
6 #edges
0 7
0 5
10 1
5 3
5 10
5 2
6 #edges
0 7
0 5
3 1
5 3
5 10
5 2
6 #edges
0 7
0 5
1 3
10 1
5 10
5 2
6 #edges
0 7
0 5
10 1
10 3
5 10
5 2
6 #edges
0 7
0 5
3 1
10 3
5 10
5 2
6 #edges
0 5
10 3
2 7
5 1
5 10
5 2
6 #edges
0 5
1 3
2 7
5 1
5 10
5 2
6 #edges
0 5
3 1
10 3
2 7
5 10
5 2
6 #edges
0 5
10 1
10 3
2 7
5 10
5 2
6 #edges
0 5
10 1
2 7
5 3
5 10
5 2
6 #edges
0 5
1 3
10 1
2 7
5 10
5 2
6 #edges
0 5
3 1
2 7
5 3
5 10
5 2
4 #trees for patient 72
6 #edges
0 7
0 2
0 5
1 3
5 1
5 10
6 #edges
0 7
0 2
0 5
1 3
7 10
5 1
6 #edges
0 7
0 5
1 3
7 10
5 1
5 2
6 #edges
0 7
0 5
1 3
5 1
5 10
5 2
6 #trees for patient 73
6 #edges
0 7
0 5
3 1
5 3
5 10
5 2
6 #edges
0 7
0 5
1 3
5 1
5 10
5 2
6 #edges
0 5
1 3
5 1
5 7
5 10
5 2
6 #edges
0 5
3 1
5 7
5 3
5 10
5 2
6 #edges
0 5
1 7
3 1
5 3
5 10
5 2
6 #edges
0 5
1 3
3 7
5 1
5 10
5 2
32 #trees for patient 74
6 #edges
0 7
0 5
3 1
10 2
5 3
5 10
6 #edges
0 7
0 5
1 3
10 2
5 1
5 10
6 #edges
0 7
0 5
3 1
10 3
5 10
5 2
6 #edges
0 7
0 5
10 3
5 1
5 10
5 2
6 #edges
0 7
0 5
10 1
5 3
5 10
5 2
6 #edges
0 7
0 5
3 1
5 3
5 10
5 2
6 #edges
0 7
0 5
1 3
5 1
5 10
5 2
6 #edges
0 7
0 5
1 3
10 1
5 10
5 2
6 #edges
0 7
0 5
1 3
3 2
5 1
5 10
6 #edges
0 7
0 5
1 2
10 3
5 1
5 10
6 #edges
0 7
0 5
3 2
10 3
5 1
5 10
6 #edges
0 7
0 5
3 2
10 1
5 3
5 10
6 #edges
0 7
0 5
1 2
10 1
5 3
5 10
6 #edges
0 7
0 5
1 2
3 1
5 3
5 10
6 #edges
0 7
0 5
1 3
3 2
10 1
5 10
6 #edges
0 7
0 5
1 2
3 1
10 3
5 10
6 #edges
0 5
1 3
10 7
5 1
5 10
5 2
6 #edges
0 5
10 7
10 3
5 1
5 10
5 2
6 #edges
0 5
1 3
3 2
10 7
5 1
5 10
6 #edges
0 5
1 3
10 7
10 2
5 1
5 10
6 #edges
0 5
1 2
10 7
10 3
5 1
5 10
6 #edges
0 5
3 2
10 7
10 3
5 1
5 10
6 #edges
0 5
3 2
10 1
10 7
5 3
5 10
6 #edges
0 5
1 2
3 1
10 7
5 3
5 10
6 #edges
0 5
3 1
10 7
10 2
5 3
5 10
6 #edges
0 5
3 1
10 7
5 3
5 10
5 2
6 #edges
0 5
10 1
10 7
5 3
5 10
5 2
6 #edges
0 5
1 2
10 1
10 7
5 3
5 10
6 #edges
0 5
3 1
10 7
10 3
5 10
5 2
6 #edges
0 5
1 3
10 1
10 7
5 10
5 2
6 #edges
0 5
1 2
3 1
10 7
10 3
5 10
6 #edges
0 5
1 3
3 2
10 1
10 7
5 10
21 #trees for patient 75
6 #edges
0 7
0 3
0 5
3 1
5 10
5 2
6 #edges
0 7
0 3
0 5
5 1
5 10
5 2
6 #edges
0 7
0 5
1 3
5 1
5 10
5 2
6 #edges
0 7
0 5
5 1
5 3
5 10
5 2
6 #edges
0 1
0 7
0 5
5 3
5 10
5 2
6 #edges
0 1
0 7
0 5
1 3
5 10
5 2
6 #edges
0 7
0 5
3 1
5 3
5 10
5 2
6 #edges
0 3
0 5
3 1
5 7
5 10
5 2
6 #edges
0 3
0 5
3 1
2 7
5 10
5 2
6 #edges
0 3
0 5
5 1
5 7
5 10
5 2
6 #edges
0 3
0 5
2 7
5 1
5 10
5 2
6 #edges
0 1
0 5
1 3
5 7
5 10
5 2
6 #edges
0 1
0 5
1 3
2 7
5 10
5 2
6 #edges
0 1
0 5
5 7
5 3
5 10
5 2
6 #edges
0 1
0 5
2 7
5 3
5 10
5 2
6 #edges
0 5
3 1
2 7
5 3
5 10
5 2
6 #edges
0 5
3 1
5 7
5 3
5 10
5 2
6 #edges
0 5
2 7
5 1
5 3
5 10
5 2
6 #edges
0 5
5 1
5 7
5 3
5 10
5 2
6 #edges
0 5
1 3
5 1
5 7
5 10
5 2
6 #edges
0 5
1 3
2 7
5 1
5 10
5 2
4 #trees for patient 76
6 #edges
8 7
8 3
8 2
0 9
0 8
3 1
6 #edges
8 7
8 3
0 9
0 8
1 2
3 1
6 #edges
8 7
8 3
8 2
0 8
3 9
3 1
6 #edges
8 7
8 3
0 8
1 2
3 9
3 1
2 #trees for patient 77
6 #edges
8 7
8 3
0 8
3 9
3 2
2 1
6 #edges
8 7
8 3
0 8
1 2
3 9
3 1
7 #trees for patient 78
6 #edges
8 7
8 3
0 8
0 2
3 9
3 1
6 #edges
8 3
0 8
0 7
0 2
3 9
3 1
6 #edges
8 3
0 8
0 7
7 2
3 9
3 1
6 #edges
8 3
8 2
0 8
0 7
3 9
3 1
6 #edges
8 3
0 8
0 7
1 2
3 9
3 1
6 #edges
8 7
8 3
0 8
7 2
3 9
3 1
6 #edges
8 7
8 3
0 8
1 2
3 9
3 1
3 #trees for patient 79
6 #edges
8 7
8 3
0 8
3 9
3 1
3 2
6 #edges
8 7
8 3
0 8
7 2
3 9
3 1
6 #edges
8 7
8 3
0 8
1 2
3 9
3 1
4 #trees for patient 80
6 #edges
8 7
8 3
0 8
1 9
3 2
2 1
6 #edges
8 7
8 3
0 8
3 9
3 2
2 1
6 #edges
8 7
8 3
0 8
1 2
3 9
3 1
6 #edges
8 7
8 3
0 8
1 2
3 1
2 9
2 #trees for patient 81
6 #edges
8 7
8 3
0 9
0 8
1 2
3 1
6 #edges
8 7
8 3
0 8
1 2
3 9
3 1
8 #trees for patient 82
6 #edges
8 7
8 3
0 8
3 9
3 2
2 1
6 #edges
8 7
8 3
0 8
1 2
3 9
3 1
6 #edges
8 7
8 3
0 8
1 2
3 1
2 9
6 #edges
8 7
8 3
0 8
1 9
3 2
2 1
6 #edges
8 3
0 8
3 9
3 7
3 2
2 1
6 #edges
8 3
0 8
1 2
3 9
3 1
3 7
6 #edges
8 3
0 8
1 9
3 7
3 2
2 1
6 #edges
8 3
0 8
1 2
3 1
3 7
2 9
2 #trees for patient 83
6 #edges
8 7
8 3
0 8
1 2
3 9
3 1
6 #edges
8 7
8 3
0 8
1 2
7 9
3 1
3 #trees for patient 84
6 #edges
8 7
8 3
0 8
3 9
3 2
2 1
6 #edges
8 7
8 3
0 8
3 9
3 1
3 2
6 #edges
8 7
8 3
0 8
1 2
3 9
3 1
1 #trees for patient 85
6 #edges
8 7
8 3
0 8
1 2
3 9
3 1
2 #trees for patient 86
6 #edges
8 7
8 3
0 8
1 2
3 9
3 1
6 #edges
8 7
8 3
0 8
3 9
3 2
2 1
20 #trees for patient 87
6 #edges
8 3
8 2
0 8
3 9
3 7
2 1
6 #edges
8 3
8 2
0 8
3 9
3 1
3 7
6 #edges
8 3
8 2
0 8
7 1
3 9
3 7
6 #edges
8 1
8 3
0 8
1 2
3 9
3 7
6 #edges
8 1
8 3
0 8
3 9
3 7
3 2
6 #edges
8 1
8 3
0 8
7 2
3 9
3 7
6 #edges
8 7
8 3
0 8
7 1
3 9
3 2
6 #edges
8 7
8 3
0 8
3 9
3 1
3 2
6 #edges
8 7
8 3
0 8
3 9
3 2
2 1
6 #edges
8 7
8 3
0 8
7 2
3 9
2 1
6 #edges
8 7
8 3
0 8
7 2
3 9
3 1
6 #edges
8 7
8 3
0 8
1 2
3 9
3 1
6 #edges
8 7
8 3
0 8
1 2
7 1
3 9
6 #edges
8 3
0 8
3 9
3 7
3 2
2 1
6 #edges
8 3
0 8
3 9
3 1
3 7
3 2
6 #edges
8 3
0 8
7 1
3 9
3 7
3 2
6 #edges
8 3
0 8
1 2
3 9
3 1
3 7
6 #edges
8 3
0 8
7 2
3 9
3 1
3 7
6 #edges
8 3
0 8
7 2
3 9
3 7
2 1
6 #edges
8 3
0 8
1 2
7 1
3 9
3 7
4 #trees for patient 88
6 #edges
8 7
8 3
0 8
7 9
7 2
3 1
6 #edges
8 7
8 3
0 8
7 2
3 9
3 1
6 #edges
8 7
8 3
0 8
1 2
3 9
3 1
6 #edges
8 7
8 3
0 8
1 2
7 9
3 1
12 #trees for patient 89
6 #edges
8 7
8 3
0 8
0 2
3 9
3 1
6 #edges
8 7
8 3
0 8
0 2
7 1
3 9
6 #edges
8 7
8 3
0 8
0 2
3 9
2 1
6 #edges
8 7
8 3
0 8
0 1
1 2
3 9
6 #edges
8 7
8 3
0 8
0 1
3 9
3 2
6 #edges
8 7
8 3
0 8
0 1
7 2
3 9
6 #edges
8 7
8 3
0 8
7 2
3 9
2 1
6 #edges
8 7
8 3
0 8
7 2
3 9
3 1
6 #edges
8 7
8 3
0 8
1 2
7 1
3 9
6 #edges
8 7
8 3
0 8
7 1
3 9
3 2
6 #edges
8 7
8 3
0 8
3 9
3 2
2 1
6 #edges
8 7
8 3
0 8
1 2
3 9
3 1
2 #trees for patient 90
6 #edges
8 7
8 3
0 8
1 2
3 9
3 1
6 #edges
9 7
8 3
0 8
1 2
3 9
3 1
3 #trees for patient 91
6 #edges
8 9
8 7
8 3
0 8
1 2
3 1
6 #edges
8 7
8 3
0 8
1 2
3 9
3 1
6 #edges
8 7
8 3
0 8
1 2
3 1
2 9
13 #trees for patient 92
6 #edges
8 3
0 8
0 7
1 2
3 9
3 1
6 #edges
9 2
8 3
0 8
0 7
3 9
3 1
6 #edges
8 3
0 8
0 2
3 9
3 1
2 7
6 #edges
8 7
8 3
0 8
0 2
3 9
3 1
6 #edges
9 7
8 3
0 8
0 2
3 9
3 1
6 #edges
8 3
0 8
0 2
1 7
3 9
3 1
6 #edges
8 7
8 3
0 8
1 2
3 9
3 1
6 #edges
9 2
8 7
8 3
0 8
3 9
3 1
6 #edges
9 7
8 3
0 8
1 2
3 9
3 1
6 #edges
9 7
9 2
8 3
0 8
3 9
3 1
6 #edges
9 2
8 3
0 8
1 7
3 9
3 1
6 #edges
9 2
8 3
0 8
3 9
3 1
2 7
6 #edges
8 3
0 8
1 2
3 9
3 1
2 7
4 #trees for patient 93
6 #edges
8 3
0 8
0 7
3 9
3 2
2 1
6 #edges
8 3
0 8
0 7
1 2
3 9
3 1
6 #edges
8 7
8 3
0 8
1 2
3 9
3 1
6 #edges
8 7
8 3
0 8
3 9
3 2
2 1
2 #trees for patient 94
6 #edges
8 7
8 3
0 8
1 2
3 9
3 1
6 #edges
8 3
0 8
1 2
3 9
3 1
2 7
4 #trees for patient 95
6 #edges
8 7
8 3
0 8
1 2
3 9
3 1
6 #edges
9 2
8 7
8 3
0 8
3 9
3 1
6 #edges
8 7
8 3
0 8
1 9
3 1
3 2
6 #edges
9 2
8 7
8 3
0 8
1 9
3 1
1 #trees for patient 96
6 #edges
8 7
8 3
0 8
1 2
3 9
3 1
7 #trees for patient 97
6 #edges
8 7
8 3
0 8
7 2
3 9
3 1
6 #edges
8 7
8 3
0 8
7 1
7 2
3 9
6 #edges
8 7
8 3
0 8
7 1
3 9
3 2
6 #edges
8 7
8 3
0 8
1 2
7 1
3 9
6 #edges
9 2
8 7
8 3
0 8
7 1
3 9
6 #edges
9 2
8 7
8 3
0 8
3 9
3 1
6 #edges
8 7
8 3
0 8
1 2
3 9
3 1
6 #trees for patient 98
6 #edges
8 3
0 8
0 7
3 9
3 2
2 1
6 #edges
8 3
0 8
0 7
1 2
3 9
3 1
6 #edges
8 7
8 3
0 8
1 2
3 9
3 1
6 #edges
8 7
8 3
0 8
3 9
3 2
2 1
6 #edges
8 3
0 8
1 7
3 9
3 2
2 1
6 #edges
8 3
0 8
1 2
3 9
3 1
2 7
2 #trees for patient 99
6 #edges
8 7
8 3
0 8
1 2
3 9
3 1
6 #edges
8 7
8 3
0 8
1 2
3 1
2 9
