100 # patients
4 #trees for patient 0
6 #edges
9 7
7 2
8 9
8 1
0 10
0 8
6 #edges
9 7
1 2
8 9
8 1
0 10
0 8
6 #edges
9 10
9 7
1 2
8 9
8 1
0 8
6 #edges
9 10
9 7
7 2
8 9
8 1
0 8
24 #trees for patient 1
6 #edges
10 7
7 2
2 9
8 1
0 10
0 8
6 #edges
10 7
7 2
8 9
8 1
0 10
0 8
6 #edges
9 2
10 7
7 9
8 1
0 10
0 8
6 #edges
10 7
7 9
8 2
8 1
0 10
0 8
6 #edges
10 7
2 9
8 2
8 1
0 10
0 8
6 #edges
9 2
10 7
8 9
8 1
0 10
0 8
6 #edges
9 7
7 2
8 9
8 1
0 10
0 8
6 #edges
9 7
10 2
8 9
8 1
0 10
0 8
6 #edges
10 2
2 7
8 9
8 1
0 10
0 8
6 #edges
9 2
2 7
8 9
8 1
0 10
0 8
6 #edges
10 2
2 9
8 7
8 1
0 10
0 8
6 #edges
10 2
7 9
8 7
8 1
0 10
0 8
6 #edges
10 2
7 9
2 7
8 1
0 10
0 8
6 #edges
9 7
10 2
2 9
8 1
0 10
0 8
6 #edges
10 9
2 7
8 2
8 1
0 10
0 8
6 #edges
7 9
2 7
8 2
8 1
0 10
0 8
6 #edges
9 7
10 9
8 2
8 1
0 10
0 8
6 #edges
9 7
2 9
8 2
8 1
0 10
0 8
6 #edges
9 2
10 9
8 7
8 1
0 10
0 8
6 #edges
10 9
7 2
8 7
8 1
0 10
0 8
6 #edges
7 2
2 9
8 7
8 1
0 10
0 8
6 #edges
9 2
7 9
8 7
8 1
0 10
0 8
6 #edges
9 7
10 9
7 2
8 1
0 10
0 8
6 #edges
9 2
10 9
2 7
8 1
0 10
0 8
2 #trees for patient 2
6 #edges
9 7
7 2
8 9
8 1
0 10
0 8
6 #edges
9 7
7 2
1 10
8 9
8 1
0 8
6 #trees for patient 3
6 #edges
7 9
2 7
8 2
8 1
0 10
0 8
6 #edges
9 7
2 9
8 2
8 1
0 10
0 8
6 #edges
9 2
2 7
8 9
8 1
0 10
0 8
6 #edges
9 7
7 2
8 9
8 1
0 10
0 8
6 #edges
7 2
2 9
8 7
8 1
0 10
0 8
6 #edges
9 2
7 9
8 7
8 1
0 10
0 8
3 #trees for patient 4
6 #edges
9 7
7 2
8 9
8 1
0 10
0 8
6 #edges
9 7
9 1
7 2
8 9
0 10
0 8
6 #edges
9 7
7 2
7 1
8 9
0 10
0 8
6 #trees for patient 5
6 #edges
9 2
2 7
8 9
8 1
0 10
0 8
6 #edges
9 7
7 2
8 9
8 1
0 10
0 8
6 #edges
9 10
9 7
7 2
8 9
8 1
0 8
6 #edges
9 7
7 2
1 10
8 9
8 1
0 8
6 #edges
9 10
9 2
2 7
8 9
8 1
0 8
6 #edges
9 2
2 7
1 10
8 9
8 1
0 8
2 #trees for patient 6
6 #edges
9 2
7 9
8 7
8 1
0 10
0 8
6 #edges
9 7
7 2
8 9
8 1
0 10
0 8
12 #trees for patient 7
6 #edges
9 7
10 1
7 2
8 9
0 10
0 8
6 #edges
9 2
10 1
2 7
8 9
0 10
0 8
6 #edges
9 2
10 1
7 9
8 7
0 10
0 8
6 #edges
10 1
7 2
2 9
8 7
0 10
0 8
6 #edges
9 7
10 1
2 9
8 2
0 10
0 8
6 #edges
10 1
7 9
2 7
8 2
0 10
0 8
6 #edges
9 2
7 9
8 7
8 1
0 10
0 8
6 #edges
7 2
2 9
8 7
8 1
0 10
0 8
6 #edges
9 7
7 2
8 9
8 1
0 10
0 8
6 #edges
9 2
2 7
8 9
8 1
0 10
0 8
6 #edges
9 7
2 9
8 2
8 1
0 10
0 8
6 #edges
7 9
2 7
8 2
8 1
0 10
0 8
1 #trees for patient 8
6 #edges
9 7
7 2
8 9
8 1
0 10
0 8
2 #trees for patient 9
6 #edges
9 7
7 2
8 9
8 1
0 10
0 8
6 #edges
9 2
7 9
8 7
8 1
0 10
0 8
4 #trees for patient 10
6 #edges
9 2
7 9
8 7
8 1
0 10
0 8
6 #edges
9 7
7 2
8 9
8 1
0 10
0 8
6 #edges
9 7
7 2
2 10
8 9
8 1
0 8
6 #edges
9 2
7 9
2 10
8 7
8 1
0 8
4 #trees for patient 11
6 #edges
9 2
7 9
8 7
8 1
0 10
0 8
6 #edges
9 7
7 2
8 9
8 1
0 10
0 8
6 #edges
9 2
9 1
7 9
8 7
0 10
0 8
6 #edges
9 7
7 2
7 1
8 9
0 10
0 8
6 #trees for patient 12
6 #edges
9 7
7 10
7 2
8 9
0 1
0 8
6 #edges
9 7
10 1
7 2
8 9
0 10
0 8
6 #edges
9 7
7 2
8 9
8 1
0 10
0 8
6 #edges
9 7
7 2
7 1
8 9
0 10
0 8
6 #edges
9 7
7 10
7 2
8 9
8 1
0 8
6 #edges
9 7
10 1
7 10
7 2
8 9
0 8
18 #trees for patient 13
6 #edges
7 9
2 7
8 2
0 10
0 1
0 8
6 #edges
9 7
2 9
8 2
0 10
0 1
0 8
6 #edges
9 2
7 9
8 7
0 10
0 1
0 8
6 #edges
7 2
2 9
8 7
0 10
0 1
0 8
6 #edges
9 2
2 7
8 9
0 10
0 1
0 8
6 #edges
9 7
7 2
8 9
0 10
0 1
0 8
6 #edges
9 2
10 1
2 7
8 9
0 10
0 8
6 #edges
9 7
10 1
7 2
8 9
0 10
0 8
6 #edges
9 7
7 2
8 9
8 1
0 10
0 8
6 #edges
9 2
2 7
8 9
8 1
0 10
0 8
6 #edges
9 2
10 1
7 9
8 7
0 10
0 8
6 #edges
10 1
7 2
2 9
8 7
0 10
0 8
6 #edges
7 2
2 9
8 7
8 1
0 10
0 8
6 #edges
9 2
7 9
8 7
8 1
0 10
0 8
6 #edges
9 7
2 9
8 2
8 1
0 10
0 8
6 #edges
7 9
2 7
8 2
8 1
0 10
0 8
6 #edges
10 1
7 9
2 7
8 2
0 10
0 8
6 #edges
9 7
10 1
2 9
8 2
0 10
0 8
84 #trees for patient 14
6 #edges
2 9
8 7
8 1
0 10
0 2
0 8
6 #edges
10 7
2 9
8 1
0 10
0 2
0 8
6 #edges
2 9
8 1
0 10
0 7
0 2
0 8
6 #edges
9 7
2 9
8 1
0 10
0 2
0 8
6 #edges
7 9
2 7
8 1
0 10
0 2
0 8
6 #edges
10 9
2 7
8 1
0 10
0 2
0 8
6 #edges
2 7
8 1
0 9
0 10
0 2
0 8
6 #edges
2 7
8 9
8 1
0 10
0 2
0 8
6 #edges
10 7
8 1
0 9
0 10
0 2
0 8
6 #edges
9 7
8 1
0 9
0 10
0 2
0 8
6 #edges
8 7
8 1
0 9
0 10
0 2
0 8
6 #edges
10 9
8 1
0 10
0 7
0 2
0 8
6 #edges
7 9
8 1
0 10
0 7
0 2
0 8
6 #edges
8 9
8 1
0 10
0 7
0 2
0 8
6 #edges
10 9
10 7
8 1
0 10
0 2
0 8
6 #edges
9 7
10 9
8 1
0 10
0 2
0 8
6 #edges
10 9
8 7
8 1
0 10
0 2
0 8
6 #edges
10 7
7 9
8 1
0 10
0 2
0 8
6 #edges
10 7
8 9
8 1
0 10
0 2
0 8
6 #edges
7 9
8 7
8 1
0 10
0 2
0 8
6 #edges
9 7
8 9
8 1
0 10
0 2
0 8
6 #edges
7 2
2 9
8 1
0 10
0 7
0 8
6 #edges
7 2
8 9
8 1
0 10
0 7
0 8
6 #edges
7 2
8 1
0 9
0 10
0 7
0 8
6 #edges
10 9
7 2
8 1
0 10
0 7
0 8
6 #edges
9 2
10 9
8 1
0 10
0 7
0 8
6 #edges
10 9
8 2
8 1
0 10
0 7
0 8
6 #edges
10 9
10 2
8 1
0 10
0 7
0 8
6 #edges
10 2
8 1
0 9
0 10
0 7
0 8
6 #edges
9 2
8 1
0 9
0 10
0 7
0 8
6 #edges
8 2
8 1
0 9
0 10
0 7
0 8
6 #edges
2 9
8 2
8 1
0 10
0 7
0 8
6 #edges
7 9
8 2
8 1
0 10
0 7
0 8
6 #edges
10 2
7 9
8 1
0 10
0 7
0 8
6 #edges
10 2
8 9
8 1
0 10
0 7
0 8
6 #edges
10 2
2 9
8 1
0 10
0 7
0 8
6 #edges
9 2
8 9
8 1
0 10
0 7
0 8
6 #edges
9 2
7 9
8 1
0 10
0 7
0 8
6 #edges
9 2
10 7
8 1
0 9
0 10
0 8
6 #edges
9 2
8 7
8 1
0 9
0 10
0 8
6 #edges
9 2
2 7
8 1
0 9
0 10
0 8
6 #edges
10 7
10 2
8 1
0 9
0 10
0 8
6 #edges
10 2
2 7
8 1
0 9
0 10
0 8
6 #edges
10 2
8 7
8 1
0 9
0 10
0 8
6 #edges
9 7
10 2
8 1
0 9
0 10
0 8
6 #edges
7 2
8 7
8 1
0 9
0 10
0 8
6 #edges
9 7
7 2
8 1
0 9
0 10
0 8
6 #edges
9 7
8 2
8 1
0 9
0 10
0 8
6 #edges
10 7
8 2
8 1
0 9
0 10
0 8
6 #edges
2 7
8 2
8 1
0 9
0 10
0 8
6 #edges
10 7
7 2
8 1
0 9
0 10
0 8
6 #edges
10 2
7 9
8 7
8 1
0 10
0 8
6 #edges
10 2
2 9
8 7
8 1
0 10
0 8
6 #edges
10 9
10 2
8 7
8 1
0 10
0 8
6 #edges
10 9
10 2
2 7
8 1
0 10
0 8
6 #edges
9 7
10 9
10 2
8 1
0 10
0 8
6 #edges
10 7
10 2
8 9
8 1
0 10
0 8
6 #edges
10 2
2 7
8 9
8 1
0 10
0 8
6 #edges
9 7
10 2
8 9
8 1
0 10
0 8
6 #edges
10 7
10 2
2 9
8 1
0 10
0 8
6 #edges
10 7
10 2
7 9
8 1
0 10
0 8
6 #edges
9 7
10 2
2 9
8 1
0 10
0 8
6 #edges
10 2
7 9
2 7
8 1
0 10
0 8
6 #edges
10 9
2 7
8 2
8 1
0 10
0 8
6 #edges
7 9
2 7
8 2
8 1
0 10
0 8
6 #edges
10 9
10 7
8 2
8 1
0 10
0 8
6 #edges
10 7
2 9
8 2
8 1
0 10
0 8
6 #edges
10 7
7 9
8 2
8 1
0 10
0 8
6 #edges
9 7
10 9
8 2
8 1
0 10
0 8
6 #edges
9 7
2 9
8 2
8 1
0 10
0 8
6 #edges
9 2
2 7
8 9
8 1
0 10
0 8
6 #edges
9 2
10 7
8 9
8 1
0 10
0 8
6 #edges
10 7
7 2
8 9
8 1
0 10
0 8
6 #edges
9 7
7 2
8 9
8 1
0 10
0 8
6 #edges
10 9
7 2
8 7
8 1
0 10
0 8
6 #edges
9 2
10 9
8 7
8 1
0 10
0 8
6 #edges
9 2
10 9
2 7
8 1
0 10
0 8
6 #edges
9 2
10 9
10 7
8 1
0 10
0 8
6 #edges
9 7
10 9
7 2
8 1
0 10
0 8
6 #edges
10 9
10 7
7 2
8 1
0 10
0 8
6 #edges
9 2
7 9
8 7
8 1
0 10
0 8
6 #edges
7 2
2 9
8 7
8 1
0 10
0 8
6 #edges
9 2
10 7
7 9
8 1
0 10
0 8
6 #edges
10 7
7 2
2 9
8 1
0 10
0 8
224 #trees for patient 15
6 #edges
10 9
10 8
8 1
0 10
0 7
0 2
6 #edges
10 8
8 1
0 9
0 10
0 7
0 2
6 #edges
10 8
8 9
8 1
0 10
0 7
0 2
6 #edges
9 7
10 8
8 1
0 9
0 10
0 2
6 #edges
10 8
2 7
8 1
0 9
0 10
0 2
6 #edges
10 7
10 8
8 1
0 9
0 10
0 2
6 #edges
10 8
1 7
8 1
0 9
0 10
0 2
6 #edges
10 8
8 7
8 1
0 9
0 10
0 2
6 #edges
10 9
10 8
1 7
0 10
0 2
0 1
6 #edges
10 8
1 7
8 9
0 10
0 2
0 1
6 #edges
10 9
10 8
2 7
0 10
0 2
0 1
6 #edges
10 8
2 7
8 9
0 10
0 2
0 1
6 #edges
10 7
10 8
8 9
0 10
0 2
0 1
6 #edges
9 7
10 9
10 8
0 10
0 2
0 1
6 #edges
10 9
10 8
8 7
0 10
0 2
0 1
6 #edges
9 7
10 8
8 9
0 10
0 2
0 1
6 #edges
10 8
8 9
8 7
0 10
0 2
0 1
6 #edges
10 9
10 8
2 7
8 1
0 10
0 2
6 #edges
10 8
2 7
8 9
8 1
0 10
0 2
6 #edges
10 7
10 8
8 9
8 1
0 10
0 2
6 #edges
10 9
10 8
8 7
8 1
0 10
0 2
6 #edges
10 9
10 8
1 7
8 1
0 10
0 2
6 #edges
9 7
10 9
10 8
8 1
0 10
0 2
6 #edges
9 7
10 8
8 9
8 1
0 10
0 2
6 #edges
10 8
1 7
8 9
8 1
0 10
0 2
6 #edges
10 8
7 2
8 1
0 9
0 10
0 7
6 #edges
10 8
7 2
8 9
0 10
0 7
0 1
6 #edges
10 8
7 2
8 9
8 1
0 10
0 7
6 #edges
10 9
10 8
7 2
8 1
0 10
0 7
6 #edges
10 9
10 8
7 2
0 10
0 7
0 1
6 #edges
9 2
10 9
10 8
8 1
0 10
0 7
6 #edges
9 2
10 9
10 8
0 10
0 7
0 1
6 #edges
10 9
10 8
1 2
0 10
0 7
0 1
6 #edges
10 9
10 8
8 2
0 10
0 7
0 1
6 #edges
10 9
10 8
8 2
8 1
0 10
0 7
6 #edges
10 9
10 8
1 2
8 1
0 10
0 7
6 #edges
9 2
10 8
8 9
8 1
0 10
0 7
6 #edges
10 2
10 8
8 9
8 1
0 10
0 7
6 #edges
10 8
1 2
8 9
8 1
0 10
0 7
6 #edges
10 2
10 8
8 1
0 9
0 10
0 7
6 #edges
10 8
1 2
8 1
0 9
0 10
0 7
6 #edges
9 2
10 8
8 1
0 9
0 10
0 7
6 #edges
10 8
8 2
8 1
0 9
0 10
0 7
6 #edges
9 2
10 8
8 9
0 10
0 7
0 1
6 #edges
10 8
8 9
8 2
0 10
0 7
0 1
6 #edges
10 2
10 8
8 9
0 10
0 7
0 1
6 #edges
10 8
1 2
8 9
0 10
0 7
0 1
6 #edges
10 7
10 8
7 2
0 9
0 10
0 1
6 #edges
10 7
10 8
7 2
8 9
0 10
0 1
6 #edges
9 2
10 7
10 8
8 9
0 10
0 1
6 #edges
10 7
10 8
8 9
8 2
0 10
0 1
6 #edges
10 7
10 8
1 2
8 9
0 10
0 1
6 #edges
9 2
10 7
10 8
0 9
0 10
0 1
6 #edges
10 7
10 8
1 2
0 9
0 10
0 1
6 #edges
10 7
10 8
8 2
0 9
0 10
0 1
6 #edges
9 2
10 9
10 8
2 7
0 10
0 1
6 #edges
9 2
10 9
10 8
1 7
0 10
0 1
6 #edges
9 2
10 9
10 8
8 7
0 10
0 1
6 #edges
9 7
10 9
10 8
7 2
0 10
0 1
6 #edges
9 7
10 9
10 8
8 2
0 10
0 1
6 #edges
9 7
10 9
10 8
1 2
0 10
0 1
6 #edges
10 9
10 8
2 7
8 2
0 10
0 1
6 #edges
10 9
10 8
8 7
8 2
0 10
0 1
6 #edges
10 9
10 8
1 7
8 2
0 10
0 1
6 #edges
10 9
10 8
1 2
8 7
0 10
0 1
6 #edges
10 9
10 8
2 7
1 2
0 10
0 1
6 #edges
10 9
10 8
7 2
8 7
0 10
0 1
6 #edges
10 9
10 8
7 2
1 7
0 10
0 1
6 #edges
10 2
10 8
1 7
0 9
0 10
0 1
6 #edges
10 2
10 8
1 7
8 9
0 10
0 1
6 #edges
10 2
10 8
2 7
0 9
0 10
0 1
6 #edges
10 2
10 8
2 7
8 9
0 10
0 1
6 #edges
9 7
10 2
10 8
0 9
0 10
0 1
6 #edges
10 2
10 8
8 7
0 9
0 10
0 1
6 #edges
10 2
10 8
8 9
8 7
0 10
0 1
6 #edges
9 7
10 2
10 8
8 9
0 10
0 1
6 #edges
9 7
10 8
1 2
0 9
0 10
0 1
6 #edges
9 7
10 8
7 2
0 9
0 10
0 1
6 #edges
9 7
10 8
8 2
0 9
0 10
0 1
6 #edges
10 8
7 2
1 7
0 9
0 10
0 1
6 #edges
10 8
1 7
8 2
0 9
0 10
0 1
6 #edges
9 2
10 8
1 7
0 9
0 10
0 1
6 #edges
10 8
2 7
1 2
0 9
0 10
0 1
6 #edges
10 8
1 2
8 7
0 9
0 10
0 1
6 #edges
9 2
10 8
2 7
0 9
0 10
0 1
6 #edges
9 2
10 8
8 7
0 9
0 10
0 1
6 #edges
10 8
7 2
8 7
0 9
0 10
0 1
6 #edges
10 8
8 7
8 2
0 9
0 10
0 1
6 #edges
10 8
2 7
8 2
0 9
0 10
0 1
6 #edges
10 8
7 2
1 7
8 9
0 10
0 1
6 #edges
10 8
1 7
8 9
8 2
0 10
0 1
6 #edges
9 2
10 8
1 7
8 9
0 10
0 1
6 #edges
10 8
2 7
1 2
8 9
0 10
0 1
6 #edges
10 8
1 2
8 9
8 7
0 10
0 1
6 #edges
9 7
10 8
1 2
8 9
0 10
0 1
6 #edges
10 8
2 7
8 9
8 2
0 10
0 1
6 #edges
10 8
8 9
8 7
8 2
0 10
0 1
6 #edges
9 7
10 8
8 9
8 2
0 10
0 1
6 #edges
9 2
10 8
8 9
8 7
0 10
0 1
6 #edges
10 8
7 2
8 9
8 7
0 10
0 1
6 #edges
9 2
10 8
2 7
8 9
0 10
0 1
6 #edges
9 7
10 8
7 2
8 9
0 10
0 1
6 #edges
9 2
10 8
2 7
8 1
0 9
0 10
6 #edges
9 2
10 7
10 8
8 1
0 9
0 10
6 #edges
9 2
10 8
8 7
8 1
0 9
0 10
6 #edges
9 2
10 8
1 7
8 1
0 9
0 10
6 #edges
9 7
10 2
10 8
8 1
0 9
0 10
6 #edges
10 2
10 8
2 7
8 1
0 9
0 10
6 #edges
10 2
10 8
1 7
8 1
0 9
0 10
6 #edges
10 2
10 8
8 7
8 1
0 9
0 10
6 #edges
10 8
1 7
8 2
8 1
0 9
0 10
6 #edges
9 7
10 8
8 2
8 1
0 9
0 10
6 #edges
10 8
2 7
8 2
8 1
0 9
0 10
6 #edges
10 7
10 8
8 2
8 1
0 9
0 10
6 #edges
9 7
10 8
1 2
8 1
0 9
0 10
6 #edges
9 7
10 8
7 2
8 1
0 9
0 10
6 #edges
10 8
2 7
1 2
8 1
0 9
0 10
6 #edges
10 8
1 2
8 7
8 1
0 9
0 10
6 #edges
10 7
10 8
1 2
8 1
0 9
0 10
6 #edges
10 7
10 8
7 2
8 1
0 9
0 10
6 #edges
10 8
7 2
1 7
8 1
0 9
0 10
6 #edges
10 8
7 2
8 7
8 1
0 9
0 10
6 #edges
10 2
10 1
8 9
8 7
0 10
0 8
6 #edges
9 7
10 2
10 1
8 9
0 10
0 8
6 #edges
10 2
10 1
1 7
8 9
0 10
0 8
6 #edges
10 7
10 2
10 1
8 9
0 10
0 8
6 #edges
10 2
10 1
2 7
8 9
0 10
0 8
6 #edges
10 9
10 2
10 1
8 7
0 10
0 8
6 #edges
10 9
10 2
10 1
1 7
0 10
0 8
6 #edges
9 7
10 9
10 2
10 1
0 10
0 8
6 #edges
10 9
10 2
10 1
2 7
0 10
0 8
6 #edges
10 9
10 7
10 2
10 1
0 10
0 8
6 #edges
10 7
10 2
8 9
8 1
0 10
0 8
6 #edges
10 9
10 7
10 2
8 1
0 10
0 8
6 #edges
10 9
10 2
8 7
8 1
0 10
0 8
6 #edges
10 2
2 7
8 9
8 1
0 10
0 8
6 #edges
9 7
10 2
8 9
8 1
0 10
0 8
6 #edges
10 2
1 7
8 9
8 1
0 10
0 8
6 #edges
10 9
10 2
2 7
8 1
0 10
0 8
6 #edges
10 9
10 2
1 7
8 1
0 10
0 8
6 #edges
9 7
10 9
10 2
8 1
0 10
0 8
6 #edges
10 9
10 7
10 1
7 2
0 10
0 8
6 #edges
10 9
10 7
10 1
1 2
0 10
0 8
6 #edges
9 2
10 9
10 7
10 1
0 10
0 8
6 #edges
10 9
10 7
10 1
8 2
0 10
0 8
6 #edges
9 2
10 9
10 1
2 7
0 10
0 8
6 #edges
9 2
10 9
10 1
1 7
0 10
0 8
6 #edges
9 2
10 9
10 1
8 7
0 10
0 8
6 #edges
9 7
10 9
10 1
1 2
0 10
0 8
6 #edges
9 7
10 9
10 1
7 2
0 10
0 8
6 #edges
9 7
10 9
10 1
8 2
0 10
0 8
6 #edges
10 9
10 1
1 2
8 7
0 10
0 8
6 #edges
10 9
10 1
7 2
8 7
0 10
0 8
6 #edges
10 9
10 1
8 7
8 2
0 10
0 8
6 #edges
10 9
10 1
7 2
1 7
0 10
0 8
6 #edges
10 9
10 1
1 7
8 2
0 10
0 8
6 #edges
10 9
10 1
2 7
1 2
0 10
0 8
6 #edges
10 9
10 1
2 7
8 2
0 10
0 8
6 #edges
9 7
10 9
8 2
8 1
0 10
0 8
6 #edges
9 7
10 9
7 2
8 1
0 10
0 8
6 #edges
9 7
10 9
1 2
8 1
0 10
0 8
6 #edges
10 9
10 7
8 2
8 1
0 10
0 8
6 #edges
10 9
2 7
8 2
8 1
0 10
0 8
6 #edges
10 9
1 7
8 2
8 1
0 10
0 8
6 #edges
10 9
7 2
8 7
8 1
0 10
0 8
6 #edges
9 2
10 9
8 7
8 1
0 10
0 8
6 #edges
10 9
1 2
8 7
8 1
0 10
0 8
6 #edges
9 2
10 9
2 7
8 1
0 10
0 8
6 #edges
9 2
10 9
10 7
8 1
0 10
0 8
6 #edges
9 2
10 9
1 7
8 1
0 10
0 8
6 #edges
10 9
7 2
1 7
8 1
0 10
0 8
6 #edges
10 9
10 7
1 2
8 1
0 10
0 8
6 #edges
10 9
10 7
7 2
8 1
0 10
0 8
6 #edges
10 9
2 7
1 2
8 1
0 10
0 8
6 #edges
10 7
7 2
8 9
8 1
0 10
0 8
6 #edges
9 2
10 7
8 9
8 1
0 10
0 8
6 #edges
10 7
1 2
8 9
8 1
0 10
0 8
6 #edges
9 2
10 7
10 1
8 9
0 10
0 8
6 #edges
10 7
10 1
1 2
8 9
0 10
0 8
6 #edges
10 7
10 1
8 9
8 2
0 10
0 8
6 #edges
10 7
10 1
7 2
8 9
0 10
0 8
6 #edges
9 7
1 2
8 9
8 1
0 10
0 8
6 #edges
2 7
1 2
8 9
8 1
0 10
0 8
6 #edges
9 2
2 7
8 9
8 1
0 10
0 8
6 #edges
9 2
1 7
8 9
8 1
0 10
0 8
6 #edges
7 2
1 7
8 9
8 1
0 10
0 8
6 #edges
9 7
7 2
8 9
8 1
0 10
0 8
6 #edges
9 7
10 1
8 9
8 2
0 10
0 8
6 #edges
9 7
10 1
7 2
8 9
0 10
0 8
6 #edges
9 7
10 1
1 2
8 9
0 10
0 8
6 #edges
10 1
7 2
1 7
8 9
0 10
0 8
6 #edges
9 2
10 1
1 7
8 9
0 10
0 8
6 #edges
10 1
1 7
8 9
8 2
0 10
0 8
6 #edges
10 1
7 2
8 9
8 7
0 10
0 8
6 #edges
9 2
10 1
8 9
8 7
0 10
0 8
6 #edges
10 1
1 2
8 9
8 7
0 10
0 8
6 #edges
10 1
8 9
8 7
8 2
0 10
0 8
6 #edges
10 1
2 7
8 9
8 2
0 10
0 8
6 #edges
9 2
10 1
2 7
8 9
0 10
0 8
6 #edges
10 1
2 7
1 2
8 9
0 10
0 8
6 #edges
10 2
10 8
2 7
8 9
8 1
0 10
6 #edges
10 2
10 8
1 7
8 9
8 1
0 10
6 #edges
9 7
10 2
10 8
8 9
8 1
0 10
6 #edges
9 2
10 7
10 8
8 9
8 1
0 10
6 #edges
10 7
10 8
7 2
8 9
8 1
0 10
6 #edges
10 7
10 8
1 2
8 9
8 1
0 10
6 #edges
9 2
10 8
2 7
8 9
8 1
0 10
6 #edges
9 2
10 8
1 7
8 9
8 1
0 10
6 #edges
10 8
2 7
1 2
8 9
8 1
0 10
6 #edges
9 7
10 8
1 2
8 9
8 1
0 10
6 #edges
10 8
7 2
1 7
8 9
8 1
0 10
6 #edges
9 7
10 8
7 2
8 9
8 1
0 10
6 #edges
9 2
10 9
10 8
8 7
8 1
0 10
6 #edges
9 2
10 9
10 8
2 7
8 1
0 10
6 #edges
9 2
10 9
10 8
1 7
8 1
0 10
6 #edges
10 9
10 8
2 7
8 2
8 1
0 10
6 #edges
9 7
10 9
10 8
8 2
8 1
0 10
6 #edges
10 9
10 8
1 7
8 2
8 1
0 10
6 #edges
9 7
10 9
10 8
7 2
8 1
0 10
6 #edges
9 7
10 9
10 8
1 2
8 1
0 10
6 #edges
10 9
10 8
7 2
1 7
8 1
0 10
6 #edges
10 9
10 8
2 7
1 2
8 1
0 10
6 #edges
10 9
10 8
1 2
8 7
8 1
0 10
6 #edges
10 9
10 8
7 2
8 7
8 1
0 10
14 #trees for patient 16
6 #edges
9 7
7 2
2 10
8 9
0 1
0 8
6 #edges
9 2
7 9
2 10
8 7
0 1
0 8
6 #edges
9 2
10 1
7 9
8 7
0 10
0 8
6 #edges
9 7
10 1
7 2
8 9
0 10
0 8
6 #edges
9 7
7 2
8 9
8 1
0 10
0 8
6 #edges
9 7
7 2
2 1
8 9
0 10
0 8
6 #edges
9 2
7 9
8 7
8 1
0 10
0 8
6 #edges
9 2
7 9
2 1
8 7
0 10
0 8
6 #edges
9 7
7 2
2 10
8 9
8 1
0 8
6 #edges
9 7
7 2
2 10
2 1
8 9
0 8
6 #edges
9 7
10 1
7 2
2 10
8 9
0 8
6 #edges
9 2
7 9
2 10
8 7
8 1
0 8
6 #edges
9 2
7 9
2 10
2 1
8 7
0 8
6 #edges
9 2
10 1
7 9
2 10
8 7
0 8
2 #trees for patient 17
6 #edges
9 7
7 2
8 9
8 1
0 10
0 8
6 #edges
9 2
2 7
8 9
8 1
0 10
0 8
20 #trees for patient 18
6 #edges
9 7
7 2
8 9
8 1
0 10
0 8
6 #edges
9 7
10 2
8 9
8 1
0 10
0 8
6 #edges
9 2
10 7
8 9
8 1
0 10
0 8
6 #edges
10 7
7 2
8 9
8 1
0 10
0 8
6 #edges
10 7
10 2
8 9
8 1
0 10
0 8
6 #edges
10 2
2 7
8 9
8 1
0 10
0 8
6 #edges
9 2
2 7
8 9
8 1
0 10
0 8
6 #edges
10 9
7 2
8 7
8 1
0 10
0 8
6 #edges
10 9
10 2
8 7
8 1
0 10
0 8
6 #edges
9 2
10 9
8 7
8 1
0 10
0 8
6 #edges
10 9
10 7
7 2
8 1
0 10
0 8
6 #edges
10 9
10 7
8 2
8 1
0 10
0 8
6 #edges
9 2
10 9
10 7
8 1
0 10
0 8
6 #edges
10 9
10 7
10 2
8 1
0 10
0 8
6 #edges
9 2
10 9
2 7
8 1
0 10
0 8
6 #edges
9 7
10 9
8 2
8 1
0 10
0 8
6 #edges
9 7
10 9
7 2
8 1
0 10
0 8
6 #edges
9 7
10 9
10 2
8 1
0 10
0 8
6 #edges
10 9
2 7
8 2
8 1
0 10
0 8
6 #edges
10 9
10 2
2 7
8 1
0 10
0 8
4 #trees for patient 19
6 #edges
9 7
8 9
8 2
8 1
0 10
0 8
6 #edges
7 9
8 7
8 2
8 1
0 10
0 8
6 #edges
9 2
7 9
8 7
8 1
0 10
0 8
6 #edges
9 7
7 2
8 9
8 1
0 10
0 8
6 #trees for patient 20
6 #edges
9 7
8 9
8 1
0 10
0 2
0 8
6 #edges
9 7
1 10
8 9
8 1
0 2
0 8
6 #edges
9 7
8 9
8 2
8 1
0 10
0 8
6 #edges
9 7
7 2
8 9
8 1
0 10
0 8
6 #edges
9 7
1 10
8 9
8 2
8 1
0 8
6 #edges
9 7
7 2
1 10
8 9
8 1
0 8
4 #trees for patient 21
6 #edges
9 7
10 2
8 9
8 1
0 10
0 8
6 #edges
10 2
7 9
8 7
8 1
0 10
0 8
6 #edges
9 2
7 9
8 7
8 1
0 10
0 8
6 #edges
9 7
7 2
8 9
8 1
0 10
0 8
2 #trees for patient 22
6 #edges
9 7
7 2
8 9
8 1
0 10
0 8
6 #edges
9 7
7 2
2 10
8 9
8 1
0 8
4 #trees for patient 23
6 #edges
10 2
7 9
8 7
8 1
0 10
0 8
6 #edges
9 2
7 9
8 7
8 1
0 10
0 8
6 #edges
9 7
10 2
8 9
8 1
0 10
0 8
6 #edges
9 7
7 2
8 9
8 1
0 10
0 8
6 #trees for patient 24
6 #edges
9 2
7 9
8 7
8 1
0 10
0 8
6 #edges
7 2
2 9
8 7
8 1
0 10
0 8
6 #edges
7 9
2 7
8 2
8 1
0 10
0 8
6 #edges
9 7
2 9
8 2
8 1
0 10
0 8
6 #edges
9 7
7 2
8 9
8 1
0 10
0 8
6 #edges
9 2
2 7
8 9
8 1
0 10
0 8
4 #trees for patient 25
6 #edges
9 2
2 7
8 9
8 1
0 10
0 8
6 #edges
9 7
7 2
8 9
8 1
0 10
0 8
6 #edges
9 7
7 2
8 9
8 10
8 1
0 8
6 #edges
9 2
2 7
8 9
8 10
8 1
0 8
4 #trees for patient 26
6 #edges
9 7
7 2
8 9
8 1
0 10
0 8
6 #edges
9 7
7 2
2 1
8 9
0 10
0 8
6 #edges
9 7
7 10
7 2
8 9
8 1
0 8
6 #edges
9 7
7 10
7 2
2 1
8 9
0 8
33 #trees for patient 27
6 #edges
7 2
1 9
8 7
8 1
0 10
0 8
6 #edges
7 2
2 9
8 7
8 1
0 10
0 8
6 #edges
7 9
1 2
8 7
8 1
0 10
0 8
6 #edges
9 2
7 9
8 7
8 1
0 10
0 8
6 #edges
1 9
1 2
8 7
8 1
0 10
0 8
6 #edges
2 9
1 2
8 7
8 1
0 10
0 8
6 #edges
9 2
1 9
8 7
8 1
0 10
0 8
6 #edges
1 7
1 2
8 9
8 1
0 10
0 8
6 #edges
9 7
1 2
8 9
8 1
0 10
0 8
6 #edges
2 7
1 2
8 9
8 1
0 10
0 8
6 #edges
9 2
2 7
8 9
8 1
0 10
0 8
6 #edges
9 2
1 7
8 9
8 1
0 10
0 8
6 #edges
7 2
1 7
8 9
8 1
0 10
0 8
6 #edges
9 7
7 2
8 9
8 1
0 10
0 8
6 #edges
7 9
2 7
8 2
8 1
0 10
0 8
6 #edges
2 7
1 9
8 2
8 1
0 10
0 8
6 #edges
9 7
1 9
8 2
8 1
0 10
0 8
6 #edges
1 9
1 7
8 2
8 1
0 10
0 8
6 #edges
2 9
1 7
8 2
8 1
0 10
0 8
6 #edges
9 7
2 9
8 2
8 1
0 10
0 8
6 #edges
7 9
1 7
8 2
8 1
0 10
0 8
6 #edges
7 2
2 9
1 7
8 1
0 10
0 8
6 #edges
7 2
1 9
1 7
8 1
0 10
0 8
6 #edges
9 2
7 9
1 7
8 1
0 10
0 8
6 #edges
7 9
1 7
1 2
8 1
0 10
0 8
6 #edges
9 2
1 9
1 7
8 1
0 10
0 8
6 #edges
2 9
1 7
1 2
8 1
0 10
0 8
6 #edges
9 7
1 9
1 2
8 1
0 10
0 8
6 #edges
2 7
1 9
1 2
8 1
0 10
0 8
6 #edges
9 7
7 2
1 9
8 1
0 10
0 8
6 #edges
9 2
2 7
1 9
8 1
0 10
0 8
6 #edges
7 9
2 7
1 2
8 1
0 10
0 8
6 #edges
9 7
2 9
1 2
8 1
0 10
0 8
6 #trees for patient 28
6 #edges
9 2
7 9
8 7
8 1
0 10
0 8
6 #edges
7 2
2 9
8 7
8 1
0 10
0 8
6 #edges
9 2
2 7
8 9
8 1
0 10
0 8
6 #edges
9 7
7 2
8 9
8 1
0 10
0 8
6 #edges
7 9
2 7
8 2
8 1
0 10
0 8
6 #edges
9 7
2 9
8 2
8 1
0 10
0 8
18 #trees for patient 29
6 #edges
9 7
7 2
8 9
0 10
0 1
0 8
6 #edges
9 2
7 9
8 7
0 10
0 1
0 8
6 #edges
9 10
9 2
7 9
8 7
0 1
0 8
6 #edges
9 7
7 10
7 2
8 9
0 1
0 8
6 #edges
9 7
7 2
2 1
8 9
0 10
0 8
6 #edges
9 7
7 2
8 9
8 1
0 10
0 8
6 #edges
9 2
7 9
8 7
8 1
0 10
0 8
6 #edges
9 2
7 9
2 1
8 7
0 10
0 8
6 #edges
9 7
7 10
2 1
8 9
0 2
0 8
6 #edges
9 10
7 9
2 1
8 7
0 2
0 8
6 #edges
9 7
7 10
8 9
8 1
0 2
0 8
6 #edges
9 7
7 10
7 1
8 9
0 2
0 8
6 #edges
9 10
7 9
8 7
8 1
0 2
0 8
6 #edges
9 10
9 1
7 9
8 7
0 2
0 8
6 #edges
9 10
9 2
7 9
2 1
8 7
0 8
6 #edges
9 10
9 2
7 9
8 7
8 1
0 8
6 #edges
9 7
7 10
7 2
8 9
8 1
0 8
6 #edges
9 7
7 10
7 2
2 1
8 9
0 8
14 #trees for patient 30
6 #edges
10 3
5 9
3 5
2 8
0 10
0 2
6 #edges
8 9
10 3
3 5
2 8
0 10
0 2
6 #edges
8 5
8 9
10 3
2 8
0 10
0 2
6 #edges
8 9
10 3
2 8
9 5
0 10
0 2
6 #edges
8 5
10 3
5 9
2 8
0 10
0 2
6 #edges
8 5
10 3
3 9
2 8
0 10
0 2
6 #edges
10 3
3 9
2 8
9 5
0 10
0 2
6 #edges
8 2
10 3
2 5
2 9
0 8
0 10
6 #edges
8 2
10 3
2 9
9 5
0 8
0 10
6 #edges
8 2
10 3
3 5
2 9
0 8
0 10
6 #edges
8 2
10 3
5 9
2 5
0 8
0 10
6 #edges
8 2
10 3
3 9
2 5
0 8
0 10
6 #edges
8 2
10 3
5 9
3 5
0 8
0 10
6 #edges
8 2
10 3
3 9
9 5
0 8
0 10
12 #trees for patient 31
6 #edges
10 3
5 9
3 5
2 8
0 10
0 2
6 #edges
10 3
3 9
2 8
9 5
0 10
0 2
6 #edges
10 5
5 9
2 8
9 3
0 10
0 2
6 #edges
10 5
5 3
3 9
2 8
0 10
0 2
6 #edges
10 9
5 3
2 8
9 5
0 10
0 2
6 #edges
10 9
3 5
2 8
9 3
0 10
0 2
6 #edges
8 2
10 9
5 3
9 5
0 8
0 10
6 #edges
8 2
10 9
3 5
9 3
0 8
0 10
6 #edges
8 2
10 3
3 9
9 5
0 8
0 10
6 #edges
8 2
10 3
5 9
3 5
0 8
0 10
6 #edges
8 2
10 5
5 3
3 9
0 8
0 10
6 #edges
8 2
10 5
5 9
9 3
0 8
0 10
8 #trees for patient 32
6 #edges
8 2
10 5
5 9
3 10
0 8
0 3
6 #edges
8 2
10 9
3 10
9 5
0 8
0 3
6 #edges
8 2
10 3
5 9
3 5
0 8
0 10
6 #edges
8 2
10 3
3 9
9 5
0 8
0 10
6 #edges
10 3
5 9
3 5
3 2
0 8
0 10
6 #edges
10 3
3 2
3 9
9 5
0 8
0 10
6 #edges
10 2
10 9
3 10
9 5
0 8
0 3
6 #edges
10 5
10 2
5 9
3 10
0 8
0 3
12 #trees for patient 33
6 #edges
10 5
5 9
3 10
2 8
0 3
0 2
6 #edges
10 9
5 10
3 5
2 8
0 3
0 2
6 #edges
10 3
5 10
3 9
2 8
0 5
0 2
6 #edges
10 9
5 3
3 10
2 8
0 5
0 2
6 #edges
10 3
5 9
3 5
2 8
0 10
0 2
6 #edges
10 5
5 3
3 9
2 8
0 10
0 2
6 #edges
8 2
10 9
5 3
3 10
0 8
0 5
6 #edges
8 2
10 3
5 10
3 9
0 8
0 5
6 #edges
8 2
10 3
5 9
3 5
0 8
0 10
6 #edges
8 2
10 5
5 3
3 9
0 8
0 10
6 #edges
8 2
10 9
5 10
3 5
0 8
0 3
6 #edges
8 2
10 5
5 9
3 10
0 8
0 3
4 #trees for patient 34
6 #edges
10 5
10 2
5 3
3 9
0 8
0 10
6 #edges
10 3
10 2
5 9
3 5
0 8
0 10
6 #edges
8 2
10 3
5 9
3 5
0 8
0 10
6 #edges
8 2
10 5
5 3
3 9
0 8
0 10
8 #trees for patient 35
6 #edges
8 9
10 3
3 5
2 8
0 10
0 2
6 #edges
10 3
5 9
3 5
2 8
0 10
0 2
6 #edges
8 9
10 5
3 10
2 8
0 3
0 2
6 #edges
10 5
5 9
3 10
2 8
0 3
0 2
6 #edges
8 2
10 5
5 9
3 10
0 8
0 3
6 #edges
8 2
10 5
3 10
2 9
0 8
0 3
6 #edges
8 2
10 3
3 5
2 9
0 8
0 10
6 #edges
8 2
10 3
5 9
3 5
0 8
0 10
4 #trees for patient 36
6 #edges
8 2
10 5
3 10
2 9
0 8
0 3
6 #edges
8 2
10 3
3 5
2 9
0 8
0 10
6 #edges
8 2
10 5
5 9
3 10
0 8
0 3
6 #edges
8 2
10 3
5 9
3 5
0 8
0 10
4 #trees for patient 37
6 #edges
10 3
5 9
3 5
2 8
0 10
0 2
6 #edges
10 5
5 9
3 10
2 8
0 3
0 2
6 #edges
8 2
10 5
5 9
3 10
0 8
0 3
6 #edges
8 2
10 3
5 9
3 5
0 8
0 10
8 #trees for patient 38
6 #edges
8 2
10 5
5 9
3 10
0 8
0 3
6 #edges
10 5
10 2
5 9
3 10
0 8
0 3
6 #edges
8 2
10 9
3 10
9 5
0 8
0 3
6 #edges
10 2
10 9
3 10
9 5
0 8
0 3
6 #edges
8 2
10 3
5 9
3 5
0 8
0 10
6 #edges
8 2
10 3
3 9
9 5
0 8
0 10
6 #edges
10 3
3 2
3 9
9 5
0 8
0 10
6 #edges
10 3
5 9
3 5
3 2
0 8
0 10
4 #trees for patient 39
6 #edges
10 5
5 3
3 9
2 8
0 10
0 2
6 #edges
10 3
5 9
3 5
2 8
0 10
0 2
6 #edges
8 2
10 5
5 3
3 9
0 8
0 10
6 #edges
8 2
10 3
5 9
3 5
0 8
0 10
94 #trees for patient 40
6 #edges
8 2
10 8
10 5
3 10
0 3
0 9
6 #edges
10 8
10 5
5 2
3 10
0 3
0 9
6 #edges
10 5
10 2
3 10
2 8
0 3
0 9
6 #edges
10 5
10 2
5 8
3 10
0 3
0 9
6 #edges
8 2
10 5
5 8
3 10
0 3
0 9
6 #edges
10 5
5 8
5 2
3 10
0 3
0 9
6 #edges
10 5
5 2
3 10
2 8
0 3
0 9
6 #edges
10 3
5 2
3 8
3 5
0 10
0 9
6 #edges
8 2
10 3
3 8
3 5
0 10
0 9
6 #edges
10 3
3 5
3 2
2 8
0 10
0 9
6 #edges
10 3
5 8
3 5
3 2
0 10
0 9
6 #edges
10 3
5 8
5 2
3 5
0 10
0 9
6 #edges
8 2
10 3
5 8
3 5
0 10
0 9
6 #edges
10 3
5 2
3 5
2 8
0 10
0 9
6 #edges
8 9
10 5
3 10
2 8
0 3
0 2
6 #edges
8 9
10 3
3 5
2 8
0 10
0 2
6 #edges
10 5
10 9
3 10
2 8
0 3
0 2
6 #edges
10 5
5 9
3 10
2 8
0 3
0 2
6 #edges
10 3
5 9
3 5
2 8
0 10
0 2
6 #edges
10 3
3 5
3 9
2 8
0 10
0 2
6 #edges
10 3
3 8
3 5
2 9
0 10
0 2
6 #edges
10 3
5 8
3 5
2 9
0 10
0 2
6 #edges
10 3
5 8
3 5
3 9
0 10
0 2
6 #edges
10 3
5 9
3 8
3 5
0 10
0 2
6 #edges
8 9
10 3
3 8
3 5
0 10
0 2
6 #edges
8 9
10 3
5 8
3 5
0 10
0 2
6 #edges
10 3
5 8
5 9
3 5
0 10
0 2
6 #edges
10 5
5 8
3 10
2 9
0 3
0 2
6 #edges
10 8
10 5
3 10
2 9
0 3
0 2
6 #edges
10 5
10 9
5 8
3 10
0 3
0 2
6 #edges
8 9
10 5
5 8
3 10
0 3
0 2
6 #edges
10 5
5 8
5 9
3 10
0 3
0 2
6 #edges
10 8
10 5
5 9
3 10
0 3
0 2
6 #edges
8 9
10 8
10 5
3 10
0 3
0 2
6 #edges
8 2
10 5
3 10
2 9
0 8
0 3
6 #edges
8 2
10 5
5 9
3 10
0 8
0 3
6 #edges
8 2
10 5
10 9
3 10
0 8
0 3
6 #edges
8 9
10 5
10 2
3 10
0 8
0 3
6 #edges
10 5
10 2
5 9
3 10
0 8
0 3
6 #edges
10 5
10 2
3 10
2 9
0 8
0 3
6 #edges
10 5
10 9
5 2
3 10
0 8
0 3
6 #edges
8 9
10 5
5 2
3 10
0 8
0 3
6 #edges
10 5
5 2
5 9
3 10
0 8
0 3
6 #edges
10 5
5 2
3 10
2 9
0 8
0 3
6 #edges
8 9
10 3
3 5
3 2
0 8
0 10
6 #edges
8 9
10 3
5 2
3 5
0 8
0 10
6 #edges
8 2
10 3
3 5
2 9
0 8
0 10
6 #edges
8 2
10 3
3 5
3 9
0 8
0 10
6 #edges
8 2
10 3
5 9
3 5
0 8
0 10
6 #edges
10 3
5 2
3 5
3 9
0 8
0 10
6 #edges
10 3
5 9
3 5
3 2
0 8
0 10
6 #edges
10 3
3 5
3 2
2 9
0 8
0 10
6 #edges
10 3
5 2
3 5
2 9
0 8
0 10
6 #edges
10 3
5 2
5 9
3 5
0 8
0 10
6 #edges
8 2
10 5
10 9
5 8
3 10
0 3
6 #edges
10 5
10 9
5 8
5 2
3 10
0 3
6 #edges
10 5
10 9
5 2
3 10
2 8
0 3
6 #edges
10 5
10 2
5 8
3 10
2 9
0 3
6 #edges
8 9
10 5
10 2
3 10
2 8
0 3
6 #edges
10 5
10 2
5 9
3 10
2 8
0 3
6 #edges
8 9
10 5
10 2
5 8
3 10
0 3
6 #edges
10 5
10 2
5 8
5 9
3 10
0 3
6 #edges
8 9
10 8
10 5
5 2
3 10
0 3
6 #edges
8 2
10 8
10 5
5 9
3 10
0 3
6 #edges
10 8
10 5
5 2
5 9
3 10
0 3
6 #edges
10 8
10 5
5 2
3 10
2 9
0 3
6 #edges
8 2
10 8
10 5
3 10
2 9
0 3
6 #edges
10 5
5 8
5 2
3 10
2 9
0 3
6 #edges
8 9
10 5
5 8
5 2
3 10
0 3
6 #edges
10 5
5 8
5 2
5 9
3 10
0 3
6 #edges
8 9
10 5
5 2
3 10
2 8
0 3
6 #edges
10 5
5 2
5 9
3 10
2 8
0 3
6 #edges
8 2
10 5
5 8
5 9
3 10
0 3
6 #edges
8 2
10 5
5 8
3 10
2 9
0 3
6 #edges
8 9
10 3
5 2
3 8
3 5
0 10
6 #edges
10 3
5 2
5 9
3 8
3 5
0 10
6 #edges
10 3
5 2
3 8
3 5
2 9
0 10
6 #edges
8 2
10 3
3 8
3 5
2 9
0 10
6 #edges
8 2
10 3
5 9
3 8
3 5
0 10
6 #edges
10 3
5 8
5 2
3 5
3 9
0 10
6 #edges
10 3
5 2
3 5
3 9
2 8
0 10
6 #edges
8 2
10 3
5 8
3 5
3 9
0 10
6 #edges
10 3
5 2
5 9
3 5
2 8
0 10
6 #edges
8 9
10 3
5 2
3 5
2 8
0 10
6 #edges
10 3
5 8
5 2
5 9
3 5
0 10
6 #edges
10 3
5 8
5 2
3 5
2 9
0 10
6 #edges
8 9
10 3
5 8
5 2
3 5
0 10
6 #edges
8 2
10 3
5 8
5 9
3 5
0 10
6 #edges
10 3
5 8
5 9
3 5
3 2
0 10
6 #edges
10 3
5 9
3 5
3 2
2 8
0 10
6 #edges
8 2
10 3
5 8
3 5
2 9
0 10
6 #edges
10 3
5 8
3 5
3 2
2 9
0 10
6 #edges
8 9
10 3
5 8
3 5
3 2
0 10
6 #edges
8 9
10 3
3 5
3 2
2 8
0 10
42 #trees for patient 41
6 #edges
10 3
3 9
2 8
9 5
0 10
0 2
6 #edges
10 3
5 9
3 5
2 8
0 10
0 2
6 #edges
10 9
5 3
2 8
9 5
0 10
0 2
6 #edges
10 9
3 5
2 8
9 3
0 10
0 2
6 #edges
10 5
5 9
2 8
9 3
0 10
0 2
6 #edges
10 5
5 3
3 9
2 8
0 10
0 2
6 #edges
10 8
10 9
3 5
9 3
0 10
0 2
6 #edges
10 8
10 9
5 3
9 5
0 10
0 2
6 #edges
10 8
10 3
3 9
9 5
0 10
0 2
6 #edges
10 8
10 3
5 9
3 5
0 10
0 2
6 #edges
10 8
10 5
5 3
3 9
0 10
0 2
6 #edges
10 8
10 5
5 9
9 3
0 10
0 2
6 #edges
8 2
10 3
3 9
9 5
0 8
0 10
6 #edges
8 2
10 3
5 9
3 5
0 8
0 10
6 #edges
8 2
10 5
5 3
3 9
0 8
0 10
6 #edges
8 2
10 5
5 9
9 3
0 8
0 10
6 #edges
8 2
10 9
3 5
9 3
0 8
0 10
6 #edges
8 2
10 9
5 3
9 5
0 8
0 10
6 #edges
10 2
10 9
3 5
9 3
0 8
0 10
6 #edges
10 2
10 9
5 3
9 5
0 8
0 10
6 #edges
10 5
10 2
5 3
3 9
0 8
0 10
6 #edges
10 5
10 2
5 9
9 3
0 8
0 10
6 #edges
10 3
10 2
5 9
3 5
0 8
0 10
6 #edges
10 3
10 2
3 9
9 5
0 8
0 10
6 #edges
10 3
10 2
5 9
3 5
2 8
0 10
6 #edges
10 8
10 3
10 2
5 9
3 5
0 10
6 #edges
10 3
10 2
3 9
2 8
9 5
0 10
6 #edges
10 8
10 3
10 2
3 9
9 5
0 10
6 #edges
10 2
10 9
3 5
2 8
9 3
0 10
6 #edges
10 8
10 2
10 9
3 5
9 3
0 10
6 #edges
10 2
10 9
5 3
2 8
9 5
0 10
6 #edges
10 8
10 2
10 9
5 3
9 5
0 10
6 #edges
10 5
10 2
5 9
2 8
9 3
0 10
6 #edges
10 5
10 2
5 3
3 9
2 8
0 10
6 #edges
10 8
10 5
10 2
5 9
9 3
0 10
6 #edges
10 8
10 5
10 2
5 3
3 9
0 10
6 #edges
8 2
10 8
10 9
5 3
9 5
0 10
6 #edges
8 2
10 8
10 9
3 5
9 3
0 10
6 #edges
8 2
10 8
10 5
5 3
3 9
0 10
6 #edges
8 2
10 8
10 5
5 9
9 3
0 10
6 #edges
8 2
10 8
10 3
5 9
3 5
0 10
6 #edges
8 2
10 8
10 3
3 9
9 5
0 10
12 #trees for patient 42
6 #edges
8 2
5 10
3 5
0 8
0 3
0 9
6 #edges
8 2
10 5
3 10
0 8
0 3
0 9
6 #edges
8 2
10 3
5 10
0 8
0 5
0 9
6 #edges
8 2
5 3
3 10
0 8
0 5
0 9
6 #edges
8 2
10 3
3 5
0 8
0 10
0 9
6 #edges
8 2
10 5
5 3
0 8
0 10
0 9
6 #edges
8 2
10 5
5 9
3 10
0 8
0 3
6 #edges
8 2
10 9
5 10
3 5
0 8
0 3
6 #edges
8 2
10 3
5 9
3 5
0 8
0 10
6 #edges
8 2
10 5
5 3
3 9
0 8
0 10
6 #edges
8 2
10 3
5 10
3 9
0 8
0 5
6 #edges
8 2
10 9
5 3
3 10
0 8
0 5
42 #trees for patient 43
6 #edges
3 10
2 8
0 5
0 3
0 2
0 9
6 #edges
3 10
0 8
0 5
0 3
0 2
0 9
6 #edges
3 10
9 5
0 8
0 3
0 2
0 9
6 #edges
10 5
3 10
0 8
0 3
0 2
0 9
6 #edges
3 10
2 8
9 5
0 3
0 2
0 9
6 #edges
10 5
3 10
2 8
0 3
0 2
0 9
6 #edges
10 3
3 5
0 8
0 10
0 2
0 9
6 #edges
10 3
0 8
0 10
0 5
0 2
0 9
6 #edges
10 3
9 5
0 8
0 10
0 2
0 9
6 #edges
10 3
2 8
9 5
0 10
0 2
0 9
6 #edges
10 3
2 8
0 10
0 5
0 2
0 9
6 #edges
10 3
3 5
2 8
0 10
0 2
0 9
6 #edges
8 2
10 3
9 5
0 8
0 10
0 9
6 #edges
8 2
3 10
9 5
0 8
0 3
0 9
6 #edges
8 2
10 5
3 10
0 8
0 3
0 9
6 #edges
8 2
3 10
0 8
0 5
0 3
0 9
6 #edges
8 2
10 3
0 8
0 10
0 5
0 9
6 #edges
8 2
10 3
3 5
0 8
0 10
0 9
6 #edges
5 9
3 10
0 8
0 5
0 3
0 2
6 #edges
10 9
3 10
0 8
0 5
0 3
0 2
6 #edges
8 2
5 9
3 10
0 8
0 5
0 3
6 #edges
8 2
10 9
3 10
0 8
0 5
0 3
6 #edges
8 2
10 3
5 9
0 8
0 10
0 5
6 #edges
10 3
5 9
0 8
0 10
0 5
0 2
6 #edges
8 2
10 3
3 9
0 8
0 10
0 5
6 #edges
10 3
3 9
0 8
0 10
0 5
0 2
6 #edges
5 9
3 10
2 8
0 5
0 3
0 2
6 #edges
10 3
5 9
2 8
0 10
0 5
0 2
6 #edges
10 9
3 10
2 8
0 5
0 3
0 2
6 #edges
10 3
3 9
2 8
0 10
0 5
0 2
6 #edges
10 3
3 9
2 8
9 5
0 10
0 2
6 #edges
10 3
5 9
3 5
2 8
0 10
0 2
6 #edges
10 5
5 9
3 10
2 8
0 3
0 2
6 #edges
10 9
3 10
2 8
9 5
0 3
0 2
6 #edges
10 5
5 9
3 10
0 8
0 3
0 2
6 #edges
10 9
3 10
9 5
0 8
0 3
0 2
6 #edges
10 3
5 9
3 5
0 8
0 10
0 2
6 #edges
10 3
3 9
9 5
0 8
0 10
0 2
6 #edges
8 2
10 9
3 10
9 5
0 8
0 3
6 #edges
8 2
10 5
5 9
3 10
0 8
0 3
6 #edges
8 2
10 3
3 9
9 5
0 8
0 10
6 #edges
8 2
10 3
5 9
3 5
0 8
0 10
12 #trees for patient 44
6 #edges
10 9
5 3
2 8
9 5
0 10
0 2
6 #edges
10 9
3 5
2 8
9 3
0 10
0 2
6 #edges
8 2
10 9
5 3
9 5
0 8
0 10
6 #edges
8 2
10 9
3 5
9 3
0 8
0 10
6 #edges
8 2
10 5
5 3
3 9
0 8
0 10
6 #edges
10 5
5 3
3 9
2 8
0 10
0 2
6 #edges
10 5
5 9
2 8
9 3
0 10
0 2
6 #edges
8 2
10 5
5 9
9 3
0 8
0 10
6 #edges
8 2
10 3
5 9
3 5
0 8
0 10
6 #edges
8 2
10 3
3 9
9 5
0 8
0 10
6 #edges
10 3
5 9
3 5
2 8
0 10
0 2
6 #edges
10 3
3 9
2 8
9 5
0 10
0 2
28 #trees for patient 45
6 #edges
10 3
2 8
0 10
0 5
0 2
0 9
6 #edges
3 10
2 8
0 5
0 3
0 2
0 9
6 #edges
10 3
2 8
9 5
0 10
0 2
0 9
6 #edges
10 3
3 5
2 8
0 10
0 2
0 9
6 #edges
3 10
2 8
9 5
0 3
0 2
0 9
6 #edges
10 5
3 10
2 8
0 3
0 2
0 9
6 #edges
8 2
10 3
9 5
0 8
0 10
0 9
6 #edges
8 2
10 3
0 8
0 10
0 5
0 9
6 #edges
8 2
10 3
3 5
0 8
0 10
0 9
6 #edges
8 2
3 10
0 8
0 5
0 3
0 9
6 #edges
8 2
3 10
9 5
0 8
0 3
0 9
6 #edges
8 2
10 5
3 10
0 8
0 3
0 9
6 #edges
8 2
5 9
3 10
0 8
0 5
0 3
6 #edges
8 2
10 9
3 10
0 8
0 5
0 3
6 #edges
8 2
10 3
5 9
0 8
0 10
0 5
6 #edges
8 2
10 3
3 9
0 8
0 10
0 5
6 #edges
10 9
3 10
2 8
0 5
0 3
0 2
6 #edges
5 9
3 10
2 8
0 5
0 3
0 2
6 #edges
10 3
5 9
2 8
0 10
0 5
0 2
6 #edges
10 3
3 9
2 8
0 10
0 5
0 2
6 #edges
10 9
3 10
2 8
9 5
0 3
0 2
6 #edges
10 5
5 9
3 10
2 8
0 3
0 2
6 #edges
10 3
3 9
2 8
9 5
0 10
0 2
6 #edges
10 3
5 9
3 5
2 8
0 10
0 2
6 #edges
8 2
10 5
5 9
3 10
0 8
0 3
6 #edges
8 2
10 9
3 10
9 5
0 8
0 3
6 #edges
8 2
10 3
5 9
3 5
0 8
0 10
6 #edges
8 2
10 3
3 9
9 5
0 8
0 10
6 #trees for patient 46
6 #edges
8 2
10 3
10 9
3 5
0 8
0 10
6 #edges
8 2
8 9
10 3
3 5
0 8
0 10
6 #edges
8 2
10 3
5 9
3 5
0 8
0 10
6 #edges
8 2
10 5
10 9
5 3
0 8
0 10
6 #edges
8 2
10 5
5 3
3 9
0 8
0 10
6 #edges
8 2
8 9
10 5
5 3
0 8
0 10
4 #trees for patient 47
6 #edges
8 2
10 3
5 9
3 5
0 8
0 10
6 #edges
8 2
10 3
3 9
9 5
0 8
0 10
6 #edges
8 2
10 5
5 9
3 10
0 8
0 3
6 #edges
8 2
10 9
3 10
9 5
0 8
0 3
42 #trees for patient 48
6 #edges
10 9
5 3
3 10
9 8
0 5
0 2
6 #edges
10 9
5 3
3 10
2 8
0 5
0 2
6 #edges
10 3
5 10
3 9
2 8
0 5
0 2
6 #edges
10 3
5 10
3 9
9 8
0 5
0 2
6 #edges
10 3
5 9
3 5
2 8
0 10
0 2
6 #edges
10 5
5 3
3 9
2 8
0 10
0 2
6 #edges
10 5
5 9
3 10
2 8
0 3
0 2
6 #edges
10 9
5 10
3 5
2 8
0 3
0 2
6 #edges
10 5
5 9
3 10
9 8
0 3
0 2
6 #edges
10 9
5 10
3 5
9 8
0 3
0 2
6 #edges
10 5
5 3
3 9
9 8
0 10
0 2
6 #edges
10 3
5 9
3 5
9 8
0 10
0 2
6 #edges
8 2
10 3
5 9
3 5
0 8
0 10
6 #edges
10 3
5 9
3 5
9 2
0 8
0 10
6 #edges
8 2
10 5
5 3
3 9
0 8
0 10
6 #edges
10 5
5 3
3 9
9 2
0 8
0 10
6 #edges
8 2
10 5
5 9
3 10
0 8
0 3
6 #edges
10 5
5 9
3 10
9 2
0 8
0 3
6 #edges
8 2
10 9
5 10
3 5
0 8
0 3
6 #edges
10 9
5 10
3 5
9 2
0 8
0 3
6 #edges
8 2
10 3
5 10
3 9
0 8
0 5
6 #edges
10 3
5 10
3 9
9 2
0 8
0 5
6 #edges
8 2
10 9
5 3
3 10
0 8
0 5
6 #edges
10 9
5 3
3 10
9 2
0 8
0 5
6 #edges
8 2
10 9
5 10
3 5
9 8
0 3
6 #edges
10 9
5 10
3 5
9 8
9 2
0 3
6 #edges
10 9
5 10
3 5
2 8
9 2
0 3
6 #edges
10 5
5 9
3 10
2 8
9 2
0 3
6 #edges
10 5
5 9
3 10
9 8
9 2
0 3
6 #edges
8 2
10 5
5 9
3 10
9 8
0 3
6 #edges
10 3
5 10
3 9
2 8
9 2
0 5
6 #edges
10 3
5 10
3 9
9 8
9 2
0 5
6 #edges
8 2
10 3
5 10
3 9
9 8
0 5
6 #edges
8 2
10 9
5 3
3 10
9 8
0 5
6 #edges
10 9
5 3
3 10
9 8
9 2
0 5
6 #edges
10 9
5 3
3 10
2 8
9 2
0 5
6 #edges
10 3
5 9
3 5
9 8
9 2
0 10
6 #edges
8 2
10 3
5 9
3 5
9 8
0 10
6 #edges
10 3
5 9
3 5
2 8
9 2
0 10
6 #edges
10 5
5 3
3 9
9 8
9 2
0 10
6 #edges
8 2
10 5
5 3
3 9
9 8
0 10
6 #edges
10 5
5 3
3 9
2 8
9 2
0 10
2 #trees for patient 49
6 #edges
8 2
10 5
5 9
3 10
0 8
0 3
6 #edges
8 2
10 3
5 9
3 5
0 8
0 10
8 #trees for patient 50
6 #edges
8 4
4 10
7 8
7 3
2 7
0 2
6 #edges
8 4
4 10
4 3
7 8
2 7
0 2
6 #edges
8 10
4 8
7 3
7 4
2 7
0 2
6 #edges
8 10
8 3
4 8
7 4
2 7
0 2
6 #edges
8 4
4 10
7 2
2 8
2 3
0 7
6 #edges
8 4
4 10
4 3
7 2
2 8
0 7
6 #edges
8 10
4 8
7 2
2 3
2 4
0 7
6 #edges
8 10
8 3
4 8
7 2
2 4
0 7
12 #trees for patient 51
6 #edges
10 4
4 8
7 10
7 3
2 7
0 2
6 #edges
8 4
10 8
7 10
7 3
2 7
0 2
6 #edges
10 8
4 10
7 3
7 4
2 7
0 2
6 #edges
8 10
4 8
7 3
7 4
2 7
0 2
6 #edges
8 10
10 4
7 8
7 3
2 7
0 2
6 #edges
8 4
4 10
7 8
7 3
2 7
0 2
6 #edges
8 4
10 8
7 2
2 10
2 3
0 7
6 #edges
10 4
4 8
7 2
2 10
2 3
0 7
6 #edges
8 4
4 10
7 2
2 8
2 3
0 7
6 #edges
8 10
10 4
7 2
2 8
2 3
0 7
6 #edges
10 8
4 10
7 2
2 3
2 4
0 7
6 #edges
8 10
4 8
7 2
2 3
2 4
0 7
6 #trees for patient 52
6 #edges
10 8
4 10
7 2
2 3
2 4
0 7
6 #edges
8 10
4 8
7 2
2 3
2 4
0 7
6 #edges
10 4
4 8
7 2
2 10
2 3
0 7
6 #edges
8 4
10 8
7 2
2 10
2 3
0 7
6 #edges
8 10
10 4
7 2
2 8
2 3
0 7
6 #edges
8 4
4 10
7 2
2 8
2 3
0 7
4 #trees for patient 53
6 #edges
8 4
4 10
7 8
7 3
2 7
0 2
6 #edges
8 4
4 10
4 3
7 8
2 7
0 2
6 #edges
8 4
4 10
7 2
2 8
2 3
0 7
6 #edges
8 4
4 10
4 3
7 2
2 8
0 7
6 #trees for patient 54
6 #edges
8 4
4 10
7 2
2 8
0 3
0 7
6 #edges
8 10
4 8
7 2
2 4
0 3
0 7
6 #edges
8 10
4 8
7 2
2 3
2 4
0 7
6 #edges
8 10
10 3
4 8
7 2
2 4
0 7
6 #edges
8 4
4 10
7 2
2 8
2 3
0 7
6 #edges
8 4
10 3
4 10
7 2
2 8
0 7
4 #trees for patient 55
6 #edges
8 10
10 4
7 8
7 3
2 7
0 2
6 #edges
8 4
4 10
7 8
7 3
2 7
0 2
6 #edges
8 10
10 4
7 2
2 8
2 3
0 7
6 #edges
8 4
4 10
7 2
2 8
2 3
0 7
2 #trees for patient 56
6 #edges
8 10
10 4
7 2
2 8
2 3
0 7
6 #edges
8 4
4 10
7 2
2 8
2 3
0 7
4 #trees for patient 57
6 #edges
8 10
4 8
7 2
2 3
2 4
0 7
6 #edges
8 4
4 10
7 2
2 8
2 3
0 7
6 #edges
8 10
10 3
4 8
7 2
2 4
0 7
6 #edges
8 4
10 3
4 10
7 2
2 8
0 7
8 #trees for patient 58
6 #edges
8 10
4 8
7 3
7 4
2 7
0 2
6 #edges
8 4
4 10
7 8
7 3
2 7
0 2
6 #edges
8 4
10 3
4 10
7 8
2 7
0 2
6 #edges
8 10
10 3
4 8
7 4
2 7
0 2
6 #edges
8 4
4 10
7 2
2 8
2 3
0 7
6 #edges
8 10
4 8
7 2
2 3
2 4
0 7
6 #edges
8 4
10 3
4 10
7 2
2 8
0 7
6 #edges
8 10
10 3
4 8
7 2
2 4
0 7
34 #trees for patient 59
6 #edges
3 8
4 10
7 2
2 3
2 4
0 7
6 #edges
10 8
4 10
7 2
2 3
2 4
0 7
6 #edges
8 10
4 8
7 2
2 3
2 4
0 7
6 #edges
3 10
4 8
7 2
2 3
2 4
0 7
6 #edges
10 8
3 10
7 2
2 3
2 4
0 7
6 #edges
3 8
3 10
7 2
2 3
2 4
0 7
6 #edges
8 10
3 8
7 2
2 3
2 4
0 7
6 #edges
10 8
3 4
7 2
2 10
2 3
0 7
6 #edges
8 4
10 8
7 2
2 10
2 3
0 7
6 #edges
3 8
3 4
7 2
2 10
2 3
0 7
6 #edges
3 4
4 8
7 2
2 10
2 3
0 7
6 #edges
10 4
4 8
7 2
2 10
2 3
0 7
6 #edges
10 4
3 8
7 2
2 10
2 3
0 7
6 #edges
8 4
3 8
7 2
2 10
2 3
0 7
6 #edges
8 4
4 10
7 2
2 8
2 3
0 7
6 #edges
8 4
3 10
7 2
2 8
2 3
0 7
6 #edges
8 10
10 4
7 2
2 8
2 3
0 7
6 #edges
8 10
3 4
7 2
2 8
2 3
0 7
6 #edges
10 4
3 10
7 2
2 8
2 3
0 7
6 #edges
3 10
3 4
7 2
2 8
2 3
0 7
6 #edges
3 4
4 10
7 2
2 8
2 3
0 7
6 #edges
3 10
3 4
4 8
7 2
2 3
0 7
6 #edges
10 8
3 10
3 4
7 2
2 3
0 7
6 #edges
3 8
3 10
3 4
7 2
2 3
0 7
6 #edges
10 4
3 10
4 8
7 2
2 3
0 7
6 #edges
10 4
3 8
3 10
7 2
2 3
0 7
6 #edges
8 4
3 8
3 10
7 2
2 3
0 7
6 #edges
8 4
10 8
3 10
7 2
2 3
0 7
6 #edges
8 10
3 4
4 8
7 2
2 3
0 7
6 #edges
3 8
3 4
4 10
7 2
2 3
0 7
6 #edges
10 8
3 4
4 10
7 2
2 3
0 7
6 #edges
8 10
3 8
3 4
7 2
2 3
0 7
6 #edges
8 10
10 4
3 8
7 2
2 3
0 7
6 #edges
8 4
3 8
4 10
7 2
2 3
0 7
12 #trees for patient 60
6 #edges
8 10
4 8
7 3
7 4
2 7
0 2
6 #edges
8 4
4 10
7 8
7 3
2 7
0 2
6 #edges
8 4
10 3
4 10
7 8
2 7
0 2
6 #edges
8 4
4 10
4 3
7 8
2 7
0 2
6 #edges
8 10
8 3
4 8
7 4
2 7
0 2
6 #edges
8 10
10 3
4 8
7 4
2 7
0 2
6 #edges
8 10
4 8
7 2
2 3
2 4
0 7
6 #edges
8 10
8 3
4 8
7 2
2 4
0 7
6 #edges
8 10
10 3
4 8
7 2
2 4
0 7
6 #edges
8 4
4 10
7 2
2 8
2 3
0 7
6 #edges
8 4
4 10
4 3
7 2
2 8
0 7
6 #edges
8 4
10 3
4 10
7 2
2 8
0 7
14 #trees for patient 61
6 #edges
8 10
8 4
7 3
7 2
2 8
0 7
6 #edges
8 4
4 10
7 3
7 2
2 8
0 7
6 #edges
8 4
7 10
7 3
7 2
2 8
0 7
6 #edges
8 10
8 4
4 3
7 2
2 8
0 7
6 #edges
8 4
4 3
7 10
7 2
2 8
0 7
6 #edges
8 4
7 10
7 2
2 8
2 3
0 7
6 #edges
8 10
8 4
7 2
2 8
2 3
0 7
6 #edges
8 4
4 10
7 2
2 8
2 3
0 7
6 #edges
8 10
8 4
10 3
7 2
2 8
0 7
6 #edges
8 10
8 3
8 4
7 2
2 8
0 7
6 #edges
8 4
10 3
4 10
7 2
2 8
0 7
6 #edges
8 3
8 4
4 10
7 2
2 8
0 7
6 #edges
8 3
8 4
7 10
7 2
2 8
0 7
6 #edges
8 4
10 3
7 10
7 2
2 8
0 7
12 #trees for patient 62
6 #edges
10 4
7 10
7 2
2 8
2 3
0 7
6 #edges
8 3
10 4
7 10
7 2
2 8
0 7
6 #edges
8 4
7 10
7 2
2 8
2 3
0 7
6 #edges
8 3
8 4
7 10
7 2
2 8
0 7
6 #edges
4 10
7 4
7 2
2 8
2 3
0 7
6 #edges
8 3
4 10
7 4
7 2
2 8
0 7
6 #edges
8 10
7 4
7 2
2 8
2 3
0 7
6 #edges
8 10
8 3
7 4
7 2
2 8
0 7
6 #edges
8 4
4 10
7 2
2 8
2 3
0 7
6 #edges
8 10
10 4
7 2
2 8
2 3
0 7
6 #edges
8 3
8 4
4 10
7 2
2 8
0 7
6 #edges
8 10
8 3
10 4
7 2
2 8
0 7
6 #trees for patient 63
6 #edges
8 10
10 4
7 2
2 8
2 3
0 7
6 #edges
8 4
4 10
7 2
2 8
2 3
0 7
6 #edges
8 4
10 8
7 2
2 10
2 3
0 7
6 #edges
10 4
4 8
7 2
2 10
2 3
0 7
6 #edges
8 10
4 8
7 2
2 3
2 4
0 7
6 #edges
10 8
4 10
7 2
2 3
2 4
0 7
3 #trees for patient 64
6 #edges
8 10
8 4
7 2
2 8
2 3
0 7
6 #edges
8 10
10 4
7 2
2 8
2 3
0 7
6 #edges
8 4
4 10
7 2
2 8
2 3
0 7
4 #trees for patient 65
6 #edges
8 4
4 10
7 2
2 8
2 3
0 7
6 #edges
8 10
10 4
7 2
2 8
2 3
0 7
6 #edges
8 3
8 4
4 10
7 2
2 8
0 7
6 #edges
8 10
8 3
10 4
7 2
2 8
0 7
2 #trees for patient 66
6 #edges
5 4
5 2
4 8
4 10
0 5
0 1
6 #edges
10 1
5 4
5 2
4 8
4 10
0 5
2 #trees for patient 67
6 #edges
10 1
5 4
5 2
4 8
4 10
0 5
6 #edges
5 4
5 2
4 8
4 1
1 10
0 5
6 #trees for patient 68
6 #edges
10 1
5 4
4 8
4 10
0 5
0 2
6 #edges
5 4
4 8
4 1
1 10
0 5
0 2
6 #edges
10 1
5 4
5 2
4 8
4 10
0 5
6 #edges
5 4
5 2
4 8
4 1
1 10
0 5
6 #edges
10 1
5 4
4 8
4 10
4 2
0 5
6 #edges
5 4
4 8
4 2
4 1
1 10
0 5
4 #trees for patient 69
6 #edges
10 1
5 4
5 2
4 8
4 10
0 5
6 #edges
5 4
5 2
4 8
4 1
1 10
0 5
6 #edges
8 2
10 1
5 4
4 8
4 10
0 5
6 #edges
8 2
5 4
4 8
4 1
1 10
0 5
4 #trees for patient 70
6 #edges
10 1
5 4
5 2
4 8
4 10
0 5
6 #edges
8 1
5 4
5 2
4 8
4 10
0 5
6 #edges
10 2
10 1
5 4
4 8
4 10
0 5
6 #edges
8 1
10 2
5 4
4 8
4 10
0 5
8 #trees for patient 71
6 #edges
10 1
5 4
5 2
4 8
4 10
0 5
6 #edges
5 4
5 2
4 8
4 1
1 10
0 5
6 #edges
10 1
5 4
5 2
4 10
1 8
0 5
6 #edges
10 8
5 4
5 2
4 1
1 10
0 5
6 #edges
10 2
5 4
4 8
4 1
1 10
0 5
6 #edges
10 8
10 2
5 4
4 1
1 10
0 5
6 #edges
10 1
5 4
4 8
4 10
1 2
0 5
6 #edges
10 1
5 4
4 10
1 8
1 2
0 5
4 #trees for patient 72
6 #edges
10 1
5 4
5 2
4 8
4 10
0 5
6 #edges
10 1
5 4
5 2
4 10
1 8
0 5
6 #edges
10 2
10 1
5 4
4 8
4 10
0 5
6 #edges
10 2
10 1
5 4
4 10
1 8
0 5
16 #trees for patient 73
6 #edges
10 1
5 10
5 4
5 2
4 8
0 5
6 #edges
8 2
10 1
5 10
5 4
4 8
0 5
6 #edges
5 10
5 4
5 2
5 1
4 8
0 5
6 #edges
5 10
5 4
5 2
4 8
4 1
0 5
6 #edges
8 2
5 10
5 4
4 8
4 1
0 5
6 #edges
8 2
5 10
5 4
5 1
4 8
0 5
6 #edges
8 2
5 4
5 1
4 8
1 10
0 5
6 #edges
5 4
5 2
5 1
4 8
1 10
0 5
6 #edges
5 4
5 2
5 1
4 8
4 10
0 5
6 #edges
8 2
5 4
5 1
4 8
4 10
0 5
6 #edges
10 1
5 4
5 2
4 8
4 10
0 5
6 #edges
5 4
5 2
4 8
4 10
4 1
0 5
6 #edges
5 4
5 2
4 8
4 1
1 10
0 5
6 #edges
8 2
10 1
5 4
4 8
4 10
0 5
6 #edges
8 2
5 4
4 8
4 10
4 1
0 5
6 #edges
8 2
5 4
4 8
4 1
1 10
0 5
1 #trees for patient 74
6 #edges
10 1
5 4
5 2
4 8
4 10
0 5
2 #trees for patient 75
6 #edges
10 1
5 4
5 2
4 8
4 10
0 5
6 #edges
8 2
10 1
5 4
4 8
4 10
0 5
12 #trees for patient 76
6 #edges
5 4
5 2
4 8
4 1
1 10
0 5
6 #edges
5 10
5 4
5 2
4 8
4 1
0 5
6 #edges
10 1
5 10
5 4
5 2
4 8
0 5
6 #edges
5 4
5 2
5 1
4 8
4 10
0 5
6 #edges
5 4
5 2
5 1
4 8
1 10
0 5
6 #edges
10 1
5 4
5 2
4 8
4 10
0 5
6 #edges
8 2
5 10
5 4
4 8
4 1
0 5
6 #edges
8 2
10 1
5 10
5 4
4 8
0 5
6 #edges
8 2
5 4
4 8
4 1
1 10
0 5
6 #edges
8 2
5 4
5 1
4 8
1 10
0 5
6 #edges
8 2
5 4
5 1
4 8
4 10
0 5
6 #edges
8 2
10 1
5 4
4 8
4 10
0 5
1 #trees for patient 77
6 #edges
10 1
5 4
5 2
4 8
4 10
0 5
6 #trees for patient 78
6 #edges
5 4
5 2
4 8
4 10
2 1
0 5
6 #edges
10 8
5 4
5 2
4 10
2 1
0 5
6 #edges
5 4
5 2
4 8
4 10
4 1
0 5
6 #edges
10 8
5 4
5 2
4 10
4 1
0 5
6 #edges
10 1
5 4
5 2
4 8
4 10
0 5
6 #edges
10 8
10 1
5 4
5 2
4 10
0 5
2 #trees for patient 79
6 #edges
5 4
5 2
4 8
4 1
1 10
0 5
6 #edges
10 1
5 4
5 2
4 8
4 10
0 5
12 #trees for patient 80
6 #edges
5 4
5 2
4 8
4 1
1 10
0 5
6 #edges
10 2
5 4
4 8
4 1
1 10
0 5
6 #edges
5 10
5 4
4 8
4 1
1 2
0 5
6 #edges
10 2
5 10
5 4
4 8
4 1
0 5
6 #edges
5 4
5 1
4 8
4 2
1 10
0 5
6 #edges
5 4
5 1
4 8
4 10
1 2
0 5
6 #edges
10 2
5 4
5 1
4 8
1 10
0 5
6 #edges
10 2
5 4
5 1
4 8
4 10
0 5
6 #edges
10 1
5 4
5 2
4 8
4 10
0 5
6 #edges
10 1
5 10
5 4
4 8
4 2
0 5
6 #edges
10 1
5 10
5 4
4 8
1 2
0 5
6 #edges
10 1
5 4
4 8
4 10
1 2
0 5
12 #trees for patient 81
6 #edges
5 4
5 2
4 8
1 10
0 5
0 1
6 #edges
5 4
5 2
4 8
4 10
0 5
0 1
6 #edges
8 10
5 4
5 2
4 8
0 5
0 1
6 #edges
10 1
5 4
5 2
4 8
0 10
0 5
6 #edges
5 4
5 2
4 8
4 1
0 10
0 5
6 #edges
8 1
5 4
5 2
4 8
0 10
0 5
6 #edges
10 1
5 4
5 2
4 8
4 10
0 5
6 #edges
8 1
5 4
5 2
4 8
4 10
0 5
6 #edges
5 4
5 2
4 8
4 1
1 10
0 5
6 #edges
8 10
5 4
5 2
4 8
4 1
0 5
6 #edges
8 10
10 1
5 4
5 2
4 8
0 5
6 #edges
8 1
5 4
5 2
4 8
1 10
0 5
2 #trees for patient 82
6 #edges
10 1
10 11
1 6
1 8
11 3
0 10
6 #edges
8 6
10 1
10 11
1 8
11 3
0 10
2 #trees for patient 83
6 #edges
10 1
10 11
3 8
1 6
11 3
0 10
6 #edges
10 1
10 11
1 6
1 8
11 3
0 10
12 #trees for patient 84
6 #edges
10 3
10 1
10 11
3 6
1 8
0 10
6 #edges
10 8
10 3
10 1
10 11
3 6
0 10
6 #edges
10 8
10 3
10 1
10 11
11 6
0 10
6 #edges
10 3
10 1
10 11
1 8
11 6
0 10
6 #edges
10 8
10 3
10 1
10 11
1 6
0 10
6 #edges
10 3
10 1
10 11
1 6
1 8
0 10
6 #edges
10 6
10 8
10 1
10 11
11 3
0 10
6 #edges
10 6
10 1
10 11
1 8
11 3
0 10
6 #edges
10 8
10 1
10 11
1 6
11 3
0 10
6 #edges
10 1
10 11
1 6
1 8
11 3
0 10
6 #edges
10 1
10 11
3 6
1 8
11 3
0 10
6 #edges
10 8
10 1
10 11
3 6
11 3
0 10
2 #trees for patient 85
6 #edges
10 1
10 11
1 6
1 8
11 3
0 10
6 #edges
6 8
10 1
10 11
1 6
11 3
0 10
36 #trees for patient 86
6 #edges
6 3
8 6
10 1
10 11
1 8
0 10
6 #edges
8 6
8 3
10 1
10 11
1 8
0 10
6 #edges
8 6
10 1
10 11
1 8
11 3
0 10
6 #edges
8 6
10 1
10 11
1 8
1 3
0 10
6 #edges
10 1
10 11
1 6
1 8
11 3
0 10
6 #edges
8 3
10 1
10 11
1 6
1 8
0 10
6 #edges
6 3
10 1
10 11
1 6
1 8
0 10
6 #edges
8 6
8 3
10 1
1 8
1 11
0 10
6 #edges
8 6
10 1
1 8
1 3
1 11
0 10
6 #edges
8 6
10 3
10 1
1 8
1 11
0 10
6 #edges
8 6
10 1
1 8
1 11
11 3
0 10
6 #edges
6 3
8 6
10 1
1 8
1 11
0 10
6 #edges
6 3
8 11
10 1
1 6
1 8
0 10
6 #edges
6 3
10 1
3 11
1 6
1 8
0 10
6 #edges
6 3
6 11
10 1
1 6
1 8
0 10
6 #edges
10 3
10 1
3 11
1 6
1 8
0 10
6 #edges
6 11
10 3
10 1
1 6
1 8
0 10
6 #edges
8 11
10 3
10 1
1 6
1 8
0 10
6 #edges
6 11
10 1
1 6
1 8
11 3
0 10
6 #edges
6 11
8 3
10 1
1 6
1 8
0 10
6 #edges
8 11
10 1
1 6
1 8
11 3
0 10
6 #edges
8 3
8 11
10 1
1 6
1 8
0 10
6 #edges
8 3
10 1
3 11
1 6
1 8
0 10
6 #edges
6 11
8 6
8 3
10 1
1 8
0 10
6 #edges
8 6
8 3
10 1
3 11
1 8
0 10
6 #edges
8 6
8 11
10 3
10 1
1 8
0 10
6 #edges
8 6
10 3
10 1
3 11
1 8
0 10
6 #edges
6 11
8 6
10 3
10 1
1 8
0 10
6 #edges
6 3
8 6
8 11
10 1
1 8
0 10
6 #edges
6 3
8 6
10 1
3 11
1 8
0 10
6 #edges
6 3
6 11
8 6
10 1
1 8
0 10
6 #edges
8 6
10 1
3 11
1 8
1 3
0 10
6 #edges
6 11
8 6
10 1
1 8
1 3
0 10
6 #edges
8 6
8 11
10 1
1 8
1 3
0 10
6 #edges
6 11
8 6
10 1
1 8
11 3
0 10
6 #edges
8 6
8 11
10 1
1 8
11 3
0 10
2 #trees for patient 87
6 #edges
10 3
10 1
3 11
1 6
1 8
0 10
6 #edges
10 1
10 11
1 6
1 8
11 3
0 10
4 #trees for patient 88
6 #edges
10 8
10 1
10 11
1 6
11 3
0 10
6 #edges
10 8
10 1
10 11
11 6
11 3
0 10
6 #edges
10 1
10 11
1 8
11 6
11 3
0 10
6 #edges
10 1
10 11
1 6
1 8
11 3
0 10
2 #trees for patient 89
6 #edges
10 1
10 11
3 8
1 6
11 3
0 10
6 #edges
10 1
10 11
1 6
1 8
11 3
0 10
4 #trees for patient 90
6 #edges
10 1
10 11
1 6
1 8
11 3
0 10
6 #edges
8 3
10 1
10 11
1 6
1 8
0 10
6 #edges
8 3
10 1
10 11
1 8
11 6
0 10
6 #edges
10 1
10 11
1 8
11 6
11 3
0 10
3 #trees for patient 91
6 #edges
10 1
10 11
3 6
1 8
11 3
0 10
6 #edges
10 1
10 11
1 8
11 6
11 3
0 10
6 #edges
10 1
10 11
1 6
1 8
11 3
0 10
4 #trees for patient 92
6 #edges
8 11
10 3
10 1
1 6
1 8
0 10
6 #edges
10 1
10 11
1 6
1 8
11 3
0 10
6 #edges
8 3
10 1
10 11
1 6
1 8
0 10
6 #edges
8 11
10 1
1 6
1 8
11 3
0 10
2 #trees for patient 93
6 #edges
10 1
10 11
1 6
1 8
11 3
0 10
6 #edges
10 1
10 11
3 6
1 8
11 3
0 10
4 #trees for patient 94
6 #edges
10 6
10 1
10 11
1 8
11 3
0 10
6 #edges
10 6
10 3
10 1
3 11
1 8
0 10
6 #edges
10 1
10 11
1 6
1 8
11 3
0 10
6 #edges
10 3
10 1
3 11
1 6
1 8
0 10
2 #trees for patient 95
6 #edges
10 1
10 11
1 6
1 8
11 3
0 10
6 #edges
8 6
10 1
10 11
1 8
11 3
0 10
4 #trees for patient 96
6 #edges
10 1
10 11
1 6
1 8
11 3
0 10
6 #edges
6 8
10 1
10 11
1 6
11 3
0 10
6 #edges
10 3
10 1
3 11
1 6
1 8
0 10
6 #edges
6 8
10 3
10 1
3 11
1 6
0 10
2 #trees for patient 97
6 #edges
10 1
10 11
1 6
1 8
11 3
0 10
6 #edges
8 3
10 1
10 11
1 6
1 8
0 10
2 #trees for patient 98
6 #edges
10 1
10 11
3 6
1 8
11 3
0 10
6 #edges
10 1
10 11
1 6
1 8
11 3
0 10
11 #trees for patient 99
6 #edges
10 1
1 6
1 11
0 8
0 10
0 3
6 #edges
10 1
10 11
1 6
0 8
0 10
0 3
6 #edges
10 1
10 11
1 6
1 8
0 10
0 3
6 #edges
8 3
10 1
1 6
1 11
0 8
0 10
6 #edges
8 3
10 1
10 11
1 6
0 8
0 10
6 #edges
10 1
10 11
1 6
11 3
0 8
0 10
6 #edges
10 1
10 11
1 6
1 3
0 8
0 10
6 #edges
10 1
1 6
1 11
11 3
0 8
0 10
6 #edges
10 3
10 1
1 6
1 11
0 8
0 10
6 #edges
10 1
10 11
1 6
1 8
11 3
0 10
6 #edges
8 3
10 1
10 11
1 6
1 8
0 10
