50 # patients
4 #trees for patient 0
6 #edges
1 2
0 1
0 10
0 11
0 9
2 6
6 #edges
1 6
6 2
0 1
0 10
0 11
0 9
6 #edges
1 2
10 9
0 1
0 10
0 11
2 6
6 #edges
1 6
10 9
6 2
0 1
0 10
0 11
12 #trees for patient 1
6 #edges
6 2
0 10
0 11
0 6
0 9
2 1
6 #edges
1 2
6 1
0 10
0 11
0 6
0 9
6 #edges
1 11
6 2
0 10
0 6
0 9
2 1
6 #edges
1 2
6 1
0 10
0 6
0 9
2 11
6 #edges
1 6
6 2
0 1
0 10
0 9
2 11
6 #edges
1 6
6 2
0 1
0 10
0 11
0 9
6 #edges
1 2
0 1
0 10
0 11
0 9
2 6
6 #edges
1 2
6 11
0 1
0 10
0 9
2 6
6 #edges
6 1
0 10
0 11
0 9
0 2
2 6
6 #edges
1 6
0 10
0 11
0 9
0 2
2 1
6 #edges
1 11
6 1
0 10
0 9
0 2
2 6
6 #edges
1 6
6 11
0 10
0 9
0 2
2 1
4 #trees for patient 2
6 #edges
1 2
6 1
0 10
0 11
0 6
0 9
6 #edges
1 10
1 2
6 1
0 11
0 6
0 9
6 #edges
1 6
6 2
0 1
0 10
0 11
0 9
6 #edges
1 6
6 10
6 2
0 1
0 11
0 9
8 #trees for patient 3
6 #edges
1 11
1 6
0 1
0 10
0 9
9 2
6 #edges
1 6
0 1
0 10
0 11
0 9
9 2
6 #edges
1 6
6 2
0 1
0 10
0 11
0 9
6 #edges
1 11
1 6
6 2
0 1
0 10
0 9
6 #edges
1 6
6 10
0 1
0 11
0 9
9 2
6 #edges
1 6
6 10
6 2
0 1
0 11
0 9
6 #edges
1 11
1 6
6 10
0 1
0 9
9 2
6 #edges
1 11
1 6
6 10
6 2
0 1
0 9
18 #trees for patient 4
6 #edges
6 1
0 10
0 11
0 9
0 2
2 6
6 #edges
1 6
0 10
0 11
0 9
0 2
2 1
6 #edges
1 2
6 1
0 10
0 11
0 6
0 9
6 #edges
6 2
0 10
0 11
0 6
0 9
2 1
6 #edges
1 6
6 2
0 1
0 10
0 11
0 9
6 #edges
1 2
0 1
0 10
0 11
0 9
2 6
6 #edges
1 6
10 11
6 2
0 1
0 10
0 9
6 #edges
1 2
10 11
0 1
0 10
0 9
2 6
6 #edges
1 2
6 11
0 1
0 10
0 9
2 6
6 #edges
1 6
6 2
0 1
0 10
0 9
2 11
6 #edges
1 2
10 11
6 1
0 10
0 6
0 9
6 #edges
10 11
6 2
0 10
0 6
0 9
2 1
6 #edges
1 11
6 2
0 10
0 6
0 9
2 1
6 #edges
1 2
6 1
0 10
0 6
0 9
2 11
6 #edges
10 11
6 1
0 10
0 9
0 2
2 6
6 #edges
1 6
10 11
0 10
0 9
0 2
2 1
6 #edges
1 11
6 1
0 10
0 9
0 2
2 6
6 #edges
1 6
6 11
0 10
0 9
0 2
2 1
36 #trees for patient 5
6 #edges
1 2
6 1
0 10
0 11
0 6
0 9
6 #edges
1 2
6 1
0 11
0 6
0 9
2 10
6 #edges
1 2
11 10
6 1
0 11
0 6
0 9
6 #edges
11 10
6 2
0 11
0 6
0 9
2 1
6 #edges
6 2
0 10
0 11
0 6
0 9
2 1
6 #edges
1 10
6 2
0 11
0 6
0 9
2 1
6 #edges
11 10
6 1
0 11
0 9
0 2
2 6
6 #edges
6 1
0 10
0 11
0 9
0 2
2 6
6 #edges
1 10
6 1
0 11
0 9
0 2
2 6
6 #edges
1 6
11 10
0 11
0 9
0 2
2 1
6 #edges
1 6
0 10
0 11
0 9
0 2
2 1
6 #edges
1 6
6 10
0 11
0 9
0 2
2 1
6 #edges
1 6
6 2
0 1
0 10
0 11
0 9
6 #edges
1 2
0 1
0 10
0 11
0 9
2 6
6 #edges
1 2
6 10
0 1
0 11
0 9
2 6
6 #edges
1 2
11 10
0 1
0 11
0 9
2 6
6 #edges
1 6
11 10
6 2
0 1
0 11
0 9
6 #edges
1 6
6 2
0 1
0 11
0 9
2 10
6 #edges
1 9
6 2
0 10
0 11
0 6
2 1
6 #edges
1 2
6 1
0 10
0 11
0 6
2 9
6 #edges
1 9
6 1
0 10
0 11
0 2
2 6
6 #edges
1 6
6 9
0 10
0 11
0 2
2 1
6 #edges
1 6
6 2
0 1
0 10
0 11
2 9
6 #edges
1 2
6 9
0 1
0 10
0 11
2 6
6 #edges
1 6
11 10
6 2
0 1
0 11
2 9
6 #edges
1 2
11 10
6 9
0 1
0 11
2 6
6 #edges
1 2
6 10
6 9
0 1
0 11
2 6
6 #edges
1 6
6 2
0 1
0 11
2 10
2 9
6 #edges
1 6
11 10
6 9
0 11
0 2
2 1
6 #edges
1 9
11 10
6 1
0 11
0 2
2 6
6 #edges
1 10
1 9
6 1
0 11
0 2
2 6
6 #edges
1 6
6 10
6 9
0 11
0 2
2 1
6 #edges
1 9
11 10
6 2
0 11
0 6
2 1
6 #edges
1 2
11 10
6 1
0 11
0 6
2 9
6 #edges
1 10
1 9
6 2
0 11
0 6
2 1
6 #edges
1 2
6 1
0 11
0 6
2 10
2 9
14 #trees for patient 6
6 #edges
1 6
0 1
0 10
0 11
0 9
9 2
6 #edges
1 6
6 2
0 1
0 10
0 11
0 9
6 #edges
6 1
0 10
0 11
0 6
0 9
9 2
6 #edges
1 2
6 1
0 10
0 11
0 6
0 9
6 #edges
1 6
6 11
0 1
0 10
0 9
9 2
6 #edges
1 6
0 1
0 10
0 9
9 2
2 11
6 #edges
1 6
0 1
0 10
0 9
9 11
9 2
6 #edges
1 6
6 2
0 1
0 10
0 9
9 11
6 #edges
1 6
6 2
0 1
0 10
0 9
2 11
6 #edges
1 11
6 1
0 10
0 6
0 9
9 2
6 #edges
6 1
0 10
0 6
0 9
9 11
9 2
6 #edges
6 1
0 10
0 6
0 9
9 2
2 11
6 #edges
1 2
6 1
0 10
0 6
0 9
9 11
6 #edges
1 2
6 1
0 10
0 6
0 9
2 11
6 #trees for patient 7
6 #edges
1 2
6 1
0 10
0 11
0 6
0 9
6 #edges
1 6
6 2
0 1
0 10
0 11
0 9
6 #edges
1 2
10 11
6 1
0 10
0 6
0 9
6 #edges
1 11
1 2
6 1
0 10
0 6
0 9
6 #edges
1 6
10 11
6 2
0 1
0 10
0 9
6 #edges
1 6
6 11
6 2
0 1
0 10
0 9
4 #trees for patient 8
6 #edges
1 10
1 6
11 2
0 1
0 11
0 9
6 #edges
1 6
11 2
0 1
0 10
0 11
0 9
6 #edges
1 6
6 2
0 1
0 10
0 11
0 9
6 #edges
1 10
1 6
6 2
0 1
0 11
0 9
46 #trees for patient 9
6 #edges
1 10
0 1
0 11
0 9
0 2
2 6
6 #edges
1 10
1 6
0 1
0 11
0 9
0 2
6 #edges
1 10
0 1
0 11
0 6
0 9
0 2
6 #edges
1 10
10 6
0 1
0 11
0 9
0 2
6 #edges
1 10
1 11
0 1
0 6
0 9
0 2
6 #edges
1 10
1 11
0 1
0 9
0 2
2 6
6 #edges
1 10
1 11
1 6
0 1
0 9
0 2
6 #edges
1 10
1 11
10 6
0 1
0 9
0 2
6 #edges
1 10
6 2
0 1
0 11
0 6
0 9
6 #edges
1 10
1 2
0 1
0 11
0 6
0 9
6 #edges
1 10
10 2
0 1
0 11
0 6
0 9
6 #edges
1 10
1 11
6 2
0 1
0 6
0 9
6 #edges
1 10
1 11
1 2
0 1
0 6
0 9
6 #edges
1 10
1 11
10 2
0 1
0 6
0 9
6 #edges
10 6
10 2
0 1
0 10
0 11
0 9
6 #edges
1 6
10 2
0 1
0 10
0 11
0 9
6 #edges
10 2
0 1
0 10
0 11
0 9
2 6
6 #edges
1 6
1 2
0 1
0 10
0 11
0 9
6 #edges
1 6
6 2
0 1
0 10
0 11
0 9
6 #edges
10 6
6 2
0 1
0 10
0 11
0 9
6 #edges
1 2
10 6
0 1
0 10
0 11
0 9
6 #edges
1 2
0 1
0 10
0 11
0 9
2 6
6 #edges
1 11
10 6
10 2
0 1
0 10
0 9
6 #edges
1 11
10 2
0 1
0 10
0 9
2 6
6 #edges
1 11
1 6
10 2
0 1
0 10
0 9
6 #edges
1 11
10 6
6 2
0 1
0 10
0 9
6 #edges
1 11
1 2
10 6
0 1
0 10
0 9
6 #edges
1 11
1 6
1 2
0 1
0 10
0 9
6 #edges
1 11
1 2
0 1
0 10
0 9
2 6
6 #edges
1 11
1 6
6 2
0 1
0 10
0 9
6 #edges
1 10
1 6
1 2
0 1
0 11
0 9
6 #edges
1 10
1 2
0 1
0 11
0 9
2 6
6 #edges
1 10
1 2
10 6
0 1
0 11
0 9
6 #edges
1 10
10 6
10 2
0 1
0 11
0 9
6 #edges
1 10
10 2
0 1
0 11
0 9
2 6
6 #edges
1 10
1 6
10 2
0 1
0 11
0 9
6 #edges
1 10
10 6
6 2
0 1
0 11
0 9
6 #edges
1 10
1 6
6 2
0 1
0 11
0 9
6 #edges
1 10
1 11
1 6
1 2
0 1
0 9
6 #edges
1 10
1 11
1 2
10 6
0 1
0 9
6 #edges
1 10
1 11
1 2
0 1
0 9
2 6
6 #edges
1 10
1 11
1 6
6 2
0 1
0 9
6 #edges
1 10
1 11
1 6
10 2
0 1
0 9
6 #edges
1 10
1 11
10 6
10 2
0 1
0 9
6 #edges
1 10
1 11
10 6
6 2
0 1
0 9
6 #edges
1 10
1 11
10 2
0 1
0 9
2 6
6 #trees for patient 10
6 #edges
4 11
7 1
11 7
11 9
0 3
3 4
6 #edges
4 7
4 9
7 1
11 4
0 3
3 11
6 #edges
4 3
7 1
11 4
0 11
3 7
3 9
6 #edges
4 7
4 9
7 1
11 3
0 11
3 4
6 #edges
4 11
7 1
11 3
0 4
3 7
3 9
6 #edges
4 3
7 1
11 7
11 9
0 4
3 11
4 #trees for patient 11
6 #edges
4 11
7 1
11 7
11 9
0 3
3 4
6 #edges
1 7
4 11
11 1
11 9
0 3
3 4
6 #edges
1 7
4 3
11 1
11 9
0 4
3 11
6 #edges
4 3
7 1
11 7
11 9
0 4
3 11
4 #trees for patient 12
6 #edges
4 3
7 1
11 7
11 9
0 4
3 11
6 #edges
1 7
4 3
11 1
11 9
0 4
3 11
6 #edges
4 11
7 1
11 3
0 4
3 7
3 9
6 #edges
1 7
4 11
11 3
0 4
3 1
3 9
2 #trees for patient 13
6 #edges
4 3
7 1
11 7
11 9
0 4
3 11
6 #edges
1 7
4 3
11 1
11 9
0 4
3 11
2 #trees for patient 14
6 #edges
4 3
7 1
11 7
11 9
0 4
3 11
6 #edges
1 7
4 3
11 1
11 9
0 4
3 11
2 #trees for patient 15
6 #edges
1 7
4 3
11 1
11 9
0 4
3 11
6 #edges
4 3
7 1
11 7
11 9
0 4
3 11
4 #trees for patient 16
6 #edges
4 11
11 1
11 7
11 9
0 3
3 4
6 #edges
4 11
7 1
11 7
11 9
0 3
3 4
6 #edges
4 3
7 1
11 7
11 9
0 4
3 11
6 #edges
4 3
11 1
11 7
11 9
0 4
3 11
12 #trees for patient 17
6 #edges
4 7
4 9
7 1
11 4
0 3
3 11
6 #edges
4 7
4 9
11 4
9 1
0 3
3 11
6 #edges
4 11
7 1
11 7
11 9
0 3
3 4
6 #edges
4 11
11 7
11 9
9 1
0 3
3 4
6 #edges
4 3
7 1
11 4
0 11
3 7
3 9
6 #edges
4 3
11 4
9 1
0 11
3 7
3 9
6 #edges
4 7
4 9
7 1
11 3
0 11
3 4
6 #edges
4 7
4 9
11 3
9 1
0 11
3 4
6 #edges
4 11
11 3
9 1
0 4
3 7
3 9
6 #edges
4 11
7 1
11 3
0 4
3 7
3 9
6 #edges
4 3
11 7
11 9
9 1
0 4
3 11
6 #edges
4 3
7 1
11 7
11 9
0 4
3 11
4 #trees for patient 18
6 #edges
4 1
4 3
11 7
11 9
0 4
3 11
6 #edges
4 3
7 1
11 7
11 9
0 4
3 11
6 #edges
4 1
4 11
11 3
0 4
3 7
3 9
6 #edges
4 11
7 1
11 3
0 4
3 7
3 9
14 #trees for patient 19
6 #edges
4 3
11 1
0 4
3 7
3 11
3 9
6 #edges
4 3
0 4
3 1
3 7
3 11
3 9
6 #edges
4 3
7 1
0 4
3 7
3 11
3 9
6 #edges
4 3
11 9
0 4
3 1
3 7
3 11
6 #edges
4 3
11 1
11 9
0 4
3 7
3 11
6 #edges
4 3
7 1
11 9
0 4
3 7
3 11
6 #edges
1 7
4 3
11 9
0 4
3 1
3 11
6 #edges
1 7
4 3
0 4
3 1
3 11
3 9
6 #edges
4 3
11 7
0 4
3 1
3 11
3 9
6 #edges
4 3
11 7
11 9
0 4
3 1
3 11
6 #edges
4 3
7 1
11 7
0 4
3 11
3 9
6 #edges
4 3
7 1
11 7
11 9
0 4
3 11
6 #edges
1 7
4 3
11 1
11 9
0 4
3 11
6 #edges
1 7
4 3
11 1
0 4
3 11
3 9
8 #trees for patient 20
6 #edges
1 7
4 3
11 1
11 9
0 4
3 11
6 #edges
4 3
7 1
11 7
11 9
0 4
3 11
6 #edges
1 7
4 3
7 9
11 1
0 4
3 11
6 #edges
1 9
4 3
7 1
11 7
0 4
3 11
6 #edges
4 11
7 1
11 3
0 4
3 7
3 9
6 #edges
1 7
4 11
11 3
0 4
3 1
3 9
6 #edges
1 9
4 11
7 1
11 3
0 4
3 7
6 #edges
1 7
4 11
7 9
11 3
0 4
3 1
2 #trees for patient 21
6 #edges
4 3
7 1
11 7
11 9
0 4
3 11
6 #edges
4 9
4 3
7 1
11 7
0 4
3 11
3 #trees for patient 22
6 #edges
1 8
1 9
8 2
0 1
0 3
2 10
6 #edges
1 8
8 9
8 2
0 1
0 3
2 10
6 #edges
1 8
8 2
0 1
0 3
2 10
3 9
7 #trees for patient 23
6 #edges
1 8
8 9
8 2
0 1
0 3
2 10
6 #edges
1 8
8 2
0 1
0 3
2 10
2 9
6 #edges
1 8
8 9
8 2
0 1
2 10
2 3
6 #edges
1 8
8 9
8 2
9 3
0 1
2 10
6 #edges
1 8
8 2
0 1
2 10
2 9
2 3
6 #edges
1 8
8 2
8 3
0 1
2 10
2 9
6 #edges
1 8
8 2
9 3
0 1
2 10
2 9
8 #trees for patient 24
6 #edges
1 8
8 9
8 2
0 1
0 3
2 10
6 #edges
1 8
10 2
8 10
8 9
0 1
0 3
6 #edges
1 10
1 9
10 2
8 1
0 8
0 3
6 #edges
1 9
1 2
8 1
0 8
0 3
2 10
6 #edges
1 9
1 2
8 1
9 3
0 8
2 10
6 #edges
1 10
1 9
10 2
8 1
9 3
0 8
6 #edges
1 8
8 9
8 2
9 3
0 1
2 10
6 #edges
1 8
10 2
8 10
8 9
9 3
0 1
4 #trees for patient 25
6 #edges
1 8
8 9
8 2
0 1
0 3
2 10
6 #edges
1 8
10 2
8 10
8 9
0 1
0 3
6 #edges
1 8
10 2
8 10
8 9
0 1
2 3
6 #edges
1 8
10 3
8 9
8 2
0 1
2 10
1 #trees for patient 26
6 #edges
1 8
8 9
8 2
0 1
0 3
2 10
12 #trees for patient 27
6 #edges
1 8
8 10
8 9
9 2
0 1
0 3
6 #edges
1 8
10 2
8 10
8 9
0 1
0 3
6 #edges
1 8
8 9
9 2
0 1
0 3
2 10
6 #edges
1 8
8 9
8 2
9 10
0 1
0 3
6 #edges
1 8
10 2
8 9
9 10
0 1
0 3
6 #edges
1 8
8 9
8 2
0 1
0 3
2 10
6 #edges
1 10
1 9
10 2
8 1
0 8
0 3
6 #edges
1 10
1 9
8 1
9 2
0 8
0 3
6 #edges
1 9
1 2
8 1
9 10
0 8
0 3
6 #edges
1 9
10 2
8 1
9 10
0 8
0 3
6 #edges
1 9
8 1
9 2
0 8
0 3
2 10
6 #edges
1 9
1 2
8 1
0 8
0 3
2 10
13 #trees for patient 28
6 #edges
1 8
8 9
8 2
0 1
0 3
3 10
6 #edges
1 8
10 2
8 9
0 1
0 3
3 10
6 #edges
1 8
8 9
9 2
0 1
0 3
3 10
6 #edges
1 8
8 9
0 1
0 3
3 10
3 2
6 #edges
1 8
8 9
0 1
0 3
2 10
3 2
6 #edges
1 8
8 10
8 9
0 1
0 3
3 2
6 #edges
1 8
8 9
9 10
0 1
0 3
3 2
6 #edges
1 8
10 2
8 10
8 9
0 1
0 3
6 #edges
1 8
8 10
8 9
9 2
0 1
0 3
6 #edges
1 8
8 9
9 2
0 1
0 3
2 10
6 #edges
1 8
8 9
8 2
0 1
0 3
2 10
6 #edges
1 8
8 9
8 2
9 10
0 1
0 3
6 #edges
1 8
10 2
8 9
9 10
0 1
0 3
2 #trees for patient 29
6 #edges
11 5
11 2
5 7
0 10
0 11
2 8
6 #edges
8 10
11 5
11 2
5 7
0 11
2 8
3 #trees for patient 30
6 #edges
8 7
11 5
11 2
0 10
0 11
2 8
6 #edges
11 5
11 2
0 10
0 11
2 8
2 7
6 #edges
11 5
11 2
5 7
0 10
0 11
2 8
3 #trees for patient 31
6 #edges
11 5
11 2
5 7
0 10
0 11
2 8
6 #edges
8 7
11 5
11 2
0 10
0 11
2 8
6 #edges
10 7
11 5
11 2
0 10
0 11
2 8
1 #trees for patient 32
6 #edges
11 5
11 2
5 7
0 10
0 11
2 8
4 #trees for patient 33
6 #edges
8 2
11 8
11 5
5 7
0 10
0 11
6 #edges
11 5
11 2
5 7
0 10
0 11
2 8
6 #edges
8 2
7 10
11 8
11 5
5 7
0 11
6 #edges
7 10
11 5
11 2
5 7
0 11
2 8
2 #trees for patient 34
6 #edges
7 5
11 7
11 2
0 10
0 11
2 8
6 #edges
11 5
11 2
5 7
0 10
0 11
2 8
7 #trees for patient 35
6 #edges
11 2
0 10
0 7
0 11
0 5
2 8
6 #edges
11 7
11 2
0 10
0 11
0 5
2 8
6 #edges
11 2
5 7
0 10
0 11
0 5
2 8
6 #edges
7 5
11 2
0 10
0 7
0 11
2 8
6 #edges
11 5
11 2
0 10
0 7
0 11
2 8
6 #edges
11 5
11 2
5 7
0 10
0 11
2 8
6 #edges
7 5
11 7
11 2
0 10
0 11
2 8
38 #trees for patient 36
6 #edges
8 2
11 8
11 5
0 10
0 11
2 7
6 #edges
8 2
11 8
0 10
0 11
2 7
2 5
6 #edges
8 2
11 8
11 7
0 10
0 11
2 5
6 #edges
8 2
11 8
5 7
0 10
0 11
2 5
6 #edges
8 2
11 8
11 5
5 7
0 10
0 11
6 #edges
11 5
11 2
5 7
0 10
0 11
2 8
6 #edges
8 7
11 5
11 2
0 10
0 11
2 8
6 #edges
8 5
11 7
11 2
0 10
0 11
2 8
6 #edges
8 7
8 5
11 2
0 10
0 11
2 8
6 #edges
8 5
11 2
5 7
0 10
0 11
2 8
6 #edges
8 2
11 8
11 5
5 7
0 11
2 10
6 #edges
8 2
7 10
11 8
11 5
5 7
0 11
6 #edges
8 2
11 8
11 5
5 10
0 11
2 7
6 #edges
8 2
11 8
11 5
0 11
2 10
2 7
6 #edges
8 2
7 10
11 8
11 5
0 11
2 7
6 #edges
8 2
11 10
11 8
5 7
0 11
2 5
6 #edges
8 2
11 10
11 8
0 11
2 7
2 5
6 #edges
8 2
11 8
11 7
0 11
2 10
2 5
6 #edges
8 2
11 8
5 7
0 11
2 10
2 5
6 #edges
8 2
7 10
11 8
0 11
2 7
2 5
6 #edges
8 2
11 8
5 10
0 11
2 7
2 5
6 #edges
8 2
7 10
11 8
5 7
0 11
2 5
6 #edges
8 2
7 10
11 8
11 7
0 11
2 5
6 #edges
8 2
11 8
11 7
5 10
0 11
2 5
6 #edges
8 7
11 5
11 2
5 10
0 11
2 8
6 #edges
8 10
8 7
11 5
11 2
0 11
2 8
6 #edges
8 10
11 5
11 2
5 7
0 11
2 8
6 #edges
8 7
7 10
11 5
11 2
0 11
2 8
6 #edges
7 10
11 5
11 2
5 7
0 11
2 8
6 #edges
8 7
8 5
11 10
11 2
0 11
2 8
6 #edges
8 5
11 10
11 2
5 7
0 11
2 8
6 #edges
8 5
7 10
11 7
11 2
0 11
2 8
6 #edges
8 10
8 5
11 7
11 2
0 11
2 8
6 #edges
8 5
11 7
11 2
5 10
0 11
2 8
6 #edges
8 10
8 5
11 2
5 7
0 11
2 8
6 #edges
8 7
8 5
7 10
11 2
0 11
2 8
6 #edges
8 7
8 5
11 2
5 10
0 11
2 8
6 #edges
8 5
7 10
11 2
5 7
0 11
2 8
14 #trees for patient 37
6 #edges
11 5
11 2
5 7
0 10
0 11
2 8
6 #edges
8 7
11 5
11 2
0 10
0 11
2 8
6 #edges
8 2
11 8
11 5
5 7
0 10
0 11
6 #edges
8 2
11 8
11 5
0 10
0 11
2 7
6 #edges
8 2
7 5
11 8
11 7
0 10
0 11
6 #edges
8 2
11 8
11 7
0 10
0 11
2 5
6 #edges
8 2
7 5
11 8
0 10
0 11
2 7
6 #edges
8 2
11 8
0 10
0 11
2 7
2 5
6 #edges
8 2
11 8
5 7
0 10
0 11
2 5
6 #edges
7 5
11 7
11 2
0 10
0 11
2 8
6 #edges
8 5
11 7
11 2
0 10
0 11
2 8
6 #edges
8 7
8 5
11 2
0 10
0 11
2 8
6 #edges
8 7
7 5
11 2
0 10
0 11
2 8
6 #edges
8 5
11 2
5 7
0 10
0 11
2 8
3 #trees for patient 38
6 #edges
11 5
11 2
0 10
0 7
0 11
2 8
6 #edges
10 7
11 5
11 2
0 10
0 11
2 8
6 #edges
11 5
11 2
5 7
0 10
0 11
2 8
4 #trees for patient 39
6 #edges
8 2
11 8
11 5
5 7
0 10
0 11
6 #edges
8 2
7 5
11 8
11 7
0 10
0 11
6 #edges
11 5
11 2
5 7
0 10
0 11
2 8
6 #edges
7 5
11 7
11 2
0 10
0 11
2 8
4 #trees for patient 40
6 #edges
11 5
11 2
5 7
0 10
0 11
2 8
6 #edges
7 5
11 7
11 2
0 10
0 11
2 8
6 #edges
11 5
11 2
5 7
0 11
2 10
2 8
6 #edges
7 5
11 7
11 2
0 11
2 10
2 8
12 #trees for patient 41
6 #edges
1 4
1 6
4 5
11 8
0 1
0 11
6 #edges
1 4
8 6
4 5
11 8
0 1
0 11
6 #edges
1 4
4 5
11 8
5 6
0 1
0 11
6 #edges
1 4
1 6
8 11
4 5
0 1
0 8
6 #edges
1 4
8 11
4 5
5 6
0 1
0 8
6 #edges
1 4
8 11
4 5
11 6
0 1
0 8
6 #edges
1 5
1 6
8 11
5 4
0 1
0 8
6 #edges
1 5
1 6
11 8
5 4
0 1
0 11
6 #edges
1 5
8 11
11 6
5 4
0 1
0 8
6 #edges
1 5
8 11
4 6
5 4
0 1
0 8
6 #edges
1 5
8 6
11 8
5 4
0 1
0 11
6 #edges
1 5
4 6
11 8
5 4
0 1
0 11
4 #trees for patient 42
6 #edges
1 5
8 6
4 1
11 8
0 4
0 11
6 #edges
1 5
8 11
4 1
11 6
0 8
0 4
6 #edges
1 4
8 6
4 5
11 8
0 1
0 11
6 #edges
1 4
8 11
4 5
11 6
0 1
0 8
12 #trees for patient 43
6 #edges
1 5
8 11
11 6
5 4
0 1
0 8
6 #edges
1 5
8 11
11 6
6 4
0 1
0 8
6 #edges
1 4
8 11
4 5
11 6
0 1
0 8
6 #edges
1 4
8 11
11 6
6 5
0 1
0 8
6 #edges
8 11
4 5
11 6
6 4
0 1
0 8
6 #edges
8 11
11 6
5 4
6 5
0 1
0 8
6 #edges
1 4
8 6
4 5
11 8
0 1
0 11
6 #edges
1 4
8 6
11 8
6 5
0 1
0 11
6 #edges
1 5
8 6
11 8
5 4
0 1
0 11
6 #edges
1 5
8 6
11 8
6 4
0 1
0 11
6 #edges
8 6
11 8
5 4
6 5
0 1
0 11
6 #edges
8 6
4 5
11 8
6 4
0 1
0 11
24 #trees for patient 44
6 #edges
1 4
8 6
11 8
5 1
0 11
0 5
6 #edges
8 4
8 6
11 8
5 1
0 11
0 5
6 #edges
8 6
4 1
11 8
5 4
0 11
0 5
6 #edges
8 1
8 6
11 8
5 4
0 11
0 5
6 #edges
8 4
8 6
4 1
11 8
0 11
0 5
6 #edges
1 4
8 1
8 6
11 8
0 11
0 5
6 #edges
1 5
8 6
4 1
11 8
0 4
0 11
6 #edges
8 5
8 6
4 1
11 8
0 4
0 11
6 #edges
8 6
4 5
11 8
5 1
0 4
0 11
6 #edges
8 1
8 6
4 5
11 8
0 4
0 11
6 #edges
1 5
8 1
8 6
11 8
0 4
0 11
6 #edges
8 5
8 6
11 8
5 1
0 4
0 11
6 #edges
1 4
8 6
4 5
11 8
0 1
0 11
6 #edges
1 4
8 5
8 6
11 8
0 1
0 11
6 #edges
1 5
8 6
11 8
5 4
0 1
0 11
6 #edges
1 5
8 4
8 6
11 8
0 1
0 11
6 #edges
8 4
8 6
4 5
11 8
0 1
0 11
6 #edges
8 5
8 6
11 8
5 4
0 1
0 11
6 #edges
8 4
8 6
4 5
11 8
5 1
0 11
6 #edges
1 5
8 4
8 6
4 1
11 8
0 11
6 #edges
1 4
8 1
8 6
4 5
11 8
0 11
6 #edges
1 5
8 1
8 6
11 8
5 4
0 11
6 #edges
1 4
8 5
8 6
11 8
5 1
0 11
6 #edges
8 5
8 6
4 1
11 8
5 4
0 11
6 #trees for patient 45
6 #edges
1 4
4 5
4 6
11 8
0 1
0 11
6 #edges
1 4
1 5
4 6
11 8
0 1
0 11
6 #edges
1 4
8 5
4 6
11 8
0 1
0 11
6 #edges
1 4
1 5
8 6
11 8
0 1
0 11
6 #edges
1 4
8 6
4 5
11 8
0 1
0 11
6 #edges
1 4
8 5
8 6
11 8
0 1
0 11
2 #trees for patient 46
6 #edges
1 4
8 6
4 5
11 8
0 1
0 11
6 #edges
1 4
4 5
11 6
6 8
0 1
0 11
8 #trees for patient 47
6 #edges
1 5
1 6
8 11
4 1
0 8
0 4
6 #edges
1 5
1 6
4 1
11 8
0 4
0 11
6 #edges
1 5
8 11
4 1
11 6
0 8
0 4
6 #edges
1 5
8 6
4 1
11 8
0 4
0 11
6 #edges
1 4
4 5
4 6
11 8
0 1
0 11
6 #edges
1 4
8 6
4 5
11 8
0 1
0 11
6 #edges
1 4
8 11
4 5
11 6
0 1
0 8
6 #edges
1 4
8 11
4 5
4 6
0 1
0 8
1 #trees for patient 48
6 #edges
1 4
8 6
4 5
11 8
0 1
0 11
12 #trees for patient 49
6 #edges
1 5
8 6
4 1
11 8
0 4
0 11
6 #edges
1 5
4 1
11 8
5 6
0 4
0 11
6 #edges
1 5
4 1
11 6
5 8
0 4
0 11
6 #edges
1 5
4 1
11 6
6 8
0 4
0 11
6 #edges
1 5
8 6
4 1
5 8
0 4
0 11
6 #edges
1 5
4 1
5 6
6 8
0 4
0 11
6 #edges
1 4
4 5
11 8
5 6
0 1
0 11
6 #edges
1 4
8 6
4 5
11 8
0 1
0 11
6 #edges
1 4
4 5
11 6
6 8
0 1
0 11
6 #edges
1 4
4 5
11 6
5 8
0 1
0 11
6 #edges
1 4
8 6
4 5
5 8
0 1
0 11
6 #edges
1 4
4 5
5 6
6 8
0 1
0 11
