50 # patients
4 #trees for patient 0
6 #edges
1 6
2 10
6 9
6 2
0 1
0 11
6 #edges
10 2
1 6
6 10
6 9
0 1
0 11
6 #edges
10 11
1 6
2 10
6 9
6 2
0 1
6 #edges
10 2
1 6
2 11
6 10
6 9
0 1
7 #trees for patient 1
6 #edges
10 2
1 6
6 10
6 9
0 1
0 11
6 #edges
9 2
1 6
6 10
6 9
0 1
0 11
6 #edges
1 6
2 10
6 9
6 2
0 1
0 11
6 #edges
9 10
1 6
6 9
6 2
0 1
0 11
6 #edges
9 10
9 2
1 6
6 9
0 1
0 11
6 #edges
9 2
1 6
2 10
6 9
0 1
0 11
6 #edges
10 2
9 10
1 6
6 9
0 1
0 11
1 #trees for patient 2
6 #edges
10 2
1 6
6 10
6 9
0 1
0 11
8 #trees for patient 3
6 #edges
10 9
1 10
1 2
6 1
0 11
0 6
6 #edges
1 10
1 9
1 2
6 1
0 11
0 6
6 #edges
10 2
1 10
1 9
6 1
0 11
0 6
6 #edges
10 9
10 2
1 10
6 1
0 11
0 6
6 #edges
1 6
6 10
6 9
6 2
0 1
0 11
6 #edges
10 2
1 6
6 10
6 9
0 1
0 11
6 #edges
10 9
1 6
6 10
6 2
0 1
0 11
6 #edges
10 9
10 2
1 6
6 10
0 1
0 11
4 #trees for patient 4
6 #edges
10 2
1 6
6 10
6 9
0 1
0 11
6 #edges
1 6
2 10
6 9
6 2
0 1
0 11
6 #edges
10 2
1 10
1 9
6 1
0 11
0 6
6 #edges
1 9
1 2
2 10
6 1
0 11
0 6
2 #trees for patient 5
6 #edges
10 2
1 10
1 9
6 1
0 11
0 6
6 #edges
10 2
1 6
6 10
6 9
0 1
0 11
4 #trees for patient 6
6 #edges
10 2
1 6
11 9
6 10
0 1
0 11
6 #edges
1 6
2 10
11 9
6 2
0 1
0 11
6 #edges
10 2
1 6
6 10
6 9
0 1
0 11
6 #edges
1 6
2 10
6 9
6 2
0 1
0 11
49 #trees for patient 7
6 #edges
10 2
1 10
1 11
1 6
0 9
0 1
6 #edges
1 10
1 2
1 11
1 6
0 9
0 1
6 #edges
1 10
1 11
1 6
6 2
0 9
0 1
6 #edges
1 2
1 11
1 6
2 10
0 9
0 1
6 #edges
1 2
1 11
1 6
6 10
0 9
0 1
6 #edges
1 11
1 6
2 10
6 2
0 9
0 1
6 #edges
10 2
1 11
1 6
6 10
0 9
0 1
6 #edges
10 2
1 10
1 9
1 6
0 1
0 11
6 #edges
10 2
1 10
1 6
11 9
0 1
0 11
6 #edges
10 2
1 10
1 6
6 9
0 1
0 11
6 #edges
1 10
1 2
1 6
11 9
0 1
0 11
6 #edges
1 10
1 9
1 2
1 6
0 1
0 11
6 #edges
1 10
1 2
1 6
6 9
0 1
0 11
6 #edges
1 10
1 6
11 9
6 2
0 1
0 11
6 #edges
1 10
1 9
1 6
6 2
0 1
0 11
6 #edges
1 10
1 6
6 9
6 2
0 1
0 11
6 #edges
1 6
2 10
6 9
6 2
0 1
0 11
6 #edges
1 6
2 10
11 9
6 2
0 1
0 11
6 #edges
1 9
1 6
2 10
6 2
0 1
0 11
6 #edges
10 2
1 9
1 6
6 10
0 1
0 11
6 #edges
1 9
1 2
1 6
6 10
0 1
0 11
6 #edges
1 9
1 2
1 6
2 10
0 1
0 11
6 #edges
1 2
1 6
11 9
6 10
0 1
0 11
6 #edges
1 2
1 6
6 10
6 9
0 1
0 11
6 #edges
1 2
1 6
2 10
11 9
0 1
0 11
6 #edges
1 2
1 6
2 10
6 9
0 1
0 11
6 #edges
10 2
1 6
6 10
6 9
0 1
0 11
6 #edges
10 2
1 6
11 9
6 10
0 1
0 11
6 #edges
1 10
1 9
1 2
1 11
1 6
0 1
6 #edges
1 9
1 2
1 11
1 6
6 10
0 1
6 #edges
1 9
1 2
1 11
1 6
2 10
0 1
6 #edges
10 2
1 10
1 9
1 11
1 6
0 1
6 #edges
1 10
1 9
1 11
1 6
6 2
0 1
6 #edges
10 2
1 9
1 11
1 6
6 10
0 1
6 #edges
1 9
1 11
1 6
2 10
6 2
0 1
6 #edges
1 10
1 2
1 11
1 6
11 9
0 1
6 #edges
1 10
1 2
1 11
1 6
6 9
0 1
6 #edges
1 2
1 11
1 6
2 10
6 9
0 1
6 #edges
1 2
1 11
1 6
6 10
6 9
0 1
6 #edges
1 2
1 11
1 6
11 9
6 10
0 1
6 #edges
1 2
1 11
1 6
2 10
11 9
0 1
6 #edges
1 10
1 11
1 6
11 9
6 2
0 1
6 #edges
1 11
1 6
2 10
11 9
6 2
0 1
6 #edges
10 2
1 11
1 6
11 9
6 10
0 1
6 #edges
10 2
1 10
1 11
1 6
11 9
0 1
6 #edges
10 2
1 11
1 6
6 10
6 9
0 1
6 #edges
1 10
1 11
1 6
6 9
6 2
0 1
6 #edges
1 11
1 6
2 10
6 9
6 2
0 1
6 #edges
10 2
1 10
1 11
1 6
6 9
0 1
6 #trees for patient 8
6 #edges
10 2
1 6
6 10
6 9
0 1
0 11
6 #edges
10 2
1 9
1 6
6 10
0 1
0 11
6 #edges
10 9
10 2
1 6
6 10
0 1
0 11
6 #edges
10 2
1 9
1 6
6 10
6 11
0 1
6 #edges
10 2
1 6
6 10
6 9
6 11
0 1
6 #edges
10 9
10 2
1 6
6 10
6 11
0 1
2 #trees for patient 9
6 #edges
10 2
1 10
1 9
6 1
0 11
0 6
6 #edges
10 2
1 6
6 10
6 9
0 1
0 11
7 #trees for patient 10
6 #edges
10 2
10 11
1 6
6 10
0 9
0 1
6 #edges
10 2
1 6
6 10
6 9
0 1
0 11
6 #edges
10 9
10 2
1 6
6 10
0 1
0 11
6 #edges
10 2
1 6
11 9
6 10
0 1
0 11
6 #edges
10 2
10 11
1 6
11 9
6 10
0 1
6 #edges
10 2
10 11
1 6
6 10
6 9
0 1
6 #edges
10 9
10 2
10 11
1 6
6 10
0 1
4 #trees for patient 11
6 #edges
1 9
1 2
2 10
6 1
0 11
0 6
6 #edges
10 2
1 10
1 9
6 1
0 11
0 6
6 #edges
10 2
1 6
6 10
6 9
0 1
0 11
6 #edges
1 6
2 10
6 9
6 2
0 1
0 11
3 #trees for patient 12
6 #edges
1 6
11 2
6 10
6 9
0 1
0 11
6 #edges
1 2
1 6
6 10
6 9
0 1
0 11
6 #edges
10 2
1 6
6 10
6 9
0 1
0 11
4 #trees for patient 13
6 #edges
1 6
2 10
6 9
6 2
0 1
0 11
6 #edges
10 2
1 6
6 10
6 9
0 1
0 11
6 #edges
1 9
1 2
2 10
6 1
0 11
0 6
6 #edges
10 2
1 10
1 9
6 1
0 11
0 6
4 #trees for patient 14
6 #edges
10 2
1 6
11 9
6 10
0 1
0 11
6 #edges
10 2
1 6
6 10
6 9
0 1
0 11
6 #edges
10 2
1 10
11 9
6 1
0 11
0 6
6 #edges
10 2
1 10
1 9
6 1
0 11
0 6
12 #trees for patient 15
6 #edges
1 6
11 10
6 9
0 1
0 2
0 11
6 #edges
1 6
6 10
6 9
0 1
0 2
0 11
6 #edges
1 9
11 10
6 1
0 2
0 11
0 6
6 #edges
1 10
1 9
6 1
0 2
0 11
0 6
6 #edges
10 2
1 6
11 10
6 9
0 1
0 11
6 #edges
1 6
11 10
6 9
6 2
0 1
0 11
6 #edges
10 2
1 6
6 10
6 9
0 1
0 11
6 #edges
1 6
11 2
6 10
6 9
0 1
0 11
6 #edges
1 10
1 9
11 2
6 1
0 11
0 6
6 #edges
1 9
1 2
11 10
6 1
0 11
0 6
6 #edges
10 2
1 9
11 10
6 1
0 11
0 6
6 #edges
10 2
1 10
1 9
6 1
0 11
0 6
4 #trees for patient 16
6 #edges
1 6
2 10
6 9
6 2
0 1
0 11
6 #edges
10 2
1 6
6 10
6 9
0 1
0 11
6 #edges
1 11
1 6
2 10
6 9
6 2
0 1
6 #edges
10 2
1 11
1 6
6 10
6 9
0 1
4 #trees for patient 17
6 #edges
1 6
2 10
6 9
6 2
0 1
0 11
6 #edges
10 2
1 6
6 10
6 9
0 1
0 11
6 #edges
10 2
1 10
1 9
6 1
0 11
0 6
6 #edges
1 9
1 2
2 10
6 1
0 11
0 6
24 #trees for patient 18
6 #edges
9 11
3 4
7 3
0 9
0 1
0 7
6 #edges
4 11
3 4
7 3
0 9
0 1
0 7
6 #edges
9 11
4 3
7 4
0 9
0 1
0 7
6 #edges
4 3
3 11
7 4
0 9
0 1
0 7
6 #edges
9 11
4 7
3 4
0 9
0 3
0 1
6 #edges
4 7
3 4
7 11
0 9
0 3
0 1
6 #edges
4 11
3 7
7 4
0 9
0 3
0 1
6 #edges
9 11
3 7
7 4
0 9
0 3
0 1
6 #edges
4 7
3 11
7 3
0 9
0 4
0 1
6 #edges
9 11
4 7
7 3
0 9
0 4
0 1
6 #edges
9 11
4 3
3 7
0 9
0 4
0 1
6 #edges
4 3
3 7
7 11
0 9
0 4
0 1
6 #edges
9 11
4 1
3 4
7 3
0 9
0 7
6 #edges
9 11
4 3
3 1
7 4
0 9
0 7
6 #edges
9 11
4 7
3 1
7 3
0 9
0 4
6 #edges
9 11
4 3
3 7
7 1
0 9
0 4
6 #edges
9 11
4 7
3 4
7 1
0 9
0 3
6 #edges
9 11
4 1
3 7
7 4
0 9
0 3
6 #edges
4 7
3 1
3 11
7 3
0 9
0 4
6 #edges
4 3
3 7
7 1
7 11
0 9
0 4
6 #edges
4 7
3 4
7 1
7 11
0 9
0 3
6 #edges
4 1
4 11
3 7
7 4
0 9
0 3
6 #edges
4 1
4 11
3 4
7 3
0 9
0 7
6 #edges
4 3
3 1
3 11
7 4
0 9
0 7
8 #trees for patient 19
6 #edges
4 3
3 11
7 4
0 9
0 1
0 7
6 #edges
4 7
3 11
7 3
0 9
0 4
0 1
6 #edges
4 3
3 9
3 11
7 4
0 1
0 7
6 #edges
4 7
3 9
3 11
7 3
0 4
0 1
6 #edges
4 3
4 1
3 11
7 4
0 9
0 7
6 #edges
4 7
3 11
7 3
7 1
0 9
0 4
6 #edges
4 3
4 1
3 9
3 11
7 4
0 7
6 #edges
4 7
3 9
3 11
7 3
7 1
0 4
4 #trees for patient 20
6 #edges
4 3
3 11
7 4
0 9
0 1
0 7
6 #edges
4 7
3 11
7 3
0 9
0 4
0 1
6 #edges
4 7
3 11
7 3
11 1
0 9
0 4
6 #edges
4 3
3 11
7 4
11 1
0 9
0 7
12 #trees for patient 21
6 #edges
4 7
3 11
7 3
0 9
0 4
0 1
6 #edges
4 7
7 3
7 11
0 9
0 4
0 1
6 #edges
4 7
7 11
11 3
0 9
0 4
0 1
6 #edges
4 7
7 9
7 3
7 11
0 4
0 1
6 #edges
4 7
3 11
7 9
7 3
0 4
0 1
6 #edges
4 7
7 9
7 11
11 3
0 4
0 1
6 #edges
4 1
4 7
3 11
7 3
0 9
0 4
6 #edges
4 1
4 7
7 3
7 11
0 9
0 4
6 #edges
4 1
4 7
7 11
11 3
0 9
0 4
6 #edges
4 1
4 7
7 9
7 3
7 11
0 4
6 #edges
4 1
4 7
7 9
7 11
11 3
0 4
6 #edges
4 1
4 7
3 11
7 9
7 3
0 4
4 #trees for patient 22
6 #edges
4 11
7 4
11 3
0 9
0 1
0 7
6 #edges
4 3
3 11
7 4
0 9
0 1
0 7
6 #edges
4 7
3 11
7 3
0 9
0 4
0 1
6 #edges
4 7
7 11
11 3
0 9
0 4
0 1
12 #trees for patient 23
6 #edges
4 11
3 7
11 3
0 9
0 4
0 1
6 #edges
4 11
7 3
11 7
0 9
0 4
0 1
6 #edges
4 3
3 11
11 7
0 9
0 4
0 1
6 #edges
4 3
3 7
7 11
0 9
0 4
0 1
6 #edges
4 7
3 11
7 3
0 9
0 4
0 1
6 #edges
4 7
7 11
11 3
0 9
0 4
0 1
6 #edges
4 7
3 9
7 11
11 3
0 4
0 1
6 #edges
4 7
3 11
7 3
11 9
0 4
0 1
6 #edges
4 11
3 9
7 3
11 7
0 4
0 1
6 #edges
4 11
3 7
7 9
11 3
0 4
0 1
6 #edges
4 3
3 7
7 11
11 9
0 4
0 1
6 #edges
4 3
3 11
7 9
11 7
0 4
0 1
3 #trees for patient 24
6 #edges
4 7
3 11
7 3
0 9
0 4
0 1
6 #edges
4 7
3 11
1 9
7 3
0 4
0 1
6 #edges
4 7
3 11
7 3
11 9
0 4
0 1
120 #trees for patient 25
6 #edges
9 4
3 7
11 3
0 9
0 1
0 11
6 #edges
9 4
4 7
11 3
0 9
0 1
0 11
6 #edges
3 7
7 4
11 3
0 9
0 1
0 11
6 #edges
9 7
3 4
11 3
0 9
0 1
0 11
6 #edges
4 7
3 4
11 3
0 9
0 1
0 11
6 #edges
9 7
7 4
11 3
0 9
0 1
0 11
6 #edges
9 3
3 4
11 7
0 9
0 1
0 11
6 #edges
9 3
7 4
11 7
0 9
0 1
0 11
6 #edges
9 3
4 7
3 4
0 9
0 1
0 11
6 #edges
9 3
3 7
11 4
0 9
0 1
0 11
6 #edges
9 3
3 7
7 4
0 9
0 1
0 11
6 #edges
9 3
4 7
11 4
0 9
0 1
0 11
6 #edges
9 4
4 3
3 7
0 9
0 1
0 11
6 #edges
9 4
4 3
11 7
0 9
0 1
0 11
6 #edges
9 4
7 3
11 7
0 9
0 1
0 11
6 #edges
9 4
4 7
7 3
0 9
0 1
0 11
6 #edges
4 3
7 4
11 7
0 9
0 1
0 11
6 #edges
3 4
7 3
11 7
0 9
0 1
0 11
6 #edges
4 7
7 3
11 4
0 9
0 1
0 11
6 #edges
4 3
3 7
11 4
0 9
0 1
0 11
6 #edges
9 7
4 3
11 4
0 9
0 1
0 11
6 #edges
9 7
7 3
11 4
0 9
0 1
0 11
6 #edges
9 7
3 4
7 3
0 9
0 1
0 11
6 #edges
9 7
4 3
7 4
0 9
0 1
0 11
6 #edges
9 4
7 11
11 3
0 9
0 1
0 7
6 #edges
9 4
4 3
7 11
0 9
0 1
0 7
6 #edges
9 3
7 11
11 4
0 9
0 1
0 7
6 #edges
9 3
3 4
7 11
0 9
0 1
0 7
6 #edges
4 3
7 11
11 4
0 9
0 1
0 7
6 #edges
3 4
7 11
11 3
0 9
0 1
0 7
6 #edges
9 11
3 4
11 3
0 9
0 1
0 7
6 #edges
9 11
7 4
11 3
0 9
0 1
0 7
6 #edges
9 11
4 3
7 4
0 9
0 1
0 7
6 #edges
9 11
4 3
11 4
0 9
0 1
0 7
6 #edges
9 11
7 3
11 4
0 9
0 1
0 7
6 #edges
9 11
3 4
7 3
0 9
0 1
0 7
6 #edges
9 4
4 3
3 11
0 9
0 1
0 7
6 #edges
9 4
4 11
7 3
0 9
0 1
0 7
6 #edges
9 4
4 11
11 3
0 9
0 1
0 7
6 #edges
9 4
3 11
7 3
0 9
0 1
0 7
6 #edges
9 3
4 11
7 4
0 9
0 1
0 7
6 #edges
9 3
3 11
7 4
0 9
0 1
0 7
6 #edges
4 3
3 11
7 4
0 9
0 1
0 7
6 #edges
4 11
7 4
11 3
0 9
0 1
0 7
6 #edges
3 11
7 3
11 4
0 9
0 1
0 7
6 #edges
4 11
3 4
7 3
0 9
0 1
0 7
6 #edges
9 3
4 11
3 4
0 9
0 1
0 7
6 #edges
9 3
3 11
11 4
0 9
0 1
0 7
6 #edges
9 4
3 11
11 7
0 9
0 3
0 1
6 #edges
3 11
7 4
11 7
0 9
0 3
0 1
6 #edges
9 7
3 11
11 4
0 9
0 3
0 1
6 #edges
4 7
3 11
11 4
0 9
0 3
0 1
6 #edges
9 7
3 11
7 4
0 9
0 3
0 1
6 #edges
9 4
4 7
3 11
0 9
0 3
0 1
6 #edges
9 4
4 11
3 7
0 9
0 3
0 1
6 #edges
9 4
3 7
7 11
0 9
0 3
0 1
6 #edges
9 4
4 7
7 11
0 9
0 3
0 1
6 #edges
9 4
4 11
11 7
0 9
0 3
0 1
6 #edges
9 11
7 4
11 7
0 9
0 3
0 1
6 #edges
9 11
3 4
11 7
0 9
0 3
0 1
6 #edges
9 11
4 7
3 4
0 9
0 3
0 1
6 #edges
9 11
3 7
7 4
0 9
0 3
0 1
6 #edges
9 11
3 7
11 4
0 9
0 3
0 1
6 #edges
9 11
4 7
11 4
0 9
0 3
0 1
6 #edges
3 7
7 11
11 4
0 9
0 3
0 1
6 #edges
4 11
3 7
7 4
0 9
0 3
0 1
6 #edges
9 7
4 11
3 4
0 9
0 3
0 1
6 #edges
4 11
3 4
11 7
0 9
0 3
0 1
6 #edges
4 7
3 4
7 11
0 9
0 3
0 1
6 #edges
9 7
3 4
7 11
0 9
0 3
0 1
6 #edges
9 7
4 11
7 4
0 9
0 3
0 1
6 #edges
9 7
7 11
11 4
0 9
0 3
0 1
6 #edges
9 7
4 3
3 11
0 9
0 4
0 1
6 #edges
4 3
3 11
11 7
0 9
0 4
0 1
6 #edges
4 3
3 7
7 11
0 9
0 4
0 1
6 #edges
9 11
4 3
3 7
0 9
0 4
0 1
6 #edges
9 11
4 3
11 7
0 9
0 4
0 1
6 #edges
9 7
4 3
7 11
0 9
0 4
0 1
6 #edges
9 3
4 11
11 7
0 9
0 4
0 1
6 #edges
9 3
4 11
3 7
0 9
0 4
0 1
6 #edges
4 11
7 3
11 7
0 9
0 4
0 1
6 #edges
4 11
3 7
11 3
0 9
0 4
0 1
6 #edges
9 7
4 11
11 3
0 9
0 4
0 1
6 #edges
9 7
4 11
7 3
0 9
0 4
0 1
6 #edges
4 7
7 11
11 3
0 9
0 4
0 1
6 #edges
9 3
4 7
7 11
0 9
0 4
0 1
6 #edges
9 11
4 7
7 3
0 9
0 4
0 1
6 #edges
9 11
4 7
11 3
0 9
0 4
0 1
6 #edges
9 3
4 7
3 11
0 9
0 4
0 1
6 #edges
4 7
3 11
7 3
0 9
0 4
0 1
6 #edges
9 11
7 3
11 7
0 9
0 4
0 1
6 #edges
9 11
3 7
11 3
0 9
0 4
0 1
6 #edges
9 7
3 11
7 3
0 9
0 4
0 1
6 #edges
9 7
7 11
11 3
0 9
0 4
0 1
6 #edges
9 3
3 11
11 7
0 9
0 4
0 1
6 #edges
9 3
3 7
7 11
0 9
0 4
0 1
6 #edges
9 3
4 7
3 4
7 11
0 9
0 1
6 #edges
9 3
4 11
3 4
11 7
0 9
0 1
6 #edges
9 3
4 7
3 11
11 4
0 9
0 1
6 #edges
9 3
3 11
7 4
11 7
0 9
0 1
6 #edges
9 3
3 7
7 11
11 4
0 9
0 1
6 #edges
9 3
4 11
3 7
7 4
0 9
0 1
6 #edges
9 4
4 11
7 3
11 7
0 9
0 1
6 #edges
9 4
4 11
3 7
11 3
0 9
0 1
6 #edges
9 4
4 7
7 11
11 3
0 9
0 1
6 #edges
9 4
4 7
3 11
7 3
0 9
0 1
6 #edges
9 4
4 3
3 7
7 11
0 9
0 1
6 #edges
9 4
4 3
3 11
11 7
0 9
0 1
6 #edges
9 11
4 7
7 3
11 4
0 9
0 1
6 #edges
9 11
4 3
3 7
11 4
0 9
0 1
6 #edges
9 11
4 3
7 4
11 7
0 9
0 1
6 #edges
9 11
3 4
7 3
11 7
0 9
0 1
6 #edges
9 11
3 7
7 4
11 3
0 9
0 1
6 #edges
9 11
4 7
3 4
11 3
0 9
0 1
6 #edges
9 7
4 11
3 4
7 3
0 9
0 1
6 #edges
9 7
3 11
7 3
11 4
0 9
0 1
6 #edges
9 7
4 3
3 11
7 4
0 9
0 1
6 #edges
9 7
4 11
7 4
11 3
0 9
0 1
6 #edges
9 7
4 3
7 11
11 4
0 9
0 1
6 #edges
9 7
3 4
7 11
11 3
0 9
0 1
24 #trees for patient 26
6 #edges
4 11
3 4
11 7
0 9
0 3
0 1
6 #edges
4 7
3 4
7 11
0 9
0 3
0 1
6 #edges
4 11
3 7
7 4
0 9
0 3
0 1
6 #edges
3 7
7 11
11 4
0 9
0 3
0 1
6 #edges
3 11
7 4
11 7
0 9
0 3
0 1
6 #edges
4 7
3 11
11 4
0 9
0 3
0 1
6 #edges
4 11
3 7
11 3
0 9
0 4
0 1
6 #edges
4 11
7 3
11 7
0 9
0 4
0 1
6 #edges
4 3
3 11
11 7
0 9
0 4
0 1
6 #edges
4 3
3 7
7 11
0 9
0 4
0 1
6 #edges
4 7
3 11
7 3
0 9
0 4
0 1
6 #edges
4 7
7 11
11 3
0 9
0 4
0 1
6 #edges
4 3
7 11
11 4
0 9
0 1
0 7
6 #edges
3 4
7 11
11 3
0 9
0 1
0 7
6 #edges
3 11
7 3
11 4
0 9
0 1
0 7
6 #edges
4 11
3 4
7 3
0 9
0 1
0 7
6 #edges
4 3
3 11
7 4
0 9
0 1
0 7
6 #edges
4 11
7 4
11 3
0 9
0 1
0 7
6 #edges
4 3
3 7
11 4
0 9
0 1
0 11
6 #edges
4 7
7 3
11 4
0 9
0 1
0 11
6 #edges
3 4
7 3
11 7
0 9
0 1
0 11
6 #edges
4 3
7 4
11 7
0 9
0 1
0 11
6 #edges
4 7
3 4
11 3
0 9
0 1
0 11
6 #edges
3 7
7 4
11 3
0 9
0 1
0 11
13 #trees for patient 27
6 #edges
4 3
3 7
7 11
0 9
0 4
0 1
6 #edges
4 3
4 11
3 7
0 9
0 4
0 1
6 #edges
4 3
4 7
7 11
0 9
0 4
0 1
6 #edges
4 3
4 7
4 11
0 9
0 4
0 1
6 #edges
4 3
4 7
3 11
0 9
0 4
0 1
6 #edges
4 3
4 11
11 7
0 9
0 4
0 1
6 #edges
4 3
3 11
11 7
0 9
0 4
0 1
6 #edges
4 7
7 11
11 3
0 9
0 4
0 1
6 #edges
4 7
3 11
7 3
0 9
0 4
0 1
6 #edges
4 7
4 11
7 3
0 9
0 4
0 1
6 #edges
4 7
4 11
11 3
0 9
0 4
0 1
6 #edges
4 11
3 7
11 3
0 9
0 4
0 1
6 #edges
4 11
7 3
11 7
0 9
0 4
0 1
24 #trees for patient 28
6 #edges
4 7
7 11
11 3
0 9
0 4
0 1
6 #edges
4 7
3 11
7 3
0 9
0 4
0 1
6 #edges
4 11
3 7
11 3
0 9
0 4
0 1
6 #edges
4 11
7 3
11 7
0 9
0 4
0 1
6 #edges
4 3
3 7
7 11
0 9
0 4
0 1
6 #edges
4 3
3 11
11 7
0 9
0 4
0 1
6 #edges
4 11
3 1
7 3
11 7
0 9
0 4
6 #edges
4 11
3 7
7 1
11 3
0 9
0 4
6 #edges
4 3
3 7
7 11
11 1
0 9
0 4
6 #edges
4 3
3 11
7 1
11 7
0 9
0 4
6 #edges
4 7
3 11
7 3
11 1
0 9
0 4
6 #edges
4 7
3 1
7 11
11 3
0 9
0 4
6 #edges
4 9
4 3
3 11
11 7
0 4
0 1
6 #edges
4 9
4 3
3 7
7 11
0 4
0 1
6 #edges
4 9
4 11
7 3
11 7
0 4
0 1
6 #edges
4 9
4 11
3 7
11 3
0 4
0 1
6 #edges
4 9
4 7
7 11
11 3
0 4
0 1
6 #edges
4 9
4 7
3 11
7 3
0 4
0 1
6 #edges
4 9
4 3
3 7
7 11
11 1
0 4
6 #edges
4 9
4 3
3 11
7 1
11 7
0 4
6 #edges
4 9
4 11
3 7
7 1
11 3
0 4
6 #edges
4 9
4 11
3 1
7 3
11 7
0 4
6 #edges
4 9
4 7
3 11
7 3
11 1
0 4
6 #edges
4 9
4 7
3 1
7 11
11 3
0 4
4 #trees for patient 29
6 #edges
4 3
3 11
7 4
0 9
0 1
0 7
6 #edges
4 7
3 11
7 3
0 9
0 4
0 1
6 #edges
4 3
3 9
3 11
7 4
0 1
0 7
6 #edges
4 7
3 9
3 11
7 3
0 4
0 1
12 #trees for patient 30
6 #edges
3 4
1 11
7 3
0 9
0 1
0 7
6 #edges
4 3
1 11
7 4
0 9
0 1
0 7
6 #edges
4 3
3 11
7 4
0 9
0 1
0 7
6 #edges
4 11
3 4
7 3
0 9
0 1
0 7
6 #edges
3 7
1 11
7 4
0 9
0 3
0 1
6 #edges
4 7
3 4
1 11
0 9
0 3
0 1
6 #edges
4 7
3 4
7 11
0 9
0 3
0 1
6 #edges
4 11
3 7
7 4
0 9
0 3
0 1
6 #edges
4 3
3 7
1 11
0 9
0 4
0 1
6 #edges
4 3
3 7
7 11
0 9
0 4
0 1
6 #edges
4 7
1 11
7 3
0 9
0 4
0 1
6 #edges
4 7
3 11
7 3
0 9
0 4
0 1
12 #trees for patient 31
6 #edges
4 3
3 11
11 7
0 9
0 4
0 1
6 #edges
4 3
3 7
7 11
0 9
0 4
0 1
6 #edges
4 11
7 3
11 7
0 9
0 4
0 1
6 #edges
4 11
3 7
11 3
0 9
0 4
0 1
6 #edges
4 7
7 11
11 3
0 9
0 4
0 1
6 #edges
4 7
3 11
7 3
0 9
0 4
0 1
6 #edges
9 1
4 11
3 7
11 3
0 9
0 4
6 #edges
9 1
4 11
7 3
11 7
0 9
0 4
6 #edges
9 1
4 3
3 11
11 7
0 9
0 4
6 #edges
9 1
4 3
3 7
7 11
0 9
0 4
6 #edges
9 1
4 7
7 11
11 3
0 9
0 4
6 #edges
9 1
4 7
3 11
7 3
0 9
0 4
8 #trees for patient 32
6 #edges
4 7
3 11
7 3
0 9
0 4
0 1
6 #edges
4 7
7 11
11 3
0 9
0 4
0 1
6 #edges
4 9
4 7
3 11
7 3
0 4
0 1
6 #edges
4 9
4 7
7 11
11 3
0 4
0 1
6 #edges
4 7
3 11
7 3
11 1
0 9
0 4
6 #edges
4 7
3 1
7 11
11 3
0 9
0 4
6 #edges
4 9
4 7
3 1
7 11
11 3
0 4
6 #edges
4 9
4 7
3 11
7 3
11 1
0 4
36 #trees for patient 33
6 #edges
4 11
3 7
7 4
0 9
0 3
0 1
6 #edges
4 9
4 11
3 7
7 4
0 3
0 1
6 #edges
4 7
3 4
7 11
0 9
0 3
0 1
6 #edges
4 7
3 4
7 9
7 11
0 3
0 1
6 #edges
4 3
3 11
7 4
0 9
0 1
0 7
6 #edges
4 11
3 4
7 3
0 9
0 1
0 7
6 #edges
4 3
3 7
7 11
0 9
0 4
0 1
6 #edges
4 7
3 11
7 3
0 9
0 4
0 1
6 #edges
4 3
3 9
3 11
7 4
0 1
0 7
6 #edges
4 9
4 11
3 4
7 3
0 1
0 7
6 #edges
4 7
3 9
3 11
7 3
0 4
0 1
6 #edges
4 3
3 7
7 9
7 11
0 4
0 1
6 #edges
9 1
4 7
3 4
7 11
0 9
0 3
6 #edges
9 1
4 11
3 7
7 4
0 9
0 3
6 #edges
4 1
4 11
3 7
7 4
0 9
0 3
6 #edges
4 7
3 4
7 1
7 11
0 9
0 3
6 #edges
9 1
4 3
3 7
7 11
0 9
0 4
6 #edges
4 3
3 7
7 1
7 11
0 9
0 4
6 #edges
9 1
4 7
3 11
7 3
0 9
0 4
6 #edges
4 7
3 1
3 11
7 3
0 9
0 4
6 #edges
9 1
4 11
3 4
7 3
0 9
0 7
6 #edges
9 1
4 3
3 11
7 4
0 9
0 7
6 #edges
4 1
4 11
3 4
7 3
0 9
0 7
6 #edges
4 3
3 1
3 11
7 4
0 9
0 7
6 #edges
9 1
4 9
4 11
3 4
7 3
0 7
6 #edges
4 9
4 1
4 11
3 4
7 3
0 7
6 #edges
9 1
4 3
3 9
3 11
7 4
0 7
6 #edges
4 3
3 9
3 1
3 11
7 4
0 7
6 #edges
4 7
3 4
7 9
7 1
7 11
0 3
6 #edges
9 1
4 7
3 4
7 9
7 11
0 3
6 #edges
9 1
4 9
4 11
3 7
7 4
0 3
6 #edges
4 9
4 1
4 11
3 7
7 4
0 3
6 #edges
9 1
4 3
3 7
7 9
7 11
0 4
6 #edges
4 3
3 7
7 9
7 1
7 11
0 4
6 #edges
9 1
4 7
3 9
3 11
7 3
0 4
6 #edges
4 7
3 9
3 1
3 11
7 3
0 4
26 #trees for patient 34
6 #edges
4 11
7 4
11 3
0 9
0 1
0 7
6 #edges
4 11
1 3
7 4
0 9
0 1
0 7
6 #edges
9 3
4 11
7 4
0 9
0 1
0 7
6 #edges
4 3
1 11
7 4
0 9
0 1
0 7
6 #edges
4 3
3 11
7 4
0 9
0 1
0 7
6 #edges
9 11
4 3
7 4
0 9
0 1
0 7
6 #edges
9 3
1 11
7 4
0 9
0 1
0 7
6 #edges
9 3
3 11
7 4
0 9
0 1
0 7
6 #edges
9 3
9 11
7 4
0 9
0 1
0 7
6 #edges
1 11
7 4
11 3
0 9
0 1
0 7
6 #edges
3 11
1 3
7 4
0 9
0 1
0 7
6 #edges
9 11
1 3
7 4
0 9
0 1
0 7
6 #edges
9 11
7 4
11 3
0 9
0 1
0 7
6 #edges
4 7
1 11
11 3
0 9
0 4
0 1
6 #edges
9 3
4 7
1 11
0 9
0 4
0 1
6 #edges
4 7
1 11
7 3
0 9
0 4
0 1
6 #edges
4 7
1 3
7 11
0 9
0 4
0 1
6 #edges
4 7
3 11
1 3
0 9
0 4
0 1
6 #edges
9 11
4 7
1 3
0 9
0 4
0 1
6 #edges
9 3
9 11
4 7
0 9
0 4
0 1
6 #edges
9 11
4 7
11 3
0 9
0 4
0 1
6 #edges
9 11
4 7
7 3
0 9
0 4
0 1
6 #edges
9 3
4 7
7 11
0 9
0 4
0 1
6 #edges
9 3
4 7
3 11
0 9
0 4
0 1
6 #edges
4 7
7 11
11 3
0 9
0 4
0 1
6 #edges
4 7
3 11
7 3
0 9
0 4
0 1
6 #trees for patient 35
6 #edges
4 7
3 11
7 3
0 9
0 4
0 1
6 #edges
4 7
7 3
7 11
0 9
0 4
0 1
6 #edges
4 7
7 11
11 3
0 9
0 4
0 1
6 #edges
4 3
4 11
7 4
0 9
0 1
0 7
6 #edges
4 3
3 11
7 4
0 9
0 1
0 7
6 #edges
4 11
7 4
11 3
0 9
0 1
0 7
2 #trees for patient 36
6 #edges
4 7
3 11
7 3
0 9
0 4
0 1
6 #edges
4 3
3 11
7 4
0 9
0 1
0 7
8 #trees for patient 37
6 #edges
4 11
7 4
11 3
0 9
0 1
0 7
6 #edges
4 3
3 11
7 4
0 9
0 1
0 7
6 #edges
4 7
3 11
7 3
0 9
0 4
0 1
6 #edges
4 7
7 11
11 3
0 9
0 4
0 1
6 #edges
4 7
1 9
7 11
11 3
0 4
0 1
6 #edges
4 7
3 11
1 9
7 3
0 4
0 1
6 #edges
4 3
3 11
1 9
7 4
0 1
0 7
6 #edges
4 11
1 9
7 4
11 3
0 1
0 7
4 #trees for patient 38
6 #edges
10 3
10 2
8 1
1 10
0 9
0 8
6 #edges
10 3
10 2
8 10
1 8
0 9
0 1
6 #edges
10 3
10 2
3 9
8 10
1 8
0 1
6 #edges
10 3
10 2
3 9
8 1
1 10
0 8
2 #trees for patient 39
6 #edges
10 3
10 2
8 1
1 10
0 9
0 8
6 #edges
10 3
10 2
8 10
1 8
0 9
0 1
2 #trees for patient 40
6 #edges
10 2
9 3
8 10
1 8
0 9
0 1
6 #edges
10 3
10 2
8 10
1 8
0 9
0 1
4 #trees for patient 41
6 #edges
10 3
10 2
8 10
1 8
0 9
0 1
6 #edges
10 2
8 10
1 8
2 3
0 9
0 1
6 #edges
10 3
10 2
8 1
1 10
0 9
0 8
6 #edges
10 2
8 1
1 10
2 3
0 9
0 8
24 #trees for patient 42
6 #edges
10 1
8 10
1 9
1 3
0 8
0 2
6 #edges
10 9
10 3
8 1
1 10
0 8
0 2
6 #edges
10 8
8 9
8 3
1 10
0 1
0 2
6 #edges
10 9
10 3
8 10
1 8
0 1
0 2
6 #edges
10 8
8 1
1 9
1 3
0 10
0 2
6 #edges
10 1
8 9
8 3
1 8
0 10
0 2
6 #edges
10 8
9 2
8 1
1 3
0 10
0 9
6 #edges
10 8
8 1
1 3
1 2
0 10
0 9
6 #edges
10 1
9 2
8 3
1 8
0 10
0 9
6 #edges
10 1
8 3
8 2
1 8
0 10
0 9
6 #edges
10 8
8 3
8 2
1 10
0 9
0 1
6 #edges
10 8
9 2
8 3
1 10
0 9
0 1
6 #edges
10 3
9 2
8 10
1 8
0 9
0 1
6 #edges
10 3
10 2
8 10
1 8
0 9
0 1
6 #edges
10 3
10 2
8 1
1 10
0 9
0 8
6 #edges
10 3
9 2
8 1
1 10
0 9
0 8
6 #edges
10 1
8 10
1 3
1 2
0 9
0 8
6 #edges
10 1
9 2
8 10
1 3
0 9
0 8
6 #edges
10 9
10 3
9 2
8 10
1 8
0 1
6 #edges
10 8
9 2
8 9
8 3
1 10
0 1
6 #edges
10 9
10 3
9 2
8 1
1 10
0 8
6 #edges
10 1
9 2
8 10
1 9
1 3
0 8
6 #edges
10 8
9 2
8 1
1 9
1 3
0 10
6 #edges
10 1
9 2
8 9
8 3
1 8
0 10
4 #trees for patient 43
6 #edges
10 3
10 2
8 10
1 8
0 9
0 1
6 #edges
10 3
10 2
8 1
1 10
0 9
0 8
6 #edges
10 3
10 2
3 9
8 10
1 8
0 1
6 #edges
10 3
10 2
3 9
8 1
1 10
0 8
2 #trees for patient 44
6 #edges
10 3
10 2
8 10
1 8
0 9
0 1
6 #edges
10 2
8 10
1 8
2 3
0 9
0 1
6 #trees for patient 45
6 #edges
9 3
8 10
1 8
1 2
0 9
0 1
6 #edges
10 2
9 3
8 10
1 8
0 9
0 1
6 #edges
9 3
8 10
8 2
1 8
0 9
0 1
6 #edges
10 3
8 10
8 2
1 8
0 9
0 1
6 #edges
10 3
8 10
1 8
1 2
0 9
0 1
6 #edges
10 3
10 2
8 10
1 8
0 9
0 1
6 #trees for patient 46
6 #edges
10 1
8 10
1 3
1 2
0 9
0 8
6 #edges
10 3
10 2
8 1
1 10
0 9
0 8
6 #edges
10 8
8 1
1 3
1 2
0 10
0 9
6 #edges
10 1
8 3
8 2
1 8
0 10
0 9
6 #edges
10 3
10 2
8 10
1 8
0 9
0 1
6 #edges
10 8
8 3
8 2
1 10
0 9
0 1
4 #trees for patient 47
6 #edges
10 3
10 2
8 1
1 10
0 9
0 8
6 #edges
10 3
10 2
8 10
1 8
0 9
0 1
6 #edges
10 3
10 2
3 9
8 10
1 8
0 1
6 #edges
10 3
10 2
3 9
8 1
1 10
0 8
2 #trees for patient 48
6 #edges
10 3
10 2
8 10
1 8
0 9
0 1
6 #edges
10 3
10 2
3 9
8 10
1 8
0 1
3 #trees for patient 49
6 #edges
10 3
10 2
8 10
1 8
0 9
0 1
6 #edges
10 3
9 2
8 10
1 8
0 9
0 1
6 #edges
10 3
3 2
8 10
1 8
0 9
0 1
