50 # patients
13 #trees for patient 0
6 #edges
2 1
0 2
0 10
6 11
6 9
10 6
6 #edges
0 2
0 10
6 11
6 9
9 1
10 6
6 #edges
11 1
0 2
0 10
6 11
6 9
10 6
6 #edges
1 2
0 1
0 10
6 11
6 9
10 6
6 #edges
0 1
0 10
6 11
6 9
9 2
10 6
6 #edges
11 2
0 1
0 10
6 11
6 9
10 6
6 #edges
1 2
11 1
0 10
6 11
6 9
10 6
6 #edges
11 1
11 2
0 10
6 11
6 9
10 6
6 #edges
11 1
0 10
6 11
6 9
9 2
10 6
6 #edges
11 2
2 1
0 10
6 11
6 9
10 6
6 #edges
11 2
0 10
6 11
6 9
9 1
10 6
6 #edges
2 1
0 10
6 11
6 9
9 2
10 6
6 #edges
1 2
0 10
6 11
6 9
9 1
10 6
14 #trees for patient 1
6 #edges
2 1
0 2
0 10
6 9
10 11
10 6
6 #edges
2 1
0 2
0 10
6 11
6 9
10 6
6 #edges
0 2
0 10
6 9
10 1
10 11
10 6
6 #edges
0 2
0 10
6 11
6 9
10 1
10 6
6 #edges
0 1
0 10
6 9
10 11
10 2
10 6
6 #edges
1 2
0 1
0 10
6 9
10 11
10 6
6 #edges
1 2
0 1
0 10
6 11
6 9
10 6
6 #edges
0 1
0 10
6 11
6 9
10 2
10 6
6 #edges
0 10
6 9
10 1
10 11
10 2
10 6
6 #edges
1 2
0 10
6 9
10 1
10 11
10 6
6 #edges
1 2
0 10
6 11
6 9
10 1
10 6
6 #edges
0 10
6 11
6 9
10 1
10 2
10 6
6 #edges
2 1
0 10
6 11
6 9
10 2
10 6
6 #edges
2 1
0 10
6 9
10 11
10 2
10 6
4 #trees for patient 2
6 #edges
2 1
0 2
0 10
6 11
6 9
10 6
6 #edges
1 9
2 1
0 2
0 10
6 11
10 6
6 #edges
1 2
2 9
0 1
0 10
6 11
10 6
6 #edges
1 2
0 1
0 10
6 11
6 9
10 6
16 #trees for patient 3
6 #edges
0 1
0 2
0 6
6 10
10 11
10 9
6 #edges
0 1
0 2
0 10
6 11
6 9
10 6
6 #edges
0 2
0 10
6 11
6 9
9 1
10 6
6 #edges
2 1
0 2
0 10
6 11
6 9
10 6
6 #edges
2 1
0 2
0 6
6 10
10 11
10 9
6 #edges
0 2
0 6
6 10
9 1
10 11
10 9
6 #edges
1 2
0 1
0 10
6 11
6 9
10 6
6 #edges
0 1
0 10
6 11
6 9
9 2
10 6
6 #edges
1 2
0 1
0 6
6 10
10 11
10 9
6 #edges
0 1
0 6
6 10
9 2
10 11
10 9
6 #edges
0 10
6 11
6 9
9 1
9 2
10 6
6 #edges
1 2
0 10
6 11
6 9
9 1
10 6
6 #edges
2 1
0 10
6 11
6 9
9 2
10 6
6 #edges
0 6
6 10
9 1
9 2
10 11
10 9
6 #edges
2 1
0 6
6 10
9 2
10 11
10 9
6 #edges
1 2
0 6
6 10
9 1
10 11
10 9
24 #trees for patient 4
6 #edges
1 2
2 11
0 1
0 6
0 9
6 10
6 #edges
1 2
0 1
0 6
0 9
6 10
10 11
6 #edges
2 1
0 2
0 6
0 9
6 10
10 11
6 #edges
1 11
2 1
0 2
0 6
0 9
6 10
6 #edges
1 11
2 1
0 2
0 9
0 10
10 6
6 #edges
2 1
0 2
0 9
0 10
6 11
10 6
6 #edges
1 2
0 1
0 9
0 10
6 11
10 6
6 #edges
1 2
2 11
0 1
0 9
0 10
10 6
6 #edges
1 2
0 1
0 10
6 11
6 9
10 6
6 #edges
1 2
2 11
0 1
0 10
6 9
10 6
6 #edges
2 1
0 2
0 10
6 11
6 9
10 6
6 #edges
1 11
2 1
0 2
0 10
6 9
10 6
6 #edges
1 2
2 11
2 9
0 1
0 10
10 6
6 #edges
1 2
2 9
0 1
0 10
6 11
10 6
6 #edges
1 9
2 1
0 2
0 10
6 11
10 6
6 #edges
1 11
1 9
2 1
0 2
0 10
10 6
6 #edges
2 1
0 2
0 6
6 10
10 11
10 9
6 #edges
1 11
2 1
0 2
0 6
6 10
10 9
6 #edges
1 9
2 1
0 2
0 6
6 10
10 11
6 #edges
1 11
1 9
2 1
0 2
0 6
6 10
6 #edges
1 2
0 1
0 6
6 10
10 11
10 9
6 #edges
1 2
2 9
0 1
0 6
6 10
10 11
6 #edges
1 2
2 11
0 1
0 6
6 10
10 9
6 #edges
1 2
2 11
2 9
0 1
0 6
6 10
8 #trees for patient 5
6 #edges
1 11
1 9
2 1
0 2
0 10
10 6
6 #edges
1 11
2 1
0 2
0 10
6 9
10 6
6 #edges
1 9
2 1
0 2
0 10
6 11
10 6
6 #edges
2 1
0 2
0 10
6 11
6 9
10 6
6 #edges
1 2
2 11
2 9
0 1
0 10
10 6
6 #edges
1 2
2 9
0 1
0 10
6 11
10 6
6 #edges
1 2
0 1
0 10
6 11
6 9
10 6
6 #edges
1 2
2 11
0 1
0 10
6 9
10 6
4 #trees for patient 6
6 #edges
2 1
0 2
0 6
6 10
10 11
10 9
6 #edges
2 1
0 2
0 6
6 10
9 11
10 9
6 #edges
2 1
0 2
0 10
6 11
6 9
10 6
6 #edges
2 1
0 2
0 10
6 9
9 11
10 6
7 #trees for patient 7
6 #edges
2 1
0 2
0 10
6 11
6 9
10 6
6 #edges
0 2
0 10
6 11
6 9
9 1
10 6
6 #edges
1 2
0 1
0 10
6 11
6 9
10 6
6 #edges
0 1
0 10
6 11
6 9
9 2
10 6
6 #edges
0 10
6 11
6 9
9 1
9 2
10 6
6 #edges
2 1
0 10
6 11
6 9
9 2
10 6
6 #edges
1 2
0 10
6 11
6 9
9 1
10 6
4 #trees for patient 8
6 #edges
2 1
0 2
0 10
6 11
6 9
10 6
6 #edges
11 9
2 1
0 2
0 10
6 11
10 6
6 #edges
1 2
0 1
0 10
6 11
6 9
10 6
6 #edges
1 2
11 9
0 1
0 10
6 11
10 6
2 #trees for patient 9
6 #edges
2 1
0 2
0 9
0 10
6 11
10 6
6 #edges
2 1
0 2
0 10
6 11
6 9
10 6
4 #trees for patient 10
6 #edges
2 1
0 2
0 10
6 11
10 6
10 9
6 #edges
2 1
0 2
0 10
6 11
6 9
10 6
6 #edges
1 2
0 1
0 10
6 11
6 9
10 6
6 #edges
1 2
0 1
0 10
6 11
10 6
10 9
1 #trees for patient 11
6 #edges
2 1
0 2
0 10
6 11
6 9
10 6
7 #trees for patient 12
6 #edges
11 1
2 9
0 2
0 10
6 11
10 6
6 #edges
1 9
11 1
0 2
0 10
6 11
10 6
6 #edges
11 1
0 2
0 10
6 11
6 9
10 6
6 #edges
11 1
11 9
0 2
0 10
6 11
10 6
6 #edges
11 9
2 1
0 2
0 10
6 11
10 6
6 #edges
1 9
2 1
0 2
0 10
6 11
10 6
6 #edges
2 1
0 2
0 10
6 11
6 9
10 6
6 #trees for patient 13
6 #edges
1 2
0 1
0 9
0 10
6 11
10 6
6 #edges
2 1
0 2
0 9
0 10
6 11
10 6
6 #edges
11 9
2 1
0 2
0 10
6 11
10 6
6 #edges
2 1
0 2
0 10
6 11
6 9
10 6
6 #edges
1 2
11 9
0 1
0 10
6 11
10 6
6 #edges
1 2
0 1
0 10
6 11
6 9
10 6
4 #trees for patient 14
6 #edges
2 1
0 2
0 10
6 11
6 9
10 6
6 #edges
11 9
2 1
0 2
0 10
6 11
10 6
6 #edges
11 9
2 1
0 2
0 6
6 10
10 11
6 #edges
2 1
0 2
0 6
6 10
10 11
10 9
20 #trees for patient 15
6 #edges
11 2
0 1
0 10
6 11
6 9
10 6
6 #edges
11 2
11 9
0 1
0 10
6 11
10 6
6 #edges
11 2
0 1
0 6
6 10
10 11
10 9
6 #edges
11 2
11 9
0 1
0 6
6 10
10 11
6 #edges
11 9
2 1
0 2
0 6
6 10
10 11
6 #edges
2 1
0 2
0 6
6 10
10 11
10 9
6 #edges
11 1
0 2
0 6
6 10
10 11
10 9
6 #edges
11 1
11 9
0 2
0 6
6 10
10 11
6 #edges
2 1
0 2
0 10
6 11
6 9
10 6
6 #edges
11 9
2 1
0 2
0 10
6 11
10 6
6 #edges
11 1
0 2
0 10
6 11
6 9
10 6
6 #edges
11 1
11 9
0 2
0 10
6 11
10 6
6 #edges
11 2
2 1
0 10
6 11
6 9
10 6
6 #edges
11 1
11 2
0 10
6 11
6 9
10 6
6 #edges
11 2
11 9
2 1
0 10
6 11
10 6
6 #edges
11 1
11 2
11 9
0 10
6 11
10 6
6 #edges
11 1
11 2
0 6
6 10
10 11
10 9
6 #edges
11 2
2 1
0 6
6 10
10 11
10 9
6 #edges
11 1
11 2
11 9
0 6
6 10
10 11
6 #edges
11 2
11 9
2 1
0 6
6 10
10 11
2 #trees for patient 16
6 #edges
2 1
0 2
0 6
6 10
10 11
10 9
6 #edges
2 1
0 2
0 10
6 11
6 9
10 6
4 #trees for patient 17
6 #edges
11 1
0 2
0 10
6 11
10 6
10 9
6 #edges
2 1
0 2
0 10
6 11
10 6
10 9
6 #edges
2 1
0 2
0 10
6 11
6 9
10 6
6 #edges
11 1
0 2
0 10
6 11
6 9
10 6
24 #trees for patient 18
6 #edges
2 1
0 2
0 10
6 11
6 9
10 6
6 #edges
0 2
0 10
6 1
6 11
6 9
10 6
6 #edges
11 1
0 2
0 10
6 11
6 9
10 6
6 #edges
2 1
0 2
0 6
6 10
10 11
10 9
6 #edges
0 2
0 6
6 10
10 1
10 11
10 9
6 #edges
11 1
0 2
0 6
6 10
10 11
10 9
6 #edges
1 2
0 1
0 10
6 11
6 9
10 6
6 #edges
0 1
0 10
6 11
6 2
6 9
10 6
6 #edges
11 2
0 1
0 10
6 11
6 9
10 6
6 #edges
1 2
0 1
0 6
6 10
10 11
10 9
6 #edges
0 1
0 6
6 10
10 11
10 2
10 9
6 #edges
11 2
0 1
0 6
6 10
10 11
10 9
6 #edges
2 1
0 10
6 11
6 2
6 9
10 6
6 #edges
11 1
0 10
6 11
6 2
6 9
10 6
6 #edges
11 2
0 10
6 1
6 11
6 9
10 6
6 #edges
1 2
0 10
6 1
6 11
6 9
10 6
6 #edges
11 2
2 1
0 10
6 11
6 9
10 6
6 #edges
1 2
11 1
0 10
6 11
6 9
10 6
6 #edges
1 2
0 6
6 10
10 1
10 11
10 9
6 #edges
11 2
0 6
6 10
10 1
10 11
10 9
6 #edges
1 2
11 1
0 6
6 10
10 11
10 9
6 #edges
11 1
0 6
6 10
10 11
10 2
10 9
6 #edges
2 1
0 6
6 10
10 11
10 2
10 9
6 #edges
11 2
2 1
0 6
6 10
10 11
10 9
2 #trees for patient 19
6 #edges
1 2
0 1
0 10
6 11
6 9
10 6
6 #edges
2 1
0 2
0 10
6 11
6 9
10 6
7 #trees for patient 20
6 #edges
2 1
0 2
0 10
6 11
6 9
10 6
6 #edges
11 9
2 1
0 2
0 10
6 11
10 6
6 #edges
0 2
0 10
6 11
6 9
9 1
10 6
6 #edges
11 1
0 2
0 10
6 11
6 9
10 6
6 #edges
11 9
0 2
0 10
6 1
6 11
10 6
6 #edges
11 1
11 9
0 2
0 10
6 11
10 6
6 #edges
11 9
0 2
0 10
6 11
9 1
10 6
4 #trees for patient 21
6 #edges
2 1
0 2
0 6
6 10
10 11
10 9
6 #edges
2 1
0 2
0 10
6 11
6 9
10 6
6 #edges
1 2
0 1
0 6
6 10
10 11
10 9
6 #edges
1 2
0 1
0 10
6 11
6 9
10 6
4 #trees for patient 22
6 #edges
2 1
0 2
0 10
6 11
6 9
10 6
6 #edges
2 1
0 2
0 10
6 9
9 11
10 6
6 #edges
1 2
0 1
0 10
6 11
6 9
10 6
6 #edges
1 2
0 1
0 10
6 9
9 11
10 6
1 #trees for patient 23
6 #edges
2 1
0 2
0 10
6 11
6 9
10 6
4 #trees for patient 24
6 #edges
2 1
0 2
0 10
6 11
6 9
10 6
6 #edges
2 1
0 2
0 10
6 9
9 11
10 6
6 #edges
0 2
0 10
6 9
9 11
10 1
10 6
6 #edges
0 2
0 10
6 11
6 9
10 1
10 6
4 #trees for patient 25
6 #edges
2 1
0 2
0 6
6 10
10 11
10 9
6 #edges
2 1
0 2
0 10
6 11
6 9
10 6
6 #edges
1 2
0 1
0 6
6 10
10 11
10 9
6 #edges
1 2
0 1
0 10
6 11
6 9
10 6
4 #trees for patient 26
6 #edges
2 1
0 2
0 10
6 11
6 9
10 6
6 #edges
11 9
2 1
0 2
0 10
6 11
10 6
6 #edges
2 1
0 2
0 6
6 10
10 11
10 9
6 #edges
11 9
2 1
0 2
0 6
6 10
10 11
4 #trees for patient 27
6 #edges
2 1
0 2
0 10
6 11
6 9
10 6
6 #edges
2 1
0 2
0 10
6 11
10 6
10 9
6 #edges
11 1
0 2
0 10
6 11
10 6
10 9
6 #edges
11 1
0 2
0 10
6 11
6 9
10 6
4 #trees for patient 28
6 #edges
2 1
0 2
0 6
6 10
10 11
10 9
6 #edges
2 1
0 2
0 10
6 11
6 9
10 6
6 #edges
0 2
0 6
6 10
9 1
10 11
10 9
6 #edges
0 2
0 10
6 11
6 9
9 1
10 6
74 #trees for patient 29
6 #edges
2 1
0 2
0 9
0 10
10 11
10 6
6 #edges
2 1
0 2
0 9
0 10
6 11
10 6
6 #edges
11 1
0 2
0 9
0 10
6 11
10 6
6 #edges
0 2
0 9
0 10
6 11
10 1
10 6
6 #edges
0 2
0 9
0 10
6 1
10 11
10 6
6 #edges
0 2
0 9
0 10
10 1
10 11
10 6
6 #edges
11 1
0 2
0 9
0 10
10 11
10 6
6 #edges
2 1
0 2
0 10
6 9
10 11
10 6
6 #edges
2 1
0 2
0 10
6 11
6 9
10 6
6 #edges
0 2
0 10
6 9
10 1
10 11
10 6
6 #edges
0 2
0 10
6 11
6 9
10 1
10 6
6 #edges
0 2
0 10
6 1
6 9
10 11
10 6
6 #edges
11 1
0 2
0 10
6 9
10 11
10 6
6 #edges
11 1
0 2
0 10
6 11
6 9
10 6
6 #edges
11 2
0 1
0 9
0 10
10 11
10 6
6 #edges
0 1
0 9
0 10
10 11
10 2
10 6
6 #edges
0 1
0 9
0 10
6 2
10 11
10 6
6 #edges
1 2
0 1
0 9
0 10
10 11
10 6
6 #edges
0 1
0 9
0 10
6 11
10 2
10 6
6 #edges
11 2
0 1
0 9
0 10
6 11
10 6
6 #edges
1 2
0 1
0 9
0 10
6 11
10 6
6 #edges
1 2
0 1
0 10
6 9
10 11
10 6
6 #edges
1 2
0 1
0 10
6 11
6 9
10 6
6 #edges
0 1
0 10
6 9
10 11
10 2
10 6
6 #edges
0 1
0 10
6 2
6 9
10 11
10 6
6 #edges
11 2
0 1
0 10
6 9
10 11
10 6
6 #edges
0 1
0 10
6 11
6 9
10 2
10 6
6 #edges
11 2
0 1
0 10
6 11
6 9
10 6
6 #edges
11 1
0 9
0 10
10 11
10 2
10 6
6 #edges
2 1
0 9
0 10
10 11
10 2
10 6
6 #edges
0 9
0 10
6 1
10 11
10 2
10 6
6 #edges
0 9
0 10
10 1
10 11
10 2
10 6
6 #edges
2 1
0 9
0 10
6 11
10 2
10 6
6 #edges
0 9
0 10
6 11
10 1
10 2
10 6
6 #edges
11 1
0 9
0 10
6 11
10 2
10 6
6 #edges
11 2
0 9
0 10
10 1
10 11
10 6
6 #edges
11 1
11 2
0 9
0 10
10 11
10 6
6 #edges
11 2
0 9
0 10
6 1
10 11
10 6
6 #edges
11 2
2 1
0 9
0 10
10 11
10 6
6 #edges
0 9
0 10
6 1
6 2
10 11
10 6
6 #edges
1 2
0 9
0 10
6 1
10 11
10 6
6 #edges
1 2
0 9
0 10
10 1
10 11
10 6
6 #edges
0 9
0 10
6 2
10 1
10 11
10 6
6 #edges
1 2
11 1
0 9
0 10
10 11
10 6
6 #edges
11 1
0 9
0 10
6 2
10 11
10 6
6 #edges
2 1
0 9
0 10
6 2
10 11
10 6
6 #edges
11 1
11 2
0 9
0 10
6 11
10 6
6 #edges
1 2
11 1
0 9
0 10
6 11
10 6
6 #edges
11 2
0 9
0 10
6 11
10 1
10 6
6 #edges
1 2
0 9
0 10
6 11
10 1
10 6
6 #edges
11 2
2 1
0 9
0 10
6 11
10 6
6 #edges
0 10
6 1
6 9
10 11
10 2
10 6
6 #edges
2 1
0 10
6 9
10 11
10 2
10 6
6 #edges
0 10
6 9
10 1
10 11
10 2
10 6
6 #edges
11 1
0 10
6 9
10 11
10 2
10 6
6 #edges
2 1
0 10
6 11
6 9
10 2
10 6
6 #edges
11 1
0 10
6 11
6 9
10 2
10 6
6 #edges
0 10
6 11
6 9
10 1
10 2
10 6
6 #edges
0 10
6 2
6 9
10 1
10 11
10 6
6 #edges
2 1
0 10
6 2
6 9
10 11
10 6
6 #edges
0 10
6 1
6 2
6 9
10 11
10 6
6 #edges
11 1
0 10
6 2
6 9
10 11
10 6
6 #edges
1 2
0 10
6 1
6 9
10 11
10 6
6 #edges
11 2
0 10
6 1
6 9
10 11
10 6
6 #edges
1 2
0 10
6 9
10 1
10 11
10 6
6 #edges
1 2
0 10
6 11
6 9
10 1
10 6
6 #edges
11 2
0 10
6 11
6 9
10 1
10 6
6 #edges
11 2
0 10
6 9
10 1
10 11
10 6
6 #edges
11 2
2 1
0 10
6 11
6 9
10 6
6 #edges
11 1
11 2
0 10
6 11
6 9
10 6
6 #edges
1 2
11 1
0 10
6 11
6 9
10 6
6 #edges
11 2
2 1
0 10
6 9
10 11
10 6
6 #edges
11 1
11 2
0 10
6 9
10 11
10 6
6 #edges
1 2
11 1
0 10
6 9
10 11
10 6
6 #trees for patient 30
6 #edges
0 1
0 2
0 6
6 10
10 11
10 9
6 #edges
0 1
0 2
0 10
6 11
6 9
10 6
6 #edges
2 1
0 2
0 6
6 10
10 11
10 9
6 #edges
2 1
0 2
0 10
6 11
6 9
10 6
6 #edges
1 2
0 1
0 10
6 11
6 9
10 6
6 #edges
1 2
0 1
0 6
6 10
10 11
10 9
4 #trees for patient 31
6 #edges
2 1
0 2
0 10
6 11
6 9
10 6
6 #edges
2 1
0 2
0 10
6 9
9 11
10 6
6 #edges
1 2
0 1
0 10
6 11
6 9
10 6
6 #edges
1 2
0 1
0 10
6 9
9 11
10 6
4 #trees for patient 32
6 #edges
2 1
2 11
0 2
0 10
6 9
10 6
6 #edges
2 1
2 11
0 2
0 6
6 10
10 9
6 #edges
2 1
0 2
0 10
6 11
6 9
10 6
6 #edges
2 1
0 2
0 6
6 10
10 11
10 9
4 #trees for patient 33
6 #edges
2 1
0 2
0 10
6 11
6 9
10 6
6 #edges
2 1
0 2
0 10
6 9
9 11
10 6
6 #edges
1 2
0 1
0 10
6 11
6 9
10 6
6 #edges
1 2
0 1
0 10
6 9
9 11
10 6
14 #trees for patient 34
6 #edges
0 2
0 10
6 11
6 9
10 1
10 6
6 #edges
11 9
0 2
0 10
6 11
10 1
10 6
6 #edges
2 1
0 2
0 10
6 11
6 9
10 6
6 #edges
11 9
2 1
0 2
0 10
6 11
10 6
6 #edges
1 2
0 1
0 10
6 11
6 9
10 6
6 #edges
1 2
11 9
0 1
0 10
6 11
10 6
6 #edges
0 1
0 10
6 11
6 9
10 2
10 6
6 #edges
11 9
0 1
0 10
6 11
10 2
10 6
6 #edges
0 10
6 11
6 9
10 1
10 2
10 6
6 #edges
2 1
0 10
6 11
6 9
10 2
10 6
6 #edges
1 2
0 10
6 11
6 9
10 1
10 6
6 #edges
11 9
0 10
6 11
10 1
10 2
10 6
6 #edges
11 9
2 1
0 10
6 11
10 2
10 6
6 #edges
1 2
11 9
0 10
6 11
10 1
10 6
4 #trees for patient 35
6 #edges
1 11
2 1
0 2
0 10
6 9
10 6
6 #edges
2 1
0 2
0 10
6 11
6 9
10 6
6 #edges
1 2
2 11
0 1
0 10
6 9
10 6
6 #edges
1 2
0 1
0 10
6 11
6 9
10 6
4 #trees for patient 36
6 #edges
2 1
0 2
0 10
6 11
6 9
10 6
6 #edges
1 2
0 1
0 10
6 11
6 9
10 6
6 #edges
1 2
0 1
0 6
6 10
10 11
10 9
6 #edges
2 1
0 2
0 6
6 10
10 11
10 9
16 #trees for patient 37
6 #edges
1 2
0 1
0 11
0 10
6 9
10 6
6 #edges
0 1
0 11
0 10
6 2
6 9
10 6
6 #edges
2 1
0 11
0 10
6 2
6 9
10 6
6 #edges
0 11
0 2
0 10
6 1
6 9
10 6
6 #edges
1 2
0 11
0 10
6 1
6 9
10 6
6 #edges
2 1
0 11
0 2
0 10
6 9
10 6
6 #edges
1 11
2 1
0 2
0 10
6 9
10 6
6 #edges
2 1
0 2
0 10
6 11
6 9
10 6
6 #edges
2 11
0 2
0 10
6 1
6 9
10 6
6 #edges
1 11
0 2
0 10
6 1
6 9
10 6
6 #edges
1 2
2 11
0 1
0 10
6 9
10 6
6 #edges
1 2
0 1
0 10
6 11
6 9
10 6
6 #edges
1 11
0 1
0 10
6 2
6 9
10 6
6 #edges
2 11
0 1
0 10
6 2
6 9
10 6
6 #edges
1 11
2 1
0 10
6 2
6 9
10 6
6 #edges
1 2
2 11
0 10
6 1
6 9
10 6
4 #trees for patient 38
6 #edges
1 11
2 1
0 2
0 10
6 9
10 6
6 #edges
2 1
0 2
0 10
6 11
6 9
10 6
6 #edges
1 2
2 11
0 1
0 10
6 9
10 6
6 #edges
1 2
0 1
0 10
6 11
6 9
10 6
2 #trees for patient 39
6 #edges
2 1
0 2
0 10
6 11
6 9
10 6
6 #edges
1 2
0 1
0 10
6 11
6 9
10 6
4 #trees for patient 40
6 #edges
1 11
2 1
0 2
0 6
6 10
10 9
6 #edges
2 1
0 2
0 6
6 10
10 11
10 9
6 #edges
1 11
2 1
0 2
0 10
6 9
10 6
6 #edges
2 1
0 2
0 10
6 11
6 9
10 6
19 #trees for patient 41
6 #edges
2 1
0 11
0 10
6 2
6 9
10 6
6 #edges
0 11
0 10
6 1
6 2
6 9
10 6
6 #edges
1 2
0 11
0 10
6 1
6 9
10 6
6 #edges
1 11
2 1
0 2
0 10
6 9
10 6
6 #edges
2 1
0 2
0 10
6 11
6 9
10 6
6 #edges
2 11
0 2
0 10
6 1
6 9
10 6
6 #edges
0 2
0 10
6 1
6 11
6 9
10 6
6 #edges
1 11
0 2
0 10
6 1
6 9
10 6
6 #edges
1 11
0 1
0 10
6 2
6 9
10 6
6 #edges
1 2
0 1
0 10
6 11
6 9
10 6
6 #edges
1 2
2 11
0 1
0 10
6 9
10 6
6 #edges
0 1
0 10
6 11
6 2
6 9
10 6
6 #edges
2 11
0 1
0 10
6 2
6 9
10 6
6 #edges
1 2
0 10
6 1
6 11
6 9
10 6
6 #edges
1 2
2 11
0 10
6 1
6 9
10 6
6 #edges
1 11
0 10
6 1
6 2
6 9
10 6
6 #edges
2 11
0 10
6 1
6 2
6 9
10 6
6 #edges
2 1
0 10
6 11
6 2
6 9
10 6
6 #edges
1 11
2 1
0 10
6 2
6 9
10 6
4 #trees for patient 42
6 #edges
2 1
0 2
0 10
6 11
6 9
10 6
6 #edges
2 1
0 2
0 10
6 9
9 11
10 6
6 #edges
0 1
0 2
0 10
6 11
6 9
10 6
6 #edges
0 1
0 2
0 10
6 9
9 11
10 6
14 #trees for patient 43
6 #edges
2 1
2 6
0 2
0 10
10 11
10 9
6 #edges
2 1
2 6
2 9
0 2
0 10
10 11
6 #edges
11 9
2 1
2 6
0 2
0 10
10 11
6 #edges
2 1
2 6
0 2
0 10
6 9
10 11
6 #edges
2 1
2 11
0 2
0 10
6 9
10 6
6 #edges
2 1
0 2
0 10
6 11
6 9
10 6
6 #edges
11 9
2 1
2 11
0 2
0 10
10 6
6 #edges
2 1
2 11
2 9
0 2
0 10
10 6
6 #edges
2 1
2 9
0 2
0 10
6 11
10 6
6 #edges
11 9
2 1
0 2
0 10
6 11
10 6
6 #edges
2 1
2 6
0 2
0 10
6 11
10 9
6 #edges
2 1
2 6
2 9
0 2
0 10
6 11
6 #edges
2 1
2 6
0 2
0 10
6 11
6 9
6 #edges
11 9
2 1
2 6
0 2
0 10
6 11
34 #trees for patient 44
6 #edges
2 1
0 2
0 10
6 11
6 9
10 6
6 #edges
2 1
0 2
0 10
6 9
9 11
10 6
6 #edges
11 1
0 2
0 10
6 11
6 9
10 6
6 #edges
0 2
0 10
6 11
6 9
9 1
10 6
6 #edges
0 2
0 10
6 1
6 9
9 11
10 6
6 #edges
0 2
0 10
6 9
9 1
9 11
10 6
6 #edges
11 1
0 2
0 10
6 9
9 11
10 6
6 #edges
0 1
0 10
6 2
6 9
9 11
10 6
6 #edges
1 2
0 1
0 10
6 11
6 9
10 6
6 #edges
1 2
0 1
0 10
6 9
9 11
10 6
6 #edges
11 2
0 1
0 10
6 11
6 9
10 6
6 #edges
0 1
0 10
6 11
6 9
9 2
10 6
6 #edges
0 1
0 10
6 9
9 11
9 2
10 6
6 #edges
11 2
0 1
0 10
6 9
9 11
10 6
6 #edges
0 10
6 2
6 9
9 1
9 11
10 6
6 #edges
2 1
0 10
6 2
6 9
9 11
10 6
6 #edges
11 1
0 10
6 2
6 9
9 11
10 6
6 #edges
0 10
6 1
6 2
6 9
9 11
10 6
6 #edges
11 1
0 10
6 11
6 9
9 2
10 6
6 #edges
1 2
11 1
0 10
6 11
6 9
10 6
6 #edges
2 1
0 10
6 11
6 9
9 2
10 6
6 #edges
0 10
6 11
6 9
9 1
9 2
10 6
6 #edges
11 2
2 1
0 10
6 11
6 9
10 6
6 #edges
11 2
0 10
6 11
6 9
9 1
10 6
6 #edges
1 2
0 10
6 11
6 9
9 1
10 6
6 #edges
1 2
0 10
6 9
9 1
9 11
10 6
6 #edges
11 2
0 10
6 9
9 1
9 11
10 6
6 #edges
0 10
6 1
6 9
9 11
9 2
10 6
6 #edges
11 1
0 10
6 9
9 11
9 2
10 6
6 #edges
2 1
0 10
6 9
9 11
9 2
10 6
6 #edges
11 2
2 1
0 10
6 9
9 11
10 6
6 #edges
11 2
0 10
6 1
6 9
9 11
10 6
6 #edges
1 2
11 1
0 10
6 9
9 11
10 6
6 #edges
1 2
0 10
6 1
6 9
9 11
10 6
8 #trees for patient 45
6 #edges
2 9
0 11
0 2
0 10
6 1
10 6
6 #edges
2 1
0 11
0 2
0 10
6 9
10 6
6 #edges
2 1
0 11
0 2
0 6
6 10
10 9
6 #edges
2 9
0 11
0 2
0 6
6 10
10 1
6 #edges
2 1
0 2
0 10
6 11
6 9
10 6
6 #edges
2 9
0 2
0 10
6 1
6 11
10 6
6 #edges
2 9
0 2
0 6
6 10
10 1
10 11
6 #edges
2 1
0 2
0 6
6 10
10 11
10 9
4 #trees for patient 46
6 #edges
2 1
2 9
0 2
0 10
6 11
10 6
6 #edges
2 1
0 2
0 10
6 11
6 9
10 6
6 #edges
11 1
2 9
0 2
0 10
6 11
10 6
6 #edges
11 1
0 2
0 10
6 11
6 9
10 6
2 #trees for patient 47
6 #edges
2 1
0 2
0 10
6 11
6 9
10 6
6 #edges
1 2
0 1
0 10
6 11
6 9
10 6
12 #trees for patient 48
6 #edges
0 2
0 10
6 11
6 9
9 1
10 6
6 #edges
2 1
0 2
0 10
6 11
6 9
10 6
6 #edges
2 1
0 2
0 6
6 10
10 11
10 9
6 #edges
0 2
0 6
6 10
9 1
10 11
10 9
6 #edges
1 2
0 1
0 6
6 10
10 11
10 9
6 #edges
0 1
0 6
6 10
9 2
10 11
10 9
6 #edges
1 2
0 1
0 10
6 11
6 9
10 6
6 #edges
0 1
0 10
6 11
6 9
9 2
10 6
6 #edges
1 2
0 10
6 11
6 9
9 1
10 6
6 #edges
2 1
0 10
6 11
6 9
9 2
10 6
6 #edges
2 1
0 6
6 10
9 2
10 11
10 9
6 #edges
1 2
0 6
6 10
9 1
10 11
10 9
4 #trees for patient 49
6 #edges
2 1
2 11
0 2
0 10
6 9
10 6
6 #edges
2 1
0 2
0 10
6 11
6 9
10 6
6 #edges
2 11
0 2
0 10
6 9
9 1
10 6
6 #edges
0 2
0 10
6 11
6 9
9 1
10 6
