50 # patients
14 #trees for patient 0
6 #edges
0 2
0 6
2 11
6 10
10 1
10 9
6 #edges
1 9
0 2
0 6
2 11
6 10
10 1
6 #edges
1 9
0 2
0 6
6 10
10 1
10 11
6 #edges
0 2
0 6
9 11
6 10
10 1
10 9
6 #edges
1 11
0 2
0 6
6 10
10 1
10 9
6 #edges
1 11
1 9
0 2
0 6
6 10
10 1
6 #edges
1 9
0 2
0 6
9 11
6 10
10 1
6 #edges
0 2
0 10
2 11
6 1
6 9
10 6
6 #edges
1 9
0 2
0 10
2 11
6 1
10 6
6 #edges
0 2
0 10
9 11
6 1
6 9
10 6
6 #edges
1 11
0 2
0 10
6 1
6 9
10 6
6 #edges
1 9
0 2
0 10
6 1
6 11
10 6
6 #edges
1 11
1 9
0 2
0 10
6 1
10 6
6 #edges
1 9
0 2
0 10
9 11
6 1
10 6
28 #trees for patient 1
6 #edges
0 11
0 10
6 1
6 2
10 9
10 6
6 #edges
0 11
0 10
6 1
6 9
10 2
10 6
6 #edges
0 11
0 10
9 2
6 1
10 9
10 6
6 #edges
0 11
0 10
9 2
6 1
6 9
10 6
6 #edges
0 2
0 10
2 11
6 1
10 9
10 6
6 #edges
0 2
0 10
9 11
6 1
10 9
10 6
6 #edges
0 2
0 10
6 1
10 11
10 9
10 6
6 #edges
0 2
0 10
6 1
6 11
10 9
10 6
6 #edges
1 11
0 2
0 10
6 1
10 9
10 6
6 #edges
0 2
0 10
2 11
6 1
6 9
10 6
6 #edges
0 2
0 10
6 1
6 9
10 11
10 6
6 #edges
0 2
0 10
9 11
6 1
6 9
10 6
6 #edges
1 11
0 2
0 10
6 1
6 9
10 6
6 #edges
0 10
6 1
6 2
10 11
10 9
10 6
6 #edges
0 10
9 2
6 1
10 11
10 9
10 6
6 #edges
0 10
9 2
6 1
6 11
10 9
10 6
6 #edges
0 10
9 11
6 1
6 2
10 9
10 6
6 #edges
1 11
0 10
6 1
6 2
10 9
10 6
6 #edges
0 10
2 11
6 1
6 2
10 9
10 6
6 #edges
0 10
2 11
9 2
6 1
10 9
10 6
6 #edges
1 11
0 10
9 2
6 1
10 9
10 6
6 #edges
0 10
2 11
6 1
6 9
10 2
10 6
6 #edges
0 10
6 1
6 9
10 2
10 11
10 6
6 #edges
1 11
0 10
6 1
6 9
10 2
10 6
6 #edges
0 10
9 11
6 1
6 9
10 2
10 6
6 #edges
0 10
2 11
9 2
6 1
6 9
10 6
6 #edges
0 10
9 2
6 1
6 9
10 11
10 6
6 #edges
1 11
0 10
9 2
6 1
6 9
10 6
4 #trees for patient 2
6 #edges
1 11
0 2
0 6
6 10
10 1
10 9
6 #edges
0 2
0 6
9 11
6 10
10 1
10 9
6 #edges
0 2
0 10
9 11
6 1
6 9
10 6
6 #edges
1 11
0 2
0 10
6 1
6 9
10 6
2 #trees for patient 3
6 #edges
1 11
0 2
0 10
6 1
6 9
10 6
6 #edges
0 2
0 10
11 1
6 11
6 9
10 6
2 #trees for patient 4
6 #edges
0 2
0 10
11 1
6 11
6 9
10 6
6 #edges
1 11
0 2
0 10
6 1
6 9
10 6
3 #trees for patient 5
6 #edges
0 2
0 10
6 1
6 9
10 11
10 6
6 #edges
1 11
0 2
0 10
6 1
6 9
10 6
6 #edges
0 2
0 10
9 11
6 1
6 9
10 6
3 #trees for patient 6
6 #edges
1 11
0 2
0 9
0 10
6 1
10 6
6 #edges
1 11
0 2
0 10
2 9
6 1
10 6
6 #edges
1 11
0 2
0 10
6 1
6 9
10 6
1 #trees for patient 7
6 #edges
1 11
0 2
0 10
6 1
6 9
10 6
2 #trees for patient 8
6 #edges
1 11
0 2
0 6
6 10
10 1
10 9
6 #edges
1 11
0 2
0 10
6 1
6 9
10 6
4 #trees for patient 9
6 #edges
0 2
0 10
11 1
6 11
6 9
10 6
6 #edges
1 9
0 2
0 10
11 1
6 11
10 6
6 #edges
1 11
0 2
0 10
6 1
6 9
10 6
6 #edges
1 11
0 2
0 10
11 9
6 1
10 6
6 #trees for patient 10
6 #edges
1 11
0 2
0 10
6 1
6 9
10 6
6 #edges
1 11
0 2
0 6
6 10
10 1
10 9
6 #edges
1 11
0 10
6 1
6 2
6 9
10 6
6 #edges
1 11
0 10
11 2
6 1
6 9
10 6
6 #edges
1 11
0 6
6 10
10 1
10 2
10 9
6 #edges
1 11
0 6
11 2
6 10
10 1
10 9
8 #trees for patient 11
6 #edges
1 11
0 2
0 10
6 1
6 9
10 6
6 #edges
1 11
1 9
0 2
0 10
6 1
10 6
6 #edges
1 11
1 9
0 2
0 6
6 10
10 1
6 #edges
1 11
0 2
0 6
6 10
10 1
10 9
6 #edges
1 2
1 11
0 10
6 1
6 9
10 6
6 #edges
1 2
1 11
1 9
0 10
6 1
10 6
6 #edges
1 2
1 11
0 6
6 10
10 1
10 9
6 #edges
1 2
1 11
1 9
0 6
6 10
10 1
4 #trees for patient 12
6 #edges
1 11
0 2
0 10
6 1
6 9
10 6
6 #edges
0 2
0 10
11 1
6 11
6 9
10 6
6 #edges
1 11
0 2
0 6
6 10
10 1
10 9
6 #edges
0 2
0 6
11 1
6 10
10 11
10 9
2 #trees for patient 13
6 #edges
1 11
0 2
0 10
6 1
6 9
10 6
6 #edges
1 11
0 2
0 6
6 10
10 1
10 9
2 #trees for patient 14
6 #edges
1 11
0 2
0 10
6 1
6 9
10 6
6 #edges
1 11
1 9
0 2
0 10
6 1
10 6
38 #trees for patient 15
6 #edges
1 9
0 2
0 10
6 1
6 11
10 6
6 #edges
1 11
0 2
0 10
6 1
6 9
10 6
6 #edges
0 2
0 10
9 11
6 1
6 9
10 6
6 #edges
1 11
1 9
0 2
0 10
6 1
10 6
6 #edges
1 9
0 2
0 10
9 11
6 1
10 6
6 #edges
1 9
0 2
0 6
6 10
10 1
10 11
6 #edges
0 2
0 6
9 11
6 10
10 1
10 9
6 #edges
1 11
0 2
0 6
6 10
10 1
10 9
6 #edges
1 11
1 9
0 2
0 6
6 10
10 1
6 #edges
1 9
0 2
0 6
9 11
6 10
10 1
6 #edges
1 2
1 9
0 10
6 1
6 11
10 6
6 #edges
1 9
0 10
9 2
6 1
6 11
10 6
6 #edges
1 9
0 10
11 2
6 1
6 11
10 6
6 #edges
1 9
0 10
9 11
6 1
6 2
10 6
6 #edges
1 9
0 10
11 2
9 11
6 1
10 6
6 #edges
1 2
1 9
0 10
9 11
6 1
10 6
6 #edges
1 11
1 9
0 10
9 2
6 1
10 6
6 #edges
1 11
1 9
0 10
6 1
6 2
10 6
6 #edges
1 11
1 9
0 10
11 2
6 1
10 6
6 #edges
1 11
0 10
9 2
6 1
6 9
10 6
6 #edges
1 2
1 11
0 10
6 1
6 9
10 6
6 #edges
1 2
0 10
9 11
6 1
6 9
10 6
6 #edges
1 11
0 10
11 2
6 1
6 9
10 6
6 #edges
0 10
11 2
9 11
6 1
6 9
10 6
6 #edges
1 9
0 6
9 2
6 10
10 1
10 11
6 #edges
1 9
0 6
11 2
6 10
10 1
10 11
6 #edges
1 2
1 9
0 6
6 10
10 1
10 11
6 #edges
1 2
0 6
9 11
6 10
10 1
10 9
6 #edges
0 6
11 2
9 11
6 10
10 1
10 9
6 #edges
1 11
0 6
9 2
6 10
10 1
10 9
6 #edges
1 11
0 6
11 2
6 10
10 1
10 9
6 #edges
1 2
1 11
0 6
6 10
10 1
10 9
6 #edges
1 9
0 6
9 11
6 10
10 1
10 2
6 #edges
1 11
1 9
0 6
6 10
10 1
10 2
6 #edges
1 11
1 9
0 6
11 2
6 10
10 1
6 #edges
1 11
1 9
0 6
9 2
6 10
10 1
6 #edges
1 2
1 9
0 6
9 11
6 10
10 1
6 #edges
1 9
0 6
11 2
9 11
6 10
10 1
4 #trees for patient 16
6 #edges
1 11
0 2
0 10
2 9
6 1
10 6
6 #edges
1 11
0 2
0 6
2 9
6 10
10 1
6 #edges
1 11
0 2
0 10
6 1
6 9
10 6
6 #edges
1 11
0 2
0 6
6 10
10 1
10 9
8 #trees for patient 17
6 #edges
0 2
0 9
0 10
11 1
6 11
10 6
6 #edges
1 11
0 2
0 9
0 10
6 1
10 6
6 #edges
0 2
0 9
0 6
11 1
6 10
10 11
6 #edges
1 11
0 2
0 9
0 6
6 10
10 1
6 #edges
0 2
0 6
11 1
6 10
10 11
10 9
6 #edges
1 11
0 2
0 6
6 10
10 1
10 9
6 #edges
1 11
0 2
0 10
6 1
6 9
10 6
6 #edges
0 2
0 10
11 1
6 11
6 9
10 6
4 #trees for patient 18
6 #edges
0 2
0 10
6 1
6 9
10 11
10 6
6 #edges
1 11
0 2
0 10
6 1
6 9
10 6
6 #edges
1 2
1 11
0 10
6 1
6 9
10 6
6 #edges
1 2
0 10
6 1
6 9
10 11
10 6
14 #trees for patient 19
6 #edges
0 1
0 2
0 11
0 10
6 9
10 6
6 #edges
0 2
0 11
0 10
6 1
6 9
10 6
6 #edges
0 2
0 11
0 10
11 1
6 9
10 6
6 #edges
0 2
0 11
0 6
11 1
6 10
10 9
6 #edges
0 1
0 2
0 11
0 6
6 10
10 9
6 #edges
0 2
0 11
0 6
6 10
10 1
10 9
6 #edges
1 11
0 1
0 2
0 6
6 10
10 9
6 #edges
0 1
0 2
0 6
6 10
10 11
10 9
6 #edges
1 11
0 1
0 2
0 10
6 9
10 6
6 #edges
0 1
0 2
0 10
6 11
6 9
10 6
6 #edges
1 11
0 2
0 10
6 1
6 9
10 6
6 #edges
0 2
0 10
11 1
6 11
6 9
10 6
6 #edges
1 11
0 2
0 6
6 10
10 1
10 9
6 #edges
0 2
0 6
11 1
6 10
10 11
10 9
14 #trees for patient 20
6 #edges
0 1
0 2
0 11
0 10
6 9
10 6
6 #edges
0 2
0 11
0 10
11 1
6 9
10 6
6 #edges
0 2
0 11
0 10
6 1
6 9
10 6
6 #edges
0 2
0 11
0 10
2 1
6 9
10 6
6 #edges
1 11
0 1
0 2
0 10
6 9
10 6
6 #edges
0 1
0 2
0 10
6 11
6 9
10 6
6 #edges
0 1
0 2
0 10
2 11
6 9
10 6
6 #edges
0 2
0 10
2 1
2 11
6 9
10 6
6 #edges
0 2
0 10
2 11
11 1
6 9
10 6
6 #edges
0 2
0 10
2 11
6 1
6 9
10 6
6 #edges
1 11
0 2
0 10
2 1
6 9
10 6
6 #edges
0 2
0 10
2 1
6 11
6 9
10 6
6 #edges
0 2
0 10
11 1
6 11
6 9
10 6
6 #edges
1 11
0 2
0 10
6 1
6 9
10 6
12 #trees for patient 21
6 #edges
1 11
0 2
0 10
9 1
6 9
10 6
6 #edges
0 2
0 10
9 1
6 11
6 9
10 6
6 #edges
0 2
0 10
9 11
6 1
6 9
10 6
6 #edges
0 2
0 10
11 1
9 11
6 9
10 6
6 #edges
0 2
0 10
11 1
6 11
6 9
10 6
6 #edges
1 11
0 2
0 10
6 1
6 9
10 6
6 #edges
0 2
0 6
11 1
6 10
10 11
10 9
6 #edges
0 2
0 6
9 1
6 10
10 11
10 9
6 #edges
1 11
0 2
0 6
9 1
6 10
10 9
6 #edges
1 11
0 2
0 6
6 10
10 1
10 9
6 #edges
0 2
0 6
9 11
6 10
10 1
10 9
6 #edges
0 2
0 6
11 1
9 11
6 10
10 9
4 #trees for patient 22
6 #edges
1 9
0 2
0 10
2 11
6 1
10 6
6 #edges
0 2
0 10
2 11
6 1
6 9
10 6
6 #edges
1 11
0 2
0 10
6 1
6 9
10 6
6 #edges
1 11
1 9
0 2
0 10
6 1
10 6
1 #trees for patient 23
6 #edges
0 1
0 3
0 9
0 4
7 11
4 7
8 #trees for patient 24
6 #edges
0 1
0 3
0 9
0 4
7 11
4 7
6 #edges
0 1
0 3
0 9
0 4
11 7
4 11
6 #edges
1 3
0 1
0 9
0 4
11 7
4 11
6 #edges
1 3
0 1
0 9
0 4
7 11
4 7
6 #edges
0 1
0 3
0 4
11 7
4 11
4 9
6 #edges
0 1
0 3
0 4
7 11
4 7
4 9
6 #edges
1 3
0 1
0 4
11 7
4 11
4 9
6 #edges
1 3
0 1
0 4
7 11
4 7
4 9
12 #trees for patient 25
6 #edges
0 1
0 3
0 9
0 4
7 11
4 7
6 #edges
0 1
0 3
0 9
0 4
3 11
4 7
6 #edges
0 1
0 3
0 9
0 4
3 7
4 11
6 #edges
0 1
0 3
0 9
0 4
7 11
3 7
6 #edges
0 1
0 3
0 9
0 4
11 7
4 11
6 #edges
0 1
0 3
0 9
0 4
11 7
3 11
6 #edges
0 1
0 3
0 4
7 11
3 9
4 7
6 #edges
0 1
0 3
0 4
3 11
3 9
4 7
6 #edges
0 1
0 3
0 4
11 7
3 11
3 9
6 #edges
0 1
0 3
0 4
3 7
3 9
4 11
6 #edges
0 1
0 3
0 4
11 7
3 9
4 11
6 #edges
0 1
0 3
0 4
7 11
3 7
3 9
4 #trees for patient 26
6 #edges
0 1
0 3
0 9
0 4
7 11
4 7
6 #edges
0 1
0 7
0 3
0 9
7 4
4 11
6 #edges
0 1
0 9
0 4
7 11
11 3
4 7
6 #edges
0 1
0 7
0 9
7 4
11 3
4 11
60 #trees for patient 27
6 #edges
1 11
0 1
0 3
0 9
0 4
4 7
6 #edges
0 1
0 3
0 9
0 4
4 7
4 11
6 #edges
0 1
0 3
0 9
0 4
7 11
4 7
6 #edges
0 11
0 3
0 9
0 4
4 1
4 7
6 #edges
0 11
0 3
0 9
0 4
7 1
4 7
6 #edges
0 3
0 9
0 4
7 1
4 7
4 11
6 #edges
1 11
0 3
0 9
0 4
4 1
4 7
6 #edges
0 3
0 9
0 4
7 11
4 1
4 7
6 #edges
1 11
0 3
0 9
0 4
7 1
4 7
6 #edges
0 3
0 9
0 4
7 1
7 11
4 7
6 #edges
1 11
0 1
0 9
0 4
4 7
4 3
6 #edges
0 1
0 9
0 4
7 11
4 7
4 3
6 #edges
0 1
0 9
0 4
4 7
4 11
4 3
6 #edges
0 9
0 4
7 1
4 7
4 11
4 3
6 #edges
0 9
0 4
7 11
4 1
4 7
4 3
6 #edges
0 9
0 4
7 1
7 11
4 7
4 3
6 #edges
0 11
0 9
0 4
7 1
4 7
4 3
6 #edges
1 11
0 9
0 4
7 1
4 7
4 3
6 #edges
0 11
0 9
0 4
4 1
4 7
4 3
6 #edges
1 11
0 9
0 4
4 1
4 7
4 3
6 #edges
0 11
0 3
0 4
4 1
4 7
4 9
6 #edges
0 11
0 3
0 4
3 9
4 1
4 7
6 #edges
0 11
0 4
4 1
4 7
4 3
4 9
6 #edges
0 11
0 4
3 9
4 1
4 7
4 3
6 #edges
0 11
0 4
7 1
4 7
4 3
4 9
6 #edges
0 11
0 3
0 4
7 1
4 7
4 9
6 #edges
0 11
0 3
0 4
7 1
3 9
4 7
6 #edges
0 11
0 4
7 1
3 9
4 7
4 3
6 #edges
1 11
0 1
0 3
0 4
3 9
4 7
6 #edges
1 11
0 1
0 3
0 4
4 7
4 9
6 #edges
1 11
0 1
0 4
4 7
4 3
4 9
6 #edges
1 11
0 1
0 4
3 9
4 7
4 3
6 #edges
0 1
0 4
3 9
4 7
4 11
4 3
6 #edges
0 1
0 4
4 7
4 11
4 3
4 9
6 #edges
0 1
0 4
7 11
4 7
4 3
4 9
6 #edges
0 1
0 4
7 11
3 9
4 7
4 3
6 #edges
0 1
0 3
0 4
4 7
4 11
4 9
6 #edges
0 1
0 3
0 4
3 9
4 7
4 11
6 #edges
0 1
0 3
0 4
7 11
4 7
4 9
6 #edges
0 1
0 3
0 4
7 11
3 9
4 7
6 #edges
0 3
0 4
7 11
3 9
4 1
4 7
6 #edges
0 3
0 4
7 1
7 11
3 9
4 7
6 #edges
1 11
0 3
0 4
3 9
4 1
4 7
6 #edges
0 3
0 4
7 1
3 9
4 7
4 11
6 #edges
1 11
0 3
0 4
7 1
3 9
4 7
6 #edges
1 11
0 3
0 4
4 1
4 7
4 9
6 #edges
0 3
0 4
7 11
4 1
4 7
4 9
6 #edges
0 3
0 4
7 1
4 7
4 11
4 9
6 #edges
0 3
0 4
7 1
7 11
4 7
4 9
6 #edges
1 11
0 3
0 4
7 1
4 7
4 9
6 #edges
0 4
7 1
4 7
4 11
4 3
4 9
6 #edges
0 4
7 1
7 11
4 7
4 3
4 9
6 #edges
1 11
0 4
7 1
4 7
4 3
4 9
6 #edges
1 11
0 4
4 1
4 7
4 3
4 9
6 #edges
0 4
7 11
4 1
4 7
4 3
4 9
6 #edges
0 4
7 1
3 9
4 7
4 11
4 3
6 #edges
1 11
0 4
3 9
4 1
4 7
4 3
6 #edges
0 4
7 11
3 9
4 1
4 7
4 3
6 #edges
1 11
0 4
7 1
3 9
4 7
4 3
6 #edges
0 4
7 1
7 11
3 9
4 7
4 3
68 #trees for patient 28
6 #edges
0 1
0 3
0 9
0 4
7 11
4 7
6 #edges
1 11
0 1
0 3
0 9
0 4
4 7
6 #edges
0 1
0 9
0 4
7 11
9 3
4 7
6 #edges
1 11
0 1
0 9
0 4
9 3
4 7
6 #edges
1 7
0 1
0 3
0 9
0 4
4 11
6 #edges
0 1
0 3
0 9
0 4
11 7
4 11
6 #edges
1 7
1 11
0 1
0 3
0 9
0 4
6 #edges
1 7
0 1
0 3
0 9
0 4
7 11
6 #edges
1 11
0 1
0 3
0 9
0 4
11 7
6 #edges
1 7
1 11
0 1
0 9
0 4
9 3
6 #edges
1 11
0 1
0 9
0 4
11 7
9 3
6 #edges
1 7
0 1
0 9
0 4
9 3
4 11
6 #edges
0 1
0 9
0 4
11 7
9 3
4 11
6 #edges
1 7
0 1
0 9
0 4
7 11
9 3
6 #edges
1 7
0 1
0 11
0 3
0 9
11 4
6 #edges
0 1
0 11
0 3
0 9
11 4
4 7
6 #edges
0 1
0 11
0 9
11 4
9 3
4 7
6 #edges
1 7
0 1
0 11
0 9
11 4
9 3
6 #edges
1 4
0 1
0 11
0 9
9 3
4 7
6 #edges
1 7
1 4
0 1
0 11
0 9
9 3
6 #edges
1 4
0 1
0 11
0 9
11 7
9 3
6 #edges
1 4
0 1
0 11
0 3
0 9
4 7
6 #edges
1 4
0 1
0 11
0 3
0 9
11 7
6 #edges
1 7
1 4
0 1
0 11
0 3
0 9
6 #edges
1 7
0 1
0 11
0 3
0 9
7 4
6 #edges
1 7
0 1
0 11
0 9
7 4
9 3
6 #edges
0 1
0 11
0 9
7 4
11 7
9 3
6 #edges
0 1
0 11
0 3
0 9
7 4
11 7
6 #edges
1 11
0 1
0 7
0 3
0 9
11 4
6 #edges
1 11
1 4
0 1
0 7
0 3
0 9
6 #edges
1 11
0 1
0 7
0 3
0 9
7 4
6 #edges
0 1
0 7
0 3
0 9
7 11
11 4
6 #edges
1 4
0 1
0 7
0 3
0 9
7 11
6 #edges
0 1
0 7
0 3
0 9
7 4
4 11
6 #edges
1 4
0 1
0 7
0 3
0 9
4 11
6 #edges
0 1
0 7
0 9
7 4
9 3
4 11
6 #edges
1 11
0 1
0 7
0 9
7 4
9 3
6 #edges
0 1
0 7
0 9
7 11
11 4
9 3
6 #edges
1 4
0 1
0 7
0 9
7 11
9 3
6 #edges
1 11
1 4
0 1
0 7
0 9
9 3
6 #edges
1 4
0 1
0 7
0 9
9 3
4 11
6 #edges
1 11
0 1
0 7
0 9
11 4
9 3
6 #edges
1 7
1 11
1 4
0 1
0 3
0 9
6 #edges
1 7
1 11
0 1
0 3
0 9
7 4
6 #edges
1 7
1 11
0 1
0 3
0 9
11 4
6 #edges
1 11
1 4
0 1
0 3
0 9
4 7
6 #edges
1 11
1 4
0 1
0 3
0 9
11 7
6 #edges
1 11
0 1
0 3
0 9
11 4
4 7
6 #edges
1 11
0 1
0 3
0 9
7 4
11 7
6 #edges
1 7
0 1
0 3
0 9
7 11
11 4
6 #edges
1 7
1 4
0 1
0 3
0 9
7 11
6 #edges
1 7
1 4
0 1
0 3
0 9
4 11
6 #edges
1 7
0 1
0 3
0 9
7 4
4 11
6 #edges
1 4
0 1
0 3
0 9
7 11
4 7
6 #edges
1 4
0 1
0 3
0 9
11 7
4 11
6 #edges
1 11
0 1
0 9
11 4
9 3
4 7
6 #edges
1 7
1 11
0 1
0 9
11 4
9 3
6 #edges
1 7
1 11
0 1
0 9
7 4
9 3
6 #edges
1 7
1 11
1 4
0 1
0 9
9 3
6 #edges
1 11
1 4
0 1
0 9
9 3
4 7
6 #edges
1 11
1 4
0 1
0 9
11 7
9 3
6 #edges
1 11
0 1
0 9
7 4
11 7
9 3
6 #edges
1 7
1 4
0 1
0 9
9 3
4 11
6 #edges
1 7
1 4
0 1
0 9
7 11
9 3
6 #edges
1 4
0 1
0 9
7 11
9 3
4 7
6 #edges
1 4
0 1
0 9
11 7
9 3
4 11
6 #edges
1 7
0 1
0 9
7 4
9 3
4 11
6 #edges
1 7
0 1
0 9
7 11
11 4
9 3
12 #trees for patient 29
6 #edges
0 1
0 3
0 9
0 4
11 7
4 11
6 #edges
1 7
0 1
0 3
0 9
0 4
4 11
6 #edges
0 1
0 3
0 9
0 4
7 11
4 7
6 #edges
1 11
0 1
0 3
0 9
0 4
4 7
6 #edges
1 7
0 1
0 3
0 9
0 4
7 11
6 #edges
1 11
0 1
0 3
0 9
0 4
11 7
6 #edges
1 7
0 1
0 3
0 4
7 11
4 9
6 #edges
1 7
0 1
0 3
0 4
4 11
4 9
6 #edges
1 11
0 1
0 3
0 4
4 7
4 9
6 #edges
1 11
0 1
0 3
0 4
11 7
4 9
6 #edges
0 1
0 3
0 4
11 7
4 11
4 9
6 #edges
0 1
0 3
0 4
7 11
4 7
4 9
18 #trees for patient 30
6 #edges
0 1
0 3
0 9
0 4
11 7
4 11
6 #edges
0 1
0 3
0 9
0 4
7 11
4 7
6 #edges
0 1
0 11
0 3
0 9
7 4
11 7
6 #edges
0 1
0 11
0 3
0 9
11 4
4 7
6 #edges
0 1
0 7
0 3
0 9
7 11
11 4
6 #edges
0 1
0 7
0 3
0 9
7 4
4 11
6 #edges
1 9
0 1
0 7
0 3
7 11
11 4
6 #edges
1 9
0 1
0 7
0 3
7 4
4 11
6 #edges
0 1
0 7
0 3
7 4
11 9
4 11
6 #edges
0 1
0 7
0 3
7 11
11 4
4 9
6 #edges
1 9
0 1
0 11
0 3
7 4
11 7
6 #edges
0 1
0 11
0 3
7 4
11 7
4 9
6 #edges
1 9
0 1
0 11
0 3
11 4
4 7
6 #edges
0 1
0 11
0 3
7 9
11 4
4 7
6 #edges
1 9
0 1
0 3
0 4
7 11
4 7
6 #edges
1 9
0 1
0 3
0 4
11 7
4 11
6 #edges
0 1
0 3
0 4
7 9
11 7
4 11
6 #edges
0 1
0 3
0 4
7 11
11 9
4 7
12 #trees for patient 31
6 #edges
0 1
0 3
0 9
0 4
11 7
4 11
6 #edges
0 1
0 3
0 9
0 4
7 11
4 7
6 #edges
0 1
0 7
0 3
0 9
7 11
11 4
6 #edges
0 1
0 7
0 3
0 9
7 4
4 11
6 #edges
0 1
0 11
0 3
0 9
11 4
4 7
6 #edges
0 1
0 11
0 3
0 9
7 4
11 7
6 #edges
0 3
0 9
0 4
7 11
9 1
4 7
6 #edges
0 3
0 9
0 4
11 7
9 1
4 11
6 #edges
0 11
0 3
0 9
7 4
11 7
9 1
6 #edges
0 11
0 3
0 9
11 4
9 1
4 7
6 #edges
0 7
0 3
0 9
7 11
11 4
9 1
6 #edges
0 7
0 3
0 9
7 4
9 1
4 11
3 #trees for patient 32
6 #edges
0 1
0 3
0 9
0 4
7 11
4 7
6 #edges
0 3
0 9
0 4
7 1
7 11
4 7
6 #edges
0 3
0 9
0 4
7 11
11 1
4 7
8 #trees for patient 33
6 #edges
0 1
0 3
0 9
0 4
7 11
4 7
6 #edges
0 1
0 9
0 4
7 11
7 3
4 7
6 #edges
0 1
0 7
0 3
0 9
7 4
4 11
6 #edges
0 1
0 7
0 9
7 4
4 11
4 3
6 #edges
0 3
0 9
0 4
7 11
11 1
4 7
6 #edges
0 7
0 3
0 9
7 4
11 1
4 11
6 #edges
0 7
0 9
7 4
11 1
4 11
4 3
6 #edges
0 9
0 4
7 11
7 3
11 1
4 7
8 #trees for patient 34
6 #edges
1 11
0 1
0 3
0 9
0 4
4 7
6 #edges
1 11
0 1
0 3
0 9
0 4
11 7
6 #edges
1 7
0 1
0 3
0 9
0 4
7 11
6 #edges
1 7
0 1
0 3
0 9
0 4
4 11
6 #edges
0 1
0 3
0 9
0 4
7 11
4 7
6 #edges
0 1
0 3
0 9
0 4
11 7
4 11
6 #edges
1 11
0 1
0 9
0 4
11 7
4 3
6 #edges
1 7
0 1
0 9
0 4
7 11
4 3
4 #trees for patient 35
6 #edges
0 1
0 11
0 9
0 4
9 3
4 7
6 #edges
0 1
0 11
0 3
0 9
0 4
4 7
6 #edges
0 1
0 3
0 9
0 4
7 11
4 7
6 #edges
0 1
0 9
0 4
7 11
9 3
4 7
40 #trees for patient 36
6 #edges
0 1
0 11
0 3
0 4
11 7
4 9
6 #edges
0 1
0 11
0 4
11 7
4 3
4 9
6 #edges
0 1
0 11
0 3
0 4
4 7
4 9
6 #edges
0 1
0 11
0 4
4 7
4 3
4 9
6 #edges
0 1
0 11
0 4
9 7
4 3
4 9
6 #edges
0 1
0 11
0 3
0 4
9 7
4 9
6 #edges
0 1
0 7
0 3
0 4
7 11
4 9
6 #edges
0 1
0 7
0 3
0 4
9 11
4 9
6 #edges
0 1
0 7
0 3
0 4
4 11
4 9
6 #edges
0 1
0 7
0 4
7 11
4 3
4 9
6 #edges
0 1
0 7
0 4
4 11
4 3
4 9
6 #edges
0 1
0 7
0 4
9 11
4 3
4 9
6 #edges
0 1
0 3
0 9
0 4
7 11
9 7
6 #edges
0 1
0 9
0 4
7 11
9 7
4 3
6 #edges
0 1
0 3
0 9
0 4
9 7
4 11
6 #edges
0 1
0 9
0 4
9 7
4 11
4 3
6 #edges
0 1
0 3
0 9
0 4
4 7
4 11
6 #edges
0 1
0 3
0 9
0 4
9 11
4 7
6 #edges
0 1
0 3
0 9
0 4
7 11
4 7
6 #edges
0 1
0 3
0 9
0 4
11 7
9 11
6 #edges
0 1
0 3
0 9
0 4
11 7
4 11
6 #edges
0 1
0 9
0 4
11 7
4 11
4 3
6 #edges
0 1
0 9
0 4
4 7
4 11
4 3
6 #edges
0 1
0 9
0 4
11 7
9 11
4 3
6 #edges
0 1
0 9
0 4
9 11
4 7
4 3
6 #edges
0 1
0 9
0 4
7 11
4 7
4 3
6 #edges
0 1
0 3
0 4
7 11
4 7
4 9
6 #edges
0 1
0 4
7 11
4 7
4 3
4 9
6 #edges
0 1
0 4
4 7
4 11
4 3
4 9
6 #edges
0 1
0 4
9 11
4 7
4 3
4 9
6 #edges
0 1
0 3
0 4
4 7
4 11
4 9
6 #edges
0 1
0 3
0 4
9 11
4 7
4 9
6 #edges
0 1
0 3
0 4
9 7
4 11
4 9
6 #edges
0 1
0 3
0 4
11 7
4 11
4 9
6 #edges
0 1
0 3
0 4
7 11
9 7
4 9
6 #edges
0 1
0 3
0 4
11 7
9 11
4 9
6 #edges
0 1
0 4
11 7
9 11
4 3
4 9
6 #edges
0 1
0 4
9 7
4 11
4 3
4 9
6 #edges
0 1
0 4
7 11
9 7
4 3
4 9
6 #edges
0 1
0 4
11 7
4 11
4 3
4 9
26 #trees for patient 37
6 #edges
0 1
0 3
0 4
11 7
3 9
4 11
6 #edges
0 1
0 3
0 9
0 4
11 7
4 11
6 #edges
0 1
0 7
0 3
0 9
0 4
4 11
6 #edges
0 1
0 7
0 3
0 4
3 9
4 11
6 #edges
0 1
0 11
0 3
0 4
3 9
4 7
6 #edges
0 1
0 11
0 3
0 9
0 4
4 7
6 #edges
0 1
0 3
0 4
7 11
3 9
4 7
6 #edges
0 1
0 3
0 9
0 4
7 11
4 7
6 #edges
0 1
0 7
0 11
0 3
0 9
0 4
6 #edges
0 1
0 11
0 3
0 9
0 4
11 7
6 #edges
0 1
0 11
0 3
0 4
11 7
3 9
6 #edges
0 1
0 7
0 11
0 3
0 4
3 9
6 #edges
0 1
0 7
0 3
0 9
0 4
7 11
6 #edges
0 1
0 7
0 3
0 4
7 11
3 9
6 #edges
0 1
0 11
0 3
7 4
11 7
3 9
6 #edges
0 1
0 11
0 3
0 9
7 4
11 7
6 #edges
0 1
0 11
0 3
11 4
3 9
4 7
6 #edges
0 1
0 11
0 3
0 9
11 4
4 7
6 #edges
0 1
0 7
0 11
0 3
11 4
3 9
6 #edges
0 1
0 7
0 11
0 3
0 9
11 4
6 #edges
0 1
0 7
0 11
0 3
0 9
7 4
6 #edges
0 1
0 7
0 11
0 3
7 4
3 9
6 #edges
0 1
0 7
0 3
0 9
7 11
11 4
6 #edges
0 1
0 7
0 3
0 9
7 4
4 11
6 #edges
0 1
0 7
0 3
7 4
3 9
4 11
6 #edges
0 1
0 7
0 3
7 11
11 4
3 9
12 #trees for patient 38
6 #edges
0 1
0 11
0 3
0 9
11 4
4 7
6 #edges
0 1
0 11
0 3
0 9
7 4
11 7
6 #edges
0 1
0 3
0 9
0 4
11 7
4 11
6 #edges
0 1
0 3
0 9
0 4
7 11
4 7
6 #edges
0 1
0 7
0 3
0 9
7 11
11 4
6 #edges
0 1
0 7
0 3
0 9
7 4
4 11
6 #edges
1 3
0 1
0 7
0 9
7 4
4 11
6 #edges
1 3
0 1
0 7
0 9
7 11
11 4
6 #edges
1 3
0 1
0 11
0 9
11 4
4 7
6 #edges
1 3
0 1
0 11
0 9
7 4
11 7
6 #edges
1 3
0 1
0 9
0 4
11 7
4 11
6 #edges
1 3
0 1
0 9
0 4
7 11
4 7
6 #trees for patient 39
6 #edges
0 1
0 3
0 9
0 4
11 7
4 11
6 #edges
0 1
0 3
0 9
0 4
7 11
4 7
6 #edges
0 1
0 11
0 3
0 9
7 4
11 7
6 #edges
0 1
0 11
0 3
0 9
11 4
4 7
6 #edges
0 1
0 7
0 3
0 9
7 11
11 4
6 #edges
0 1
0 7
0 3
0 9
7 4
4 11
6 #trees for patient 40
6 #edges
0 1
0 7
0 3
0 9
7 4
4 11
6 #edges
0 1
0 7
0 3
0 9
7 11
11 4
6 #edges
0 1
0 11
0 3
0 9
11 4
4 7
6 #edges
0 1
0 11
0 3
0 9
7 4
11 7
6 #edges
0 1
0 3
0 9
0 4
11 7
4 11
6 #edges
0 1
0 3
0 9
0 4
7 11
4 7
9 #trees for patient 41
6 #edges
0 1
0 3
0 9
0 4
11 7
4 11
6 #edges
0 1
0 3
0 9
0 4
4 7
4 11
6 #edges
0 1
0 3
0 9
0 4
7 11
4 7
6 #edges
0 1
0 9
0 4
11 3
4 7
4 11
6 #edges
0 1
0 9
0 4
7 3
4 7
4 11
6 #edges
0 1
0 9
0 4
11 7
4 11
4 3
6 #edges
0 1
0 9
0 4
7 3
11 7
4 11
6 #edges
0 1
0 9
0 4
7 11
4 7
4 3
6 #edges
0 1
0 9
0 4
7 11
11 3
4 7
4 #trees for patient 42
6 #edges
0 1
0 3
0 9
0 4
7 11
4 7
6 #edges
0 1
0 7
0 3
0 9
7 4
4 11
6 #edges
1 9
0 1
0 7
0 3
7 4
4 11
6 #edges
1 9
0 1
0 3
0 4
7 11
4 7
8 #trees for patient 43
6 #edges
0 1
0 9
0 4
7 11
11 3
4 7
6 #edges
0 1
0 3
0 9
0 4
7 11
4 7
6 #edges
0 1
0 7
0 3
0 9
7 4
4 11
6 #edges
0 1
0 7
0 9
7 4
11 3
4 11
6 #edges
1 9
0 1
0 7
0 3
7 4
4 11
6 #edges
1 9
0 1
0 3
0 4
7 11
4 7
6 #edges
1 9
0 1
0 7
7 4
11 3
4 11
6 #edges
1 9
0 1
0 4
7 11
11 3
4 7
6 #trees for patient 44
6 #edges
0 1
0 3
0 9
0 4
9 11
4 7
6 #edges
0 1
0 3
0 9
0 4
7 11
4 7
6 #edges
0 3
0 9
0 4
9 11
4 1
4 7
6 #edges
0 3
0 9
0 4
3 1
9 11
4 7
6 #edges
0 3
0 9
0 4
7 11
3 1
4 7
6 #edges
0 3
0 9
0 4
7 11
4 1
4 7
4 #trees for patient 45
6 #edges
0 1
0 3
0 9
0 4
11 7
4 11
6 #edges
0 1
0 3
0 9
0 4
7 11
4 7
6 #edges
0 3
0 9
0 4
7 1
11 7
4 11
6 #edges
0 3
0 9
0 4
7 11
11 1
4 7
12 #trees for patient 46
6 #edges
0 1
0 11
0 3
0 9
11 4
4 7
6 #edges
0 1
0 11
0 3
0 9
7 4
11 7
6 #edges
0 1
0 3
0 9
0 4
11 7
4 11
6 #edges
0 1
0 3
0 9
0 4
7 11
4 7
6 #edges
0 1
0 7
0 3
0 9
7 11
11 4
6 #edges
0 1
0 7
0 3
0 9
7 4
4 11
6 #edges
0 1
0 7
0 3
7 11
11 4
3 9
6 #edges
0 1
0 7
0 3
7 4
3 9
4 11
6 #edges
0 1
0 3
0 4
7 11
3 9
4 7
6 #edges
0 1
0 3
0 4
11 7
3 9
4 11
6 #edges
0 1
0 11
0 3
11 4
3 9
4 7
6 #edges
0 1
0 11
0 3
7 4
11 7
3 9
10 #trees for patient 47
6 #edges
0 1
0 3
0 4
11 7
4 11
4 9
6 #edges
0 1
0 3
0 9
0 4
11 7
4 11
6 #edges
0 1
0 3
0 4
7 11
4 7
4 9
6 #edges
0 1
0 3
0 9
0 4
7 11
4 7
6 #edges
0 3
0 9
0 4
7 11
9 1
4 7
6 #edges
0 3
0 9
0 4
11 7
9 1
4 11
6 #edges
0 3
0 9
0 4
7 11
4 1
4 7
6 #edges
0 3
0 9
0 4
11 7
4 1
4 11
6 #edges
0 3
0 4
11 7
9 1
4 11
4 9
6 #edges
0 3
0 4
7 11
9 1
4 7
4 9
4 #trees for patient 48
6 #edges
0 1
0 3
0 9
0 4
11 7
4 11
6 #edges
0 1
0 3
0 9
0 4
7 11
4 7
6 #edges
0 1
0 3
0 4
11 7
3 9
4 11
6 #edges
0 1
0 3
0 4
7 11
3 9
4 7
12 #trees for patient 49
6 #edges
0 1
0 3
0 9
0 4
9 11
4 7
6 #edges
0 1
0 3
0 9
0 4
7 11
4 7
6 #edges
1 11
0 1
0 3
0 9
0 4
4 7
6 #edges
1 11
0 1
0 7
0 3
0 9
7 4
6 #edges
0 1
0 7
0 3
0 9
7 4
9 11
6 #edges
0 1
0 7
0 3
0 9
7 4
4 11
6 #edges
1 11
0 1
0 9
0 4
7 3
4 7
6 #edges
0 1
0 9
0 4
7 3
9 11
4 7
6 #edges
0 1
0 9
0 4
7 11
7 3
4 7
6 #edges
1 11
0 1
0 7
0 9
7 4
4 3
6 #edges
0 1
0 7
0 9
7 4
9 11
4 3
6 #edges
0 1
0 7
0 9
7 4
4 11
4 3
