100 # patients
56 #trees for patient 0
6 #edges
2 10
0 9
0 2
0 6
0 11
6 1
6 #edges
0 9
0 2
0 6
0 11
1 10
6 1
6 #edges
2 10
0 9
0 2
0 6
1 11
6 1
6 #edges
0 9
0 2
0 6
1 10
1 11
6 1
6 #edges
0 10
0 9
0 6
0 11
1 2
6 1
6 #edges
0 10
0 9
0 6
1 2
1 11
6 1
6 #edges
2 10
0 9
0 6
0 11
1 2
6 1
6 #edges
2 10
0 9
0 6
1 2
1 11
6 1
6 #edges
0 10
0 9
0 1
0 11
1 6
6 2
6 #edges
0 9
0 2
0 1
0 11
1 6
6 10
6 #edges
2 10
0 9
0 2
0 1
0 11
1 6
6 #edges
2 10
0 9
0 1
0 11
1 6
6 2
6 #edges
2 10
0 9
0 2
0 1
1 6
6 11
6 #edges
0 9
0 2
0 1
1 6
6 10
6 11
6 #edges
0 10
0 9
0 1
1 6
6 2
6 11
6 #edges
2 10
0 9
0 1
1 6
6 2
6 11
6 #edges
0 10
0 1
0 11
1 6
6 9
6 2
6 #edges
10 9
0 10
0 1
0 11
1 6
6 2
6 #edges
2 9
0 10
0 1
0 11
1 6
6 2
6 #edges
0 10
0 1
1 6
6 9
6 2
6 11
6 #edges
10 9
0 10
0 1
1 6
6 2
6 11
6 #edges
2 9
0 10
0 1
1 6
6 2
6 11
6 #edges
10 9
0 10
0 6
0 11
1 2
6 1
6 #edges
10 9
0 10
0 6
1 2
1 11
6 1
6 #edges
2 9
0 10
0 6
0 11
1 2
6 1
6 #edges
2 9
0 10
0 6
1 2
1 11
6 1
6 #edges
0 10
0 6
0 11
1 9
1 2
6 1
6 #edges
0 10
0 6
1 9
1 2
1 11
6 1
6 #edges
10 9
2 10
0 2
0 6
0 11
6 1
6 #edges
2 10
0 2
0 6
0 11
1 9
6 1
6 #edges
2 10
0 2
0 6
1 9
1 11
6 1
6 #edges
10 9
2 10
0 2
0 6
1 11
6 1
6 #edges
10 9
2 10
0 2
0 1
0 11
1 6
6 #edges
10 9
2 10
0 2
0 1
1 6
6 11
6 #edges
2 10
0 2
0 1
0 11
1 6
6 9
6 #edges
2 10
0 2
0 1
1 6
6 9
6 11
6 #edges
2 9
0 2
0 6
0 11
1 10
6 1
6 #edges
0 2
0 6
0 11
1 10
1 9
6 1
6 #edges
10 9
0 2
0 6
0 11
1 10
6 1
6 #edges
2 9
0 2
0 1
0 11
1 6
6 10
6 #edges
0 2
0 1
0 11
1 6
6 10
6 9
6 #edges
10 9
0 2
0 1
0 11
1 6
6 10
6 #edges
0 2
0 6
1 10
1 9
1 11
6 1
6 #edges
2 9
0 2
0 6
1 10
1 11
6 1
6 #edges
10 9
0 2
0 6
1 10
1 11
6 1
6 #edges
2 9
0 2
0 1
1 6
6 10
6 11
6 #edges
0 2
0 1
1 6
6 10
6 9
6 11
6 #edges
10 9
0 2
0 1
1 6
6 10
6 11
6 #edges
10 9
2 10
0 6
0 11
1 2
6 1
6 #edges
2 10
0 6
0 11
1 9
1 2
6 1
6 #edges
2 10
0 1
0 11
1 6
6 9
6 2
6 #edges
10 9
2 10
0 1
0 11
1 6
6 2
6 #edges
2 10
0 6
1 9
1 2
1 11
6 1
6 #edges
10 9
2 10
0 6
1 2
1 11
6 1
6 #edges
10 9
2 10
0 1
1 6
6 2
6 11
6 #edges
2 10
0 1
1 6
6 9
6 2
6 11
2 #trees for patient 1
6 #edges
0 10
0 1
0 11
1 6
6 9
6 2
6 #edges
0 1
0 11
1 10
1 6
6 9
6 2
4 #trees for patient 2
6 #edges
0 10
0 1
0 11
1 6
6 2
11 9
6 #edges
0 10
0 1
0 11
1 6
6 9
6 2
6 #edges
2 10
0 1
0 11
1 6
6 2
11 9
6 #edges
2 10
0 1
0 11
1 6
6 9
6 2
4 #trees for patient 3
6 #edges
0 10
0 1
0 11
1 6
6 9
11 2
6 #edges
0 10
0 1
0 11
1 6
6 9
6 2
6 #edges
0 10
0 1
0 11
1 9
1 6
6 2
6 #edges
0 10
0 1
0 11
1 9
1 6
11 2
14 #trees for patient 4
6 #edges
0 9
0 1
0 11
1 10
1 6
6 2
6 #edges
2 11
0 9
0 1
1 10
1 6
6 2
6 #edges
10 9
0 10
0 1
0 11
1 6
6 2
6 #edges
0 10
0 1
0 11
1 9
1 6
6 2
6 #edges
0 10
0 1
0 11
1 6
6 9
6 2
6 #edges
10 9
2 11
0 10
0 1
1 6
6 2
6 #edges
2 11
0 10
0 1
1 9
1 6
6 2
6 #edges
2 11
0 10
0 1
1 6
6 9
6 2
6 #edges
0 1
0 11
1 10
1 6
6 9
6 2
6 #edges
0 1
0 11
1 10
1 9
1 6
6 2
6 #edges
10 9
0 1
0 11
1 10
1 6
6 2
6 #edges
10 9
2 11
0 1
1 10
1 6
6 2
6 #edges
2 11
0 1
1 10
1 9
1 6
6 2
6 #edges
2 11
0 1
1 10
1 6
6 9
6 2
1 #trees for patient 5
6 #edges
0 10
0 1
0 11
1 6
6 9
6 2
4 #trees for patient 6
6 #edges
0 10
0 6
0 11
1 9
1 2
6 1
6 #edges
0 10
0 1
0 11
1 6
6 9
6 2
6 #edges
2 11
0 10
0 6
1 9
1 2
6 1
6 #edges
2 11
0 10
0 1
1 6
6 9
6 2
4 #trees for patient 7
6 #edges
0 10
0 1
0 11
1 6
6 9
6 2
6 #edges
0 10
0 6
0 11
1 9
1 2
6 1
6 #edges
2 11
0 10
0 6
1 9
1 2
6 1
6 #edges
2 11
0 10
0 1
1 6
6 9
6 2
5 #trees for patient 8
6 #edges
0 10
0 1
0 11
1 2
1 6
6 9
6 #edges
0 10
0 1
0 11
1 9
1 6
6 2
6 #edges
0 10
0 1
0 11
1 6
6 9
6 2
6 #edges
9 2
0 10
0 1
0 11
1 6
6 9
6 #edges
9 2
0 10
0 1
0 11
1 9
1 6
38 #trees for patient 9
6 #edges
10 11
0 10
0 9
0 1
1 6
6 2
6 #edges
2 11
0 10
0 9
0 1
1 6
6 2
6 #edges
2 10
0 9
0 1
0 11
1 6
6 2
6 #edges
10 11
2 10
0 9
0 1
1 6
6 2
6 #edges
2 10
0 9
0 6
0 11
1 2
6 1
6 #edges
10 11
0 10
0 9
0 6
1 2
6 1
6 #edges
2 11
0 10
0 9
0 6
1 2
6 1
6 #edges
10 11
2 10
0 9
0 6
1 2
6 1
6 #edges
0 10
0 6
0 11
1 9
1 2
6 1
6 #edges
0 10
0 6
0 11
1 2
6 1
11 9
6 #edges
10 9
0 10
0 6
0 11
1 2
6 1
6 #edges
2 9
0 10
0 6
0 11
1 2
6 1
6 #edges
2 10
0 6
0 11
1 2
6 1
11 9
6 #edges
2 10
0 6
0 11
1 9
1 2
6 1
6 #edges
10 9
2 10
0 6
0 11
1 2
6 1
6 #edges
0 10
0 1
0 11
1 6
6 2
11 9
6 #edges
2 10
0 1
0 11
1 6
6 2
11 9
6 #edges
0 10
0 1
0 11
1 6
6 9
6 2
6 #edges
2 9
0 10
0 1
0 11
1 6
6 2
6 #edges
10 9
0 10
0 1
0 11
1 6
6 2
6 #edges
2 10
0 1
0 11
1 6
6 9
6 2
6 #edges
10 9
2 10
0 1
0 11
1 6
6 2
6 #edges
10 11
0 10
0 1
1 6
6 9
6 2
6 #edges
2 11
0 10
0 1
1 6
6 9
6 2
6 #edges
10 11
0 10
0 1
1 6
6 2
11 9
6 #edges
10 11
2 9
0 10
0 1
1 6
6 2
6 #edges
10 9
2 11
0 10
0 1
1 6
6 2
6 #edges
2 11
0 10
0 1
1 6
6 2
11 9
6 #edges
10 9
2 11
0 10
0 6
1 2
6 1
6 #edges
10 11
0 10
0 6
1 2
6 1
11 9
6 #edges
10 11
0 10
0 6
1 9
1 2
6 1
6 #edges
10 11
2 9
0 10
0 6
1 2
6 1
6 #edges
2 11
0 10
0 6
1 9
1 2
6 1
6 #edges
2 11
0 10
0 6
1 2
6 1
11 9
6 #edges
10 11
2 10
0 6
1 9
1 2
6 1
6 #edges
10 11
2 10
0 6
1 2
6 1
11 9
6 #edges
10 11
2 10
0 1
1 6
6 9
6 2
6 #edges
10 11
2 10
0 1
1 6
6 2
11 9
8 #trees for patient 10
6 #edges
9 2
0 10
0 6
0 11
1 9
6 1
6 #edges
0 10
0 6
0 11
1 9
1 2
6 1
6 #edges
0 10
0 1
0 11
1 6
6 9
6 2
6 #edges
9 2
0 10
0 1
0 11
1 6
6 9
6 #edges
10 11
9 2
0 10
0 1
1 6
6 9
6 #edges
10 11
0 10
0 1
1 6
6 9
6 2
6 #edges
10 11
9 2
0 10
0 6
1 9
6 1
6 #edges
10 11
0 10
0 6
1 9
1 2
6 1
8 #trees for patient 11
6 #edges
9 2
0 10
0 6
0 11
1 9
6 1
6 #edges
0 10
0 6
0 11
1 9
1 2
6 1
6 #edges
0 10
0 1
0 11
1 6
6 9
6 2
6 #edges
9 2
0 10
0 1
0 11
1 6
6 9
6 #edges
10 11
9 2
0 10
0 1
1 6
6 9
6 #edges
10 11
0 10
0 1
1 6
6 9
6 2
6 #edges
10 11
0 10
0 6
1 9
1 2
6 1
6 #edges
10 11
9 2
0 10
0 6
1 9
6 1
4 #trees for patient 12
6 #edges
0 10
0 1
0 11
1 6
6 2
11 9
6 #edges
0 10
0 1
0 11
1 6
6 9
6 2
6 #edges
0 10
0 6
0 11
1 9
1 2
6 1
6 #edges
0 10
0 6
0 11
1 2
6 1
11 9
16 #trees for patient 13
6 #edges
0 2
0 1
0 11
1 6
6 10
6 9
6 #edges
0 2
0 1
1 6
6 10
6 9
6 11
6 #edges
0 2
0 6
1 10
1 9
1 11
6 1
6 #edges
0 2
0 6
0 11
1 10
1 9
6 1
6 #edges
0 10
0 6
0 11
1 9
1 2
6 1
6 #edges
10 2
0 10
0 6
0 11
1 9
6 1
6 #edges
10 2
0 6
0 11
1 10
1 9
6 1
6 #edges
10 2
0 10
0 1
0 11
1 6
6 9
6 #edges
0 10
0 1
0 11
1 6
6 9
6 2
6 #edges
10 2
0 1
0 11
1 6
6 10
6 9
6 #edges
10 2
0 10
0 6
1 9
1 11
6 1
6 #edges
10 2
0 10
0 1
1 6
6 9
6 11
6 #edges
0 10
0 6
1 9
1 2
1 11
6 1
6 #edges
0 10
0 1
1 6
6 9
6 2
6 11
6 #edges
10 2
0 6
1 10
1 9
1 11
6 1
6 #edges
10 2
0 1
1 6
6 10
6 9
6 11
12 #trees for patient 14
6 #edges
0 10
0 1
0 11
1 6
6 9
6 2
6 #edges
2 9
0 10
0 1
0 11
1 6
6 2
6 #edges
0 1
0 11
1 6
6 10
6 9
6 2
6 #edges
2 9
0 1
0 11
1 6
6 10
6 2
6 #edges
10 11
0 10
0 1
1 6
6 9
6 2
6 #edges
10 11
2 9
0 10
0 1
1 6
6 2
6 #edges
0 10
0 1
1 6
6 9
6 2
6 11
6 #edges
2 9
0 10
0 1
1 6
6 2
6 11
6 #edges
2 9
0 1
1 6
6 10
6 2
6 11
6 #edges
0 1
1 6
6 10
6 9
6 2
6 11
6 #edges
10 11
2 9
0 1
1 6
6 10
6 2
6 #edges
10 11
0 1
1 6
6 10
6 9
6 2
8 #trees for patient 15
6 #edges
10 2
0 10
0 1
0 11
1 6
6 9
6 #edges
0 10
0 1
0 11
1 6
6 9
6 2
6 #edges
0 10
0 6
0 11
1 9
1 2
6 1
6 #edges
10 2
0 10
0 6
0 11
1 9
6 1
6 #edges
10 2
10 11
0 10
0 6
1 9
6 1
6 #edges
10 11
0 10
0 6
1 9
1 2
6 1
6 #edges
10 2
10 11
0 10
0 1
1 6
6 9
6 #edges
10 11
0 10
0 1
1 6
6 9
6 2
8 #trees for patient 16
6 #edges
10 9
0 10
0 1
0 11
1 2
1 6
6 #edges
10 9
0 10
0 1
0 11
1 6
6 2
6 #edges
0 10
0 1
0 11
1 2
1 6
6 9
6 #edges
0 10
0 1
0 11
1 6
6 9
6 2
6 #edges
10 9
10 11
0 10
0 1
1 2
1 6
6 #edges
10 9
10 11
0 10
0 1
1 6
6 2
6 #edges
10 11
0 10
0 1
1 2
1 6
6 9
6 #edges
10 11
0 10
0 1
1 6
6 9
6 2
4 #trees for patient 17
6 #edges
0 10
0 6
0 11
1 9
6 1
11 2
6 #edges
0 10
0 1
0 11
1 6
6 9
11 2
6 #edges
0 10
0 1
0 11
1 6
6 9
6 2
6 #edges
0 10
0 6
0 11
1 9
1 2
6 1
2 #trees for patient 18
6 #edges
0 10
0 1
0 11
1 6
6 9
6 2
6 #edges
0 10
0 1
1 6
6 9
6 2
6 11
26 #trees for patient 19
6 #edges
0 9
0 1
0 11
1 6
6 2
11 10
6 #edges
2 10
0 9
0 1
0 11
1 6
6 2
6 #edges
0 9
0 6
0 11
1 2
6 1
11 10
6 #edges
2 10
0 9
0 6
0 11
1 2
6 1
6 #edges
0 10
0 6
0 11
1 2
6 1
11 9
6 #edges
10 9
0 10
0 6
0 11
1 2
6 1
6 #edges
2 9
0 10
0 6
0 11
1 2
6 1
6 #edges
0 10
0 6
0 11
1 9
1 2
6 1
6 #edges
10 9
0 10
0 1
0 11
1 6
6 2
6 #edges
0 10
0 1
0 11
1 6
6 2
11 9
6 #edges
0 10
0 1
0 11
1 6
6 9
6 2
6 #edges
2 9
0 10
0 1
0 11
1 6
6 2
6 #edges
2 10
0 6
0 11
1 2
6 1
11 9
6 #edges
2 10
2 9
0 6
0 11
1 2
6 1
6 #edges
2 9
0 6
0 11
1 2
6 1
11 10
6 #edges
10 9
2 10
0 6
0 11
1 2
6 1
6 #edges
2 10
0 6
0 11
1 9
1 2
6 1
6 #edges
0 6
0 11
1 9
1 2
6 1
11 10
6 #edges
10 9
0 6
0 11
1 2
6 1
11 10
6 #edges
2 10
0 1
0 11
1 6
6 9
6 2
6 #edges
10 9
2 10
0 1
0 11
1 6
6 2
6 #edges
2 10
2 9
0 1
0 11
1 6
6 2
6 #edges
2 10
0 1
0 11
1 6
6 2
11 9
6 #edges
2 9
0 1
0 11
1 6
6 2
11 10
6 #edges
10 9
0 1
0 11
1 6
6 2
11 10
6 #edges
0 1
0 11
1 6
6 9
6 2
11 10
4 #trees for patient 20
6 #edges
9 10
0 1
0 11
1 6
6 9
6 2
6 #edges
0 10
0 1
0 11
1 6
6 9
6 2
6 #edges
2 11
0 10
0 1
1 6
6 9
6 2
6 #edges
9 10
2 11
0 1
1 6
6 9
6 2
2 #trees for patient 21
6 #edges
0 10
0 1
0 11
1 6
6 9
6 2
6 #edges
0 1
0 11
1 6
6 9
6 2
11 10
6 #trees for patient 22
6 #edges
0 10
0 1
0 11
1 6
6 9
6 2
6 #edges
0 10
0 1
0 11
1 6
6 9
11 2
6 #edges
0 1
0 11
1 6
6 10
6 9
11 2
6 #edges
9 10
0 1
0 11
1 6
6 9
11 2
6 #edges
0 1
0 11
1 6
6 10
6 9
6 2
6 #edges
9 10
0 1
0 11
1 6
6 9
6 2
3 #trees for patient 23
6 #edges
0 10
0 1
0 11
1 6
6 9
6 2
6 #edges
2 10
0 1
0 11
1 6
6 9
6 2
6 #edges
9 10
0 1
0 11
1 6
6 9
6 2
8 #trees for patient 24
6 #edges
0 10
0 1
0 11
1 6
6 9
6 2
6 #edges
10 2
0 10
0 1
0 11
1 6
6 9
6 #edges
10 2
0 10
0 6
0 11
1 9
6 1
6 #edges
0 10
0 6
0 11
1 9
1 2
6 1
6 #edges
9 11
0 10
0 1
1 6
6 9
6 2
6 #edges
10 2
9 11
0 10
0 1
1 6
6 9
6 #edges
10 2
9 11
0 10
0 6
1 9
6 1
6 #edges
9 11
0 10
0 6
1 9
1 2
6 1
48 #trees for patient 25
6 #edges
4 11
7 4
0 7
0 1
1 3
3 9
6 #edges
4 11
7 4
0 7
0 1
1 3
11 9
6 #edges
4 11
7 4
0 7
0 1
3 9
11 3
6 #edges
4 11
7 4
0 7
0 1
1 9
11 3
6 #edges
4 11
7 4
9 3
0 7
0 1
11 9
6 #edges
4 11
7 4
9 3
0 7
0 1
1 9
6 #edges
4 9
7 4
0 7
0 1
1 3
3 11
6 #edges
7 4
0 7
0 1
1 3
3 11
11 9
6 #edges
4 9
7 4
9 11
0 7
0 1
1 3
6 #edges
7 4
9 11
0 7
0 1
1 3
3 9
6 #edges
4 9
7 4
9 3
0 7
0 1
1 11
6 #edges
4 9
7 4
0 7
0 1
1 11
11 3
6 #edges
4 9
7 4
9 11
0 7
0 1
11 3
6 #edges
4 9
7 4
9 3
0 7
0 1
3 11
6 #edges
4 3
7 4
0 7
0 1
1 9
3 11
6 #edges
4 3
7 4
9 11
0 7
0 1
1 9
6 #edges
4 3
7 4
9 11
0 7
0 1
3 9
6 #edges
4 3
7 4
0 7
0 1
1 11
3 9
6 #edges
4 3
7 4
0 7
0 1
3 11
11 9
6 #edges
4 3
7 4
0 7
0 1
1 11
11 9
6 #edges
7 4
9 3
0 7
0 1
1 9
3 11
6 #edges
7 4
9 11
0 7
0 1
1 9
11 3
6 #edges
7 4
9 3
0 7
0 1
1 11
11 9
6 #edges
7 4
0 7
0 1
1 11
3 9
11 3
6 #edges
4 7
7 11
9 3
0 4
0 1
1 9
6 #edges
4 7
7 11
0 4
0 1
1 9
11 3
6 #edges
4 7
7 11
0 4
0 1
3 9
11 3
6 #edges
4 7
7 11
0 4
0 1
1 3
11 9
6 #edges
4 7
7 11
9 3
0 4
0 1
11 9
6 #edges
4 7
7 11
0 4
0 1
1 3
3 9
6 #edges
4 7
7 9
9 11
0 4
0 1
11 3
6 #edges
4 7
7 9
9 11
0 4
0 1
1 3
6 #edges
4 7
7 9
9 3
0 4
0 1
3 11
6 #edges
4 7
7 9
9 3
0 4
0 1
1 11
6 #edges
4 7
7 9
0 4
0 1
1 11
11 3
6 #edges
4 7
7 9
0 4
0 1
1 3
3 11
6 #edges
4 7
9 11
0 4
0 1
1 9
11 3
6 #edges
4 7
7 3
9 11
0 4
0 1
1 9
6 #edges
4 7
9 3
0 4
0 1
1 9
3 11
6 #edges
4 7
7 3
0 4
0 1
1 9
3 11
6 #edges
4 7
9 11
0 4
0 1
1 3
3 9
6 #edges
4 7
0 4
0 1
1 3
3 11
11 9
6 #edges
4 7
7 3
0 4
0 1
1 11
3 9
6 #edges
4 7
7 3
0 4
0 1
1 11
11 9
6 #edges
4 7
7 3
9 11
0 4
0 1
3 9
6 #edges
4 7
7 3
0 4
0 1
3 11
11 9
6 #edges
4 7
0 4
0 1
1 11
3 9
11 3
6 #edges
4 7
9 3
0 4
0 1
1 11
11 9
4 #trees for patient 26
6 #edges
4 3
7 4
0 7
0 1
3 11
11 9
6 #edges
4 11
7 4
0 7
0 1
3 9
11 3
6 #edges
4 7
7 11
0 4
0 1
3 9
11 3
6 #edges
4 7
7 3
0 4
0 1
3 11
11 9
1 #trees for patient 27
6 #edges
4 7
7 3
0 4
0 1
3 11
11 9
14 #trees for patient 28
6 #edges
4 3
7 4
9 11
0 7
0 1
1 9
6 #edges
4 3
7 4
0 7
0 1
1 9
1 11
6 #edges
4 3
7 4
0 7
0 1
1 9
3 11
6 #edges
4 7
7 3
9 11
0 4
0 1
1 9
6 #edges
4 7
7 3
0 4
0 1
1 9
1 11
6 #edges
4 7
7 3
0 4
0 1
1 9
3 11
6 #edges
4 3
7 4
0 7
0 1
1 11
11 9
6 #edges
4 3
7 4
0 7
0 1
1 11
3 9
6 #edges
4 7
7 3
0 4
0 1
1 11
11 9
6 #edges
4 7
7 3
0 4
0 1
1 11
3 9
6 #edges
4 7
7 3
9 11
0 4
0 1
3 9
6 #edges
4 7
7 3
0 4
0 1
3 11
11 9
6 #edges
4 3
7 4
0 7
0 1
3 11
11 9
6 #edges
4 3
7 4
9 11
0 7
0 1
3 9
14 #trees for patient 29
6 #edges
4 7
7 3
0 4
0 1
1 11
11 9
6 #edges
4 7
7 3
0 4
0 1
1 11
3 9
6 #edges
4 7
7 3
0 4
0 1
1 9
1 11
6 #edges
4 7
7 3
9 11
0 4
0 1
3 9
6 #edges
4 7
7 3
0 4
0 1
3 11
11 9
6 #edges
4 7
7 3
0 4
0 1
1 9
3 11
6 #edges
4 7
7 3
9 11
0 4
0 1
1 9
6 #edges
4 3
7 4
0 7
0 1
1 11
11 9
6 #edges
4 3
7 4
0 7
0 1
1 9
1 11
6 #edges
4 3
7 4
0 7
0 1
1 11
3 9
6 #edges
4 3
7 4
9 11
0 7
0 1
1 9
6 #edges
4 3
7 4
0 7
0 1
1 9
3 11
6 #edges
4 3
7 4
0 7
0 1
3 11
11 9
6 #edges
4 3
7 4
9 11
0 7
0 1
3 9
8 #trees for patient 30
6 #edges
4 3
7 4
0 7
0 1
3 11
11 9
6 #edges
4 11
7 4
0 7
0 1
3 9
11 3
6 #edges
4 7
7 11
0 4
0 1
3 9
11 3
6 #edges
4 7
7 3
0 4
0 1
3 11
11 9
6 #edges
4 1
4 11
7 4
0 7
3 9
11 3
6 #edges
4 1
4 3
7 4
0 7
3 11
11 9
6 #edges
4 7
7 1
7 11
0 4
3 9
11 3
6 #edges
4 7
7 1
7 3
0 4
3 11
11 9
186 #trees for patient 31
6 #edges
7 9
0 4
0 7
0 1
0 11
11 3
6 #edges
4 3
7 9
0 4
0 7
0 1
0 11
6 #edges
7 3
0 4
0 7
0 1
0 11
11 9
6 #edges
7 3
0 4
0 7
0 1
0 11
3 9
6 #edges
4 9
7 3
0 4
0 7
0 1
0 11
6 #edges
0 4
0 7
0 1
0 11
3 9
11 3
6 #edges
4 9
0 4
0 7
0 1
0 11
11 3
6 #edges
4 3
0 4
0 7
0 1
0 11
3 9
6 #edges
4 3
0 4
0 7
0 1
0 11
11 9
6 #edges
4 7
0 4
0 1
0 11
3 9
11 3
6 #edges
4 7
0 4
0 9
0 1
0 11
11 3
6 #edges
4 7
7 9
0 4
0 1
0 11
11 3
6 #edges
0 4
0 9
0 1
0 11
3 7
11 3
6 #edges
4 9
0 4
0 1
0 11
3 7
11 3
6 #edges
7 9
0 4
0 1
0 11
3 7
11 3
6 #edges
7 3
0 4
0 9
0 1
0 11
11 7
6 #edges
4 3
0 4
0 9
0 1
0 11
11 7
6 #edges
4 7
7 3
0 4
0 9
0 1
0 11
6 #edges
4 3
0 4
0 9
0 1
0 11
3 7
6 #edges
4 7
0 4
0 1
0 3
0 11
11 9
6 #edges
0 4
0 1
0 3
0 11
3 7
11 9
6 #edges
4 7
7 3
0 4
0 1
0 11
11 9
6 #edges
4 3
0 4
0 1
0 11
3 7
11 9
6 #edges
4 3
0 4
0 1
0 11
3 9
11 7
6 #edges
4 3
7 9
0 4
0 1
0 11
11 7
6 #edges
4 3
7 9
0 4
0 1
0 11
3 7
6 #edges
4 7
7 9
0 4
0 1
0 3
0 11
6 #edges
4 7
7 3
0 4
0 1
0 11
3 9
6 #edges
4 7
0 4
0 1
0 3
0 11
3 9
6 #edges
4 9
0 4
0 1
0 3
0 11
11 7
6 #edges
4 9
0 4
0 1
0 3
0 11
3 7
6 #edges
7 9
0 4
0 1
0 3
0 11
3 7
6 #edges
0 4
0 1
0 3
0 11
3 9
11 7
6 #edges
7 9
0 4
0 1
0 3
0 11
11 7
6 #edges
4 9
7 3
0 4
0 1
0 11
11 7
6 #edges
7 3
0 4
0 1
0 11
3 9
11 7
6 #edges
4 1
7 9
0 4
0 3
0 11
11 7
6 #edges
4 9
4 1
0 4
0 3
0 11
11 7
6 #edges
4 1
0 4
0 3
0 11
3 9
11 7
6 #edges
4 7
4 1
0 4
0 3
0 11
3 9
6 #edges
4 1
0 4
0 3
0 11
3 7
11 9
6 #edges
4 7
4 1
0 4
0 3
0 11
11 9
6 #edges
4 1
7 9
0 4
0 3
0 11
3 7
6 #edges
4 9
4 1
0 4
0 3
0 11
3 7
6 #edges
4 7
4 1
7 9
0 4
0 3
0 11
6 #edges
4 1
4 3
0 4
0 9
0 11
11 7
6 #edges
4 1
4 3
7 9
0 4
0 11
11 7
6 #edges
4 1
4 3
0 4
0 11
3 9
11 7
6 #edges
4 1
4 3
0 4
0 9
0 11
3 7
6 #edges
4 1
4 3
0 4
0 7
0 11
3 9
6 #edges
4 1
4 3
7 9
0 4
0 7
0 11
6 #edges
4 1
4 3
0 4
0 7
0 11
11 9
6 #edges
4 1
4 3
0 4
0 11
3 7
11 9
6 #edges
4 1
4 3
7 9
0 4
0 11
3 7
6 #edges
4 7
4 1
0 4
0 11
3 9
11 3
6 #edges
4 1
0 4
0 7
0 11
3 9
11 3
6 #edges
4 7
4 1
7 9
0 4
0 11
11 3
6 #edges
4 7
4 1
0 4
0 9
0 11
11 3
6 #edges
4 9
4 1
0 4
0 7
0 11
11 3
6 #edges
4 1
7 9
0 4
0 7
0 11
11 3
6 #edges
4 9
4 1
0 4
0 11
3 7
11 3
6 #edges
4 1
7 9
0 4
0 11
3 7
11 3
6 #edges
4 1
0 4
0 9
0 11
3 7
11 3
6 #edges
4 7
4 1
7 3
0 4
0 9
0 11
6 #edges
4 7
4 1
7 3
0 4
0 11
3 9
6 #edges
4 7
4 1
7 3
0 4
0 11
11 9
6 #edges
4 1
7 3
0 4
0 9
0 11
11 7
6 #edges
4 1
7 3
0 4
0 11
3 9
11 7
6 #edges
4 9
4 1
7 3
0 4
0 11
11 7
6 #edges
4 9
4 1
7 3
0 4
0 7
0 11
6 #edges
4 1
7 3
0 4
0 7
0 11
11 9
6 #edges
4 1
7 3
0 4
0 7
0 11
3 9
6 #edges
7 11
0 4
0 9
0 1
0 3
3 7
6 #edges
4 1
7 11
0 4
0 9
0 3
3 7
6 #edges
4 11
0 4
0 9
0 1
0 3
3 7
6 #edges
4 1
4 11
0 4
0 9
0 3
3 7
6 #edges
4 11
7 9
0 4
0 1
0 3
3 7
6 #edges
4 11
0 4
0 1
0 3
3 7
11 9
6 #edges
4 9
7 11
0 4
0 1
0 3
3 7
6 #edges
7 11
0 4
0 1
0 3
3 7
11 9
6 #edges
4 1
4 11
7 9
0 4
0 3
3 7
6 #edges
4 1
4 11
0 4
0 3
3 7
11 9
6 #edges
4 9
4 1
7 11
0 4
0 3
3 7
6 #edges
4 1
7 11
0 4
0 3
3 7
11 9
6 #edges
4 11
0 4
0 9
0 1
0 3
11 7
6 #edges
4 1
4 11
0 4
0 9
0 3
11 7
6 #edges
4 7
4 1
7 11
0 4
0 9
0 3
6 #edges
4 7
4 1
0 4
0 9
0 3
3 11
6 #edges
4 7
7 11
0 4
0 9
0 1
0 3
6 #edges
4 7
0 4
0 9
0 1
0 3
3 11
6 #edges
4 1
0 4
0 9
0 3
3 11
11 7
6 #edges
0 4
0 9
0 1
0 3
3 11
11 7
6 #edges
7 11
0 4
0 7
0 1
0 3
3 9
6 #edges
4 11
0 4
0 7
0 1
0 3
3 9
6 #edges
4 11
0 4
0 1
0 3
3 9
11 7
6 #edges
4 7
7 11
0 4
0 1
0 3
3 9
6 #edges
4 1
4 11
0 4
0 7
0 3
3 9
6 #edges
4 1
7 11
0 4
0 7
0 3
3 9
6 #edges
4 7
4 1
7 11
0 4
0 3
3 9
6 #edges
4 1
4 11
0 4
0 3
3 9
11 7
6 #edges
7 11
0 4
0 7
0 1
0 3
11 9
6 #edges
4 9
7 11
0 4
0 7
0 1
0 3
6 #edges
7 9
0 4
0 7
0 1
0 3
3 11
6 #edges
4 11
7 9
0 4
0 7
0 1
0 3
6 #edges
4 9
0 4
0 7
0 1
0 3
3 11
6 #edges
4 11
0 4
0 7
0 1
0 3
11 9
6 #edges
0 4
0 7
0 1
0 3
3 11
11 9
6 #edges
4 9
4 1
7 11
0 4
0 7
0 3
6 #edges
4 1
7 11
0 4
0 7
0 3
11 9
6 #edges
4 1
4 11
7 9
0 4
0 7
0 3
6 #edges
4 1
4 11
0 4
0 7
0 3
11 9
6 #edges
4 1
7 9
0 4
0 7
0 3
3 11
6 #edges
4 1
0 4
0 7
0 3
3 11
11 9
6 #edges
4 9
4 1
0 4
0 7
0 3
3 11
6 #edges
4 7
0 4
0 1
0 3
3 11
11 9
6 #edges
4 9
0 4
0 1
0 3
3 11
11 7
6 #edges
4 7
7 9
0 4
0 1
0 3
3 11
6 #edges
7 9
0 4
0 1
0 3
3 11
11 7
6 #edges
4 7
4 1
0 4
0 3
3 11
11 9
6 #edges
4 9
4 1
0 4
0 3
3 11
11 7
6 #edges
4 7
4 1
7 9
0 4
0 3
3 11
6 #edges
4 1
7 9
0 4
0 3
3 11
11 7
6 #edges
4 7
4 1
7 11
0 4
0 3
11 9
6 #edges
4 1
4 11
7 9
0 4
0 3
11 7
6 #edges
4 11
7 9
0 4
0 1
0 3
11 7
6 #edges
4 7
7 11
0 4
0 1
0 3
11 9
6 #edges
7 3
0 4
0 7
0 9
0 1
3 11
6 #edges
4 11
7 3
0 4
0 7
0 9
0 1
6 #edges
4 11
0 4
0 7
0 9
0 1
11 3
6 #edges
4 3
7 11
0 4
0 7
0 9
0 1
6 #edges
4 3
0 4
0 7
0 9
0 1
3 11
6 #edges
7 11
0 4
0 7
0 9
0 1
11 3
6 #edges
4 1
7 3
0 4
0 7
0 9
3 11
6 #edges
4 1
4 11
7 3
0 4
0 7
0 9
6 #edges
4 1
7 11
0 4
0 7
0 9
11 3
6 #edges
4 1
4 3
7 11
0 4
0 7
0 9
6 #edges
4 1
4 11
0 4
0 7
0 9
11 3
6 #edges
4 1
4 3
0 4
0 7
0 9
3 11
6 #edges
4 1
4 11
7 3
0 4
0 9
11 7
6 #edges
4 1
4 11
0 4
0 9
3 7
11 3
6 #edges
4 1
4 3
0 4
0 9
3 11
11 7
6 #edges
4 1
4 3
7 11
0 4
0 9
3 7
6 #edges
4 7
4 1
7 3
0 4
0 9
3 11
6 #edges
4 7
4 1
7 11
0 4
0 9
11 3
6 #edges
4 3
0 4
0 9
0 1
3 11
11 7
6 #edges
4 3
7 11
0 4
0 9
0 1
3 7
6 #edges
4 7
7 3
0 4
0 9
0 1
3 11
6 #edges
4 7
7 11
0 4
0 9
0 1
11 3
6 #edges
4 11
0 4
0 9
0 1
3 7
11 3
6 #edges
4 11
7 3
0 4
0 9
0 1
11 7
6 #edges
4 9
4 1
7 3
0 4
0 7
3 11
6 #edges
4 9
7 3
0 4
0 7
0 1
3 11
6 #edges
4 11
7 3
0 4
0 7
0 1
3 9
6 #edges
4 1
4 11
7 3
0 4
0 7
3 9
6 #edges
4 11
7 3
0 4
0 7
0 1
11 9
6 #edges
4 1
4 11
7 3
0 4
0 7
11 9
6 #edges
4 1
7 3
0 4
0 7
3 11
11 9
6 #edges
7 3
0 4
0 7
0 1
3 11
11 9
6 #edges
4 3
7 9
0 4
0 7
0 1
3 11
6 #edges
4 1
4 3
7 9
0 4
0 7
3 11
6 #edges
4 11
7 9
0 4
0 7
0 1
11 3
6 #edges
4 1
4 11
7 9
0 4
0 7
11 3
6 #edges
4 1
4 3
7 11
0 4
0 7
3 9
6 #edges
4 1
4 3
7 11
0 4
0 7
11 9
6 #edges
4 1
4 3
0 4
0 7
3 11
11 9
6 #edges
4 3
0 4
0 7
0 1
3 11
11 9
6 #edges
4 3
7 11
0 4
0 7
0 1
3 9
6 #edges
4 3
7 11
0 4
0 7
0 1
11 9
6 #edges
7 11
0 4
0 7
0 1
3 9
11 3
6 #edges
4 1
7 11
0 4
0 7
3 9
11 3
6 #edges
4 9
4 1
7 11
0 4
0 7
11 3
6 #edges
4 9
7 11
0 4
0 7
0 1
11 3
6 #edges
4 1
4 11
0 4
0 7
3 9
11 3
6 #edges
4 11
0 4
0 7
0 1
3 9
11 3
6 #edges
4 3
7 11
0 4
0 1
3 7
11 9
6 #edges
4 3
7 9
0 4
0 1
3 11
11 7
6 #edges
4 11
7 9
0 4
0 1
3 7
11 3
6 #edges
4 11
7 3
0 4
0 1
3 9
11 7
6 #edges
4 7
7 11
0 4
0 1
3 9
11 3
6 #edges
4 7
7 3
0 4
0 1
3 11
11 9
6 #edges
4 7
4 1
7 11
0 4
3 9
11 3
6 #edges
4 7
4 1
7 3
0 4
3 11
11 9
6 #edges
4 1
4 11
7 9
0 4
3 7
11 3
6 #edges
4 1
4 11
7 3
0 4
3 9
11 7
6 #edges
4 1
4 3
7 9
0 4
3 11
11 7
6 #edges
4 1
4 3
7 11
0 4
3 7
11 9
2 #trees for patient 32
6 #edges
4 7
7 3
0 4
0 1
3 11
11 9
6 #edges
4 7
7 11
0 4
0 1
3 9
11 3
18 #trees for patient 33
6 #edges
4 3
7 11
0 4
0 1
3 7
11 9
6 #edges
4 3
7 9
0 4
0 1
3 11
11 7
6 #edges
4 11
7 9
0 4
0 1
3 7
11 3
6 #edges
4 11
7 3
0 4
0 1
3 9
11 7
6 #edges
4 7
7 3
0 4
0 1
3 11
11 9
6 #edges
4 7
7 11
0 4
0 1
3 9
11 3
6 #edges
4 1
4 3
7 9
0 4
3 11
11 7
6 #edges
4 1
4 3
7 11
0 4
3 7
11 9
6 #edges
4 1
4 11
7 9
0 4
3 7
11 3
6 #edges
4 1
4 11
7 3
0 4
3 9
11 7
6 #edges
4 7
4 1
7 3
0 4
3 11
11 9
6 #edges
4 7
4 1
7 11
0 4
3 9
11 3
6 #edges
4 11
7 3
9 1
0 4
3 9
11 7
6 #edges
4 11
7 9
9 1
0 4
3 7
11 3
6 #edges
4 7
7 3
9 1
0 4
3 11
11 9
6 #edges
4 7
7 11
9 1
0 4
3 9
11 3
6 #edges
4 3
7 9
9 1
0 4
3 11
11 7
6 #edges
4 3
7 11
9 1
0 4
3 7
11 9
48 #trees for patient 34
6 #edges
7 4
0 9
0 1
0 11
3 7
11 3
6 #edges
4 7
0 9
0 1
0 11
3 4
11 3
6 #edges
7 3
0 9
0 1
0 11
3 4
11 7
6 #edges
4 3
7 4
0 9
0 1
0 11
11 7
6 #edges
4 3
0 9
0 1
0 11
3 7
11 4
6 #edges
4 7
7 3
0 9
0 1
0 11
11 4
6 #edges
4 3
0 4
0 9
0 1
3 11
11 7
6 #edges
4 3
7 11
0 4
0 9
0 1
3 7
6 #edges
4 7
7 3
0 4
0 9
0 1
3 11
6 #edges
4 7
7 11
0 4
0 9
0 1
11 3
6 #edges
4 11
7 3
0 4
0 9
0 1
11 7
6 #edges
4 11
0 4
0 9
0 1
3 7
11 3
6 #edges
4 11
7 4
0 9
0 1
0 3
3 7
6 #edges
7 11
0 9
0 1
0 3
3 7
11 4
6 #edges
4 11
0 9
0 1
0 3
3 4
11 7
6 #edges
4 7
7 11
0 9
0 1
0 3
3 4
6 #edges
7 4
0 9
0 1
0 3
3 11
11 7
6 #edges
4 7
0 9
0 1
0 3
3 11
11 4
6 #edges
4 3
7 11
0 7
0 9
0 1
11 4
6 #edges
7 11
0 7
0 9
0 1
3 4
11 3
6 #edges
4 11
7 3
0 7
0 9
0 1
3 4
6 #edges
7 3
0 7
0 9
0 1
3 11
11 4
6 #edges
4 11
7 4
0 7
0 9
0 1
11 3
6 #edges
4 3
7 4
0 7
0 9
0 1
3 11
6 #edges
4 9
7 3
0 7
0 1
3 11
11 4
6 #edges
4 11
7 3
0 7
0 1
3 4
11 9
6 #edges
4 3
7 4
0 7
0 1
3 11
11 9
6 #edges
4 11
7 4
0 7
0 1
3 9
11 3
6 #edges
4 3
7 11
0 7
0 1
3 9
11 4
6 #edges
4 9
7 11
0 7
0 1
3 4
11 3
6 #edges
4 7
7 9
0 1
0 3
3 11
11 4
6 #edges
4 9
7 4
0 1
0 3
3 11
11 7
6 #edges
4 11
7 9
0 1
0 3
3 4
11 7
6 #edges
4 7
7 11
0 1
0 3
3 4
11 9
6 #edges
4 9
7 11
0 1
0 3
3 7
11 4
6 #edges
4 11
7 4
0 1
0 3
3 7
11 9
6 #edges
4 7
7 3
0 1
0 11
3 9
11 4
6 #edges
4 3
7 9
0 1
0 11
3 7
11 4
6 #edges
4 7
7 9
0 1
0 11
3 4
11 3
6 #edges
4 9
7 4
0 1
0 11
3 7
11 3
6 #edges
4 3
7 4
0 1
0 11
3 9
11 7
6 #edges
4 9
7 3
0 1
0 11
3 4
11 7
6 #edges
4 3
7 11
0 4
0 1
3 7
11 9
6 #edges
4 3
7 9
0 4
0 1
3 11
11 7
6 #edges
4 7
7 3
0 4
0 1
3 11
11 9
6 #edges
4 7
7 11
0 4
0 1
3 9
11 3
6 #edges
4 11
7 9
0 4
0 1
3 7
11 3
6 #edges
4 11
7 3
0 4
0 1
3 9
11 7
4 #trees for patient 35
6 #edges
4 7
7 3
9 11
0 4
0 1
3 9
6 #edges
4 7
7 3
0 4
0 1
3 11
11 9
6 #edges
4 3
7 9
9 11
0 4
0 1
3 7
6 #edges
4 3
7 11
0 4
0 1
3 7
11 9
4 #trees for patient 36
6 #edges
4 9
4 3
7 11
0 4
0 1
3 7
6 #edges
4 7
4 9
7 3
0 4
0 1
3 11
6 #edges
4 7
7 3
0 4
0 1
3 11
11 9
6 #edges
4 3
7 11
0 4
0 1
3 7
11 9
12 #trees for patient 37
6 #edges
4 7
7 11
9 3
0 4
0 1
11 9
6 #edges
4 7
7 11
0 4
0 1
3 9
11 3
6 #edges
4 7
7 9
9 3
0 4
0 1
3 11
6 #edges
4 7
7 9
9 11
0 4
0 1
11 3
6 #edges
4 7
7 3
0 4
0 1
3 11
11 9
6 #edges
4 7
7 3
9 11
0 4
0 1
3 9
6 #edges
4 3
7 4
0 7
0 1
3 11
11 9
6 #edges
4 3
7 4
9 11
0 7
0 1
3 9
6 #edges
4 11
7 4
9 3
0 7
0 1
11 9
6 #edges
4 11
7 4
0 7
0 1
3 9
11 3
6 #edges
4 9
7 4
9 3
0 7
0 1
3 11
6 #edges
4 9
7 4
9 11
0 7
0 1
11 3
8 #trees for patient 38
6 #edges
4 3
7 4
0 7
0 1
3 11
11 9
6 #edges
4 11
7 4
0 7
0 1
3 9
11 3
6 #edges
4 7
7 11
0 4
0 1
3 9
11 3
6 #edges
4 7
7 3
0 4
0 1
3 11
11 9
6 #edges
4 1
4 11
7 4
0 7
3 9
11 3
6 #edges
4 1
4 3
7 4
0 7
3 11
11 9
6 #edges
4 7
7 1
7 11
0 4
3 9
11 3
6 #edges
4 7
7 1
7 3
0 4
3 11
11 9
6 #trees for patient 39
6 #edges
4 7
7 11
9 3
0 4
0 1
11 9
6 #edges
4 7
7 11
0 4
0 1
3 9
11 3
6 #edges
4 7
7 9
9 3
0 4
0 1
3 11
6 #edges
4 7
7 9
9 11
0 4
0 1
11 3
6 #edges
4 7
7 3
0 4
0 1
3 11
11 9
6 #edges
4 7
7 3
9 11
0 4
0 1
3 9
24 #trees for patient 40
6 #edges
4 11
7 3
9 7
0 4
0 1
11 9
6 #edges
4 11
9 3
0 4
0 1
3 7
11 9
6 #edges
4 11
9 7
0 4
0 1
3 9
11 3
6 #edges
4 11
7 9
0 4
0 1
3 7
11 3
6 #edges
4 11
7 3
0 4
0 1
3 9
11 7
6 #edges
4 11
7 9
9 3
0 4
0 1
11 7
6 #edges
4 7
7 3
9 11
0 4
0 1
3 9
6 #edges
4 7
7 3
0 4
0 1
3 11
11 9
6 #edges
4 7
7 11
0 4
0 1
3 9
11 3
6 #edges
4 7
7 11
9 3
0 4
0 1
11 9
6 #edges
4 7
7 9
9 3
0 4
0 1
3 11
6 #edges
4 7
7 9
9 11
0 4
0 1
11 3
6 #edges
4 9
7 3
9 7
0 4
0 1
3 11
6 #edges
4 9
7 11
9 7
0 4
0 1
11 3
6 #edges
4 9
9 3
0 4
0 1
3 11
11 7
6 #edges
4 9
7 11
9 3
0 4
0 1
3 7
6 #edges
4 9
7 3
9 11
0 4
0 1
11 7
6 #edges
4 9
9 11
0 4
0 1
3 7
11 3
6 #edges
4 3
7 9
9 11
0 4
0 1
3 7
6 #edges
4 3
7 11
0 4
0 1
3 7
11 9
6 #edges
4 3
7 9
0 4
0 1
3 11
11 7
6 #edges
4 3
9 7
0 4
0 1
3 11
11 9
6 #edges
4 3
7 11
9 7
0 4
0 1
3 9
6 #edges
4 3
9 11
0 4
0 1
3 9
11 7
4 #trees for patient 41
6 #edges
4 7
7 3
9 11
0 4
0 1
3 9
6 #edges
4 7
7 3
0 4
0 1
3 11
11 9
6 #edges
4 7
4 1
7 3
9 11
0 4
3 9
6 #edges
4 7
4 1
7 3
0 4
3 11
11 9
2 #trees for patient 42
6 #edges
4 3
7 11
0 4
0 1
3 7
11 9
6 #edges
4 7
7 3
0 4
0 1
3 11
11 9
4 #trees for patient 43
6 #edges
4 7
7 3
9 11
0 4
0 1
3 9
6 #edges
4 7
7 3
0 4
0 1
3 11
11 9
6 #edges
4 3
7 4
9 11
0 7
0 1
3 9
6 #edges
4 3
7 4
0 7
0 1
3 11
11 9
4 #trees for patient 44
6 #edges
4 7
7 3
9 11
0 4
0 1
3 9
6 #edges
4 7
7 3
0 4
0 1
3 11
11 9
6 #edges
4 3
7 11
0 4
0 1
3 7
11 9
6 #edges
4 3
7 9
9 11
0 4
0 1
3 7
6 #trees for patient 45
6 #edges
4 7
7 3
0 4
0 1
3 11
11 9
6 #edges
4 7
7 3
9 11
0 4
0 1
3 9
6 #edges
4 7
7 9
9 3
0 4
0 1
3 11
6 #edges
4 7
7 9
9 11
0 4
0 1
11 3
6 #edges
4 7
7 11
9 3
0 4
0 1
11 9
6 #edges
4 7
7 11
0 4
0 1
3 9
11 3
48 #trees for patient 46
6 #edges
4 7
7 9
9 3
0 4
0 1
3 11
6 #edges
4 7
7 9
9 11
0 4
0 1
11 3
6 #edges
4 7
7 11
9 3
0 4
0 1
11 9
6 #edges
4 7
7 11
0 4
0 1
3 9
11 3
6 #edges
4 7
7 3
9 11
0 4
0 1
3 9
6 #edges
4 7
7 3
0 4
0 1
3 11
11 9
6 #edges
4 11
7 3
9 7
0 4
0 1
11 9
6 #edges
4 11
9 3
0 4
0 1
3 7
11 9
6 #edges
4 11
7 3
0 4
0 1
3 9
11 7
6 #edges
4 11
7 9
9 3
0 4
0 1
11 7
6 #edges
4 11
9 7
0 4
0 1
3 9
11 3
6 #edges
4 11
7 9
0 4
0 1
3 7
11 3
6 #edges
4 9
7 3
9 11
0 4
0 1
11 7
6 #edges
4 9
9 11
0 4
0 1
3 7
11 3
6 #edges
4 9
7 11
9 3
0 4
0 1
3 7
6 #edges
4 9
9 3
0 4
0 1
3 11
11 7
6 #edges
4 9
7 11
9 7
0 4
0 1
11 3
6 #edges
4 9
7 3
9 7
0 4
0 1
3 11
6 #edges
4 3
9 7
0 4
0 1
3 11
11 9
6 #edges
4 3
7 9
0 4
0 1
3 11
11 7
6 #edges
4 3
7 9
9 11
0 4
0 1
3 7
6 #edges
4 3
7 11
0 4
0 1
3 7
11 9
6 #edges
4 3
9 11
0 4
0 1
3 9
11 7
6 #edges
4 3
7 11
9 7
0 4
0 1
3 9
6 #edges
4 1
4 3
7 11
0 4
3 7
11 9
6 #edges
4 1
4 3
7 9
9 11
0 4
3 7
6 #edges
4 1
4 3
7 9
0 4
3 11
11 7
6 #edges
4 1
4 3
9 7
0 4
3 11
11 9
6 #edges
4 1
4 3
7 11
9 7
0 4
3 9
6 #edges
4 1
4 3
9 11
0 4
3 9
11 7
6 #edges
4 9
4 1
9 3
0 4
3 11
11 7
6 #edges
4 9
4 1
7 11
9 3
0 4
3 7
6 #edges
4 9
4 1
9 11
0 4
3 7
11 3
6 #edges
4 9
4 1
7 3
9 11
0 4
11 7
6 #edges
4 9
4 1
7 11
9 7
0 4
11 3
6 #edges
4 9
4 1
7 3
9 7
0 4
3 11
6 #edges
4 1
4 11
7 3
9 7
0 4
11 9
6 #edges
4 1
4 11
9 3
0 4
3 7
11 9
6 #edges
4 1
4 11
9 7
0 4
3 9
11 3
6 #edges
4 1
4 11
7 9
0 4
3 7
11 3
6 #edges
4 1
4 11
7 3
0 4
3 9
11 7
6 #edges
4 1
4 11
7 9
9 3
0 4
11 7
6 #edges
4 7
4 1
7 11
9 3
0 4
11 9
6 #edges
4 7
4 1
7 11
0 4
3 9
11 3
6 #edges
4 7
4 1
7 9
9 3
0 4
3 11
6 #edges
4 7
4 1
7 9
9 11
0 4
11 3
6 #edges
4 7
4 1
7 3
9 11
0 4
3 9
6 #edges
4 7
4 1
7 3
0 4
3 11
11 9
14 #trees for patient 47
6 #edges
4 7
4 9
4 11
7 3
0 4
0 1
6 #edges
4 7
4 9
7 3
9 11
0 4
0 1
6 #edges
4 7
4 9
7 3
0 4
0 1
3 11
6 #edges
4 7
7 3
0 4
0 1
3 11
11 9
6 #edges
4 7
4 11
7 3
0 4
0 1
3 9
6 #edges
4 7
7 3
9 11
0 4
0 1
3 9
6 #edges
4 7
4 11
7 3
0 4
0 1
11 9
6 #edges
4 7
4 9
4 11
7 1
7 3
0 4
6 #edges
4 7
4 9
7 1
7 3
9 11
0 4
6 #edges
4 7
4 9
7 1
7 3
0 4
3 11
6 #edges
4 7
4 11
7 1
7 3
0 4
11 9
6 #edges
4 7
4 11
7 1
7 3
0 4
3 9
6 #edges
4 7
7 1
7 3
0 4
3 11
11 9
6 #edges
4 7
7 1
7 3
9 11
0 4
3 9
12 #trees for patient 48
6 #edges
4 9
4 3
7 11
0 4
0 1
3 7
6 #edges
4 3
7 9
7 11
0 4
0 1
3 7
6 #edges
4 3
7 11
0 4
0 1
3 7
11 9
6 #edges
4 7
4 9
7 3
0 4
0 1
3 11
6 #edges
4 7
7 3
0 4
0 1
3 9
3 11
6 #edges
4 7
7 3
0 4
0 1
3 11
11 9
6 #edges
4 3
7 9
7 1
7 11
0 4
3 7
6 #edges
4 9
4 3
7 1
7 11
0 4
3 7
6 #edges
4 3
7 1
7 11
0 4
3 7
11 9
6 #edges
4 7
4 9
7 3
0 4
3 1
3 11
6 #edges
4 7
7 3
0 4
3 1
3 11
11 9
6 #edges
4 7
7 3
0 4
3 9
3 1
3 11
12 #trees for patient 49
6 #edges
4 3
0 4
0 1
0 11
3 7
11 9
6 #edges
4 7
7 3
0 4
0 1
0 11
11 9
6 #edges
4 7
7 3
0 4
0 1
0 11
3 9
6 #edges
4 3
7 9
0 4
0 1
0 11
3 7
6 #edges
4 7
7 3
9 11
0 4
0 9
0 1
6 #edges
4 3
9 11
0 4
0 9
0 1
3 7
6 #edges
4 3
7 11
0 4
0 9
0 1
3 7
6 #edges
4 7
7 3
0 4
0 9
0 1
3 11
6 #edges
4 7
7 3
0 4
0 1
3 11
11 9
6 #edges
4 7
7 3
9 11
0 4
0 1
3 9
6 #edges
4 3
7 11
0 4
0 1
3 7
11 9
6 #edges
4 3
7 9
9 11
0 4
0 1
3 7
24 #trees for patient 50
6 #edges
4 9
7 4
0 7
0 1
1 3
3 11
6 #edges
7 4
0 7
0 1
1 3
3 11
11 9
6 #edges
4 11
7 4
0 7
0 1
1 3
3 9
6 #edges
4 11
7 4
0 7
0 1
1 3
11 9
6 #edges
4 11
7 4
0 7
0 1
1 9
11 3
6 #edges
4 3
7 4
0 7
0 1
1 9
3 11
6 #edges
4 11
7 4
0 7
0 1
3 9
11 3
6 #edges
4 9
7 4
0 7
0 1
1 11
11 3
6 #edges
4 3
7 4
0 7
0 1
1 11
3 9
6 #edges
4 3
7 4
0 7
0 1
3 11
11 9
6 #edges
4 3
7 4
0 7
0 1
1 11
11 9
6 #edges
7 4
0 7
0 1
1 11
3 9
11 3
6 #edges
4 7
7 3
0 4
0 1
1 9
3 11
6 #edges
4 7
7 3
0 4
0 1
1 11
3 9
6 #edges
4 7
7 3
0 4
0 1
3 11
11 9
6 #edges
4 7
7 3
0 4
0 1
1 11
11 9
6 #edges
4 7
7 11
0 4
0 1
3 9
11 3
6 #edges
4 7
7 11
0 4
0 1
1 9
11 3
6 #edges
4 7
7 11
0 4
0 1
1 3
3 9
6 #edges
4 7
7 11
0 4
0 1
1 3
11 9
6 #edges
4 7
7 9
0 4
0 1
1 3
3 11
6 #edges
4 7
7 9
0 4
0 1
1 11
11 3
6 #edges
4 7
0 4
0 1
1 11
3 9
11 3
6 #edges
4 7
0 4
0 1
1 3
3 11
11 9
24 #trees for patient 51
6 #edges
4 11
7 3
0 7
0 1
3 4
11 9
6 #edges
4 9
7 3
9 11
0 7
0 1
3 4
6 #edges
4 3
7 4
9 11
0 7
0 1
3 9
6 #edges
4 3
7 4
0 7
0 1
3 11
11 9
6 #edges
4 7
7 9
9 11
0 1
0 3
3 4
6 #edges
4 7
7 11
0 1
0 3
3 4
11 9
6 #edges
4 9
7 4
9 11
0 1
0 3
3 7
6 #edges
4 11
7 4
0 1
0 3
3 7
11 9
6 #edges
4 7
7 3
9 11
0 4
0 1
3 9
6 #edges
4 7
7 3
0 4
0 1
3 11
11 9
6 #edges
4 3
7 11
0 4
0 1
3 7
11 9
6 #edges
4 3
7 9
9 11
0 4
0 1
3 7
6 #edges
4 9
7 4
9 11
0 3
3 7
11 1
6 #edges
4 11
7 4
9 1
0 3
3 7
11 9
6 #edges
4 7
7 9
9 11
0 3
3 4
11 1
6 #edges
4 7
7 11
9 1
0 3
3 4
11 9
6 #edges
4 11
7 3
9 1
0 7
3 4
11 9
6 #edges
4 9
7 3
9 11
0 7
3 4
11 1
6 #edges
4 3
7 4
9 1
0 7
3 11
11 9
6 #edges
4 3
7 4
9 11
0 7
3 9
11 1
6 #edges
4 7
7 3
9 11
0 4
3 9
11 1
6 #edges
4 7
7 3
9 1
0 4
3 11
11 9
6 #edges
4 3
7 11
9 1
0 4
3 7
11 9
6 #edges
4 3
7 9
9 11
0 4
3 7
11 1
6 #trees for patient 52
6 #edges
4 3
7 9
0 4
0 1
3 11
11 7
6 #edges
4 3
7 11
0 4
0 1
3 7
11 9
6 #edges
4 11
7 3
0 4
0 1
3 9
11 7
6 #edges
4 11
7 9
0 4
0 1
3 7
11 3
6 #edges
4 7
7 11
0 4
0 1
3 9
11 3
6 #edges
4 7
7 3
0 4
0 1
3 11
11 9
4 #trees for patient 53
6 #edges
10 2
8 10
8 9
0 1
0 3
1 8
6 #edges
10 2
8 1
0 8
0 3
1 10
1 9
6 #edges
10 2
2 3
8 10
8 9
0 1
1 8
6 #edges
10 2
2 3
8 1
0 8
1 10
1 9
7 #trees for patient 54
6 #edges
8 9
0 1
0 3
1 8
3 10
3 2
6 #edges
2 10
8 9
0 1
0 3
1 8
3 2
6 #edges
8 10
8 9
0 1
0 3
1 8
3 2
6 #edges
8 9
8 2
0 1
0 3
1 8
3 10
6 #edges
10 2
8 9
0 1
0 3
1 8
3 10
6 #edges
10 2
8 10
8 9
0 1
0 3
1 8
6 #edges
2 10
8 9
8 2
0 1
0 3
1 8
4 #trees for patient 55
6 #edges
8 10
8 9
0 1
0 3
1 8
3 2
6 #edges
10 2
8 10
8 9
0 1
0 3
1 8
6 #edges
10 9
10 2
8 10
0 1
0 3
1 8
6 #edges
10 9
8 10
0 1
0 3
1 8
3 2
8 #trees for patient 56
6 #edges
10 2
8 10
8 9
0 1
0 3
1 8
6 #edges
2 10
8 9
8 2
0 1
0 3
1 8
6 #edges
10 2
8 1
0 8
0 3
1 10
1 9
6 #edges
2 10
8 1
0 8
0 3
1 9
1 2
6 #edges
10 2
2 3
8 10
8 9
0 1
1 8
6 #edges
10 3
2 10
8 9
8 2
0 1
1 8
6 #edges
10 2
2 3
8 1
0 8
1 10
1 9
6 #edges
10 3
2 10
8 1
0 8
1 9
1 2
8 #trees for patient 57
6 #edges
10 2
8 10
8 9
0 1
0 3
1 8
6 #edges
2 10
8 9
8 2
0 1
0 3
1 8
6 #edges
2 10
8 1
0 8
0 3
1 9
1 2
6 #edges
10 2
8 1
0 8
0 3
1 10
1 9
6 #edges
10 3
2 10
8 9
8 2
0 1
1 8
6 #edges
10 2
2 3
8 10
8 9
0 1
1 8
6 #edges
10 3
2 10
8 1
0 8
1 9
1 2
6 #edges
10 2
2 3
8 1
0 8
1 10
1 9
4 #trees for patient 58
6 #edges
10 2
8 10
8 9
0 1
0 3
1 8
6 #edges
10 2
8 1
0 8
0 3
1 10
1 9
6 #edges
10 2
2 3
8 10
8 9
0 1
1 8
6 #edges
10 2
2 3
8 1
0 8
1 10
1 9
2 #trees for patient 59
6 #edges
10 2
8 10
8 9
0 1
0 3
1 8
6 #edges
10 2
10 3
8 10
8 9
0 1
1 8
6 #trees for patient 60
6 #edges
10 2
8 10
0 1
0 3
1 9
1 8
6 #edges
2 10
8 2
0 1
0 3
1 9
1 8
6 #edges
2 10
8 9
8 2
0 1
0 3
1 8
6 #edges
10 9
2 10
8 2
0 1
0 3
1 8
6 #edges
10 2
8 10
8 9
0 1
0 3
1 8
6 #edges
10 2
2 9
8 10
0 1
0 3
1 8
12 #trees for patient 61
6 #edges
10 2
8 1
0 8
0 3
1 10
1 9
6 #edges
10 2
2 9
8 1
0 8
0 3
1 10
6 #edges
10 2
8 10
8 9
0 1
0 3
1 8
6 #edges
10 2
2 9
8 10
0 1
0 3
1 8
6 #edges
10 2
8 10
8 9
8 3
0 1
1 8
6 #edges
10 2
2 9
8 10
8 3
0 1
1 8
6 #edges
10 2
10 3
2 9
8 10
0 1
1 8
6 #edges
10 2
10 3
8 10
8 9
0 1
1 8
6 #edges
10 2
8 1
0 8
1 10
1 9
1 3
6 #edges
10 2
10 3
8 1
0 8
1 10
1 9
6 #edges
10 2
2 9
8 1
0 8
1 10
1 3
6 #edges
10 2
10 3
2 9
8 1
0 8
1 10
2 #trees for patient 62
6 #edges
10 2
8 10
8 9
0 1
0 3
1 8
6 #edges
10 2
8 1
0 8
0 3
1 10
1 9
6 #trees for patient 63
6 #edges
2 10
8 9
0 2
0 1
0 3
1 8
6 #edges
8 10
8 9
0 2
0 1
0 3
1 8
6 #edges
10 2
8 9
0 10
0 1
0 3
1 8
6 #edges
8 9
8 2
0 10
0 1
0 3
1 8
6 #edges
2 10
8 9
8 2
0 1
0 3
1 8
6 #edges
10 2
8 10
8 9
0 1
0 3
1 8
2 #trees for patient 64
6 #edges
10 2
8 10
8 9
0 1
0 3
1 8
6 #edges
10 2
2 3
8 10
8 9
0 1
1 8
8 #trees for patient 65
6 #edges
10 2
8 10
8 9
0 1
0 3
1 8
6 #edges
10 2
2 9
8 10
0 1
0 3
1 8
6 #edges
2 10
8 9
8 2
0 1
0 3
1 8
6 #edges
10 9
2 10
8 2
0 1
0 3
1 8
6 #edges
2 10
8 1
0 8
0 3
1 9
1 2
6 #edges
10 9
2 10
8 1
0 8
0 3
1 2
6 #edges
10 2
8 1
0 8
0 3
1 10
1 9
6 #edges
10 2
2 9
8 1
0 8
0 3
1 10
2 #trees for patient 66
6 #edges
2 10
8 9
8 2
0 1
0 3
1 8
6 #edges
10 2
8 10
8 9
0 1
0 3
1 8
32 #trees for patient 67
6 #edges
10 2
8 10
0 9
0 1
0 3
1 8
6 #edges
2 10
8 2
0 9
0 1
0 3
1 8
6 #edges
10 2
8 1
0 9
0 8
0 3
1 10
6 #edges
2 10
8 1
0 9
0 8
0 3
1 2
6 #edges
10 9
2 10
0 2
0 1
0 3
1 8
6 #edges
10 9
2 10
8 1
0 2
0 8
0 3
6 #edges
2 10
8 9
0 2
0 1
0 3
1 8
6 #edges
2 10
8 1
0 2
0 8
0 3
1 9
6 #edges
2 9
8 1
0 2
0 8
0 3
1 10
6 #edges
8 1
0 2
0 8
0 3
1 10
1 9
6 #edges
10 9
8 1
0 2
0 8
0 3
1 10
6 #edges
2 9
8 10
0 2
0 1
0 3
1 8
6 #edges
10 9
8 10
0 2
0 1
0 3
1 8
6 #edges
8 10
8 9
0 2
0 1
0 3
1 8
6 #edges
10 9
8 2
0 10
0 1
0 3
1 8
6 #edges
10 9
8 1
0 10
0 8
0 3
1 2
6 #edges
10 2
2 9
8 1
0 10
0 8
0 3
6 #edges
10 2
8 1
0 10
0 8
0 3
1 9
6 #edges
8 1
0 10
0 8
0 3
1 9
1 2
6 #edges
2 9
8 1
0 10
0 8
0 3
1 2
6 #edges
10 2
2 9
0 10
0 1
0 3
1 8
6 #edges
10 2
8 9
0 10
0 1
0 3
1 8
6 #edges
8 9
8 2
0 10
0 1
0 3
1 8
6 #edges
2 9
8 2
0 10
0 1
0 3
1 8
6 #edges
2 10
8 9
8 2
0 1
0 3
1 8
6 #edges
10 9
2 10
8 2
0 1
0 3
1 8
6 #edges
10 2
8 10
8 9
0 1
0 3
1 8
6 #edges
10 2
2 9
8 10
0 1
0 3
1 8
6 #edges
10 2
8 1
0 8
0 3
1 10
1 9
6 #edges
2 10
8 1
0 8
0 3
1 9
1 2
6 #edges
10 2
2 9
8 1
0 8
0 3
1 10
6 #edges
10 9
2 10
8 1
0 8
0 3
1 2
6 #trees for patient 68
6 #edges
10 2
8 10
8 9
0 1
0 3
1 8
6 #edges
10 9
10 2
8 10
0 1
0 3
1 8
6 #edges
10 2
2 9
8 10
0 1
0 3
1 8
6 #edges
10 9
10 2
8 1
0 8
0 3
1 10
6 #edges
10 2
2 9
8 1
0 8
0 3
1 10
6 #edges
10 2
8 1
0 8
0 3
1 10
1 9
6 #trees for patient 69
6 #edges
10 2
8 10
0 1
0 3
1 9
1 8
6 #edges
2 10
8 2
0 1
0 3
1 9
1 8
6 #edges
10 2
8 10
8 9
0 1
0 3
1 8
6 #edges
10 2
2 9
8 10
0 1
0 3
1 8
6 #edges
2 10
8 9
8 2
0 1
0 3
1 8
6 #edges
10 9
2 10
8 2
0 1
0 3
1 8
6 #trees for patient 70
6 #edges
5 11
0 7
0 5
11 10
11 2
11 8
6 #edges
5 11
2 8
0 7
0 5
11 10
11 2
6 #edges
5 7
5 11
0 5
11 10
11 2
11 8
6 #edges
5 7
5 11
2 8
0 5
11 10
11 2
6 #edges
10 7
5 11
0 5
11 10
11 2
11 8
6 #edges
10 7
5 11
2 8
0 5
11 10
11 2
4 #trees for patient 71
6 #edges
7 10
5 7
5 11
8 2
0 5
11 8
6 #edges
7 10
5 7
5 11
2 8
0 5
11 2
6 #edges
5 7
5 11
8 2
0 5
11 10
11 8
6 #edges
5 7
5 11
2 8
0 5
11 10
11 2
4 #trees for patient 72
6 #edges
5 11
2 8
0 7
0 5
11 10
11 2
6 #edges
5 11
2 8
8 10
0 7
0 5
11 2
6 #edges
5 7
5 11
2 8
0 5
11 10
11 2
6 #edges
5 7
5 11
2 8
8 10
0 5
11 2
6 #trees for patient 73
6 #edges
7 2
5 7
5 11
2 8
0 5
11 10
6 #edges
7 2
5 7
5 11
0 5
11 10
11 8
6 #edges
7 8
5 7
5 11
8 2
0 5
11 10
6 #edges
7 8
5 7
5 11
0 5
11 10
11 2
6 #edges
5 7
5 11
2 8
0 5
11 10
11 2
6 #edges
5 7
5 11
8 2
0 5
11 10
11 8
13 #trees for patient 74
6 #edges
5 7
5 11
8 2
0 5
0 8
11 10
6 #edges
7 2
5 7
5 11
0 5
0 8
11 10
6 #edges
5 7
5 11
0 5
0 8
11 10
11 2
6 #edges
5 7
5 11
2 8
0 5
0 2
11 10
6 #edges
5 7
5 11
0 5
0 2
11 10
11 8
6 #edges
7 8
5 7
5 11
0 5
0 2
11 10
6 #edges
7 8
5 7
5 11
0 5
11 10
11 2
6 #edges
5 7
5 11
2 8
0 5
11 10
11 2
6 #edges
7 2
7 8
5 7
5 11
0 5
11 10
6 #edges
7 8
5 7
5 11
8 2
0 5
11 10
6 #edges
7 2
5 7
5 11
0 5
11 10
11 8
6 #edges
5 7
5 11
8 2
0 5
11 10
11 8
6 #edges
7 2
5 7
5 11
2 8
0 5
11 10
1 #trees for patient 75
6 #edges
5 7
5 11
2 8
0 5
11 10
11 2
2 #trees for patient 76
6 #edges
7 8
5 7
5 11
0 5
11 10
11 2
6 #edges
5 7
5 11
2 8
0 5
11 10
11 2
4 #trees for patient 77
6 #edges
5 7
5 11
2 8
0 5
11 10
11 2
6 #edges
5 7
5 11
2 10
2 8
0 5
11 2
6 #edges
5 11
2 8
0 5
11 10
11 7
11 2
6 #edges
5 11
2 10
2 8
0 5
11 7
11 2
2 #trees for patient 78
6 #edges
5 7
5 11
2 8
0 5
11 10
11 2
6 #edges
5 7
5 11
8 2
0 5
11 10
11 8
4 #trees for patient 79
6 #edges
5 7
5 11
0 5
11 10
11 2
11 8
6 #edges
5 7
5 11
2 8
0 5
11 10
11 2
6 #edges
5 11
2 7
0 5
11 10
11 2
11 8
6 #edges
5 11
2 7
2 8
0 5
11 10
11 2
3 #trees for patient 80
6 #edges
5 7
5 11
2 8
0 5
11 10
11 2
6 #edges
5 7
5 11
2 10
2 8
0 5
11 2
6 #edges
5 7
5 11
2 8
8 10
0 5
11 2
4 #trees for patient 81
6 #edges
5 7
5 11
2 8
0 5
11 10
11 2
6 #edges
5 7
5 11
8 2
0 5
11 10
11 8
6 #edges
5 11
2 8
8 7
0 5
11 10
11 2
6 #edges
5 11
2 7
8 2
0 5
11 10
11 8
1 #trees for patient 82
6 #edges
5 7
5 11
2 8
0 5
11 10
11 2
4 #trees for patient 83
6 #edges
5 7
5 11
2 8
0 10
0 5
11 2
6 #edges
5 7
5 11
8 2
0 10
0 5
11 8
6 #edges
5 7
5 11
8 2
0 5
11 10
11 8
6 #edges
5 7
5 11
2 8
0 5
11 10
11 2
9 #trees for patient 84
6 #edges
5 10
5 7
5 11
0 5
0 8
11 2
6 #edges
5 7
5 11
0 5
0 8
11 10
11 2
6 #edges
5 7
5 11
2 10
0 5
0 8
11 2
6 #edges
7 8
5 10
5 7
5 11
0 5
11 2
6 #edges
5 10
5 7
5 11
2 8
0 5
11 2
6 #edges
7 8
5 7
5 11
0 5
11 10
11 2
6 #edges
7 8
5 7
5 11
2 10
0 5
11 2
6 #edges
5 7
5 11
2 8
0 5
11 10
11 2
6 #edges
5 7
5 11
2 10
2 8
0 5
11 2
4 #trees for patient 85
6 #edges
5 7
5 11
2 8
0 5
11 10
11 2
6 #edges
5 11
2 8
8 7
0 5
11 10
11 2
6 #edges
5 7
5 11
8 2
0 5
11 10
11 8
6 #edges
5 11
2 7
8 2
0 5
11 10
11 8
3 #trees for patient 86
6 #edges
5 7
5 11
2 8
0 5
11 10
11 2
6 #edges
5 11
2 8
0 5
11 10
11 7
11 2
6 #edges
5 11
2 8
8 7
0 5
11 10
11 2
2 #trees for patient 87
6 #edges
7 8
5 7
5 11
0 5
11 10
11 2
6 #edges
5 7
5 11
2 8
0 5
11 10
11 2
1 #trees for patient 88
6 #edges
5 7
5 11
2 8
0 5
11 10
11 2
3 #trees for patient 89
6 #edges
5 10
5 7
5 11
2 8
0 5
11 2
6 #edges
5 7
5 11
2 8
0 5
11 10
11 2
6 #edges
5 7
5 11
2 10
2 8
0 5
11 2
2 #trees for patient 90
6 #edges
5 7
5 11
2 8
0 5
11 10
11 2
6 #edges
5 11
2 8
8 7
0 5
11 10
11 2
4 #trees for patient 91
6 #edges
5 7
5 11
2 8
0 5
11 10
11 2
6 #edges
5 11
2 8
8 7
0 5
11 10
11 2
6 #edges
5 7
5 11
8 2
0 5
11 10
11 8
6 #edges
5 11
2 7
8 2
0 5
11 10
11 8
5 #trees for patient 92
6 #edges
5 7
5 11
0 5
0 8
11 10
11 2
6 #edges
5 7
5 11
2 10
0 5
0 8
11 2
6 #edges
5 7
5 11
2 8
0 5
11 10
11 2
6 #edges
7 8
5 7
5 11
0 5
11 10
11 2
6 #edges
7 8
5 7
5 11
2 10
0 5
11 2
2 #trees for patient 93
6 #edges
7 8
5 7
5 11
0 5
11 10
11 2
6 #edges
5 7
5 11
2 8
0 5
11 10
11 2
4 #trees for patient 94
6 #edges
5 7
5 11
2 8
0 5
11 10
11 2
6 #edges
7 10
5 7
5 11
2 8
0 5
11 2
6 #edges
5 7
5 11
8 2
0 5
11 10
11 8
6 #edges
7 10
5 7
5 11
8 2
0 5
11 8
14 #trees for patient 95
6 #edges
5 7
5 11
2 8
0 5
11 10
11 2
6 #edges
10 8
5 7
5 11
0 5
11 10
11 2
6 #edges
5 7
5 11
8 2
0 5
11 10
11 8
6 #edges
10 2
5 7
5 11
0 5
11 10
11 8
6 #edges
10 2
10 8
5 7
5 11
0 5
11 10
6 #edges
10 2
5 7
5 11
2 8
0 5
11 10
6 #edges
10 8
5 7
5 11
8 2
0 5
11 10
6 #edges
5 11
2 8
0 5
11 10
11 7
11 2
6 #edges
10 8
5 11
0 5
11 10
11 7
11 2
6 #edges
10 2
5 11
2 8
0 5
11 10
11 7
6 #edges
10 2
10 8
5 11
0 5
11 10
11 7
6 #edges
10 2
5 11
0 5
11 10
11 7
11 8
6 #edges
10 8
5 11
8 2
0 5
11 10
11 7
6 #edges
5 11
8 2
0 5
11 10
11 7
11 8
2 #trees for patient 96
6 #edges
5 7
5 11
2 8
0 5
11 10
11 2
6 #edges
5 7
5 11
8 2
0 5
11 10
11 8
1 #trees for patient 97
6 #edges
5 7
5 11
2 8
0 5
11 10
11 2
7 #trees for patient 98
6 #edges
5 7
5 11
2 8
0 5
11 10
11 2
6 #edges
10 8
5 7
5 11
0 5
11 10
11 2
6 #edges
5 7
5 11
8 2
0 5
11 10
11 8
6 #edges
10 2
5 7
5 11
0 5
11 10
11 8
6 #edges
10 2
5 7
5 11
2 8
0 5
11 10
6 #edges
10 2
10 8
5 7
5 11
0 5
11 10
6 #edges
10 8
5 7
5 11
8 2
0 5
11 10
2 #trees for patient 99
6 #edges
5 7
5 11
2 8
0 5
11 10
11 2
6 #edges
5 7
5 11
8 2
0 5
11 10
11 8
