50 # patients
56 #trees for patient 0
6 #edges
6 11
6 2
0 9
0 10
0 1
1 6
6 #edges
6 2
0 11
0 9
0 10
0 1
1 6
6 #edges
6 11
6 10
0 9
0 1
0 2
1 6
6 #edges
6 10
0 11
0 9
0 1
0 2
1 6
6 #edges
6 2
0 11
0 9
0 1
1 6
2 10
6 #edges
0 11
0 9
0 1
0 2
1 6
2 10
6 #edges
6 11
6 2
0 9
0 1
1 6
2 10
6 #edges
6 11
0 9
0 1
0 2
1 6
2 10
6 #edges
6 1
0 11
0 9
0 6
0 10
1 2
6 #edges
6 1
0 9
0 6
0 10
1 11
1 2
6 #edges
6 1
0 11
0 9
0 6
0 2
2 10
6 #edges
6 1
0 11
0 9
0 6
0 2
1 10
6 #edges
6 1
0 11
0 9
0 6
1 2
2 10
6 #edges
6 1
0 9
0 6
0 2
1 11
2 10
6 #edges
6 1
0 9
0 6
0 2
1 11
1 10
6 #edges
6 1
0 9
0 6
1 11
1 2
2 10
6 #edges
6 11
6 2
0 10
0 1
10 9
1 6
6 #edges
6 2
0 11
0 10
0 1
10 9
1 6
6 #edges
6 9
6 2
0 11
0 10
0 1
1 6
6 #edges
6 2
0 11
0 10
0 1
1 6
2 9
6 #edges
6 11
6 9
6 2
0 10
0 1
1 6
6 #edges
6 11
6 2
0 10
0 1
1 6
2 9
6 #edges
6 1
0 11
0 6
0 10
10 9
1 2
6 #edges
6 1
0 11
0 6
0 10
1 9
1 2
6 #edges
6 1
0 11
0 6
0 10
1 2
2 9
6 #edges
6 1
0 6
0 10
10 9
1 11
1 2
6 #edges
6 1
0 6
0 10
1 11
1 9
1 2
6 #edges
6 1
0 6
0 10
1 11
1 2
2 9
6 #edges
6 10
0 11
0 1
0 2
1 6
2 9
6 #edges
6 11
6 10
0 1
0 2
1 6
2 9
6 #edges
6 11
6 10
0 1
0 2
10 9
1 6
6 #edges
6 10
0 11
0 1
0 2
10 9
1 6
6 #edges
6 9
6 10
0 11
0 1
0 2
1 6
6 #edges
6 11
6 9
6 10
0 1
0 2
1 6
6 #edges
0 11
0 1
0 2
10 9
1 6
2 10
6 #edges
6 9
0 11
0 1
0 2
1 6
2 10
6 #edges
6 11
6 9
0 1
0 2
1 6
2 10
6 #edges
6 11
0 1
0 2
10 9
1 6
2 10
6 #edges
6 1
0 11
0 6
0 2
1 10
2 9
6 #edges
6 1
0 11
0 6
0 2
1 9
1 10
6 #edges
6 1
0 11
0 6
0 2
1 9
2 10
6 #edges
6 1
0 11
0 6
0 2
10 9
1 10
6 #edges
6 1
0 11
0 6
0 2
10 9
2 10
6 #edges
6 1
0 6
0 2
10 9
1 11
2 10
6 #edges
6 1
0 6
0 2
1 11
1 9
2 10
6 #edges
6 1
0 6
0 2
1 11
1 10
2 9
6 #edges
6 1
0 6
0 2
1 11
1 9
1 10
6 #edges
6 1
0 6
0 2
10 9
1 11
1 10
6 #edges
6 9
6 2
0 11
0 1
1 6
2 10
6 #edges
6 2
0 11
0 1
10 9
1 6
2 10
6 #edges
6 1
0 11
0 6
1 9
1 2
2 10
6 #edges
6 1
0 11
0 6
10 9
1 2
2 10
6 #edges
6 11
6 9
6 2
0 1
1 6
2 10
6 #edges
6 11
6 2
0 1
10 9
1 6
2 10
6 #edges
6 1
0 6
1 11
1 9
1 2
2 10
6 #edges
6 1
0 6
10 9
1 11
1 2
2 10
2 #trees for patient 1
6 #edges
6 9
6 2
0 11
0 10
0 1
1 6
6 #edges
6 9
6 2
0 11
0 1
1 6
1 10
4 #trees for patient 2
6 #edges
11 9
6 2
0 11
0 10
0 1
1 6
6 #edges
11 9
6 2
0 11
0 1
1 6
2 10
6 #edges
6 9
6 2
0 11
0 10
0 1
1 6
6 #edges
6 9
6 2
0 11
0 1
1 6
2 10
4 #trees for patient 3
6 #edges
11 2
0 11
0 10
0 1
1 9
1 6
6 #edges
6 2
0 11
0 10
0 1
1 9
1 6
6 #edges
6 9
6 2
0 11
0 10
0 1
1 6
6 #edges
11 2
6 9
0 11
0 10
0 1
1 6
14 #trees for patient 4
6 #edges
6 2
0 11
0 9
0 1
1 6
1 10
6 #edges
6 2
0 9
0 1
1 6
1 10
2 11
6 #edges
6 2
0 11
0 10
0 1
10 9
1 6
6 #edges
6 2
0 10
0 1
10 9
1 6
2 11
6 #edges
6 2
0 11
0 10
0 1
1 9
1 6
6 #edges
6 9
6 2
0 11
0 10
0 1
1 6
6 #edges
6 2
0 10
0 1
1 9
1 6
2 11
6 #edges
6 9
6 2
0 10
0 1
1 6
2 11
6 #edges
6 9
6 2
0 11
0 1
1 6
1 10
6 #edges
6 2
0 11
0 1
1 9
1 6
1 10
6 #edges
6 2
0 11
0 1
10 9
1 6
1 10
6 #edges
6 9
6 2
0 1
1 6
1 10
2 11
6 #edges
6 2
0 1
1 9
1 6
1 10
2 11
6 #edges
6 2
0 1
10 9
1 6
1 10
2 11
1 #trees for patient 5
6 #edges
6 9
6 2
0 11
0 10
0 1
1 6
4 #trees for patient 6
6 #edges
6 1
0 11
0 6
0 10
1 9
1 2
6 #edges
6 9
6 2
0 11
0 10
0 1
1 6
6 #edges
6 1
0 6
0 10
1 9
1 2
2 11
6 #edges
6 9
6 2
0 10
0 1
1 6
2 11
4 #trees for patient 7
6 #edges
6 9
6 2
0 11
0 10
0 1
1 6
6 #edges
6 1
0 11
0 6
0 10
1 9
1 2
6 #edges
6 1
0 6
0 10
1 9
1 2
2 11
6 #edges
6 9
6 2
0 10
0 1
1 6
2 11
5 #trees for patient 8
6 #edges
6 9
0 11
0 10
0 1
1 6
1 2
6 #edges
6 9
6 2
0 11
0 10
0 1
1 6
6 #edges
9 2
6 9
0 11
0 10
0 1
1 6
6 #edges
9 2
0 11
0 10
0 1
1 9
1 6
6 #edges
6 2
0 11
0 10
0 1
1 9
1 6
38 #trees for patient 9
6 #edges
6 1
0 9
0 6
0 10
10 11
1 2
6 #edges
6 1
0 9
0 6
0 10
1 2
2 11
6 #edges
6 2
0 9
0 10
0 1
10 11
1 6
6 #edges
6 2
0 9
0 10
0 1
1 6
2 11
6 #edges
6 1
0 11
0 9
0 6
1 2
2 10
6 #edges
6 2
0 11
0 9
0 1
1 6
2 10
6 #edges
6 1
0 9
0 6
10 11
1 2
2 10
6 #edges
6 2
0 9
0 1
10 11
1 6
2 10
6 #edges
11 9
6 1
0 11
0 6
0 10
1 2
6 #edges
11 9
6 1
0 11
0 6
1 2
2 10
6 #edges
6 1
0 11
0 6
0 10
10 9
1 2
6 #edges
6 1
0 11
0 6
0 10
1 2
2 9
6 #edges
6 1
0 11
0 6
0 10
1 9
1 2
6 #edges
6 1
0 11
0 6
1 9
1 2
2 10
6 #edges
6 1
0 11
0 6
10 9
1 2
2 10
6 #edges
11 9
6 2
0 11
0 10
0 1
1 6
6 #edges
11 9
6 2
0 11
0 1
1 6
2 10
6 #edges
6 2
0 11
0 10
0 1
10 9
1 6
6 #edges
6 9
6 2
0 11
0 10
0 1
1 6
6 #edges
6 2
0 11
0 10
0 1
1 6
2 9
6 #edges
6 2
0 11
0 1
10 9
1 6
2 10
6 #edges
6 9
6 2
0 11
0 1
1 6
2 10
6 #edges
6 9
6 2
0 10
0 1
10 11
1 6
6 #edges
11 9
6 2
0 10
0 1
10 11
1 6
6 #edges
6 2
0 10
0 1
10 11
1 6
2 9
6 #edges
6 2
0 10
0 1
10 9
1 6
2 11
6 #edges
6 9
6 2
0 10
0 1
1 6
2 11
6 #edges
11 9
6 2
0 10
0 1
1 6
2 11
6 #edges
6 1
0 6
0 10
10 11
1 9
1 2
6 #edges
6 1
0 6
0 10
1 9
1 2
2 11
6 #edges
6 1
0 6
0 10
10 11
1 2
2 9
6 #edges
11 9
6 1
0 6
0 10
10 11
1 2
6 #edges
6 1
0 6
0 10
10 9
1 2
2 11
6 #edges
11 9
6 1
0 6
0 10
1 2
2 11
6 #edges
11 9
6 2
0 1
10 11
1 6
2 10
6 #edges
6 9
6 2
0 1
10 11
1 6
2 10
6 #edges
6 1
0 6
10 11
1 9
1 2
2 10
6 #edges
11 9
6 1
0 6
10 11
1 2
2 10
8 #trees for patient 10
6 #edges
9 2
6 9
0 11
0 10
0 1
1 6
6 #edges
6 9
6 2
0 11
0 10
0 1
1 6
6 #edges
6 1
0 11
0 6
0 10
1 9
1 2
6 #edges
9 2
6 1
0 11
0 6
0 10
1 9
6 #edges
9 2
6 9
0 10
0 1
10 11
1 6
6 #edges
6 9
6 2
0 10
0 1
10 11
1 6
6 #edges
6 1
0 6
0 10
10 11
1 9
1 2
6 #edges
9 2
6 1
0 6
0 10
10 11
1 9
8 #trees for patient 11
6 #edges
9 2
6 9
0 11
0 10
0 1
1 6
6 #edges
6 9
6 2
0 11
0 10
0 1
1 6
6 #edges
6 1
0 11
0 6
0 10
1 9
1 2
6 #edges
9 2
6 1
0 11
0 6
0 10
1 9
6 #edges
9 2
6 1
0 6
0 10
10 11
1 9
6 #edges
6 1
0 6
0 10
10 11
1 9
1 2
6 #edges
6 9
6 2
0 10
0 1
10 11
1 6
6 #edges
9 2
6 9
0 10
0 1
10 11
1 6
4 #trees for patient 12
6 #edges
7 11
3 7
0 9
0 1
0 4
4 3
6 #edges
7 11
11 9
3 7
0 1
0 4
4 3
6 #edges
7 3
11 9
3 11
0 1
0 4
4 7
6 #edges
7 3
3 11
0 9
0 1
0 4
4 7
4 #trees for patient 13
6 #edges
7 4
11 9
3 11
0 7
0 1
4 3
6 #edges
7 4
3 9
9 11
0 7
0 1
4 3
6 #edges
7 3
11 9
3 11
0 1
0 4
4 7
6 #edges
7 3
3 9
9 11
0 1
0 4
4 7
26 #trees for patient 14
6 #edges
7 3
0 11
0 1
0 4
4 7
4 9
6 #edges
7 3
11 9
0 11
0 1
0 4
4 7
6 #edges
7 3
3 9
0 11
0 1
0 4
4 7
6 #edges
7 3
0 1
0 4
4 7
4 11
4 9
6 #edges
7 3
9 11
0 1
0 4
4 7
4 9
6 #edges
7 3
3 11
0 1
0 4
4 7
4 9
6 #edges
7 3
3 9
0 1
0 4
4 7
4 11
6 #edges
7 3
3 9
9 11
0 1
0 4
4 7
6 #edges
7 3
3 11
0 9
0 1
0 4
4 7
6 #edges
7 3
0 9
0 1
0 4
4 7
4 11
6 #edges
7 3
9 11
0 9
0 1
0 4
4 7
6 #edges
7 3
11 9
3 11
0 1
0 4
4 7
6 #edges
7 3
11 9
0 1
0 4
4 7
4 11
6 #edges
7 3
7 1
9 11
0 9
0 4
4 7
6 #edges
7 3
7 1
0 9
0 4
4 7
4 11
6 #edges
7 3
7 1
3 11
0 9
0 4
4 7
6 #edges
7 3
7 1
11 9
0 11
0 4
4 7
6 #edges
7 3
7 1
0 11
0 4
4 7
4 9
6 #edges
7 3
7 1
3 9
0 11
0 4
4 7
6 #edges
7 3
7 1
0 4
4 7
4 11
4 9
6 #edges
7 3
7 1
11 9
0 4
4 7
4 11
6 #edges
7 3
7 1
3 9
0 4
4 7
4 11
6 #edges
7 3
7 1
9 11
0 4
4 7
4 9
6 #edges
7 3
7 1
3 11
0 4
4 7
4 9
6 #edges
7 3
7 1
3 9
9 11
0 4
4 7
6 #edges
7 3
7 1
11 9
3 11
0 4
4 7
4 #trees for patient 15
6 #edges
7 4
11 9
3 11
0 7
0 1
4 3
6 #edges
7 4
3 9
9 11
0 7
0 1
4 3
6 #edges
7 3
11 9
3 11
0 1
0 4
4 7
6 #edges
7 3
3 9
9 11
0 1
0 4
4 7
12 #trees for patient 16
6 #edges
7 3
11 9
3 4
0 7
0 1
4 11
6 #edges
7 4
11 9
3 11
0 7
0 1
4 3
6 #edges
7 4
11 9
3 7
0 3
0 1
4 11
6 #edges
7 11
11 9
3 4
0 3
0 1
4 7
6 #edges
7 11
11 9
3 7
0 1
0 4
4 3
6 #edges
7 3
11 9
3 11
0 1
0 4
4 7
6 #edges
7 11
11 9
3 7
9 1
0 4
4 3
6 #edges
7 3
11 9
3 11
9 1
0 4
4 7
6 #edges
7 11
11 9
3 4
9 1
0 3
4 7
6 #edges
7 4
11 9
3 7
9 1
0 3
4 11
6 #edges
7 3
11 9
3 4
9 1
0 7
4 11
6 #edges
7 4
11 9
3 11
9 1
0 7
4 3
6 #trees for patient 17
6 #edges
7 4
11 9
3 11
0 7
0 1
4 3
6 #edges
7 3
11 9
3 4
0 7
0 1
4 11
6 #edges
7 3
11 9
3 11
0 1
0 4
4 7
6 #edges
7 11
11 9
3 7
0 1
0 4
4 3
6 #edges
7 11
11 9
3 4
0 3
0 1
4 7
6 #edges
7 4
11 9
3 7
0 3
0 1
4 11
12 #trees for patient 18
6 #edges
7 3
7 9
3 11
0 1
0 4
4 7
6 #edges
7 3
11 9
3 11
0 1
0 4
4 7
6 #edges
7 11
7 3
11 9
0 1
0 4
4 7
6 #edges
7 11
7 3
3 9
0 1
0 4
4 7
6 #edges
7 3
3 9
9 11
0 1
0 4
4 7
6 #edges
7 3
7 9
9 11
0 1
0 4
4 7
6 #edges
7 3
7 9
3 1
9 11
0 4
4 7
6 #edges
7 3
7 9
3 11
3 1
0 4
4 7
6 #edges
7 3
11 9
3 11
3 1
0 4
4 7
6 #edges
7 3
3 9
3 1
9 11
0 4
4 7
6 #edges
7 11
7 3
3 9
3 1
0 4
4 7
6 #edges
7 11
7 3
11 9
3 1
0 4
4 7
7 #trees for patient 19
6 #edges
7 3
3 11
0 1
0 4
1 9
4 7
6 #edges
7 3
9 11
0 1
0 4
1 9
4 7
6 #edges
7 3
3 11
3 9
0 1
0 4
4 7
6 #edges
7 3
11 9
3 11
0 1
0 4
4 7
6 #edges
7 3
3 9
9 11
0 1
0 4
4 7
6 #edges
7 3
3 9
0 1
0 4
1 11
4 7
6 #edges
7 3
11 9
0 1
0 4
1 11
4 7
4 #trees for patient 20
6 #edges
7 3
3 9
0 1
0 4
4 7
4 11
6 #edges
7 3
11 9
0 1
0 4
4 7
4 11
6 #edges
7 3
3 11
0 1
0 4
4 7
4 9
6 #edges
7 3
11 9
3 11
0 1
0 4
4 7
12 #trees for patient 21
6 #edges
7 11
7 9
11 3
0 1
0 4
4 7
6 #edges
7 11
11 3
3 9
0 1
0 4
4 7
6 #edges
7 11
7 9
9 3
0 1
0 4
4 7
6 #edges
7 11
7 3
3 9
0 1
0 4
4 7
6 #edges
7 11
7 3
11 9
0 1
0 4
4 7
6 #edges
7 11
11 9
9 3
0 1
0 4
4 7
6 #edges
7 9
11 3
9 11
0 1
0 4
4 7
6 #edges
7 3
7 9
9 11
0 1
0 4
4 7
6 #edges
7 3
7 9
3 11
0 1
0 4
4 7
6 #edges
7 9
3 11
9 3
0 1
0 4
4 7
6 #edges
7 3
3 9
9 11
0 1
0 4
4 7
6 #edges
7 3
11 9
3 11
0 1
0 4
4 7
6 #trees for patient 22
6 #edges
7 11
11 9
3 7
0 1
0 4
4 3
6 #edges
7 3
11 9
3 11
0 1
0 4
4 7
6 #edges
7 4
11 9
3 7
0 3
0 1
4 11
6 #edges
7 11
11 9
3 4
0 3
0 1
4 7
6 #edges
7 3
11 9
3 4
0 7
0 1
4 11
6 #edges
7 4
11 9
3 11
0 7
0 1
4 3
4 #trees for patient 23
6 #edges
7 3
3 9
9 11
0 1
0 4
4 7
6 #edges
7 3
11 9
3 11
0 1
0 4
4 7
6 #edges
7 4
11 9
3 11
0 7
0 1
4 3
6 #edges
7 4
3 9
9 11
0 7
0 1
4 3
2 #trees for patient 24
6 #edges
7 3
11 9
3 11
0 1
0 4
4 7
6 #edges
7 11
11 3
3 9
0 1
0 4
4 7
2 #trees for patient 25
6 #edges
7 4
11 9
3 11
0 7
0 1
4 3
6 #edges
7 3
11 9
3 11
0 1
0 4
4 7
14 #trees for patient 26
6 #edges
8 2
0 3
0 1
1 8
1 9
2 10
6 #edges
8 10
0 3
0 1
10 2
1 8
1 9
6 #edges
8 9
8 10
0 3
0 1
10 2
1 8
6 #edges
8 9
8 2
0 3
0 1
1 8
2 10
6 #edges
8 9
8 10
0 1
10 2
1 3
1 8
6 #edges
8 9
8 2
0 1
1 3
1 8
2 10
6 #edges
8 2
9 3
0 1
1 8
1 9
2 10
6 #edges
8 10
9 3
0 1
10 2
1 8
1 9
6 #edges
8 3
8 10
0 1
10 2
1 8
1 9
6 #edges
8 3
8 2
0 1
1 8
1 9
2 10
6 #edges
8 3
8 9
8 10
0 1
10 2
1 8
6 #edges
8 9
8 10
9 3
0 1
10 2
1 8
6 #edges
8 3
8 9
8 2
0 1
1 8
2 10
6 #edges
8 9
8 2
9 3
0 1
1 8
2 10
2 #trees for patient 27
6 #edges
8 9
8 2
0 3
0 1
1 8
2 10
6 #edges
8 9
8 10
0 3
0 1
10 2
1 8
6 #trees for patient 28
6 #edges
8 9
8 10
0 3
0 1
1 8
1 2
6 #edges
8 9
8 10
0 3
0 1
10 2
1 8
6 #edges
8 3
8 9
8 10
0 1
1 8
1 2
6 #edges
8 9
8 10
0 1
10 3
1 8
1 2
6 #edges
8 9
8 10
0 1
10 3
10 2
1 8
6 #edges
8 3
8 9
8 10
0 1
10 2
1 8
8 #trees for patient 29
6 #edges
8 9
8 2
0 3
0 1
1 8
2 10
6 #edges
8 9
8 10
0 3
0 1
10 2
1 8
6 #edges
8 10
0 3
0 1
10 2
1 8
2 9
6 #edges
8 2
0 3
0 1
10 9
1 8
2 10
6 #edges
8 10
0 1
10 2
1 3
1 8
2 9
6 #edges
8 9
8 10
0 1
10 2
1 3
1 8
6 #edges
8 9
8 2
0 1
1 3
1 8
2 10
6 #edges
8 2
0 1
10 9
1 3
1 8
2 10
12 #trees for patient 30
6 #edges
8 1
0 3
0 8
0 2
1 9
1 10
6 #edges
8 9
8 10
0 3
0 1
0 2
1 8
6 #edges
8 9
8 10
8 2
0 3
0 1
1 8
6 #edges
8 9
8 10
0 3
0 1
10 2
1 8
6 #edges
8 1
0 3
0 8
1 9
1 10
1 2
6 #edges
8 1
0 3
0 8
10 2
1 9
1 10
6 #edges
8 1
0 8
0 2
1 3
1 9
1 10
6 #edges
8 3
8 9
8 10
0 1
0 2
1 8
6 #edges
8 3
8 9
8 10
0 1
10 2
1 8
6 #edges
8 3
8 9
8 10
8 2
0 1
1 8
6 #edges
8 1
0 8
10 2
1 3
1 9
1 10
6 #edges
8 1
0 8
1 3
1 9
1 10
1 2
6 #trees for patient 31
6 #edges
8 9
8 10
0 3
0 1
10 2
1 8
6 #edges
8 1
0 3
0 8
10 2
1 9
1 10
6 #edges
8 9
8 10
0 1
10 3
10 2
1 8
6 #edges
8 9
8 10
0 1
10 2
1 8
2 3
6 #edges
8 1
0 8
10 3
10 2
1 9
1 10
6 #edges
8 1
0 8
10 2
1 9
1 10
2 3
2 #trees for patient 32
6 #edges
8 9
8 10
0 3
0 1
10 2
1 8
6 #edges
8 1
0 3
0 8
10 2
1 9
1 10
8 #trees for patient 33
6 #edges
3 9
8 2
0 3
0 1
1 8
2 10
6 #edges
3 9
8 10
0 3
0 1
10 2
1 8
6 #edges
3 9
8 1
0 3
0 8
10 2
1 10
6 #edges
3 9
8 1
0 3
0 8
1 2
2 10
6 #edges
8 9
8 10
0 3
0 1
10 2
1 8
6 #edges
8 9
8 2
0 3
0 1
1 8
2 10
6 #edges
8 1
0 3
0 8
10 2
1 9
1 10
6 #edges
8 1
0 3
0 8
1 9
1 2
2 10
12 #trees for patient 34
6 #edges
0 3
0 1
0 2
1 8
1 9
2 10
6 #edges
8 9
0 3
0 1
0 2
1 8
2 10
6 #edges
8 10
0 3
0 1
0 2
1 8
1 9
6 #edges
8 9
8 10
0 3
0 1
0 2
1 8
6 #edges
0 3
0 10
0 1
10 2
1 8
1 9
6 #edges
8 2
0 3
0 10
0 1
1 8
1 9
6 #edges
8 9
0 3
0 10
0 1
10 2
1 8
6 #edges
8 9
8 2
0 3
0 10
0 1
1 8
6 #edges
8 2
0 3
0 1
1 8
1 9
2 10
6 #edges
8 10
0 3
0 1
10 2
1 8
1 9
6 #edges
8 9
8 10
0 3
0 1
10 2
1 8
6 #edges
8 9
8 2
0 3
0 1
1 8
2 10
4 #trees for patient 35
6 #edges
11 10
11 2
0 5
5 7
5 11
2 8
6 #edges
11 10
11 2
0 5
5 7
5 11
10 8
6 #edges
11 10
11 2
0 5
5 11
2 7
2 8
6 #edges
11 10
11 2
0 5
5 11
10 8
2 7
2 #trees for patient 36
6 #edges
11 10
11 2
0 5
5 7
5 11
2 8
6 #edges
11 2
0 5
5 7
5 11
2 8
2 10
5 #trees for patient 37
6 #edges
11 10
11 2
0 5
5 11
5 8
2 7
6 #edges
7 8
11 10
11 2
0 5
5 7
5 11
6 #edges
11 10
11 2
0 5
5 7
5 11
2 8
6 #edges
11 10
11 2
0 5
5 11
2 7
2 8
6 #edges
7 8
11 10
11 2
0 5
5 11
2 7
2 #trees for patient 38
6 #edges
11 2
0 5
0 10
5 7
5 11
2 8
6 #edges
11 10
11 2
0 5
5 7
5 11
2 8
6 #trees for patient 39
6 #edges
11 7
11 10
11 2
0 8
0 5
5 11
6 #edges
11 10
11 2
0 8
0 5
5 7
5 11
6 #edges
11 10
11 2
0 5
5 7
5 11
2 8
6 #edges
11 8
11 10
11 2
0 5
5 7
5 11
6 #edges
11 7
11 8
11 10
11 2
0 5
5 11
6 #edges
11 7
11 10
11 2
0 5
5 11
2 8
2 #trees for patient 40
6 #edges
11 10
11 2
0 5
5 7
5 11
2 8
6 #edges
11 2
0 5
5 7
5 11
2 8
2 10
1 #trees for patient 41
6 #edges
11 10
11 2
0 5
5 7
5 11
2 8
1 #trees for patient 42
6 #edges
11 10
11 2
0 5
5 7
5 11
2 8
4 #trees for patient 43
6 #edges
11 10
11 2
0 5
5 7
5 11
2 8
6 #edges
11 10
11 2
0 5
5 7
5 11
10 8
6 #edges
11 10
11 2
0 5
5 11
2 7
2 8
6 #edges
11 10
11 2
0 5
5 11
10 8
2 7
53 #trees for patient 44
6 #edges
0 11
0 8
0 5
0 10
0 2
5 7
6 #edges
0 8
0 5
0 10
0 2
5 7
5 11
6 #edges
0 11
0 5
0 10
0 2
5 7
5 8
6 #edges
11 8
0 11
0 5
0 10
0 2
5 7
6 #edges
0 11
0 5
0 10
0 2
5 7
2 8
6 #edges
11 8
0 5
0 10
0 2
5 7
5 11
6 #edges
0 5
0 10
0 2
5 7
5 11
2 8
6 #edges
11 8
11 10
0 11
0 5
0 2
5 7
6 #edges
11 8
0 11
0 5
0 2
5 7
5 10
6 #edges
11 10
0 11
0 5
0 2
5 7
2 8
6 #edges
0 11
0 5
0 2
5 7
5 10
2 8
6 #edges
11 10
0 11
0 8
0 5
0 2
5 7
6 #edges
11 10
0 11
0 5
0 2
5 7
5 8
6 #edges
0 11
0 5
0 2
5 7
5 8
5 10
6 #edges
0 11
0 8
0 5
0 2
5 7
5 10
6 #edges
11 10
0 8
0 5
0 2
5 7
5 11
6 #edges
11 10
0 5
0 2
5 7
5 11
2 8
6 #edges
11 8
11 10
0 5
0 2
5 7
5 11
6 #edges
11 10
8 2
0 8
0 5
5 7
5 11
6 #edges
8 2
0 8
0 5
0 10
5 7
5 11
6 #edges
11 2
0 8
0 5
0 10
5 7
5 11
6 #edges
11 10
11 2
0 8
0 5
5 7
5 11
6 #edges
8 2
0 11
0 8
0 5
5 7
5 10
6 #edges
8 2
0 11
0 8
0 5
0 10
5 7
6 #edges
11 10
8 2
0 11
0 8
0 5
5 7
6 #edges
0 11
0 8
0 5
5 7
5 10
5 2
6 #edges
11 2
0 11
0 8
0 5
5 7
5 10
6 #edges
11 10
0 11
0 8
0 5
5 7
5 2
6 #edges
0 11
0 8
0 5
0 10
5 7
5 2
6 #edges
11 10
11 2
0 11
0 8
0 5
5 7
6 #edges
11 2
0 11
0 8
0 5
0 10
5 7
6 #edges
11 2
0 11
0 5
0 10
5 7
2 8
6 #edges
11 2
0 11
0 5
0 10
5 7
5 8
6 #edges
11 8
0 11
0 5
0 10
5 7
5 2
6 #edges
0 11
0 5
0 10
5 7
5 2
2 8
6 #edges
11 8
8 2
0 11
0 5
0 10
5 7
6 #edges
8 2
0 11
0 5
0 10
5 7
5 8
6 #edges
11 8
8 2
0 5
0 10
5 7
5 11
6 #edges
11 2
0 5
0 10
5 7
5 11
2 8
6 #edges
11 8
11 10
8 2
0 11
0 5
5 7
6 #edges
11 8
11 10
0 11
0 5
5 7
5 2
6 #edges
11 8
8 2
0 11
0 5
5 7
5 10
6 #edges
11 8
0 11
0 5
5 7
5 10
5 2
6 #edges
11 10
11 2
0 11
0 5
5 7
5 8
6 #edges
11 10
11 2
0 11
0 5
5 7
2 8
6 #edges
11 2
0 11
0 5
5 7
5 10
2 8
6 #edges
11 2
0 11
0 5
5 7
5 8
5 10
6 #edges
11 10
8 2
0 11
0 5
5 7
5 8
6 #edges
11 10
0 11
0 5
5 7
5 2
2 8
6 #edges
8 2
0 11
0 5
5 7
5 8
5 10
6 #edges
0 11
0 5
5 7
5 10
5 2
2 8
6 #edges
11 8
11 10
8 2
0 5
5 7
5 11
6 #edges
11 10
11 2
0 5
5 7
5 11
2 8
26 #trees for patient 45
6 #edges
11 7
11 10
0 5
0 2
5 11
2 8
6 #edges
11 10
0 5
0 2
5 7
5 11
2 8
6 #edges
11 8
11 10
0 5
0 2
5 7
5 11
6 #edges
11 10
0 5
0 2
5 7
5 11
10 8
6 #edges
11 7
11 8
11 10
0 5
0 2
5 11
6 #edges
11 7
11 10
0 5
0 2
5 11
10 8
6 #edges
11 10
11 2
0 8
0 5
5 7
5 11
6 #edges
11 10
8 2
0 8
0 5
5 7
5 11
6 #edges
11 10
0 8
0 5
5 7
5 11
10 2
6 #edges
11 7
11 10
11 2
0 8
0 5
5 11
6 #edges
11 7
11 10
8 2
0 8
0 5
5 11
6 #edges
11 7
11 10
0 8
0 5
5 11
10 2
6 #edges
11 10
11 2
0 5
5 7
5 11
2 8
6 #edges
11 10
11 2
0 5
5 7
5 11
10 8
6 #edges
11 8
11 10
0 5
5 7
5 11
10 2
6 #edges
11 10
0 5
5 7
5 11
10 2
2 8
6 #edges
11 10
0 5
5 7
5 11
10 8
10 2
6 #edges
11 8
11 10
8 2
0 5
5 7
5 11
6 #edges
11 10
8 2
0 5
5 7
5 11
10 8
6 #edges
11 7
11 10
11 2
0 5
5 11
10 8
6 #edges
11 7
11 10
11 2
0 5
5 11
2 8
6 #edges
11 7
11 10
8 2
0 5
5 11
10 8
6 #edges
11 7
11 10
0 5
5 11
10 8
10 2
6 #edges
11 7
11 8
11 10
0 5
5 11
10 2
6 #edges
11 7
11 10
0 5
5 11
10 2
2 8
6 #edges
11 7
11 8
11 10
8 2
0 5
5 11
4 #trees for patient 46
6 #edges
11 8
11 10
8 2
0 5
5 7
5 11
6 #edges
11 10
11 2
0 5
5 7
5 11
2 8
6 #edges
11 10
11 2
0 5
5 11
10 7
2 8
6 #edges
11 8
11 10
8 2
0 5
5 11
10 7
4 #trees for patient 47
6 #edges
11 10
11 2
0 5
5 7
5 11
2 8
6 #edges
11 7
11 2
0 5
5 11
5 10
2 8
6 #edges
7 10
11 2
0 5
5 7
5 11
2 8
6 #edges
7 10
11 7
11 2
0 5
5 11
2 8
1 #trees for patient 48
6 #edges
11 10
11 2
0 5
5 7
5 11
2 8
3 #trees for patient 49
6 #edges
11 10
11 2
0 5
5 7
5 11
2 8
6 #edges
7 10
11 2
0 5
5 7
5 11
2 8
6 #edges
11 2
8 10
0 5
5 7
5 11
2 8
