50 # patients
24 #trees for patient 0
6 #edges
2 11
9 8
9 7
8 2
11 3
0 9
6 #edges
2 11
9 3
9 8
9 7
8 2
0 9
6 #edges
2 11
9 3
9 8
8 2
11 7
0 9
6 #edges
2 11
9 8
8 2
11 3
11 7
0 9
6 #edges
2 7
9 3
9 8
8 11
11 2
0 9
6 #edges
9 3
9 8
9 7
8 11
11 2
0 9
6 #edges
2 3
9 8
9 7
8 11
11 2
0 9
6 #edges
2 3
2 7
9 8
8 11
11 2
0 9
6 #edges
2 7
9 3
9 11
8 2
11 8
0 9
6 #edges
9 3
9 7
9 11
8 2
11 8
0 9
6 #edges
2 8
9 3
9 7
9 11
11 2
0 9
6 #edges
2 8
9 3
9 11
8 7
11 2
0 9
6 #edges
2 8
9 2
9 3
9 7
8 11
0 9
6 #edges
2 11
9 2
9 3
9 7
11 8
0 9
6 #edges
2 8
9 2
9 3
8 11
11 7
0 9
6 #edges
2 11
9 2
9 3
8 7
11 8
0 9
6 #edges
2 8
9 2
9 7
8 11
11 3
0 9
6 #edges
2 11
9 2
9 7
8 3
11 8
0 9
6 #edges
2 8
9 7
9 11
8 3
11 2
0 9
6 #edges
2 3
9 7
9 11
8 2
11 8
0 9
6 #edges
2 3
2 7
9 11
8 2
11 8
0 9
6 #edges
2 8
9 11
8 3
8 7
11 2
0 9
6 #edges
2 11
9 2
8 3
8 7
11 8
0 9
6 #edges
2 8
9 2
8 11
11 3
11 7
0 9
18 #trees for patient 1
6 #edges
2 11
9 3
9 8
9 7
8 2
0 9
6 #edges
9 3
9 8
9 7
8 11
11 2
0 9
6 #edges
3 7
9 3
9 8
8 11
11 2
0 9
6 #edges
2 7
9 3
9 8
8 11
11 2
0 9
6 #edges
2 11
3 7
9 3
9 8
8 2
0 9
6 #edges
2 11
9 3
9 8
8 2
11 7
0 9
6 #edges
3 7
9 3
9 11
8 2
11 8
0 9
6 #edges
2 8
3 7
9 3
9 11
11 2
0 9
6 #edges
2 8
3 7
9 2
9 3
8 11
0 9
6 #edges
2 11
3 7
9 2
9 3
11 8
0 9
6 #edges
2 11
9 2
9 3
9 7
11 8
0 9
6 #edges
2 8
9 2
9 3
9 7
8 11
0 9
6 #edges
2 8
9 3
9 7
9 11
11 2
0 9
6 #edges
9 3
9 7
9 11
8 2
11 8
0 9
6 #edges
2 11
9 2
9 3
8 7
11 8
0 9
6 #edges
2 8
9 2
9 3
8 11
11 7
0 9
6 #edges
2 7
9 3
9 11
8 2
11 8
0 9
6 #edges
2 8
9 3
9 11
8 7
11 2
0 9
2 #trees for patient 2
6 #edges
9 3
9 8
9 7
8 11
11 2
0 9
6 #edges
9 3
9 8
8 11
11 2
11 7
0 9
2 #trees for patient 3
6 #edges
9 3
9 8
9 7
8 11
11 2
0 9
6 #edges
2 3
9 8
9 7
8 11
11 2
0 9
4 #trees for patient 4
6 #edges
9 3
9 8
8 11
11 2
0 9
0 7
6 #edges
9 3
9 11
8 2
11 8
0 9
0 7
6 #edges
9 3
9 8
9 7
8 11
11 2
0 9
6 #edges
9 3
9 7
9 11
8 2
11 8
0 9
8 #trees for patient 5
6 #edges
9 3
9 8
8 7
8 11
11 2
0 9
6 #edges
9 3
9 8
8 2
8 7
8 11
0 9
6 #edges
9 3
9 8
9 7
8 2
8 11
0 9
6 #edges
9 3
9 8
9 7
8 11
11 2
0 9
6 #edges
9 8
9 7
8 11
11 2
11 3
0 9
6 #edges
9 8
9 7
8 2
8 11
11 3
0 9
6 #edges
9 8
8 2
8 7
8 11
11 3
0 9
6 #edges
9 8
8 7
8 11
11 2
11 3
0 9
2 #trees for patient 6
6 #edges
2 11
9 3
9 8
9 7
8 2
0 9
6 #edges
9 3
9 8
9 7
8 11
11 2
0 9
4 #trees for patient 7
6 #edges
9 7
9 11
8 2
11 8
0 3
0 9
6 #edges
9 8
9 7
8 11
11 2
0 3
0 9
6 #edges
9 3
9 8
9 7
8 11
11 2
0 9
6 #edges
9 3
9 7
9 11
8 2
11 8
0 9
6 #trees for patient 8
6 #edges
9 3
9 7
9 11
8 2
11 8
0 9
6 #edges
2 8
9 3
9 7
9 11
11 2
0 9
6 #edges
2 11
9 3
9 8
9 7
8 2
0 9
6 #edges
9 3
9 8
9 7
8 11
11 2
0 9
6 #edges
2 11
9 2
9 3
9 7
11 8
0 9
6 #edges
2 8
9 2
9 3
9 7
8 11
0 9
13 #trees for patient 9
6 #edges
9 2
9 3
9 7
9 11
11 8
0 9
6 #edges
2 8
9 2
9 3
9 7
9 11
0 9
6 #edges
9 2
9 3
9 8
9 7
9 11
0 9
6 #edges
9 3
9 7
9 11
8 2
11 8
0 9
6 #edges
9 3
9 8
9 7
9 11
11 2
0 9
6 #edges
2 8
9 3
9 7
9 11
11 2
0 9
6 #edges
9 3
9 8
9 7
9 11
8 2
0 9
6 #edges
9 2
9 3
9 8
9 7
8 11
0 9
6 #edges
2 11
9 2
9 3
9 8
9 7
0 9
6 #edges
2 11
9 3
9 8
9 7
8 2
0 9
6 #edges
9 3
9 8
9 7
8 11
11 2
0 9
6 #edges
2 11
9 2
9 3
9 7
11 8
0 9
6 #edges
2 8
9 2
9 3
9 7
8 11
0 9
24 #trees for patient 10
6 #edges
4 5
6 1
11 4
11 3
0 6
0 11
6 #edges
4 5
3 1
11 4
11 3
0 6
0 11
6 #edges
3 1
11 3
11 5
5 4
0 6
0 11
6 #edges
6 1
11 3
11 5
5 4
0 6
0 11
6 #edges
4 5
1 6
11 4
11 3
0 1
0 11
6 #edges
4 5
3 6
11 4
11 3
0 1
0 11
6 #edges
1 6
11 3
11 5
5 4
0 1
0 11
6 #edges
3 6
11 3
11 5
5 4
0 1
0 11
6 #edges
4 5
1 6
3 1
11 4
0 3
0 11
6 #edges
4 5
3 1
11 4
11 6
0 3
0 11
6 #edges
3 1
11 6
11 5
5 4
0 3
0 11
6 #edges
1 6
3 1
11 5
5 4
0 3
0 11
6 #edges
3 6
11 1
11 5
5 4
0 3
0 11
6 #edges
4 5
3 6
11 4
11 1
0 3
0 11
6 #edges
4 5
3 6
6 1
11 4
0 3
0 11
6 #edges
3 6
6 1
11 5
5 4
0 3
0 11
6 #edges
4 5
1 6
11 4
11 1
0 3
0 11
6 #edges
4 5
6 1
11 4
11 6
0 3
0 11
6 #edges
1 6
11 1
11 5
5 4
0 3
0 11
6 #edges
6 1
11 6
11 5
5 4
0 3
0 11
6 #edges
4 5
1 6
3 1
11 4
11 3
0 11
6 #edges
4 5
3 6
6 1
11 4
11 3
0 11
6 #edges
1 6
3 1
11 3
11 5
5 4
0 11
6 #edges
3 6
6 1
11 3
11 5
5 4
0 11
8 #trees for patient 11
6 #edges
4 5
1 4
11 1
11 6
0 3
0 11
6 #edges
4 6
1 4
11 1
11 5
0 3
0 11
6 #edges
1 4
11 1
11 5
5 6
0 3
0 11
6 #edges
4 5
11 4
11 1
5 6
0 3
0 11
6 #edges
4 5
1 6
11 4
11 1
0 3
0 11
6 #edges
4 6
1 5
11 4
11 1
0 3
0 11
6 #edges
1 5
11 4
11 1
5 6
0 3
0 11
6 #edges
4 5
1 4
11 1
5 6
0 3
0 11
2 #trees for patient 12
6 #edges
4 5
1 6
11 4
11 1
0 3
0 11
6 #edges
4 5
1 6
6 3
11 4
11 1
0 11
1 #trees for patient 13
6 #edges
4 5
1 6
11 4
11 1
0 3
0 11
14 #trees for patient 14
6 #edges
1 4
3 6
11 1
11 5
0 3
0 11
6 #edges
1 4
1 5
3 6
11 1
0 3
0 11
6 #edges
4 5
1 4
3 6
11 1
0 3
0 11
6 #edges
3 6
11 1
11 5
5 4
0 3
0 11
6 #edges
4 5
3 6
11 4
11 1
0 3
0 11
6 #edges
1 5
3 6
11 4
11 1
0 3
0 11
6 #edges
1 5
3 6
11 1
5 4
0 3
0 11
6 #edges
1 6
11 1
11 5
5 4
0 3
0 11
6 #edges
1 4
1 6
11 1
11 5
0 3
0 11
6 #edges
1 4
1 6
1 5
11 1
0 3
0 11
6 #edges
4 5
1 4
1 6
11 1
0 3
0 11
6 #edges
4 5
1 6
11 4
11 1
0 3
0 11
6 #edges
1 6
1 5
11 4
11 1
0 3
0 11
6 #edges
1 6
1 5
11 1
5 4
0 3
0 11
4 #trees for patient 15
6 #edges
4 5
6 1
11 4
11 6
0 3
0 11
6 #edges
4 5
1 6
11 4
11 1
0 3
0 11
6 #edges
4 5
6 1
11 4
11 6
5 3
0 11
6 #edges
4 5
1 6
11 4
11 1
5 3
0 11
3 #trees for patient 16
6 #edges
4 5
1 6
11 4
11 1
0 3
0 11
6 #edges
4 5
1 3
1 6
11 4
11 1
0 11
6 #edges
4 5
1 6
6 3
11 4
11 1
0 11
6 #trees for patient 17
6 #edges
1 6
11 1
11 5
5 4
0 3
0 11
6 #edges
11 1
11 6
11 5
5 4
0 3
0 11
6 #edges
4 6
11 1
11 5
5 4
0 3
0 11
6 #edges
4 5
1 6
11 4
11 1
0 3
0 11
6 #edges
4 5
11 4
11 1
5 6
0 3
0 11
6 #edges
4 5
11 4
11 1
11 6
0 3
0 11
24 #trees for patient 18
6 #edges
4 9
3 5
5 7
0 4
0 3
0 6
6 #edges
4 9
3 7
7 5
0 4
0 3
0 6
6 #edges
3 7
9 4
7 5
0 3
0 9
0 6
6 #edges
3 5
9 4
5 7
0 3
0 9
0 6
6 #edges
3 5
9 4
7 3
0 9
0 7
0 6
6 #edges
9 4
7 5
5 3
0 9
0 7
0 6
6 #edges
9 4
7 3
5 7
0 9
0 6
0 5
6 #edges
3 7
9 4
5 3
0 9
0 6
0 5
6 #edges
4 9
3 7
5 3
0 4
0 6
0 5
6 #edges
4 9
7 3
5 7
0 4
0 6
0 5
6 #edges
4 9
3 5
7 3
0 4
0 7
0 6
6 #edges
4 9
7 5
5 3
0 4
0 7
0 6
6 #edges
3 7
9 4
7 6
5 3
0 9
0 5
6 #edges
4 9
3 7
7 6
5 3
0 4
0 5
6 #edges
4 9
3 6
7 3
5 7
0 4
0 5
6 #edges
3 6
9 4
7 3
5 7
0 9
0 5
6 #edges
4 9
3 6
7 5
5 3
0 4
0 7
6 #edges
3 6
9 4
7 5
5 3
0 9
0 7
6 #edges
3 5
9 4
7 3
5 6
0 9
0 7
6 #edges
4 9
3 5
7 3
5 6
0 4
0 7
6 #edges
4 9
3 7
7 5
5 6
0 4
0 3
6 #edges
3 7
9 4
7 5
5 6
0 3
0 9
6 #edges
4 9
3 5
7 6
5 7
0 4
0 3
6 #edges
3 5
9 4
7 6
5 7
0 3
0 9
6 #trees for patient 19
6 #edges
4 9
3 5
9 7
0 4
0 3
0 6
6 #edges
4 9
9 7
7 5
0 4
0 3
0 6
6 #edges
4 9
3 7
9 5
0 4
0 3
0 6
6 #edges
4 9
3 7
7 5
0 4
0 3
0 6
6 #edges
4 9
3 5
5 7
0 4
0 3
0 6
6 #edges
4 9
9 5
5 7
0 4
0 3
0 6
4 #trees for patient 20
6 #edges
4 9
3 7
7 5
0 4
0 3
0 6
6 #edges
4 9
3 7
9 5
0 4
0 3
0 6
6 #edges
4 9
3 7
9 5
7 6
0 4
0 3
6 #edges
4 9
3 7
7 6
7 5
0 4
0 3
12 #trees for patient 21
6 #edges
4 9
7 5
5 3
0 4
0 7
0 6
6 #edges
4 9
3 5
7 3
0 4
0 7
0 6
6 #edges
4 9
7 3
5 7
0 4
0 6
0 5
6 #edges
4 9
3 7
5 3
0 4
0 6
0 5
6 #edges
4 9
3 5
5 7
0 4
0 3
0 6
6 #edges
4 9
3 7
7 5
0 4
0 3
0 6
6 #edges
4 9
4 6
7 3
5 7
0 4
0 5
6 #edges
4 9
4 6
3 7
5 3
0 4
0 5
6 #edges
4 9
4 6
3 5
7 3
0 4
0 7
6 #edges
4 9
4 6
7 5
5 3
0 4
0 7
6 #edges
4 9
4 6
3 7
7 5
0 4
0 3
6 #edges
4 9
4 6
3 5
5 7
0 4
0 3
8 #trees for patient 22
6 #edges
4 9
3 5
5 7
0 4
0 3
0 6
6 #edges
4 9
3 7
7 5
0 4
0 3
0 6
6 #edges
3 7
9 4
7 5
0 3
0 9
0 6
6 #edges
3 5
9 4
5 7
0 3
0 9
0 6
6 #edges
4 6
3 7
9 4
7 5
0 3
0 9
6 #edges
4 6
3 5
9 4
5 7
0 3
0 9
6 #edges
4 9
3 7
9 6
7 5
0 4
0 3
6 #edges
4 9
3 5
9 6
5 7
0 4
0 3
3 #trees for patient 23
6 #edges
4 9
3 7
7 5
0 4
0 3
0 6
6 #edges
4 9
4 5
3 7
0 4
0 3
0 6
6 #edges
4 9
3 7
9 5
0 4
0 3
0 6
4 #trees for patient 24
6 #edges
3 5
7 3
6 9
0 4
0 7
0 6
6 #edges
3 7
7 5
6 9
0 4
0 3
0 6
6 #edges
4 9
3 7
7 5
0 4
0 3
0 6
6 #edges
4 9
3 5
7 3
0 4
0 7
0 6
24 #trees for patient 25
6 #edges
4 9
3 7
5 3
0 4
0 6
0 5
6 #edges
4 9
4 7
5 3
0 4
0 6
0 5
6 #edges
4 9
7 3
5 7
0 4
0 6
0 5
6 #edges
4 3
4 9
5 7
0 4
0 6
0 5
6 #edges
4 3
4 9
3 7
0 4
0 6
0 5
6 #edges
4 9
4 7
7 3
0 4
0 6
0 5
6 #edges
4 9
3 5
7 3
0 4
0 7
0 6
6 #edges
4 9
4 5
7 3
0 4
0 7
0 6
6 #edges
4 3
4 9
7 5
0 4
0 7
0 6
6 #edges
4 9
7 5
5 3
0 4
0 7
0 6
6 #edges
4 3
4 9
3 5
0 4
0 7
0 6
6 #edges
4 9
4 5
5 3
0 4
0 7
0 6
6 #edges
4 9
4 5
3 7
0 4
0 3
0 6
6 #edges
4 9
3 7
7 5
0 4
0 3
0 6
6 #edges
4 9
4 7
7 5
0 4
0 3
0 6
6 #edges
4 9
4 7
3 5
0 4
0 3
0 6
6 #edges
4 9
4 5
5 7
0 4
0 3
0 6
6 #edges
4 9
3 5
5 7
0 4
0 3
0 6
6 #edges
4 9
4 5
3 7
5 3
0 4
0 6
6 #edges
4 9
4 5
7 3
5 7
0 4
0 6
6 #edges
4 9
4 7
7 5
5 3
0 4
0 6
6 #edges
4 9
4 7
3 5
7 3
0 4
0 6
6 #edges
4 3
4 9
3 7
7 5
0 4
0 6
6 #edges
4 3
4 9
3 5
5 7
0 4
0 6
8 #trees for patient 26
6 #edges
4 9
3 7
9 5
0 4
0 3
0 6
6 #edges
4 9
3 7
7 5
0 4
0 3
0 6
6 #edges
4 9
3 5
9 7
0 4
0 3
0 6
6 #edges
4 9
9 7
7 5
0 4
0 3
0 6
6 #edges
4 9
4 6
3 5
9 7
0 4
0 3
6 #edges
4 9
4 6
9 7
7 5
0 4
0 3
6 #edges
4 9
4 6
3 7
7 5
0 4
0 3
6 #edges
4 9
4 6
3 7
9 5
0 4
0 3
4 #trees for patient 27
6 #edges
4 9
3 5
7 3
0 4
0 7
0 6
6 #edges
4 9
3 7
7 5
0 4
0 3
0 6
6 #edges
4 9
3 6
3 5
7 3
0 4
0 7
6 #edges
4 9
3 7
7 6
7 5
0 4
0 3
85 #trees for patient 28
6 #edges
4 9
7 3
5 7
0 4
0 6
0 5
6 #edges
4 3
4 9
5 7
0 4
0 6
0 5
6 #edges
4 9
9 3
5 7
0 4
0 6
0 5
6 #edges
4 3
4 9
3 7
0 4
0 6
0 5
6 #edges
4 3
4 9
4 7
0 4
0 6
0 5
6 #edges
4 3
4 9
9 7
0 4
0 6
0 5
6 #edges
4 9
4 7
9 3
0 4
0 6
0 5
6 #edges
4 9
9 3
9 7
0 4
0 6
0 5
6 #edges
4 9
3 7
9 3
0 4
0 6
0 5
6 #edges
4 9
9 7
5 3
0 4
0 6
0 5
6 #edges
4 9
9 7
7 3
0 4
0 6
0 5
6 #edges
4 9
4 7
7 3
0 4
0 6
0 5
6 #edges
4 9
4 7
5 3
0 4
0 6
0 5
6 #edges
4 9
3 7
5 3
0 4
0 6
0 5
6 #edges
4 9
3 5
7 3
0 4
0 7
0 6
6 #edges
4 9
4 5
7 3
0 4
0 7
0 6
6 #edges
4 9
9 5
7 3
0 4
0 7
0 6
6 #edges
4 3
4 9
7 5
0 4
0 7
0 6
6 #edges
4 3
4 9
3 5
0 4
0 7
0 6
6 #edges
4 3
4 9
9 5
0 4
0 7
0 6
6 #edges
4 3
4 9
4 5
0 4
0 7
0 6
6 #edges
4 9
4 5
5 3
0 4
0 7
0 6
6 #edges
4 9
4 5
9 3
0 4
0 7
0 6
6 #edges
4 9
9 5
5 3
0 4
0 7
0 6
6 #edges
4 9
9 3
9 5
0 4
0 7
0 6
6 #edges
4 9
9 3
7 5
0 4
0 7
0 6
6 #edges
4 9
3 5
9 3
0 4
0 7
0 6
6 #edges
4 9
7 5
5 3
0 4
0 7
0 6
6 #edges
4 9
3 5
9 7
0 4
0 3
0 6
6 #edges
4 9
4 7
3 5
0 4
0 3
0 6
6 #edges
4 9
3 5
5 7
0 4
0 3
0 6
6 #edges
4 9
4 7
7 5
0 4
0 3
0 6
6 #edges
4 9
4 7
9 5
0 4
0 3
0 6
6 #edges
4 9
4 7
4 5
0 4
0 3
0 6
6 #edges
4 9
4 5
3 7
0 4
0 3
0 6
6 #edges
4 9
3 7
9 5
0 4
0 3
0 6
6 #edges
4 9
3 7
7 5
0 4
0 3
0 6
6 #edges
4 9
9 5
5 7
0 4
0 3
0 6
6 #edges
4 9
9 7
9 5
0 4
0 3
0 6
6 #edges
4 9
4 5
9 7
0 4
0 3
0 6
6 #edges
4 9
4 5
5 7
0 4
0 3
0 6
6 #edges
4 9
9 7
7 5
0 4
0 3
0 6
6 #edges
4 3
4 9
3 7
7 5
0 4
0 6
6 #edges
4 3
4 9
3 7
9 5
0 4
0 6
6 #edges
4 3
4 9
4 5
3 7
0 4
0 6
6 #edges
4 3
4 9
4 7
3 5
0 4
0 6
6 #edges
4 3
4 9
3 5
5 7
0 4
0 6
6 #edges
4 3
4 9
3 5
9 7
0 4
0 6
6 #edges
4 3
4 9
4 7
7 5
0 4
0 6
6 #edges
4 3
4 9
4 7
9 5
0 4
0 6
6 #edges
4 3
4 9
9 7
9 5
0 4
0 6
6 #edges
4 3
4 9
9 5
5 7
0 4
0 6
6 #edges
4 3
4 9
9 7
7 5
0 4
0 6
6 #edges
4 3
4 9
4 5
9 7
0 4
0 6
6 #edges
4 3
4 9
4 5
5 7
0 4
0 6
6 #edges
4 9
4 7
7 5
5 3
0 4
0 6
6 #edges
4 9
4 7
9 3
7 5
0 4
0 6
6 #edges
4 9
4 7
3 5
7 3
0 4
0 6
6 #edges
4 9
4 7
4 5
7 3
0 4
0 6
6 #edges
4 9
4 7
9 5
7 3
0 4
0 6
6 #edges
4 9
4 7
4 5
9 3
0 4
0 6
6 #edges
4 9
4 7
4 5
5 3
0 4
0 6
6 #edges
4 9
4 7
9 3
9 5
0 4
0 6
6 #edges
4 9
4 7
3 5
9 3
0 4
0 6
6 #edges
4 9
4 7
9 5
5 3
0 4
0 6
6 #edges
4 9
9 3
9 7
7 5
0 4
0 6
6 #edges
4 9
4 5
9 3
9 7
0 4
0 6
6 #edges
4 9
3 5
9 3
9 7
0 4
0 6
6 #edges
4 9
9 3
9 7
9 5
0 4
0 6
6 #edges
4 9
9 7
9 5
7 3
0 4
0 6
6 #edges
4 9
9 7
9 5
5 3
0 4
0 6
6 #edges
4 9
9 7
7 5
5 3
0 4
0 6
6 #edges
4 9
4 5
9 7
7 3
0 4
0 6
6 #edges
4 9
4 5
9 7
5 3
0 4
0 6
6 #edges
4 9
3 5
9 7
7 3
0 4
0 6
6 #edges
4 9
3 7
9 3
7 5
0 4
0 6
6 #edges
4 9
4 5
3 7
9 3
0 4
0 6
6 #edges
4 9
3 7
9 3
9 5
0 4
0 6
6 #edges
4 9
4 5
9 3
5 7
0 4
0 6
6 #edges
4 9
9 3
9 5
5 7
0 4
0 6
6 #edges
4 9
3 5
9 3
5 7
0 4
0 6
6 #edges
4 9
9 5
7 3
5 7
0 4
0 6
6 #edges
4 9
3 7
9 5
5 3
0 4
0 6
6 #edges
4 9
4 5
7 3
5 7
0 4
0 6
6 #edges
4 9
4 5
3 7
5 3
0 4
0 6
4 #trees for patient 29
6 #edges
4 9
3 7
7 5
0 4
0 3
0 6
6 #edges
3 7
9 4
7 5
0 3
0 9
0 6
6 #edges
3 7
3 6
9 4
7 5
0 3
0 9
6 #edges
4 9
3 7
3 6
7 5
0 4
0 3
24 #trees for patient 30
6 #edges
4 9
3 4
7 3
0 7
0 6
0 5
6 #edges
3 9
9 4
7 3
0 7
0 6
0 5
6 #edges
4 9
3 7
7 4
0 3
0 6
0 5
6 #edges
3 7
9 4
7 9
0 3
0 6
0 5
6 #edges
3 7
9 5
7 4
0 3
0 9
0 6
6 #edges
3 4
9 5
7 3
0 9
0 7
0 6
6 #edges
3 5
9 4
7 3
0 9
0 7
0 6
6 #edges
4 5
9 4
7 3
0 9
0 7
0 6
6 #edges
4 5
3 4
7 3
0 9
0 7
0 6
6 #edges
4 5
3 7
9 4
0 3
0 9
0 6
6 #edges
3 7
9 4
7 5
0 3
0 9
0 6
6 #edges
4 5
3 7
7 4
0 3
0 9
0 6
6 #edges
4 5
3 9
7 3
0 4
0 7
0 6
6 #edges
4 5
3 7
7 9
0 4
0 3
0 6
6 #edges
4 9
9 5
7 3
0 4
0 7
0 6
6 #edges
4 9
3 5
7 3
0 4
0 7
0 6
6 #edges
3 9
9 5
7 3
0 4
0 7
0 6
6 #edges
4 9
3 7
9 5
0 4
0 3
0 6
6 #edges
4 9
3 7
7 5
0 4
0 3
0 6
6 #edges
3 7
9 5
7 9
0 4
0 3
0 6
6 #edges
4 5
3 9
9 4
7 3
0 7
0 6
6 #edges
4 9
3 4
9 5
7 3
0 7
0 6
6 #edges
4 9
3 7
9 5
7 4
0 3
0 6
6 #edges
4 5
3 7
9 4
7 9
0 3
0 6
8 #trees for patient 31
6 #edges
4 9
3 7
7 5
0 4
0 3
0 6
6 #edges
4 9
3 5
5 7
0 4
0 3
0 6
6 #edges
4 9
3 6
3 5
5 7
0 4
0 3
6 #edges
4 9
3 7
3 6
7 5
0 4
0 3
6 #edges
3 9
3 7
7 5
0 4
0 3
0 6
6 #edges
3 9
3 5
5 7
0 4
0 3
0 6
6 #edges
3 9
3 7
3 6
7 5
0 4
0 3
6 #edges
3 9
3 6
3 5
5 7
0 4
0 3
24 #trees for patient 32
6 #edges
4 9
3 5
5 7
0 4
0 3
0 6
6 #edges
4 9
3 7
7 5
0 4
0 3
0 6
6 #edges
3 7
9 4
7 5
0 3
0 9
0 6
6 #edges
3 5
9 4
5 7
0 3
0 9
0 6
6 #edges
3 5
9 4
7 3
0 9
0 7
0 6
6 #edges
9 4
7 5
5 3
0 9
0 7
0 6
6 #edges
9 4
7 3
5 7
0 9
0 6
0 5
6 #edges
3 7
9 4
5 3
0 9
0 6
0 5
6 #edges
4 9
3 7
5 3
0 4
0 6
0 5
6 #edges
4 9
7 3
5 7
0 4
0 6
0 5
6 #edges
4 9
3 5
7 3
0 4
0 7
0 6
6 #edges
4 9
7 5
5 3
0 4
0 7
0 6
6 #edges
3 7
9 4
7 6
5 3
0 9
0 5
6 #edges
4 9
3 7
7 6
5 3
0 4
0 5
6 #edges
4 9
3 6
7 3
5 7
0 4
0 5
6 #edges
3 6
9 4
7 3
5 7
0 9
0 5
6 #edges
4 9
3 6
7 5
5 3
0 4
0 7
6 #edges
3 6
9 4
7 5
5 3
0 9
0 7
6 #edges
3 5
9 4
7 3
5 6
0 9
0 7
6 #edges
4 9
3 5
7 3
5 6
0 4
0 7
6 #edges
4 9
3 7
7 5
5 6
0 4
0 3
6 #edges
3 7
9 4
7 5
5 6
0 3
0 9
6 #edges
4 9
3 5
7 6
5 7
0 4
0 3
6 #edges
3 5
9 4
7 6
5 7
0 3
0 9
14 #trees for patient 33
6 #edges
4 9
3 7
7 5
0 4
0 3
0 6
6 #edges
4 9
4 5
3 7
0 4
0 3
0 6
6 #edges
4 9
4 5
7 3
0 4
0 7
0 6
6 #edges
4 9
3 5
7 3
0 4
0 7
0 6
6 #edges
4 9
4 6
4 5
7 3
0 4
0 7
6 #edges
4 9
4 5
7 3
5 6
0 4
0 7
6 #edges
4 9
4 5
3 6
7 3
0 4
0 7
6 #edges
4 9
4 6
3 5
7 3
0 4
0 7
6 #edges
4 9
3 5
7 3
5 6
0 4
0 7
6 #edges
4 9
3 7
7 5
5 6
0 4
0 3
6 #edges
4 9
4 6
3 7
7 5
0 4
0 3
6 #edges
4 9
4 5
3 7
7 6
0 4
0 3
6 #edges
4 9
4 6
4 5
3 7
0 4
0 3
6 #edges
4 9
4 5
3 7
5 6
0 4
0 3
4 #trees for patient 34
6 #edges
3 7
9 4
7 5
0 3
0 9
0 6
6 #edges
3 5
9 4
5 7
0 3
0 9
0 6
6 #edges
4 9
3 5
5 7
0 4
0 3
0 6
6 #edges
4 9
3 7
7 5
0 4
0 3
0 6
4 #trees for patient 35
6 #edges
4 9
3 5
7 3
0 4
0 7
0 6
6 #edges
3 5
9 4
7 3
0 9
0 7
0 6
6 #edges
4 9
3 7
7 5
0 4
0 3
0 6
6 #edges
3 7
9 4
7 5
0 3
0 9
0 6
6 #trees for patient 36
6 #edges
1 8
3 7
6 1
6 11
11 3
0 6
6 #edges
1 8
7 3
6 1
6 11
11 7
0 6
6 #edges
1 8
3 11
7 3
6 1
6 7
0 6
6 #edges
1 8
7 11
6 1
6 7
11 3
0 6
6 #edges
1 8
3 11
6 1
6 3
11 7
0 6
6 #edges
1 8
3 7
7 11
6 1
6 3
0 6
24 #trees for patient 37
6 #edges
1 8
3 11
6 1
6 3
11 7
0 6
6 #edges
1 8
1 7
3 11
6 1
6 3
0 6
6 #edges
1 8
3 7
7 11
6 1
6 3
0 6
6 #edges
1 8
1 11
3 7
6 1
6 3
0 6
6 #edges
1 8
1 11
6 1
6 3
11 7
0 6
6 #edges
1 8
1 7
7 11
6 1
6 3
0 6
6 #edges
1 8
3 7
6 1
6 11
11 3
0 6
6 #edges
1 8
1 7
6 1
6 11
11 3
0 6
6 #edges
1 3
1 8
6 1
6 11
11 7
0 6
6 #edges
1 8
7 3
6 1
6 11
11 7
0 6
6 #edges
1 8
1 7
7 3
6 1
6 11
0 6
6 #edges
1 3
1 8
3 7
6 1
6 11
0 6
6 #edges
1 3
1 8
7 11
6 1
6 7
0 6
6 #edges
1 3
1 8
3 11
6 1
6 7
0 6
6 #edges
1 3
1 8
3 11
6 1
11 7
0 6
6 #edges
1 3
1 8
3 7
7 11
6 1
0 6
6 #edges
1 8
1 7
7 11
6 1
11 3
0 6
6 #edges
1 8
1 7
3 11
7 3
6 1
0 6
6 #edges
1 8
3 11
7 3
6 1
6 7
0 6
6 #edges
1 8
1 11
7 3
6 1
6 7
0 6
6 #edges
1 8
7 11
6 1
6 7
11 3
0 6
6 #edges
1 8
1 11
6 1
6 7
11 3
0 6
6 #edges
1 8
1 11
7 3
6 1
11 7
0 6
6 #edges
1 8
1 11
3 7
6 1
11 3
0 6
12 #trees for patient 38
6 #edges
1 8
3 11
6 1
6 3
6 7
0 6
6 #edges
1 8
7 11
6 1
6 3
6 7
0 6
6 #edges
3 11
8 1
6 3
6 8
6 7
0 6
6 #edges
8 1
7 11
6 3
6 8
6 7
0 6
6 #edges
8 1
7 3
6 8
6 7
6 11
0 6
6 #edges
8 1
6 8
6 7
6 11
11 3
0 6
6 #edges
1 8
7 3
6 1
6 7
6 11
0 6
6 #edges
1 8
6 1
6 7
6 11
11 3
0 6
6 #edges
3 11
8 1
7 3
6 8
6 7
0 6
6 #edges
8 1
7 11
6 8
6 7
11 3
0 6
6 #edges
1 8
3 11
7 3
6 1
6 7
0 6
6 #edges
1 8
7 11
6 1
6 7
11 3
0 6
6 #trees for patient 39
6 #edges
1 8
8 3
7 11
6 1
6 7
0 6
6 #edges
1 8
7 3
7 11
6 1
6 7
0 6
6 #edges
1 8
7 11
6 1
6 7
11 3
0 6
6 #edges
1 3
8 1
7 11
6 8
6 7
0 6
6 #edges
8 1
7 11
6 8
6 7
11 3
0 6
6 #edges
8 1
7 3
7 11
6 8
6 7
0 6
6 #trees for patient 40
6 #edges
7 3
7 8
6 1
6 11
11 7
0 6
6 #edges
3 8
7 3
6 1
6 11
11 7
0 6
6 #edges
1 8
7 3
6 1
6 11
11 7
0 6
6 #edges
7 11
6 1
6 7
11 3
11 8
0 6
6 #edges
3 8
7 11
6 1
6 7
11 3
0 6
6 #edges
1 8
7 11
6 1
6 7
11 3
0 6
2 #trees for patient 41
6 #edges
1 8
7 3
6 1
6 11
11 7
0 6
6 #edges
1 8
7 11
6 1
6 7
11 3
0 6
2 #trees for patient 42
6 #edges
1 8
7 11
6 1
6 7
11 3
0 6
6 #edges
1 8
3 11
7 3
6 1
6 7
0 6
42 #trees for patient 43
6 #edges
1 8
3 11
7 3
6 1
6 7
0 6
6 #edges
3 11
7 3
6 1
6 7
11 8
0 6
6 #edges
3 11
8 1
7 3
6 8
6 7
0 6
6 #edges
3 11
7 3
6 8
6 7
11 1
0 6
6 #edges
3 11
7 3
6 7
11 1
11 8
0 6
6 #edges
1 8
3 11
7 3
6 7
11 1
0 6
6 #edges
3 11
8 1
7 3
6 7
11 8
0 6
6 #edges
3 8
7 11
6 1
6 7
11 3
0 6
6 #edges
1 8
7 11
6 1
6 7
11 3
0 6
6 #edges
3 1
3 8
7 11
6 7
11 3
0 6
6 #edges
3 8
8 1
7 11
6 7
11 3
0 6
6 #edges
8 1
7 11
6 8
6 7
11 3
0 6
6 #edges
3 1
7 11
6 8
6 7
11 3
0 6
6 #edges
1 8
3 1
7 11
6 7
11 3
0 6
6 #edges
3 7
8 1
6 8
6 11
11 3
0 6
6 #edges
3 7
7 1
6 8
6 11
11 3
0 6
6 #edges
8 1
7 3
6 8
6 11
11 7
0 6
6 #edges
3 1
7 3
6 8
6 11
11 7
0 6
6 #edges
3 7
7 8
6 1
6 11
11 3
0 6
6 #edges
1 8
3 7
6 1
6 11
11 3
0 6
6 #edges
1 8
3 7
7 1
6 11
11 3
0 6
6 #edges
3 7
7 1
7 8
6 11
11 3
0 6
6 #edges
3 7
8 1
7 8
6 11
11 3
0 6
6 #edges
1 8
7 3
6 1
6 11
11 7
0 6
6 #edges
3 8
7 3
6 1
6 11
11 7
0 6
6 #edges
3 8
8 1
7 3
6 11
11 7
0 6
6 #edges
3 1
3 8
7 3
6 11
11 7
0 6
6 #edges
1 8
3 1
7 3
6 11
11 7
0 6
6 #edges
1 8
3 7
7 11
6 1
6 3
0 6
6 #edges
1 8
3 11
6 1
6 3
11 7
0 6
6 #edges
3 7
7 11
6 1
6 3
11 8
0 6
6 #edges
3 11
7 8
6 1
6 3
11 7
0 6
6 #edges
3 7
8 1
7 11
6 3
6 8
0 6
6 #edges
3 11
8 1
6 3
6 8
11 7
0 6
6 #edges
3 11
7 1
6 3
6 8
11 7
0 6
6 #edges
3 7
7 11
6 3
6 8
11 1
0 6
6 #edges
3 11
7 1
7 8
6 3
11 7
0 6
6 #edges
3 11
8 1
7 8
6 3
11 7
0 6
6 #edges
1 8
3 11
7 1
6 3
11 7
0 6
6 #edges
3 7
7 11
6 3
11 1
11 8
0 6
6 #edges
1 8
3 7
7 11
6 3
11 1
0 6
6 #edges
3 7
8 1
7 11
6 3
11 8
0 6
72 #trees for patient 44
6 #edges
3 9
9 6
11 10
0 4
0 3
0 11
6 #edges
3 9
9 6
6 4
11 10
0 3
0 11
6 #edges
3 6
6 9
11 10
0 4
0 3
0 11
6 #edges
3 6
9 4
6 9
11 10
0 3
0 11
6 #edges
3 6
9 10
6 9
0 4
0 3
0 11
6 #edges
3 6
9 4
9 10
6 9
0 3
0 11
6 #edges
3 9
9 6
6 10
0 4
0 3
0 11
6 #edges
3 9
9 6
6 4
6 10
0 3
0 11
6 #edges
9 3
6 9
11 10
0 4
0 6
0 11
6 #edges
3 4
9 3
6 9
11 10
0 6
0 11
6 #edges
3 9
6 3
11 10
0 4
0 6
0 11
6 #edges
3 9
9 4
6 3
11 10
0 6
0 11
6 #edges
3 10
9 3
6 9
0 4
0 6
0 11
6 #edges
3 4
3 10
9 3
6 9
0 6
0 11
6 #edges
3 9
9 10
6 3
0 4
0 6
0 11
6 #edges
3 9
9 4
9 10
6 3
0 6
0 11
6 #edges
3 6
9 3
11 10
0 4
0 9
0 11
6 #edges
9 6
6 3
11 10
0 4
0 9
0 11
6 #edges
3 6
9 3
6 4
11 10
0 9
0 11
6 #edges
3 4
9 6
6 3
11 10
0 9
0 11
6 #edges
3 6
9 3
6 10
0 4
0 9
0 11
6 #edges
3 10
9 6
6 3
0 4
0 9
0 11
6 #edges
3 6
9 3
6 4
6 10
0 9
0 11
6 #edges
3 4
3 10
9 6
6 3
0 9
0 11
6 #edges
10 11
3 6
9 3
0 4
0 10
0 9
6 #edges
3 6
9 3
6 11
0 4
0 10
0 9
6 #edges
10 11
9 6
6 3
0 4
0 10
0 9
6 #edges
3 11
9 6
6 3
0 4
0 10
0 9
6 #edges
10 11
3 4
9 6
6 3
0 10
0 9
6 #edges
3 4
3 11
9 6
6 3
0 10
0 9
6 #edges
10 11
3 6
9 3
6 4
0 10
0 9
6 #edges
3 6
9 3
6 4
6 11
0 10
0 9
6 #edges
10 11
3 9
9 6
0 4
0 10
0 3
6 #edges
10 11
3 9
9 6
6 4
0 10
0 3
6 #edges
10 11
3 6
6 9
0 4
0 10
0 3
6 #edges
10 11
3 6
9 4
6 9
0 10
0 3
6 #edges
10 11
3 9
6 3
0 4
0 10
0 6
6 #edges
10 11
9 3
6 9
0 4
0 10
0 6
6 #edges
10 11
3 4
9 3
6 9
0 10
0 6
6 #edges
10 11
3 9
9 4
6 3
0 10
0 6
6 #edges
3 6
9 11
6 9
0 4
0 10
0 3
6 #edges
3 9
9 6
6 11
0 4
0 10
0 3
6 #edges
3 11
9 3
6 9
0 4
0 10
0 6
6 #edges
3 9
9 11
6 3
0 4
0 10
0 6
6 #edges
3 9
9 4
9 11
6 3
0 10
0 6
6 #edges
3 4
3 11
9 3
6 9
0 10
0 6
6 #edges
3 6
9 4
9 11
6 9
0 10
0 3
6 #edges
3 9
9 6
6 4
6 11
0 10
0 3
6 #edges
10 11
3 9
9 10
6 3
0 4
0 6
6 #edges
3 9
9 11
6 3
11 10
0 4
0 6
6 #edges
3 11
9 3
6 9
11 10
0 4
0 6
6 #edges
10 11
3 10
9 3
6 9
0 4
0 6
6 #edges
3 6
9 11
6 9
11 10
0 4
0 3
6 #edges
10 11
3 6
9 10
6 9
0 4
0 3
6 #edges
3 9
9 6
6 11
11 10
0 4
0 3
6 #edges
10 11
3 9
9 6
6 10
0 4
0 3
6 #edges
3 11
9 6
6 3
11 10
0 4
0 9
6 #edges
10 11
3 10
9 6
6 3
0 4
0 9
6 #edges
10 11
3 6
9 3
6 10
0 4
0 9
6 #edges
3 6
9 3
6 11
11 10
0 4
0 9
6 #edges
3 9
9 4
9 11
6 3
11 10
0 6
6 #edges
10 11
3 9
9 4
9 10
6 3
0 6
6 #edges
10 11
3 4
3 10
9 3
6 9
0 6
6 #edges
3 4
3 11
9 3
6 9
11 10
0 6
6 #edges
10 11
3 6
9 3
6 4
6 10
0 9
6 #edges
3 6
9 3
6 4
6 11
11 10
0 9
6 #edges
10 11
3 4
3 10
9 6
6 3
0 9
6 #edges
3 4
3 11
9 6
6 3
11 10
0 9
6 #edges
10 11
3 6
9 4
9 10
6 9
0 3
6 #edges
3 6
9 4
9 11
6 9
11 10
0 3
6 #edges
3 9
9 6
6 4
6 11
11 10
0 3
6 #edges
10 11
3 9
9 6
6 4
6 10
0 3
4 #trees for patient 45
6 #edges
10 11
3 6
6 9
0 4
0 10
0 3
6 #edges
3 6
3 11
6 9
0 4
0 10
0 3
6 #edges
3 9
3 11
9 6
0 4
0 10
0 3
6 #edges
10 11
3 9
9 6
0 4
0 10
0 3
8 #trees for patient 46
6 #edges
10 11
3 6
9 3
0 4
0 10
0 9
6 #edges
3 6
9 3
11 10
0 4
0 9
0 11
6 #edges
10 11
3 9
9 6
0 4
0 10
0 3
6 #edges
3 9
9 6
11 10
0 4
0 3
0 11
6 #edges
10 4
3 9
9 6
11 10
0 3
0 11
6 #edges
10 4
3 6
9 3
11 10
0 9
0 11
6 #edges
10 11
3 6
9 3
11 4
0 10
0 9
6 #edges
10 11
3 9
9 6
11 4
0 10
0 3
4 #trees for patient 47
6 #edges
10 11
3 6
9 3
0 4
0 10
0 9
6 #edges
10 11
3 9
9 6
0 4
0 10
0 3
6 #edges
10 11
3 9
9 6
11 4
0 10
0 3
6 #edges
10 11
3 6
9 3
11 4
0 10
0 9
34 #trees for patient 48
6 #edges
10 11
3 9
6 3
0 4
0 10
0 6
6 #edges
10 11
6 3
11 9
0 4
0 10
0 6
6 #edges
10 11
6 9
11 3
0 4
0 10
0 6
6 #edges
10 11
11 3
11 9
0 4
0 10
0 6
6 #edges
10 11
3 9
11 3
0 4
0 10
0 6
6 #edges
10 11
9 3
11 9
0 4
0 10
0 6
6 #edges
10 11
9 3
6 9
0 4
0 10
0 6
6 #edges
10 11
3 6
9 3
0 4
0 10
0 9
6 #edges
10 11
9 3
11 6
0 4
0 10
0 9
6 #edges
10 11
9 6
6 3
0 4
0 10
0 9
6 #edges
10 11
9 6
11 3
0 4
0 10
0 9
6 #edges
10 11
6 3
11 6
0 4
0 10
0 9
6 #edges
10 11
11 3
11 6
0 4
0 10
0 9
6 #edges
10 11
3 6
11 3
0 4
0 10
0 9
6 #edges
10 11
6 9
11 6
0 4
0 10
0 3
6 #edges
10 11
11 9
11 6
0 4
0 10
0 3
6 #edges
10 11
3 9
11 6
0 4
0 10
0 3
6 #edges
10 11
3 6
6 9
0 4
0 10
0 3
6 #edges
10 11
3 6
11 9
0 4
0 10
0 3
6 #edges
10 11
9 6
11 9
0 4
0 10
0 3
6 #edges
10 11
3 9
9 6
0 4
0 10
0 3
6 #edges
10 11
9 6
6 3
11 9
0 4
0 10
6 #edges
10 11
9 6
11 3
11 9
0 4
0 10
6 #edges
10 11
3 6
11 3
11 9
0 4
0 10
6 #edges
10 11
11 3
11 9
11 6
0 4
0 10
6 #edges
10 11
9 3
11 9
11 6
0 4
0 10
6 #edges
10 11
6 3
11 9
11 6
0 4
0 10
6 #edges
10 11
3 6
9 3
11 9
0 4
0 10
6 #edges
10 11
3 9
9 6
11 3
0 4
0 10
6 #edges
10 11
3 9
11 3
11 6
0 4
0 10
6 #edges
10 11
3 6
6 9
11 3
0 4
0 10
6 #edges
10 11
6 9
11 3
11 6
0 4
0 10
6 #edges
10 11
3 9
6 3
11 6
0 4
0 10
6 #edges
10 11
9 3
6 9
11 6
0 4
0 10
12 #trees for patient 49
6 #edges
3 6
9 3
6 10
0 4
0 9
0 11
6 #edges
3 9
9 6
6 10
0 4
0 3
0 11
6 #edges
10 11
3 9
9 6
0 4
0 10
0 3
6 #edges
10 11
3 6
9 3
0 4
0 10
0 9
6 #edges
3 6
9 3
6 11
0 4
0 10
0 9
6 #edges
3 6
3 11
9 3
0 4
0 10
0 9
6 #edges
3 9
9 6
9 11
0 4
0 10
0 3
6 #edges
3 9
9 6
6 11
0 4
0 10
0 3
6 #edges
10 11
3 6
9 3
6 10
0 4
0 9
6 #edges
3 6
3 11
9 3
6 10
0 4
0 9
6 #edges
3 9
9 6
9 11
6 10
0 4
0 3
6 #edges
10 11
3 9
9 6
6 10
0 4
0 3
