50 # patients
2 #trees for patient 0
6 #edges
9 8
9 2
9 7
0 11
11 9
11 3
6 #edges
9 2
9 7
0 11
11 9
11 3
2 8
2 #trees for patient 1
6 #edges
9 8
9 2
0 11
11 9
11 3
3 7
6 #edges
9 8
9 2
9 7
0 11
11 9
11 3
20 #trees for patient 2
6 #edges
9 2
0 11
11 9
11 3
3 7
7 8
6 #edges
9 8
9 2
0 11
11 9
11 3
3 7
6 #edges
9 2
0 11
11 9
11 3
3 7
2 8
6 #edges
9 2
9 7
0 11
11 9
11 3
3 8
6 #edges
9 2
0 11
11 9
11 3
3 8
2 7
6 #edges
9 8
9 2
9 7
0 11
11 9
11 3
6 #edges
9 2
9 7
0 11
11 9
11 3
2 8
6 #edges
9 2
9 7
0 11
11 9
11 3
7 8
6 #edges
9 8
9 2
0 11
11 9
11 3
2 7
6 #edges
9 2
0 11
11 9
11 3
2 7
7 8
6 #edges
9 8
9 2
9 7
0 11
11 9
2 3
6 #edges
9 8
9 2
0 11
11 9
11 7
2 3
6 #edges
9 8
9 2
0 11
11 9
3 7
2 3
6 #edges
9 2
0 11
11 9
11 8
3 7
2 3
6 #edges
9 2
9 7
0 11
11 9
11 8
2 3
6 #edges
9 2
0 11
11 9
11 7
2 3
7 8
6 #edges
9 2
0 11
11 9
11 7
3 8
2 3
6 #edges
9 2
9 7
0 11
11 9
2 3
7 8
6 #edges
9 2
9 7
0 11
11 9
3 8
2 3
6 #edges
9 2
0 11
11 9
3 7
2 3
7 8
2 #trees for patient 3
6 #edges
9 2
9 7
0 8
0 11
11 9
11 3
6 #edges
9 8
9 2
9 7
0 11
11 9
11 3
4 #trees for patient 4
6 #edges
9 2
9 7
0 8
0 11
11 9
11 3
6 #edges
9 8
9 2
9 7
0 11
11 9
11 3
6 #edges
9 2
9 7
0 11
11 9
11 3
2 8
6 #edges
9 2
9 7
0 11
11 9
11 3
3 8
2 #trees for patient 5
6 #edges
9 8
9 2
9 7
0 11
11 9
11 3
6 #edges
9 8
9 7
0 11
11 9
11 3
3 2
5 #trees for patient 6
6 #edges
9 8
9 2
0 11
11 9
11 3
3 7
6 #edges
9 8
9 2
9 7
0 11
11 9
11 3
6 #edges
9 8
9 3
9 2
0 11
11 9
11 7
6 #edges
9 8
9 3
9 2
9 7
0 11
11 9
6 #edges
9 8
9 3
9 2
0 11
11 9
3 7
3 #trees for patient 7
6 #edges
9 8
9 2
9 7
0 11
11 9
11 3
6 #edges
9 8
9 2
8 7
0 11
11 9
11 3
6 #edges
9 8
9 3
9 2
8 7
0 11
11 9
6 #trees for patient 8
6 #edges
9 8
9 2
9 7
0 11
0 3
11 9
6 #edges
9 8
9 2
0 11
0 3
11 9
2 7
6 #edges
9 8
9 2
9 7
0 11
11 9
11 3
6 #edges
9 8
9 2
0 11
11 9
11 3
2 7
6 #edges
9 8
9 2
9 7
8 3
0 11
11 9
6 #edges
9 8
9 2
8 3
0 11
11 9
2 7
6 #trees for patient 9
6 #edges
9 8
9 2
0 11
11 9
11 3
2 7
6 #edges
9 8
9 2
9 7
0 11
11 9
11 3
6 #edges
9 8
9 2
9 7
8 3
0 11
11 9
6 #edges
9 8
9 2
9 7
0 11
11 9
2 3
6 #edges
9 8
9 2
8 3
0 11
11 9
2 7
6 #edges
9 8
9 2
0 11
11 9
2 3
2 7
6 #trees for patient 10
6 #edges
9 8
9 2
9 7
0 11
0 3
11 9
6 #edges
9 8
9 2
8 7
0 11
0 3
11 9
6 #edges
9 8
9 2
9 7
0 11
11 9
11 3
6 #edges
9 8
9 2
8 7
0 11
11 9
11 3
6 #edges
9 8
9 2
9 7
0 11
11 9
2 3
6 #edges
9 8
9 2
8 7
0 11
11 9
2 3
3 #trees for patient 11
6 #edges
9 2
9 7
0 8
0 11
11 9
11 3
6 #edges
9 3
9 2
9 7
0 8
0 11
11 9
6 #edges
9 8
9 2
9 7
0 11
11 9
11 3
4 #trees for patient 12
6 #edges
0 11
0 3
0 1
4 5
11 4
11 6
6 #edges
0 11
0 3
4 5
11 4
11 6
5 1
6 #edges
0 11
0 3
0 1
11 5
11 6
5 4
6 #edges
0 11
0 3
4 1
11 5
11 6
5 4
12 #trees for patient 13
6 #edges
0 11
0 3
0 6
4 5
11 4
5 1
6 #edges
0 11
0 3
0 6
4 1
11 4
1 5
6 #edges
0 11
0 3
4 5
11 4
11 6
5 1
6 #edges
0 11
0 3
4 1
11 4
11 6
1 5
6 #edges
0 11
0 6
4 3
4 5
11 4
5 1
6 #edges
0 11
0 6
4 5
11 4
11 3
5 1
6 #edges
0 11
0 6
4 1
11 4
11 3
1 5
6 #edges
0 11
0 6
4 3
4 1
11 4
1 5
6 #edges
0 11
4 3
4 5
11 4
11 6
5 1
6 #edges
0 11
4 5
11 4
11 3
11 6
5 1
6 #edges
0 11
4 1
11 4
11 3
11 6
1 5
6 #edges
0 11
4 3
4 1
11 4
11 6
1 5
2 #trees for patient 14
6 #edges
0 11
0 3
4 5
11 4
11 6
3 1
6 #edges
0 11
0 3
4 5
11 4
11 6
5 1
8 #trees for patient 15
6 #edges
0 11
0 3
4 5
11 4
11 6
5 1
6 #edges
0 11
0 3
4 1
11 4
11 6
1 5
6 #edges
0 11
0 3
4 5
11 4
5 1
1 6
6 #edges
0 11
0 3
4 1
11 4
5 6
1 5
6 #edges
0 11
4 3
4 5
11 4
11 6
5 1
6 #edges
0 11
4 3
4 1
11 4
11 6
1 5
6 #edges
0 11
4 3
4 5
11 4
5 1
1 6
6 #edges
0 11
4 3
4 1
11 4
5 6
1 5
6 #trees for patient 16
6 #edges
0 11
0 3
11 4
11 6
6 1
1 5
6 #edges
0 11
0 3
4 5
11 4
11 6
6 1
6 #edges
0 11
0 3
4 5
11 4
11 6
5 1
6 #edges
0 11
0 3
4 1
11 4
11 6
1 5
6 #edges
0 11
0 3
4 1
11 4
11 6
6 5
6 #edges
0 11
0 3
11 4
11 6
5 1
6 5
14 #trees for patient 17
6 #edges
0 11
0 3
0 6
11 4
3 1
1 5
6 #edges
0 11
0 3
0 6
11 4
3 5
3 1
6 #edges
0 11
0 3
0 6
4 5
11 4
3 1
6 #edges
0 11
0 3
0 6
11 4
3 5
5 1
6 #edges
0 11
0 3
0 6
4 1
11 4
3 5
6 #edges
0 11
0 3
0 6
4 5
11 4
5 1
6 #edges
0 11
0 3
0 6
4 1
11 4
1 5
6 #edges
0 11
0 3
11 4
11 6
3 5
3 1
6 #edges
0 11
0 3
4 1
11 4
11 6
3 5
6 #edges
0 11
0 3
11 4
11 6
3 5
5 1
6 #edges
0 11
0 3
4 5
11 4
11 6
3 1
6 #edges
0 11
0 3
11 4
11 6
3 1
1 5
6 #edges
0 11
0 3
4 5
11 4
11 6
5 1
6 #edges
0 11
0 3
4 1
11 4
11 6
1 5
6 #trees for patient 18
6 #edges
0 11
0 3
11 5
11 6
5 1
1 4
6 #edges
0 11
0 3
4 1
11 5
11 6
5 4
6 #edges
0 11
0 3
4 5
11 4
11 6
5 1
6 #edges
0 11
0 3
4 1
11 4
11 6
1 5
6 #edges
0 11
0 3
11 6
11 1
5 4
1 5
6 #edges
0 11
0 3
4 5
11 6
11 1
1 4
2 #trees for patient 19
6 #edges
0 11
0 3
4 5
11 4
3 6
5 1
6 #edges
0 11
0 3
4 5
11 4
11 6
5 1
4 #trees for patient 20
6 #edges
0 11
0 3
4 5
11 4
11 6
5 1
6 #edges
0 11
0 3
4 1
11 4
11 6
1 5
6 #edges
0 11
0 3
4 5
4 6
11 4
5 1
6 #edges
0 11
0 3
4 6
4 1
11 4
1 5
2 #trees for patient 21
6 #edges
0 9
0 3
0 6
3 4
3 7
7 5
6 #edges
0 9
0 3
3 4
3 7
5 6
7 5
2 #trees for patient 22
6 #edges
0 9
0 3
0 6
3 4
3 7
7 5
6 #edges
0 9
0 3
0 6
3 4
3 5
5 7
265 #trees for patient 23
6 #edges
0 9
0 4
0 3
0 5
0 7
0 6
6 #edges
0 9
0 3
0 5
0 7
0 6
3 4
6 #edges
0 9
0 4
0 3
0 5
0 6
3 7
6 #edges
0 9
0 4
0 3
0 5
0 6
4 7
6 #edges
0 9
0 4
0 3
0 5
0 6
5 7
6 #edges
0 9
0 3
0 5
0 6
3 4
5 7
6 #edges
0 9
0 3
0 5
0 6
3 4
3 7
6 #edges
0 9
0 3
0 5
0 6
4 7
3 4
6 #edges
0 3
0 5
0 7
0 6
3 4
5 9
6 #edges
0 4
0 3
0 5
0 7
0 6
5 9
6 #edges
0 4
0 3
0 5
0 6
3 7
5 9
6 #edges
0 4
0 3
0 5
0 6
4 7
5 9
6 #edges
0 3
0 5
0 6
3 4
3 7
5 9
6 #edges
0 3
0 5
0 6
4 7
3 4
5 9
6 #edges
0 3
0 5
0 7
0 6
3 4
7 9
6 #edges
0 4
0 3
0 5
0 7
0 6
7 9
6 #edges
0 4
0 3
0 5
0 7
0 6
3 9
6 #edges
0 3
0 5
0 7
0 6
3 9
3 4
6 #edges
0 4
0 3
0 5
0 7
0 6
4 9
6 #edges
0 3
0 5
0 7
0 6
4 9
3 4
6 #edges
0 3
0 5
0 6
3 9
3 4
5 7
6 #edges
0 4
0 3
0 5
0 6
3 9
5 7
6 #edges
0 3
0 5
0 6
3 4
5 7
7 9
6 #edges
0 4
0 3
0 5
0 6
5 7
7 9
6 #edges
0 4
0 3
0 5
0 6
4 9
5 7
6 #edges
0 3
0 5
0 6
4 9
3 4
5 7
6 #edges
0 4
0 3
0 5
0 6
4 9
3 7
6 #edges
0 4
0 3
0 5
0 6
3 9
3 7
6 #edges
0 4
0 3
0 5
0 6
3 7
7 9
6 #edges
0 4
0 3
0 5
0 6
4 7
7 9
6 #edges
0 4
0 3
0 5
0 6
4 7
3 9
6 #edges
0 3
0 5
0 6
3 4
3 7
7 9
6 #edges
0 3
0 5
0 6
4 9
3 4
3 7
6 #edges
0 3
0 5
0 6
4 7
3 9
3 4
6 #edges
0 3
0 5
0 6
4 7
3 4
7 9
6 #edges
0 4
0 3
0 7
0 6
4 9
3 5
6 #edges
0 4
0 3
0 7
0 6
4 9
7 5
6 #edges
0 4
0 3
0 6
4 9
3 5
3 7
6 #edges
0 4
0 3
0 6
4 9
3 7
7 5
6 #edges
0 4
0 3
0 6
4 9
3 5
5 7
6 #edges
0 4
0 3
0 7
0 6
4 5
3 9
6 #edges
0 4
0 3
0 7
0 6
3 9
3 5
6 #edges
0 4
0 3
0 7
0 6
3 9
7 5
6 #edges
0 9
0 4
0 3
0 7
0 6
7 5
6 #edges
0 4
0 3
0 7
0 6
5 9
7 5
6 #edges
0 9
0 4
0 3
0 7
0 6
3 5
6 #edges
0 9
0 4
0 3
0 7
0 6
4 5
6 #edges
0 4
0 3
0 7
0 6
3 5
5 9
6 #edges
0 4
0 3
0 7
0 6
3 5
7 9
6 #edges
0 4
0 3
0 7
0 6
4 5
7 9
6 #edges
0 4
0 3
0 7
0 6
4 5
5 9
6 #edges
0 4
0 3
0 6
4 5
3 9
5 7
6 #edges
0 4
0 3
0 6
4 5
5 7
7 9
6 #edges
0 9
0 4
0 3
0 6
4 5
5 7
6 #edges
0 4
0 3
0 6
4 5
3 9
3 7
6 #edges
0 4
0 3
0 6
4 5
3 7
7 9
6 #edges
0 4
0 3
0 6
4 5
3 7
5 9
6 #edges
0 9
0 4
0 3
0 6
4 5
3 7
6 #edges
0 4
0 3
0 6
4 7
3 9
3 5
6 #edges
0 4
0 3
0 6
3 9
3 5
5 7
6 #edges
0 4
0 3
0 6
3 5
5 7
7 9
6 #edges
0 9
0 4
0 3
0 6
3 5
5 7
6 #edges
0 4
0 3
0 6
4 7
3 5
5 9
6 #edges
0 4
0 3
0 6
4 7
3 5
7 9
6 #edges
0 9
0 4
0 3
0 6
4 7
3 5
6 #edges
0 9
0 4
0 3
0 6
3 5
3 7
6 #edges
0 4
0 3
0 6
3 5
3 7
5 9
6 #edges
0 4
0 3
0 6
3 5
3 7
7 9
6 #edges
0 4
0 3
0 6
3 9
3 7
7 5
6 #edges
0 4
0 3
0 6
4 7
3 9
7 5
6 #edges
0 9
0 4
0 3
0 6
4 7
7 5
6 #edges
0 4
0 3
0 6
4 7
5 9
7 5
6 #edges
0 9
0 4
0 3
0 6
3 7
7 5
6 #edges
0 4
0 3
0 6
3 7
5 9
7 5
6 #edges
0 3
0 7
0 6
3 9
3 4
7 5
6 #edges
0 3
0 7
0 6
4 5
3 9
3 4
6 #edges
0 3
0 7
0 6
3 4
3 5
5 9
6 #edges
0 9
0 3
0 7
0 6
3 4
3 5
6 #edges
0 3
0 7
0 6
3 4
3 5
7 9
6 #edges
0 3
0 7
0 6
4 9
3 4
3 5
6 #edges
0 9
0 3
0 7
0 6
3 4
7 5
6 #edges
0 9
0 3
0 7
0 6
4 5
3 4
6 #edges
0 3
0 7
0 6
3 4
5 9
7 5
6 #edges
0 3
0 7
0 6
4 9
3 4
7 5
6 #edges
0 3
0 7
0 6
4 5
3 4
7 9
6 #edges
0 3
0 7
0 6
4 5
3 4
5 9
6 #edges
0 9
0 3
0 6
3 4
3 5
5 7
6 #edges
0 9
0 3
0 6
4 7
3 4
3 5
6 #edges
0 3
0 6
4 7
3 4
3 5
5 9
6 #edges
0 3
0 6
3 4
3 5
5 7
7 9
6 #edges
0 3
0 6
4 9
3 4
3 5
5 7
6 #edges
0 3
0 6
4 7
3 4
3 5
7 9
6 #edges
0 3
0 6
4 5
3 4
3 7
7 9
6 #edges
0 9
0 3
0 6
3 4
3 7
7 5
6 #edges
0 3
0 6
3 4
3 7
5 9
7 5
6 #edges
0 3
0 6
4 9
3 4
3 7
7 5
6 #edges
0 9
0 3
0 6
4 5
3 4
3 7
6 #edges
0 3
0 6
4 5
3 4
3 7
5 9
6 #edges
0 3
0 6
4 5
3 9
3 4
5 7
6 #edges
0 3
0 6
4 7
3 9
3 4
7 5
6 #edges
0 9
0 3
0 6
4 7
3 4
7 5
6 #edges
0 3
0 6
4 7
3 4
5 9
7 5
6 #edges
0 9
0 3
0 6
4 5
3 4
5 7
6 #edges
0 3
0 6
4 5
3 4
5 7
7 9
6 #edges
0 9
0 4
0 3
0 7
4 6
7 5
6 #edges
0 9
0 4
0 3
0 7
3 6
7 5
6 #edges
0 9
0 3
0 7
4 6
3 4
7 5
6 #edges
0 9
0 3
0 7
4 6
3 4
3 5
6 #edges
0 9
0 4
0 3
0 7
3 5
3 6
6 #edges
0 9
0 4
0 3
0 7
4 6
3 5
6 #edges
0 9
0 4
0 3
0 5
0 7
4 6
6 #edges
0 9
0 4
0 3
0 5
0 7
3 6
6 #edges
0 9
0 3
0 5
0 7
4 6
3 4
6 #edges
0 9
0 4
0 3
0 7
4 5
4 6
6 #edges
0 9
0 4
0 3
0 7
4 5
3 6
6 #edges
0 9
0 3
0 7
4 5
4 6
3 4
6 #edges
0 9
0 3
0 5
4 6
3 4
5 7
6 #edges
0 9
0 4
0 3
0 5
3 6
5 7
6 #edges
0 9
0 4
0 3
0 5
4 6
5 7
6 #edges
0 9
0 4
0 3
0 5
3 7
3 6
6 #edges
0 9
0 4
0 3
0 5
4 7
3 6
6 #edges
0 9
0 3
0 5
4 6
3 4
3 7
6 #edges
0 9
0 4
0 3
0 5
4 6
3 7
6 #edges
0 9
0 4
0 3
0 5
4 7
4 6
6 #edges
0 9
0 3
0 5
4 7
4 6
3 4
6 #edges
0 9
0 4
0 3
4 5
4 6
3 7
6 #edges
0 9
0 4
0 3
4 5
4 6
5 7
6 #edges
0 9
0 4
0 3
4 5
3 7
3 6
6 #edges
0 9
0 4
0 3
4 5
3 6
5 7
6 #edges
0 9
0 4
0 3
4 6
3 7
7 5
6 #edges
0 9
0 4
0 3
4 6
3 5
3 7
6 #edges
0 9
0 4
0 3
4 7
4 6
7 5
6 #edges
0 9
0 4
0 3
4 7
4 6
3 5
6 #edges
0 9
0 4
0 3
4 6
3 5
5 7
6 #edges
0 9
0 4
0 3
4 7
3 5
3 6
6 #edges
0 9
0 4
0 3
4 7
3 6
7 5
6 #edges
0 9
0 4
0 3
3 5
3 6
5 7
6 #edges
0 9
0 4
0 3
3 5
3 7
3 6
6 #edges
0 9
0 4
0 3
3 7
3 6
7 5
6 #edges
0 9
0 3
4 7
4 6
3 4
3 5
6 #edges
0 9
0 3
4 6
3 4
3 5
5 7
6 #edges
0 9
0 3
4 5
4 6
3 4
3 7
6 #edges
0 9
0 3
4 5
4 6
3 4
5 7
6 #edges
0 9
0 3
4 7
4 6
3 4
7 5
6 #edges
0 9
0 3
4 6
3 4
3 7
7 5
6 #edges
0 4
0 3
0 7
4 5
4 6
7 9
6 #edges
0 4
0 3
0 5
0 7
4 6
7 9
6 #edges
0 4
0 3
0 7
4 6
3 5
7 9
6 #edges
0 4
0 3
0 7
3 5
3 6
7 9
6 #edges
0 4
0 3
0 7
4 5
3 6
7 9
6 #edges
0 4
0 3
0 5
0 7
3 6
7 9
6 #edges
0 3
0 7
4 6
3 4
3 5
7 9
6 #edges
0 3
0 7
4 5
4 6
3 4
7 9
6 #edges
0 3
0 5
0 7
4 6
3 4
7 9
6 #edges
0 4
0 3
0 5
0 7
3 6
5 9
6 #edges
0 4
0 3
0 5
0 7
4 6
5 9
6 #edges
0 3
0 5
0 7
4 6
3 4
5 9
6 #edges
0 4
0 3
0 5
0 7
4 9
3 6
6 #edges
0 4
0 3
0 5
0 7
3 9
3 6
6 #edges
0 4
0 3
0 5
0 7
4 9
4 6
6 #edges
0 4
0 3
0 5
0 7
4 6
3 9
6 #edges
0 3
0 5
0 7
4 9
4 6
3 4
6 #edges
0 3
0 5
0 7
4 6
3 9
3 4
6 #edges
0 4
0 3
0 7
4 9
3 6
7 5
6 #edges
0 4
0 3
0 7
4 9
4 6
7 5
6 #edges
0 4
0 3
0 7
4 9
4 6
3 5
6 #edges
0 4
0 3
0 7
4 9
3 5
3 6
6 #edges
0 4
0 3
0 7
4 6
5 9
7 5
6 #edges
0 4
0 3
0 7
4 6
3 9
7 5
6 #edges
0 4
0 3
0 7
4 5
4 6
5 9
6 #edges
0 4
0 3
0 7
4 5
4 6
3 9
6 #edges
0 4
0 3
0 7
4 6
3 9
3 5
6 #edges
0 4
0 3
0 7
4 6
3 5
5 9
6 #edges
0 4
0 3
0 7
3 9
3 5
3 6
6 #edges
0 4
0 3
0 7
3 5
3 6
5 9
6 #edges
0 4
0 3
0 7
4 5
3 9
3 6
6 #edges
0 4
0 3
0 7
3 9
3 6
7 5
6 #edges
0 4
0 3
0 7
3 6
5 9
7 5
6 #edges
0 4
0 3
0 7
4 5
3 6
5 9
6 #edges
0 3
0 7
4 9
4 6
3 4
7 5
6 #edges
0 3
0 7
4 6
3 4
5 9
7 5
6 #edges
0 3
0 7
4 6
3 9
3 4
7 5
6 #edges
0 3
0 7
4 9
4 6
3 4
3 5
6 #edges
0 3
0 7
4 6
3 4
3 5
5 9
6 #edges
0 3
0 7
4 5
4 6
3 9
3 4
6 #edges
0 3
0 7
4 5
4 6
3 4
5 9
6 #edges
0 4
0 3
0 5
4 6
5 7
7 9
6 #edges
0 4
0 3
0 5
3 6
5 7
7 9
6 #edges
0 4
0 3
0 5
4 6
3 9
5 7
6 #edges
0 4
0 3
0 5
4 9
4 6
5 7
6 #edges
0 4
0 3
0 5
3 9
3 6
5 7
6 #edges
0 4
0 3
0 5
4 9
3 6
5 7
6 #edges
0 3
0 5
4 6
3 4
5 7
7 9
6 #edges
0 3
0 5
4 6
3 9
3 4
5 7
6 #edges
0 3
0 5
4 9
4 6
3 4
5 7
6 #edges
0 4
0 3
0 5
4 7
4 6
5 9
6 #edges
0 4
0 3
0 5
4 7
3 6
5 9
6 #edges
0 4
0 3
0 5
3 7
3 6
5 9
6 #edges
0 4
0 3
0 5
4 6
3 7
5 9
6 #edges
0 3
0 5
4 6
3 4
3 7
5 9
6 #edges
0 3
0 5
4 7
4 6
3 4
5 9
6 #edges
0 4
0 3
0 5
3 9
3 7
3 6
6 #edges
0 4
0 3
0 5
4 7
3 9
3 6
6 #edges
0 4
0 3
0 5
4 7
3 6
7 9
6 #edges
0 4
0 3
0 5
4 9
3 7
3 6
6 #edges
0 4
0 3
0 5
3 7
3 6
7 9
6 #edges
0 4
0 3
0 5
4 6
3 9
3 7
6 #edges
0 4
0 3
0 5
4 7
4 6
3 9
6 #edges
0 3
0 5
4 7
4 6
3 9
3 4
6 #edges
0 4
0 3
0 5
4 6
3 7
7 9
6 #edges
0 4
0 3
0 5
4 9
4 6
3 7
6 #edges
0 4
0 3
0 5
4 7
4 6
7 9
6 #edges
0 3
0 5
4 7
4 6
3 4
7 9
6 #edges
0 3
0 5
4 6
3 4
3 7
7 9
6 #edges
0 3
0 5
4 9
4 6
3 4
3 7
6 #edges
0 4
0 3
4 7
4 6
3 5
7 9
6 #edges
0 4
0 3
4 7
3 5
3 6
7 9
6 #edges
0 4
0 3
4 7
4 6
3 9
7 5
6 #edges
0 4
0 3
4 7
4 6
5 9
7 5
6 #edges
0 4
0 3
4 7
3 6
5 9
7 5
6 #edges
0 4
0 3
4 7
3 9
3 6
7 5
6 #edges
0 4
0 3
4 7
4 6
3 9
3 5
6 #edges
0 4
0 3
4 7
4 6
3 5
5 9
6 #edges
0 4
0 3
4 7
3 9
3 5
3 6
6 #edges
0 4
0 3
4 7
3 5
3 6
5 9
6 #edges
0 4
0 3
4 9
4 6
3 5
5 7
6 #edges
0 4
0 3
4 9
4 6
3 5
3 7
6 #edges
0 4
0 3
4 9
3 5
3 6
5 7
6 #edges
0 4
0 3
4 9
3 5
3 7
3 6
6 #edges
0 4
0 3
4 9
4 6
3 7
7 5
6 #edges
0 4
0 3
4 9
3 7
3 6
7 5
6 #edges
0 4
0 3
4 5
4 6
3 7
5 9
6 #edges
0 4
0 3
4 5
3 7
3 6
5 9
6 #edges
0 4
0 3
4 5
4 6
3 9
3 7
6 #edges
0 4
0 3
4 5
4 6
3 9
5 7
6 #edges
0 4
0 3
4 5
4 6
3 7
7 9
6 #edges
0 4
0 3
4 5
4 6
5 7
7 9
6 #edges
0 4
0 3
4 5
3 6
5 7
7 9
6 #edges
0 4
0 3
4 5
3 9
3 6
5 7
6 #edges
0 4
0 3
4 5
3 9
3 7
3 6
6 #edges
0 4
0 3
4 5
3 7
3 6
7 9
6 #edges
0 4
0 3
4 6
3 9
3 5
5 7
6 #edges
0 4
0 3
4 6
3 5
5 7
7 9
6 #edges
0 4
0 3
3 9
3 5
3 6
5 7
6 #edges
0 4
0 3
3 5
3 6
5 7
7 9
6 #edges
0 4
0 3
4 6
3 5
3 7
5 9
6 #edges
0 4
0 3
3 5
3 7
3 6
5 9
6 #edges
0 4
0 3
3 5
3 7
3 6
7 9
6 #edges
0 4
0 3
4 6
3 5
3 7
7 9
6 #edges
0 4
0 3
4 6
3 9
3 7
7 5
6 #edges
0 4
0 3
4 6
3 7
5 9
7 5
6 #edges
0 4
0 3
3 9
3 7
3 6
7 5
6 #edges
0 4
0 3
3 7
3 6
5 9
7 5
6 #edges
0 3
4 7
4 6
3 4
3 5
5 9
6 #edges
0 3
4 6
3 4
3 5
5 7
7 9
6 #edges
0 3
4 9
4 6
3 4
3 5
5 7
6 #edges
0 3
4 7
4 6
3 4
3 5
7 9
6 #edges
0 3
4 9
4 6
3 4
3 7
7 5
6 #edges
0 3
4 5
4 6
3 4
3 7
7 9
6 #edges
0 3
4 5
4 6
3 4
3 7
5 9
6 #edges
0 3
4 6
3 4
3 7
5 9
7 5
6 #edges
0 3
4 5
4 6
3 9
3 4
5 7
6 #edges
0 3
4 5
4 6
3 4
5 7
7 9
6 #edges
0 3
4 7
4 6
3 9
3 4
7 5
6 #edges
0 3
4 7
4 6
3 4
5 9
7 5
40 #trees for patient 24
6 #edges
0 9
0 4
0 7
0 6
7 5
6 3
6 #edges
0 9
0 4
0 7
0 6
6 3
6 5
6 #edges
0 9
0 4
0 7
0 6
3 5
6 3
6 #edges
0 9
0 7
0 6
3 4
6 3
6 5
6 #edges
0 9
0 7
0 6
3 4
3 5
6 3
6 #edges
0 9
0 7
0 6
3 4
7 5
6 3
6 #edges
0 9
0 4
0 5
0 6
5 7
6 3
6 #edges
0 9
0 4
0 5
0 6
6 3
6 7
6 #edges
0 9
0 4
0 5
0 6
3 7
6 3
6 #edges
0 9
0 5
0 6
3 4
3 7
6 3
6 #edges
0 9
0 5
0 6
3 4
6 3
6 7
6 #edges
0 9
0 5
0 6
3 4
5 7
6 3
6 #edges
0 9
0 3
0 6
3 5
5 7
6 4
6 #edges
0 9
0 3
0 6
3 4
3 5
5 7
6 #edges
0 9
0 3
0 6
3 4
3 5
6 7
6 #edges
0 9
0 3
0 6
3 5
6 4
6 7
6 #edges
0 9
0 3
0 6
3 4
3 7
7 5
6 #edges
0 9
0 3
0 6
3 4
3 7
6 5
6 #edges
0 9
0 3
0 6
3 4
6 5
6 7
6 #edges
0 9
0 3
0 6
3 4
7 5
6 7
6 #edges
0 9
0 3
0 6
3 4
5 7
6 5
6 #edges
0 9
0 3
0 6
3 7
7 5
6 4
6 #edges
0 9
0 3
0 6
3 7
6 4
6 5
6 #edges
0 9
0 3
0 6
6 4
6 5
6 7
6 #edges
0 9
0 3
0 6
7 5
6 4
6 7
6 #edges
0 9
0 3
0 6
5 7
6 4
6 5
6 #edges
0 9
0 4
0 6
5 7
6 3
6 5
6 #edges
0 9
0 4
0 6
3 7
6 3
6 5
6 #edges
0 9
0 4
0 6
6 3
6 5
6 7
6 #edges
0 9
0 4
0 6
3 5
6 3
6 7
6 #edges
0 9
0 4
0 6
7 5
6 3
6 7
6 #edges
0 9
0 4
0 6
3 7
7 5
6 3
6 #edges
0 9
0 4
0 6
3 5
5 7
6 3
6 #edges
0 9
0 6
3 4
6 3
6 5
6 7
6 #edges
0 9
0 6
3 4
3 7
6 3
6 5
6 #edges
0 9
0 6
3 4
5 7
6 3
6 5
6 #edges
0 9
0 6
3 4
3 5
6 3
6 7
6 #edges
0 9
0 6
3 4
3 5
5 7
6 3
6 #edges
0 9
0 6
3 4
3 7
7 5
6 3
6 #edges
0 9
0 6
3 4
7 5
6 3
6 7
2 #trees for patient 25
6 #edges
0 9
0 3
0 6
3 4
3 7
7 5
6 #edges
0 9
0 3
0 6
3 4
3 5
5 7
14 #trees for patient 26
6 #edges
0 9
0 3
0 6
4 5
3 4
3 7
6 #edges
0 9
0 3
0 6
3 4
3 7
7 5
6 #edges
0 3
0 6
3 4
3 7
7 9
7 5
6 #edges
0 3
0 6
4 5
3 4
3 7
7 9
6 #edges
0 9
0 3
4 5
3 4
3 7
7 6
6 #edges
0 9
0 3
4 5
3 4
3 7
5 6
6 #edges
0 9
0 3
4 5
4 6
3 4
3 7
6 #edges
0 9
0 3
4 6
3 4
3 7
7 5
6 #edges
0 9
0 3
3 4
3 7
5 6
7 5
6 #edges
0 3
4 5
3 4
3 7
5 6
7 9
6 #edges
0 3
4 5
4 6
3 4
3 7
7 9
6 #edges
0 3
4 5
3 4
3 7
7 9
7 6
6 #edges
0 3
4 6
3 4
3 7
7 9
7 5
6 #edges
0 3
3 4
3 7
5 6
7 9
7 5
21 #trees for patient 27
6 #edges
0 9
0 3
0 6
4 5
3 4
3 7
6 #edges
0 9
0 3
0 6
3 4
3 7
7 5
6 #edges
0 9
0 3
0 6
4 7
3 4
7 5
6 #edges
0 9
0 3
0 6
4 5
4 7
3 4
6 #edges
0 9
0 3
0 6
4 7
3 4
3 5
6 #edges
0 9
0 3
0 6
4 5
3 4
5 7
6 #edges
0 9
0 3
0 6
3 4
3 5
5 7
6 #edges
0 9
0 3
4 5
4 6
3 4
3 7
6 #edges
0 9
0 3
4 6
3 4
3 7
7 5
6 #edges
9 6
0 9
0 3
3 4
3 7
7 5
6 #edges
9 6
0 9
0 3
4 5
3 4
3 7
6 #edges
9 6
0 9
0 3
4 5
4 7
3 4
6 #edges
9 6
0 9
0 3
4 7
3 4
3 5
6 #edges
9 6
0 9
0 3
4 7
3 4
7 5
6 #edges
9 6
0 9
0 3
3 4
3 5
5 7
6 #edges
9 6
0 9
0 3
4 5
3 4
5 7
6 #edges
0 9
0 3
4 7
4 6
3 4
3 5
6 #edges
0 9
0 3
4 6
3 4
3 5
5 7
6 #edges
0 9
0 3
4 5
4 6
3 4
5 7
6 #edges
0 9
0 3
4 5
4 7
4 6
3 4
6 #edges
0 9
0 3
4 7
4 6
3 4
7 5
4 #trees for patient 28
6 #edges
9 4
0 9
0 3
0 6
3 7
7 5
6 #edges
9 4
0 9
0 3
0 6
3 5
5 7
6 #edges
0 9
0 3
0 6
3 4
3 5
5 7
6 #edges
0 9
0 3
0 6
3 4
3 7
7 5
10 #trees for patient 29
6 #edges
0 9
0 3
0 6
3 4
3 7
7 5
6 #edges
0 9
0 3
0 6
4 5
3 4
3 7
6 #edges
0 9
0 3
0 6
4 5
3 7
7 4
6 #edges
0 9
0 3
0 6
3 5
3 7
7 4
6 #edges
0 9
0 3
0 6
3 7
7 4
7 5
6 #edges
0 9
0 3
3 4
3 7
3 6
7 5
6 #edges
0 9
0 3
4 5
3 4
3 7
3 6
6 #edges
0 9
0 3
3 7
3 6
7 4
7 5
6 #edges
0 9
0 3
3 5
3 7
3 6
7 4
6 #edges
0 9
0 3
4 5
3 7
3 6
7 4
6 #trees for patient 30
6 #edges
0 9
0 3
0 6
3 4
3 7
7 5
6 #edges
0 9
0 3
0 6
3 7
7 5
6 4
6 #edges
0 3
0 6
4 9
3 7
7 5
6 4
6 #edges
0 3
0 6
3 9
3 7
7 5
6 4
6 #edges
0 3
0 6
3 4
3 7
7 5
6 9
6 #edges
0 3
0 6
4 9
3 4
3 7
7 5
7 #trees for patient 31
6 #edges
0 9
0 3
0 6
3 4
3 5
6 7
6 #edges
0 9
0 3
0 6
3 4
7 5
6 7
6 #edges
0 9
0 3
0 6
3 4
6 5
6 7
6 #edges
0 9
0 3
0 6
3 4
3 7
7 5
6 #edges
0 9
0 3
0 6
3 4
3 7
6 5
6 #edges
0 9
0 3
0 6
3 4
5 7
6 5
6 #edges
0 9
0 3
0 6
3 4
3 5
5 7
14 #trees for patient 32
6 #edges
0 9
0 3
0 6
3 4
3 5
5 7
6 #edges
0 9
0 3
0 6
4 7
3 4
3 5
6 #edges
0 9
0 3
0 6
4 5
3 4
3 7
6 #edges
0 9
0 3
0 6
3 4
3 7
7 5
6 #edges
0 9
0 3
0 6
4 7
3 4
7 5
6 #edges
0 9
0 3
0 6
4 5
3 4
5 7
6 #edges
9 6
0 9
0 3
3 4
3 5
5 7
6 #edges
9 6
0 9
0 3
4 7
3 4
3 5
6 #edges
9 6
0 9
0 3
3 4
3 7
7 5
6 #edges
9 6
0 9
0 3
4 5
3 4
3 7
6 #edges
9 6
0 9
0 3
4 5
3 4
5 7
6 #edges
9 6
0 9
0 3
4 7
3 4
7 5
6 #edges
0 9
0 3
4 6
3 4
3 7
7 5
6 #edges
0 9
0 3
4 6
3 4
3 5
5 7
14 #trees for patient 33
6 #edges
0 9
0 3
0 6
3 5
5 7
6 4
6 #edges
9 7
0 9
0 3
0 6
3 5
6 4
6 #edges
9 7
0 9
0 3
0 6
3 4
3 5
6 #edges
0 9
0 3
0 6
3 4
3 5
5 7
6 #edges
9 5
9 7
0 9
0 3
0 6
3 4
6 #edges
9 7
0 9
0 3
0 6
3 4
7 5
6 #edges
9 5
0 9
0 3
0 6
3 4
5 7
6 #edges
9 5
0 9
0 3
0 6
3 4
3 7
6 #edges
0 9
0 3
0 6
3 4
3 7
7 5
6 #edges
0 9
0 3
0 6
3 7
7 5
6 4
6 #edges
9 5
0 9
0 3
0 6
3 7
6 4
6 #edges
9 5
9 7
0 9
0 3
0 6
6 4
6 #edges
9 5
0 9
0 3
0 6
5 7
6 4
6 #edges
9 7
0 9
0 3
0 6
7 5
6 4
8 #trees for patient 34
6 #edges
9 4
0 9
0 3
0 6
3 5
3 7
6 #edges
9 4
0 9
0 3
0 6
3 7
7 5
6 #edges
0 9
0 3
0 6
3 4
3 5
3 7
6 #edges
0 9
0 3
0 6
3 4
3 7
7 5
6 #edges
9 4
0 9
0 3
3 7
7 5
7 6
6 #edges
9 4
0 9
0 3
3 5
3 7
7 6
6 #edges
0 9
0 3
3 4
3 5
3 7
7 6
6 #edges
0 9
0 3
3 4
3 7
7 5
7 6
75 #trees for patient 35
6 #edges
0 9
0 3
0 5
0 6
3 4
3 7
6 #edges
0 9
0 3
0 5
3 4
3 7
7 6
6 #edges
0 9
0 3
0 5
3 4
3 7
5 6
6 #edges
0 9
0 3
0 5
0 6
3 4
5 7
6 #edges
0 9
0 3
0 5
3 4
3 6
5 7
6 #edges
0 9
0 3
0 5
3 4
5 7
7 6
6 #edges
0 9
0 3
0 5
0 7
3 4
5 6
6 #edges
0 9
0 3
0 5
0 7
3 4
3 6
6 #edges
0 9
0 3
0 5
0 7
3 4
7 6
6 #edges
0 9
0 3
0 7
3 4
3 6
7 5
6 #edges
0 9
0 3
0 6
3 4
3 5
5 7
6 #edges
0 9
0 3
3 4
3 5
5 7
7 6
6 #edges
0 9
0 3
0 7
0 6
3 4
3 5
6 #edges
0 9
0 3
0 7
3 4
3 5
7 6
6 #edges
0 9
0 3
0 7
3 4
3 5
5 6
6 #edges
0 9
0 3
0 7
0 6
3 4
7 5
6 #edges
0 9
0 3
0 6
3 4
3 7
7 5
6 #edges
0 9
0 3
0 7
3 4
5 6
7 5
6 #edges
0 9
0 3
3 4
3 7
5 6
7 5
6 #edges
0 3
0 5
0 6
3 9
3 4
5 7
6 #edges
0 3
0 5
0 6
3 4
5 7
6 9
6 #edges
0 3
0 5
0 6
3 4
5 7
7 9
6 #edges
0 3
0 5
0 6
3 4
3 7
7 9
6 #edges
0 3
0 5
0 6
3 4
3 7
5 9
6 #edges
0 3
0 5
0 6
3 4
3 7
6 9
6 #edges
0 3
0 7
0 6
3 4
3 5
7 9
6 #edges
0 3
0 7
0 6
3 4
7 5
6 9
6 #edges
0 3
0 7
0 6
3 4
3 5
6 9
6 #edges
0 3
0 7
0 6
3 4
3 5
5 9
6 #edges
0 3
0 7
0 6
3 9
3 4
7 5
6 #edges
0 3
0 7
0 6
3 4
5 9
7 5
6 #edges
0 3
0 6
3 4
3 7
7 5
6 9
6 #edges
0 3
0 6
3 4
3 5
5 7
6 9
6 #edges
0 3
0 6
3 4
3 7
5 9
7 5
6 #edges
0 3
0 6
3 4
3 5
5 7
7 9
6 #edges
0 3
0 5
0 7
3 4
3 6
7 9
6 #edges
0 3
0 5
0 7
3 9
3 4
3 6
6 #edges
0 3
0 7
3 9
3 4
3 6
7 5
6 #edges
0 3
0 5
0 7
3 4
3 6
6 9
6 #edges
0 3
0 5
0 7
3 4
3 6
5 9
6 #edges
0 3
0 7
3 4
3 6
7 5
6 9
6 #edges
0 3
0 7
3 4
3 6
5 9
7 5
6 #edges
0 3
0 5
0 7
3 4
5 9
7 6
6 #edges
0 3
0 5
0 7
3 4
5 9
5 6
6 #edges
0 3
0 5
0 7
3 4
7 9
7 6
6 #edges
0 3
0 5
0 7
3 4
5 6
7 9
6 #edges
0 3
0 5
0 7
3 4
7 6
6 9
6 #edges
0 3
0 5
0 7
3 9
3 4
7 6
6 #edges
0 3
0 5
0 7
3 4
5 6
6 9
6 #edges
0 3
0 5
0 7
3 9
3 4
5 6
6 #edges
0 3
0 7
3 4
3 5
5 6
7 9
6 #edges
0 3
0 7
3 4
3 5
7 9
7 6
6 #edges
0 3
0 7
3 4
3 5
7 6
6 9
6 #edges
0 3
0 7
3 4
3 5
5 9
7 6
6 #edges
0 3
0 7
3 4
3 5
5 6
6 9
6 #edges
0 3
0 7
3 4
3 5
5 9
5 6
6 #edges
0 3
0 7
3 4
5 9
5 6
7 5
6 #edges
0 3
0 7
3 4
5 6
7 5
6 9
6 #edges
0 3
0 7
3 9
3 4
5 6
7 5
6 #edges
0 3
0 5
3 4
3 7
5 9
5 6
6 #edges
0 3
0 5
3 4
3 7
5 9
7 6
6 #edges
0 3
0 5
3 4
3 7
5 6
6 9
6 #edges
0 3
0 5
3 4
3 7
5 6
7 9
6 #edges
0 3
0 5
3 4
5 7
7 6
6 9
6 #edges
0 3
0 5
3 9
3 4
5 7
7 6
6 #edges
0 3
0 5
3 4
5 7
7 9
7 6
6 #edges
0 3
0 5
3 4
3 6
5 7
7 9
6 #edges
0 3
0 5
3 9
3 4
3 6
5 7
6 #edges
0 3
0 5
3 4
3 6
5 7
6 9
6 #edges
0 3
0 5
3 4
3 7
7 9
7 6
6 #edges
0 3
0 5
3 4
3 7
7 6
6 9
6 #edges
0 3
3 4
3 7
5 9
5 6
7 5
6 #edges
0 3
3 4
3 7
5 6
7 5
6 9
6 #edges
0 3
3 4
3 5
5 7
7 9
7 6
6 #edges
0 3
3 4
3 5
5 7
7 6
6 9
1 #trees for patient 36
6 #edges
0 9
0 3
0 6
3 4
3 7
7 5
18 #trees for patient 37
6 #edges
0 3
0 7
3 9
3 4
3 6
7 5
6 #edges
0 3
0 7
4 6
3 9
3 4
7 5
6 #edges
0 3
0 7
4 6
3 9
3 4
3 5
6 #edges
0 3
0 5
4 6
3 9
3 4
3 7
6 #edges
0 3
0 5
3 9
3 4
3 6
5 7
6 #edges
0 3
0 5
4 6
3 9
3 4
5 7
6 #edges
0 3
0 6
3 9
3 4
3 7
7 5
6 #edges
0 3
0 6
3 9
3 4
3 5
3 7
6 #edges
0 3
0 6
3 9
3 4
3 5
5 7
6 #edges
0 9
0 3
0 6
3 4
3 5
3 7
6 #edges
0 9
0 3
0 6
3 4
3 5
5 7
6 #edges
0 9
0 3
0 6
3 4
3 7
7 5
6 #edges
0 9
0 3
4 6
3 4
3 7
7 5
6 #edges
0 9
0 3
4 6
3 4
3 5
3 7
6 #edges
0 9
0 3
4 6
3 4
3 5
5 7
6 #edges
0 3
4 6
3 9
3 4
3 5
5 7
6 #edges
0 3
4 6
3 9
3 4
3 5
3 7
6 #edges
0 3
4 6
3 9
3 4
3 7
7 5
4 #trees for patient 38
6 #edges
0 9
0 3
0 6
4 5
3 4
3 7
6 #edges
0 9
0 3
0 6
3 4
3 7
7 5
6 #edges
9 6
0 9
0 3
3 4
3 7
7 5
6 #edges
9 6
0 9
0 3
4 5
3 4
3 7
6 #trees for patient 39
6 #edges
9 5
0 9
0 3
0 6
3 4
3 7
6 #edges
9 4
9 5
0 9
0 3
0 6
3 7
6 #edges
9 4
0 9
0 3
0 6
3 7
7 5
6 #edges
0 9
0 3
0 6
3 4
3 7
7 5
6 #edges
0 9
0 3
0 6
3 4
3 7
6 5
6 #edges
9 4
0 9
0 3
0 6
3 7
6 5
4 #trees for patient 40
6 #edges
0 9
0 3
0 6
4 5
3 4
3 7
6 #edges
0 9
0 3
0 6
3 4
3 7
7 5
6 #edges
0 3
0 6
3 4
3 7
7 5
6 9
6 #edges
0 3
0 6
4 5
3 4
3 7
6 9
4 #trees for patient 41
6 #edges
0 6
11 7
3 11
3 1
6 3
1 8
6 #edges
8 1
0 6
11 7
3 8
3 11
6 3
6 #edges
8 1
0 3
11 7
3 6
6 8
6 11
6 #edges
0 3
11 7
3 6
6 11
6 1
1 8
2 #trees for patient 42
6 #edges
0 3
11 7
3 6
6 11
6 1
1 8
6 #edges
7 11
0 3
3 6
6 7
6 1
1 8
1 #trees for patient 43
6 #edges
0 3
11 7
3 6
6 11
6 1
1 8
6 #trees for patient 44
6 #edges
0 3
11 7
3 6
6 11
6 1
1 8
6 #edges
8 7
0 3
3 6
6 11
6 1
1 8
6 #edges
7 11
0 3
3 6
6 7
6 1
1 8
6 #edges
8 11
0 3
3 6
6 7
6 1
1 8
6 #edges
7 11
8 7
0 3
3 6
6 1
1 8
6 #edges
8 11
0 3
11 7
3 6
6 1
1 8
2 #trees for patient 45
6 #edges
0 6
11 7
3 11
3 1
6 3
1 8
6 #edges
0 3
11 7
3 6
6 11
6 1
1 8
2 #trees for patient 46
6 #edges
0 3
11 7
3 6
6 11
6 1
1 8
6 #edges
8 1
0 3
11 7
3 6
6 8
6 11
28 #trees for patient 47
6 #edges
8 1
0 11
0 3
11 7
3 6
6 8
6 #edges
0 11
0 3
11 7
3 6
6 1
1 8
6 #edges
8 1
0 7
0 11
0 3
3 6
6 8
6 #edges
8 1
0 11
0 3
3 6
6 7
6 8
6 #edges
0 7
0 11
0 3
3 6
6 1
1 8
6 #edges
0 11
0 3
3 6
6 7
6 1
1 8
6 #edges
8 1
0 11
0 6
11 7
3 8
6 3
6 #edges
0 11
0 6
11 7
3 1
6 3
1 8
6 #edges
8 1
0 11
0 6
3 7
3 8
6 3
6 #edges
8 1
0 7
0 11
0 6
3 8
6 3
6 #edges
0 11
0 6
3 7
3 1
6 3
1 8
6 #edges
0 7
0 11
0 6
3 1
6 3
1 8
6 #edges
7 11
0 7
0 3
3 6
6 1
1 8
6 #edges
7 11
8 1
0 7
0 3
3 6
6 8
6 #edges
7 11
0 7
0 6
3 1
6 3
1 8
6 #edges
7 11
8 1
0 7
0 6
3 8
6 3
6 #edges
0 7
0 3
3 6
6 11
6 1
1 8
6 #edges
8 1
0 7
0 3
3 6
6 8
6 11
6 #edges
8 1
0 7
0 6
3 8
3 11
6 3
6 #edges
0 7
0 6
3 11
3 1
6 3
1 8
6 #edges
7 11
0 6
3 7
3 1
6 3
1 8
6 #edges
7 11
8 1
0 6
3 7
3 8
6 3
6 #edges
8 1
0 6
11 7
3 8
3 11
6 3
6 #edges
0 6
11 7
3 11
3 1
6 3
1 8
6 #edges
0 3
11 7
3 6
6 11
6 1
1 8
6 #edges
7 11
0 3
3 6
6 7
6 1
1 8
6 #edges
8 1
0 3
11 7
3 6
6 8
6 11
6 #edges
7 11
8 1
0 3
3 6
6 7
6 8
1 #trees for patient 48
6 #edges
0 3
11 7
3 6
6 11
6 1
1 8
2 #trees for patient 49
6 #edges
0 3
11 7
3 6
6 11
6 1
1 8
6 #edges
0 3
11 7
11 8
3 6
6 11
6 1
