100 # patients
24 #trees for patient 0
6 #edges
2 11
8 2
0 9
9 7
9 8
9 3
6 #edges
2 11
8 2
0 9
9 7
9 8
11 3
6 #edges
2 11
8 2
0 9
9 8
9 3
11 7
6 #edges
2 11
8 2
0 9
9 8
11 7
11 3
6 #edges
8 11
0 9
9 7
9 8
9 3
11 2
6 #edges
2 3
8 11
0 9
9 7
9 8
11 2
6 #edges
2 7
8 11
0 9
9 8
9 3
11 2
6 #edges
2 7
2 3
8 11
0 9
9 8
11 2
6 #edges
8 2
0 9
9 7
9 3
9 11
11 8
6 #edges
2 8
0 9
9 7
9 3
9 11
11 2
6 #edges
2 11
0 9
9 2
9 7
9 3
11 8
6 #edges
2 8
8 11
0 9
9 2
9 7
9 3
6 #edges
2 11
8 3
0 9
9 2
9 7
11 8
6 #edges
2 8
8 11
0 9
9 2
9 7
11 3
6 #edges
2 8
8 3
0 9
9 7
9 11
11 2
6 #edges
2 3
8 2
0 9
9 7
9 11
11 8
6 #edges
2 8
8 7
8 3
0 9
9 11
11 2
6 #edges
2 8
8 7
0 9
9 3
9 11
11 2
6 #edges
2 7
8 2
0 9
9 3
9 11
11 8
6 #edges
2 7
2 3
8 2
0 9
9 11
11 8
6 #edges
2 8
8 11
0 9
9 2
9 3
11 7
6 #edges
2 8
8 11
0 9
9 2
11 7
11 3
6 #edges
2 11
8 7
0 9
9 2
9 3
11 8
6 #edges
2 11
8 7
8 3
0 9
9 2
11 8
18 #trees for patient 1
6 #edges
8 11
0 9
9 7
9 8
9 3
11 2
6 #edges
2 11
8 2
0 9
9 7
9 8
9 3
6 #edges
2 11
8 2
0 9
3 7
9 8
9 3
6 #edges
2 11
8 2
0 9
9 8
9 3
11 7
6 #edges
8 11
0 9
3 7
9 8
9 3
11 2
6 #edges
2 7
8 11
0 9
9 8
9 3
11 2
6 #edges
2 8
0 9
9 7
9 3
9 11
11 2
6 #edges
8 2
0 9
9 7
9 3
9 11
11 8
6 #edges
2 11
0 9
9 2
9 7
9 3
11 8
6 #edges
2 8
8 11
0 9
9 2
9 7
9 3
6 #edges
8 2
0 9
3 7
9 3
9 11
11 8
6 #edges
2 7
8 2
0 9
9 3
9 11
11 8
6 #edges
2 8
8 7
0 9
9 3
9 11
11 2
6 #edges
2 8
0 9
3 7
9 3
9 11
11 2
6 #edges
2 8
8 11
0 9
9 2
9 3
11 7
6 #edges
2 8
8 11
0 9
3 7
9 2
9 3
6 #edges
2 11
0 9
3 7
9 2
9 3
11 8
6 #edges
2 11
8 7
0 9
9 2
9 3
11 8
2 #trees for patient 2
6 #edges
8 11
0 9
9 7
9 8
9 3
11 2
6 #edges
8 11
0 9
9 8
9 3
11 2
11 7
2 #trees for patient 3
6 #edges
8 11
0 9
9 7
9 8
9 3
11 2
6 #edges
2 3
8 11
0 9
9 7
9 8
11 2
4 #trees for patient 4
6 #edges
8 11
0 7
0 9
9 8
9 3
11 2
6 #edges
8 2
0 7
0 9
9 3
9 11
11 8
6 #edges
8 2
0 9
9 7
9 3
9 11
11 8
6 #edges
8 11
0 9
9 7
9 8
9 3
11 2
8 #trees for patient 5
6 #edges
8 11
0 9
9 7
9 8
9 3
11 2
6 #edges
8 2
8 11
0 9
9 7
9 8
9 3
6 #edges
8 2
8 7
8 11
0 9
9 8
9 3
6 #edges
8 7
8 11
0 9
9 8
9 3
11 2
6 #edges
8 2
8 11
0 9
9 7
9 8
11 3
6 #edges
8 11
0 9
9 7
9 8
11 2
11 3
6 #edges
8 7
8 11
0 9
9 8
11 2
11 3
6 #edges
8 2
8 7
8 11
0 9
9 8
11 3
2 #trees for patient 6
6 #edges
2 11
8 2
0 9
9 7
9 8
9 3
6 #edges
8 11
0 9
9 7
9 8
9 3
11 2
4 #trees for patient 7
6 #edges
8 2
0 3
0 9
9 7
9 11
11 8
6 #edges
8 11
0 3
0 9
9 7
9 8
11 2
6 #edges
8 2
0 9
9 7
9 3
9 11
11 8
6 #edges
8 11
0 9
9 7
9 8
9 3
11 2
6 #trees for patient 8
6 #edges
8 2
0 9
9 7
9 3
9 11
11 8
6 #edges
2 8
0 9
9 7
9 3
9 11
11 2
6 #edges
2 11
8 2
0 9
9 7
9 8
9 3
6 #edges
8 11
0 9
9 7
9 8
9 3
11 2
6 #edges
2 11
0 9
9 2
9 7
9 3
11 8
6 #edges
2 8
8 11
0 9
9 2
9 7
9 3
13 #trees for patient 9
6 #edges
8 11
0 9
9 7
9 8
9 3
11 2
6 #edges
8 11
0 9
9 2
9 7
9 8
9 3
6 #edges
0 9
9 2
9 7
9 8
9 3
9 11
6 #edges
2 11
0 9
9 2
9 7
9 8
9 3
6 #edges
8 2
0 9
9 7
9 8
9 3
9 11
6 #edges
2 11
8 2
0 9
9 7
9 8
9 3
6 #edges
0 9
9 7
9 8
9 3
9 11
11 2
6 #edges
2 8
0 9
9 2
9 7
9 3
9 11
6 #edges
2 8
8 11
0 9
9 2
9 7
9 3
6 #edges
2 11
0 9
9 2
9 7
9 3
11 8
6 #edges
0 9
9 2
9 7
9 3
9 11
11 8
6 #edges
8 2
0 9
9 7
9 3
9 11
11 8
6 #edges
2 8
0 9
9 7
9 3
9 11
11 2
6 #trees for patient 10
6 #edges
8 11
0 9
9 7
9 8
9 3
11 2
6 #edges
8 11
0 9
9 8
9 3
11 2
11 7
6 #edges
8 11
0 9
3 7
9 8
9 3
11 2
6 #edges
8 2
0 9
9 7
9 3
9 11
11 8
6 #edges
8 2
8 7
0 9
9 3
9 11
11 8
6 #edges
8 2
0 9
3 7
9 3
9 11
11 8
1 #trees for patient 11
6 #edges
8 11
0 9
9 7
9 8
9 3
11 2
42 #trees for patient 12
6 #edges
8 2
0 3
0 9
9 7
9 11
11 8
6 #edges
2 7
8 2
0 3
0 9
9 11
11 8
6 #edges
2 8
8 7
0 3
0 9
9 11
11 2
6 #edges
2 8
0 3
0 9
9 7
9 11
11 2
6 #edges
8 11
0 3
0 9
9 7
9 8
11 2
6 #edges
2 11
8 2
0 3
0 9
9 7
9 8
6 #edges
2 11
0 3
0 9
9 2
9 7
11 8
6 #edges
2 8
8 11
0 3
0 9
9 2
9 7
6 #edges
2 11
8 2
0 3
0 9
9 8
11 7
6 #edges
2 7
8 11
0 3
0 9
9 8
11 2
6 #edges
2 8
8 11
0 3
0 9
9 2
11 7
6 #edges
2 11
8 7
0 3
0 9
9 2
11 8
6 #edges
2 8
7 3
0 9
9 7
9 11
11 2
6 #edges
7 3
8 2
0 9
9 7
9 11
11 8
6 #edges
2 8
8 3
0 9
9 7
9 11
11 2
6 #edges
2 8
0 9
9 7
9 3
9 11
11 2
6 #edges
2 3
8 2
0 9
9 7
9 11
11 8
6 #edges
8 2
0 9
9 7
9 3
9 11
11 8
6 #edges
2 8
7 3
8 11
0 9
9 2
9 7
6 #edges
2 8
8 11
0 9
9 2
9 7
9 3
6 #edges
2 8
8 11
0 9
9 2
9 7
11 3
6 #edges
2 11
0 9
9 2
9 7
9 3
11 8
6 #edges
2 11
7 3
0 9
9 2
9 7
11 8
6 #edges
2 11
8 3
0 9
9 2
9 7
11 8
6 #edges
8 11
0 9
9 7
9 8
9 3
11 2
6 #edges
7 3
8 11
0 9
9 7
9 8
11 2
6 #edges
2 3
8 11
0 9
9 7
9 8
11 2
6 #edges
2 11
7 3
8 2
0 9
9 7
9 8
6 #edges
2 11
8 2
0 9
9 7
9 8
11 3
6 #edges
2 11
8 2
0 9
9 7
9 8
9 3
6 #edges
2 7
7 3
8 11
0 9
9 8
11 2
6 #edges
2 7
8 11
0 9
9 8
9 3
11 2
6 #edges
2 11
8 2
0 9
9 8
9 3
11 7
6 #edges
2 11
7 3
8 2
0 9
9 8
11 7
6 #edges
2 8
7 3
8 7
0 9
9 11
11 2
6 #edges
2 8
8 7
0 9
9 3
9 11
11 2
6 #edges
2 7
8 2
0 9
9 3
9 11
11 8
6 #edges
2 7
7 3
8 2
0 9
9 11
11 8
6 #edges
2 8
8 11
0 9
9 2
9 3
11 7
6 #edges
2 8
7 3
8 11
0 9
9 2
11 7
6 #edges
2 11
8 7
0 9
9 2
9 3
11 8
6 #edges
2 11
7 3
8 7
0 9
9 2
11 8
12 #trees for patient 13
6 #edges
2 11
0 9
3 7
9 2
9 3
11 8
6 #edges
2 8
8 11
0 9
3 7
9 2
9 3
6 #edges
2 8
8 11
0 9
9 2
9 7
9 3
6 #edges
2 11
0 9
9 2
9 7
9 3
11 8
6 #edges
8 2
0 9
3 7
9 3
9 11
11 8
6 #edges
2 8
0 9
3 7
9 3
9 11
11 2
6 #edges
2 11
8 2
0 9
3 7
9 8
9 3
6 #edges
8 11
0 9
3 7
9 8
9 3
11 2
6 #edges
2 11
8 2
0 9
9 7
9 8
9 3
6 #edges
8 11
0 9
9 7
9 8
9 3
11 2
6 #edges
2 8
0 9
9 7
9 3
9 11
11 2
6 #edges
8 2
0 9
9 7
9 3
9 11
11 8
2 #trees for patient 14
6 #edges
7 3
8 11
0 9
9 7
9 8
11 2
6 #edges
8 11
0 9
9 7
9 8
9 3
11 2
4 #trees for patient 15
6 #edges
2 11
8 2
0 9
9 7
9 8
9 3
6 #edges
8 11
0 9
9 7
9 8
9 3
11 2
6 #edges
2 11
8 2
0 9
9 7
9 8
11 3
6 #edges
2 3
8 11
0 9
9 7
9 8
11 2
7 #trees for patient 16
6 #edges
8 11
0 3
0 9
9 7
9 8
11 2
6 #edges
8 11
0 3
0 9
9 8
11 2
11 7
6 #edges
2 7
8 11
0 3
0 9
9 8
11 2
6 #edges
8 11
0 7
0 9
9 8
9 3
11 2
6 #edges
8 11
0 9
9 7
9 8
9 3
11 2
6 #edges
8 11
0 9
9 8
9 3
11 2
11 7
6 #edges
2 7
8 11
0 9
9 8
9 3
11 2
2 #trees for patient 17
6 #edges
8 2
0 9
9 7
9 3
9 11
11 8
6 #edges
8 11
0 9
9 7
9 8
9 3
11 2
2 #trees for patient 18
6 #edges
8 11
0 9
9 7
9 8
9 3
11 2
6 #edges
7 3
8 11
0 9
9 7
9 8
11 2
34 #trees for patient 19
6 #edges
0 2
0 9
0 11
9 7
9 3
11 8
6 #edges
8 2
0 9
0 11
9 7
9 3
11 8
6 #edges
0 9
0 11
9 2
9 7
9 3
11 8
6 #edges
0 8
0 9
0 11
9 7
9 3
11 2
6 #edges
8 2
0 8
0 9
0 11
9 7
9 3
6 #edges
0 2
0 8
0 9
0 11
9 7
9 3
6 #edges
0 8
0 9
0 11
9 2
9 7
9 3
6 #edges
0 2
0 9
0 11
9 7
9 8
9 3
6 #edges
2 8
0 2
0 9
0 11
9 7
9 3
6 #edges
0 9
0 11
9 7
9 8
9 3
11 2
6 #edges
8 2
0 9
0 11
9 7
9 8
9 3
6 #edges
2 8
0 9
0 11
9 7
9 3
11 2
6 #edges
2 8
0 9
0 11
9 2
9 7
9 3
6 #edges
0 2
0 8
0 9
9 7
9 3
9 11
6 #edges
0 8
0 9
9 7
9 3
9 11
11 2
6 #edges
8 2
0 8
0 9
9 7
9 3
9 11
6 #edges
2 11
0 8
0 9
9 2
9 7
9 3
6 #edges
8 11
0 8
0 9
9 2
9 7
9 3
6 #edges
8 11
0 8
0 9
9 7
9 3
11 2
6 #edges
8 11
0 2
0 8
0 9
9 7
9 3
6 #edges
2 11
8 2
0 8
0 9
9 7
9 3
6 #edges
2 11
0 2
0 8
0 9
9 7
9 3
6 #edges
2 8
8 11
0 2
0 9
9 7
9 3
6 #edges
2 8
0 2
0 9
9 7
9 3
9 11
6 #edges
2 11
0 2
0 9
9 7
9 8
9 3
6 #edges
8 11
0 2
0 9
9 7
9 8
9 3
6 #edges
0 2
0 9
9 7
9 3
9 11
11 8
6 #edges
2 11
0 2
0 9
9 7
9 3
11 8
6 #edges
8 11
0 9
9 7
9 8
9 3
11 2
6 #edges
2 11
8 2
0 9
9 7
9 8
9 3
6 #edges
2 11
0 9
9 2
9 7
9 3
11 8
6 #edges
2 8
8 11
0 9
9 2
9 7
9 3
6 #edges
8 2
0 9
9 7
9 3
9 11
11 8
6 #edges
2 8
0 9
9 7
9 3
9 11
11 2
4 #trees for patient 20
6 #edges
0 3
0 11
6 1
4 5
11 6
11 4
6 #edges
0 3
0 11
4 5
11 4
11 1
1 6
6 #edges
0 11
6 1
4 5
4 3
11 6
11 4
6 #edges
0 11
4 5
4 3
11 4
11 1
1 6
8 #trees for patient 21
6 #edges
0 3
0 11
4 5
11 4
11 1
1 6
6 #edges
5 4
0 3
0 11
11 5
11 1
1 6
6 #edges
0 3
0 11
6 1
4 5
11 6
11 4
6 #edges
5 4
0 3
0 11
6 1
11 5
11 6
6 #edges
5 3
0 11
6 1
4 5
11 6
11 4
6 #edges
5 3
0 11
4 5
11 4
11 1
1 6
6 #edges
5 4
0 11
6 1
4 3
11 5
11 6
6 #edges
5 4
0 11
4 3
11 5
11 1
1 6
3 #trees for patient 22
6 #edges
0 3
0 11
4 5
4 6
11 4
11 1
6 #edges
0 3
0 11
4 5
11 4
11 1
1 6
6 #edges
5 6
0 3
0 11
4 5
11 4
11 1
2 #trees for patient 23
6 #edges
0 3
0 11
3 5
11 4
11 1
1 6
6 #edges
0 3
0 11
4 5
11 4
11 1
1 6
6 #trees for patient 24
6 #edges
0 3
0 11
4 5
11 4
11 1
1 6
6 #edges
0 3
0 11
4 5
4 6
11 4
11 1
6 #edges
0 3
0 11
6 1
4 5
4 6
11 4
6 #edges
0 3
0 11
4 5
4 1
11 6
11 4
6 #edges
0 3
0 11
6 1
4 5
11 6
11 4
6 #edges
0 3
0 11
4 5
4 1
11 4
1 6
8 #trees for patient 25
6 #edges
5 6
0 3
0 11
4 5
11 4
11 1
6 #edges
0 3
0 11
4 5
11 4
11 1
1 6
6 #edges
5 1
0 3
0 11
4 5
11 6
11 4
6 #edges
5 1
0 3
0 11
4 5
11 4
1 6
6 #edges
5 1
0 11
4 5
4 3
11 6
11 4
6 #edges
0 11
4 5
4 3
11 4
11 1
1 6
6 #edges
5 6
0 11
4 5
4 3
11 4
11 1
6 #edges
5 1
0 11
4 5
4 3
11 4
1 6
2 #trees for patient 26
6 #edges
0 3
0 11
4 5
11 4
11 1
1 6
6 #edges
0 11
4 5
11 4
11 1
1 6
1 3
14 #trees for patient 27
6 #edges
0 3
0 11
6 1
4 5
11 6
11 4
6 #edges
0 3
0 11
4 5
4 1
11 6
11 4
6 #edges
5 1
0 3
0 11
4 5
11 6
11 4
6 #edges
0 3
0 11
4 5
4 6
4 1
11 4
6 #edges
0 3
0 11
6 1
4 5
4 6
11 4
6 #edges
0 3
0 11
4 5
4 6
11 4
11 1
6 #edges
5 1
0 3
0 11
4 5
4 6
11 4
6 #edges
0 3
0 11
4 5
11 4
11 1
1 6
6 #edges
5 6
0 3
0 11
4 5
11 4
11 1
6 #edges
0 3
0 11
4 5
4 1
11 4
1 6
6 #edges
5 6
0 3
0 11
4 5
4 1
11 4
6 #edges
5 6
5 1
0 3
0 11
4 5
11 4
6 #edges
5 1
0 3
0 11
4 5
11 4
1 6
6 #edges
5 6
0 3
0 11
6 1
4 5
11 4
4 #trees for patient 28
6 #edges
5 4
0 3
0 11
11 5
11 1
1 6
6 #edges
0 3
0 11
4 5
11 4
11 1
1 6
6 #edges
5 4
0 11
11 5
11 3
11 1
1 6
6 #edges
0 11
4 5
11 3
11 4
11 1
1 6
12 #trees for patient 29
6 #edges
0 3
0 11
4 6
11 4
11 1
1 5
6 #edges
5 6
0 3
0 11
4 5
11 4
11 1
6 #edges
0 3
0 11
4 5
11 4
11 1
1 6
6 #edges
5 6
0 3
0 11
11 4
11 1
1 5
6 #edges
5 4
0 3
0 11
11 6
11 1
1 5
6 #edges
0 3
0 11
4 5
11 6
11 1
1 4
6 #edges
5 6
0 3
0 11
11 5
11 1
1 4
6 #edges
5 4
0 3
0 11
11 5
11 1
1 6
6 #edges
5 4
0 3
0 11
4 6
11 5
11 1
6 #edges
0 3
0 11
4 6
11 5
11 1
1 4
6 #edges
5 6
0 3
0 11
4 5
11 1
1 4
6 #edges
5 4
0 3
0 11
4 6
11 1
1 5
8 #trees for patient 30
6 #edges
0 3
0 11
6 1
11 5
11 6
11 4
6 #edges
0 3
0 11
6 1
4 5
11 6
11 4
6 #edges
0 3
0 11
4 5
11 4
11 1
1 6
6 #edges
0 3
0 11
11 5
11 4
11 1
1 6
6 #edges
0 11
11 5
11 3
11 4
11 1
1 6
6 #edges
0 11
6 1
11 5
11 6
11 3
11 4
6 #edges
0 11
6 1
4 5
11 6
11 3
11 4
6 #edges
0 11
4 5
11 3
11 4
11 1
1 6
8 #trees for patient 31
6 #edges
5 4
0 3
0 11
6 1
11 5
11 6
6 #edges
5 4
0 3
0 11
11 5
11 1
1 6
6 #edges
0 3
0 11
4 5
11 4
11 1
1 6
6 #edges
0 3
0 11
6 1
4 5
11 6
11 4
6 #edges
0 11
6 1
4 5
11 6
11 4
1 3
6 #edges
0 11
6 3
4 5
11 4
11 1
1 6
6 #edges
5 4
0 11
6 3
11 5
11 1
1 6
6 #edges
5 4
0 11
6 1
11 5
11 6
1 3
7 #trees for patient 32
6 #edges
0 3
0 11
4 5
4 6
11 4
11 1
6 #edges
0 3
0 11
4 5
11 4
11 1
1 6
6 #edges
0 11
6 3
4 5
11 4
11 1
1 6
6 #edges
0 11
4 5
4 3
11 4
11 1
1 6
6 #edges
0 11
4 5
4 6
11 4
11 1
1 3
6 #edges
0 11
4 5
4 6
4 3
11 4
11 1
6 #edges
0 11
6 3
4 5
4 6
11 4
11 1
4 #trees for patient 33
6 #edges
5 4
0 3
0 11
6 1
11 5
11 6
6 #edges
5 4
0 3
0 11
11 5
11 1
1 6
6 #edges
0 3
0 11
4 5
11 4
11 1
1 6
6 #edges
0 3
0 11
6 1
4 5
11 6
11 4
2 #trees for patient 34
6 #edges
5 4
0 3
0 11
11 5
11 1
1 6
6 #edges
0 3
0 11
4 5
11 4
11 1
1 6
14 #trees for patient 35
6 #edges
0 3
0 11
3 5
11 4
11 1
1 6
6 #edges
0 3
0 11
4 5
11 4
11 1
1 6
6 #edges
0 3
0 11
6 5
11 4
11 1
1 6
6 #edges
0 3
0 11
6 1
3 5
11 6
11 4
6 #edges
0 3
0 11
6 1
4 5
11 6
11 4
6 #edges
0 3
0 11
6 1
11 6
11 4
1 5
6 #edges
0 3
0 11
6 1
11 5
11 6
1 4
6 #edges
0 3
0 11
6 1
3 5
11 6
1 4
6 #edges
0 3
0 11
6 1
11 6
1 5
1 4
6 #edges
0 3
0 11
6 1
4 5
11 6
1 4
6 #edges
0 3
0 11
6 4
3 5
11 1
1 6
6 #edges
0 3
0 11
6 5
6 4
11 1
1 6
6 #edges
0 3
0 11
6 4
11 5
11 1
1 6
6 #edges
0 3
0 11
6 4
4 5
11 1
1 6
49 #trees for patient 36
6 #edges
0 6
0 3
0 4
6 7
3 5
4 9
6 #edges
5 7
0 6
0 3
0 4
3 5
4 9
6 #edges
7 5
0 6
0 3
0 4
3 7
4 9
6 #edges
0 6
0 3
0 4
6 5
3 7
4 9
6 #edges
7 5
0 6
0 3
0 4
6 7
4 9
6 #edges
0 6
0 3
0 4
6 7
6 5
4 9
6 #edges
5 7
0 6
0 3
0 4
6 5
4 9
6 #edges
5 7
0 6
0 3
0 4
3 5
3 9
6 #edges
0 6
0 3
0 4
6 7
3 5
3 9
6 #edges
5 7
0 6
0 3
0 4
6 5
3 9
6 #edges
0 6
0 3
0 4
6 7
6 5
3 9
6 #edges
0 6
0 3
0 4
6 5
3 7
3 9
6 #edges
7 5
0 6
0 3
0 4
6 7
3 9
6 #edges
7 5
0 6
0 3
0 4
3 7
3 9
6 #edges
0 6
0 3
0 9
6 7
3 5
9 4
6 #edges
5 7
0 6
0 3
0 9
3 5
9 4
6 #edges
7 5
0 6
0 3
0 9
6 7
9 4
6 #edges
0 6
0 3
0 9
6 7
6 5
9 4
6 #edges
7 5
0 6
0 3
0 9
3 7
9 4
6 #edges
0 6
0 3
0 9
6 5
3 7
9 4
6 #edges
5 7
0 6
0 3
0 9
6 5
9 4
6 #edges
0 6
0 3
0 9
6 7
6 5
3 4
6 #edges
5 7
0 6
0 3
0 9
6 5
3 4
6 #edges
0 6
0 3
0 9
6 5
3 7
3 4
6 #edges
5 7
0 6
0 3
0 9
3 5
3 4
6 #edges
0 6
0 3
0 9
6 7
3 5
3 4
6 #edges
7 5
0 6
0 3
0 9
3 7
3 4
6 #edges
7 5
0 6
0 3
0 9
6 7
3 4
6 #edges
0 6
0 3
6 7
6 5
3 9
3 4
6 #edges
0 6
0 3
6 7
6 5
3 4
4 9
6 #edges
0 6
0 3
6 7
6 5
3 9
9 4
6 #edges
5 7
0 6
0 3
6 5
3 9
3 4
6 #edges
0 6
0 3
6 5
3 7
3 9
3 4
6 #edges
5 7
0 6
0 3
6 5
3 9
9 4
6 #edges
0 6
0 3
6 5
3 7
3 9
9 4
6 #edges
0 6
0 3
6 5
3 7
3 4
4 9
6 #edges
5 7
0 6
0 3
6 5
3 4
4 9
6 #edges
0 6
0 3
6 7
3 5
3 4
4 9
6 #edges
0 6
0 3
6 7
3 5
3 9
3 4
6 #edges
0 6
0 3
6 7
3 5
3 9
9 4
6 #edges
7 5
0 6
0 3
6 7
3 9
9 4
6 #edges
7 5
0 6
0 3
6 7
3 9
3 4
6 #edges
7 5
0 6
0 3
6 7
3 4
4 9
6 #edges
7 5
0 6
0 3
3 7
3 9
9 4
6 #edges
5 7
0 6
0 3
3 5
3 9
9 4
6 #edges
7 5
0 6
0 3
3 7
3 9
3 4
6 #edges
5 7
0 6
0 3
3 5
3 9
3 4
6 #edges
5 7
0 6
0 3
3 5
3 4
4 9
6 #edges
7 5
0 6
0 3
3 7
3 4
4 9
12 #trees for patient 37
6 #edges
7 5
0 6
0 3
0 4
6 9
3 7
6 #edges
7 5
0 6
0 3
0 4
3 7
4 9
6 #edges
7 3
0 7
0 6
0 4
6 9
3 5
6 #edges
7 3
0 7
0 6
0 4
3 5
4 9
6 #edges
7 3
0 7
0 6
0 9
6 4
3 5
6 #edges
7 3
0 7
0 6
0 9
3 5
9 4
6 #edges
7 5
0 6
0 3
0 9
6 4
3 7
6 #edges
7 5
0 6
0 3
0 9
3 7
9 4
6 #edges
7 5
0 6
0 3
6 9
3 7
9 4
6 #edges
7 5
0 6
0 3
6 4
3 7
4 9
6 #edges
7 3
0 7
0 6
6 4
3 5
4 9
6 #edges
7 3
0 7
0 6
6 9
3 5
9 4
12 #trees for patient 38
6 #edges
7 5
0 6
0 3
0 4
3 7
4 9
6 #edges
7 5
5 9
0 6
0 3
0 4
3 7
6 #edges
7 5
7 9
0 6
0 3
0 4
3 7
6 #edges
7 3
0 7
0 6
0 4
3 5
4 9
6 #edges
7 3
5 9
0 7
0 6
0 4
3 5
6 #edges
7 3
0 7
0 6
0 4
3 5
3 9
6 #edges
7 5
0 3
0 4
3 7
4 6
4 9
6 #edges
7 3
0 7
0 4
3 5
4 6
4 9
6 #edges
7 3
5 9
0 7
0 4
3 5
4 6
6 #edges
7 3
0 7
0 4
3 5
3 9
4 6
6 #edges
7 5
7 9
0 3
0 4
3 7
4 6
6 #edges
7 5
5 9
0 3
0 4
3 7
4 6
4 #trees for patient 39
6 #edges
7 5
0 6
0 3
0 4
3 7
4 9
6 #edges
7 5
0 6
0 3
0 9
3 7
9 4
6 #edges
7 5
5 6
0 3
0 4
3 7
4 9
6 #edges
7 5
5 6
0 3
0 9
3 7
9 4
12 #trees for patient 40
6 #edges
5 7
0 6
0 3
0 4
3 5
4 9
6 #edges
7 5
0 6
0 3
0 4
3 7
4 9
6 #edges
7 5
5 9
0 6
0 3
0 4
3 7
6 #edges
7 9
5 7
0 6
0 3
0 4
3 5
6 #edges
7 5
0 6
0 3
0 9
3 7
9 4
6 #edges
5 7
0 6
0 3
0 9
3 5
9 4
6 #edges
7 4
5 7
0 6
0 3
0 9
3 5
6 #edges
7 5
5 4
0 6
0 3
0 9
3 7
6 #edges
7 4
5 7
0 6
0 3
3 5
4 9
6 #edges
7 9
5 7
0 6
0 3
3 5
9 4
6 #edges
7 5
5 4
0 6
0 3
3 7
4 9
6 #edges
7 5
5 9
0 6
0 3
3 7
9 4
72 #trees for patient 41
6 #edges
5 7
0 6
0 3
0 4
3 5
4 9
6 #edges
7 5
0 6
0 3
0 4
3 7
4 9
6 #edges
7 5
5 6
0 3
0 4
3 7
4 9
6 #edges
7 6
5 7
0 3
0 4
3 5
4 9
6 #edges
7 9
5 7
0 6
0 3
0 4
3 5
6 #edges
7 5
5 9
0 6
0 3
0 4
3 7
6 #edges
7 5
5 6
5 9
0 3
0 4
3 7
6 #edges
7 6
7 9
5 7
0 3
0 4
3 5
6 #edges
7 6
5 3
0 5
0 4
3 7
4 9
6 #edges
5 3
0 5
0 6
0 4
3 7
4 9
6 #edges
7 3
5 7
0 5
0 6
0 4
4 9
6 #edges
7 3
5 7
0 5
0 4
3 6
4 9
6 #edges
7 3
5 7
0 5
0 6
0 4
3 9
6 #edges
7 3
5 7
0 5
0 4
3 6
3 9
6 #edges
7 9
5 3
0 5
0 6
0 4
3 7
6 #edges
7 6
7 9
5 3
0 5
0 4
3 7
6 #edges
7 5
5 3
0 7
0 6
0 4
4 9
6 #edges
7 5
5 3
0 7
0 4
3 6
4 9
6 #edges
7 3
0 7
0 6
0 4
3 5
4 9
6 #edges
7 3
5 6
0 7
0 4
3 5
4 9
6 #edges
7 3
5 9
0 7
0 6
0 4
3 5
6 #edges
7 5
5 3
0 7
0 6
0 4
3 9
6 #edges
7 3
5 6
5 9
0 7
0 4
3 5
6 #edges
7 5
5 3
0 7
0 4
3 6
3 9
6 #edges
7 3
0 7
0 6
0 9
3 5
9 4
6 #edges
7 3
5 4
0 7
0 6
0 9
3 5
6 #edges
7 5
5 3
0 7
0 6
0 9
9 4
6 #edges
7 5
5 3
0 7
0 6
0 9
3 4
6 #edges
7 3
5 7
0 5
0 6
0 9
9 4
6 #edges
5 3
0 5
0 6
0 9
3 7
9 4
6 #edges
7 5
0 6
0 3
0 9
3 7
9 4
6 #edges
5 7
0 6
0 3
0 9
3 5
9 4
6 #edges
7 3
5 7
0 5
0 6
0 9
3 4
6 #edges
7 4
5 3
0 5
0 6
0 9
3 7
6 #edges
7 4
5 7
0 6
0 3
0 9
3 5
6 #edges
7 5
5 4
0 6
0 3
0 9
3 7
6 #edges
7 5
5 6
5 4
0 3
0 9
3 7
6 #edges
7 5
5 6
0 3
0 9
3 7
9 4
6 #edges
7 6
5 7
0 3
0 9
3 5
9 4
6 #edges
7 6
7 4
5 7
0 3
0 9
3 5
6 #edges
7 3
5 7
0 5
0 9
3 6
9 4
6 #edges
7 3
5 7
0 5
0 9
3 6
3 4
6 #edges
7 6
5 3
0 5
0 9
3 7
9 4
6 #edges
7 6
7 4
5 3
0 5
0 9
3 7
6 #edges
7 3
5 6
5 4
0 7
0 9
3 5
6 #edges
7 3
5 6
0 7
0 9
3 5
9 4
6 #edges
7 5
5 3
0 7
0 9
3 6
9 4
6 #edges
7 5
5 3
0 7
0 9
3 6
3 4
6 #edges
7 4
5 3
0 5
0 6
3 7
4 9
6 #edges
7 9
5 3
0 5
0 6
3 7
9 4
6 #edges
7 3
5 7
0 5
0 6
3 9
9 4
6 #edges
7 3
5 7
0 5
0 6
3 4
4 9
6 #edges
7 5
5 3
0 7
0 6
3 4
4 9
6 #edges
7 5
5 3
0 7
0 6
3 9
9 4
6 #edges
7 3
5 9
0 7
0 6
3 5
9 4
6 #edges
7 3
5 4
0 7
0 6
3 5
4 9
6 #edges
7 9
5 7
0 6
0 3
3 5
9 4
6 #edges
7 4
5 7
0 6
0 3
3 5
4 9
6 #edges
7 5
5 4
0 6
0 3
3 7
4 9
6 #edges
7 5
5 9
0 6
0 3
3 7
9 4
6 #edges
7 6
7 4
5 7
0 3
3 5
4 9
6 #edges
7 6
7 9
5 7
0 3
3 5
9 4
6 #edges
7 5
5 6
5 9
0 3
3 7
9 4
6 #edges
7 5
5 6
5 4
0 3
3 7
4 9
6 #edges
7 3
5 7
0 5
3 6
3 4
4 9
6 #edges
7 3
5 7
0 5
3 6
3 9
9 4
6 #edges
7 6
7 9
5 3
0 5
3 7
9 4
6 #edges
7 6
7 4
5 3
0 5
3 7
4 9
6 #edges
7 5
5 3
0 7
3 6
3 9
9 4
6 #edges
7 5
5 3
0 7
3 6
3 4
4 9
6 #edges
7 3
5 6
5 9
0 7
3 5
9 4
6 #edges
7 3
5 6
5 4
0 7
3 5
4 9
4 #trees for patient 42
6 #edges
5 7
0 6
0 3
0 4
3 5
4 9
6 #edges
7 5
0 6
0 3
0 4
3 7
4 9
6 #edges
5 7
0 6
0 3
0 4
3 5
3 9
6 #edges
7 5
0 6
0 3
0 4
3 7
3 9
8 #trees for patient 43
6 #edges
7 5
0 6
0 3
0 9
3 7
9 4
6 #edges
7 5
0 6
0 3
0 4
3 7
4 9
6 #edges
7 3
0 7
0 6
0 9
3 5
9 4
6 #edges
7 3
0 7
0 6
0 4
3 5
4 9
6 #edges
7 5
0 3
0 4
3 7
9 6
4 9
6 #edges
7 3
0 7
0 4
3 5
9 6
4 9
6 #edges
7 5
0 3
0 9
3 7
9 4
4 6
6 #edges
7 3
0 7
0 9
3 5
9 4
4 6
4 #trees for patient 44
6 #edges
7 5
0 6
0 3
0 4
3 7
4 9
6 #edges
7 3
0 7
0 6
0 4
3 5
4 9
6 #edges
7 5
0 3
0 4
3 7
9 6
4 9
6 #edges
7 3
0 7
0 4
3 5
9 6
4 9
34 #trees for patient 45
6 #edges
5 7
0 6
0 3
0 4
3 5
4 9
6 #edges
0 6
0 3
0 4
3 5
9 7
4 9
6 #edges
7 5
0 6
0 3
0 4
3 7
4 9
6 #edges
0 6
0 3
0 4
3 7
9 5
4 9
6 #edges
7 5
0 6
0 3
0 4
9 7
4 9
6 #edges
0 6
0 3
0 4
9 7
9 5
4 9
6 #edges
5 7
0 6
0 3
0 4
9 5
4 9
6 #edges
5 3
0 5
0 6
0 4
3 7
4 9
6 #edges
5 3
0 5
0 6
0 4
9 7
4 9
6 #edges
7 3
5 7
0 5
0 6
0 4
4 9
6 #edges
5 7
0 5
0 6
0 4
9 3
4 9
6 #edges
7 3
0 5
0 6
0 4
9 7
4 9
6 #edges
0 5
0 6
0 4
9 7
9 3
4 9
6 #edges
0 5
0 6
0 4
3 7
9 3
4 9
6 #edges
7 3
0 7
0 6
0 4
9 5
4 9
6 #edges
7 3
0 7
0 6
0 4
3 5
4 9
6 #edges
5 3
0 7
0 6
0 4
9 5
4 9
6 #edges
0 7
0 6
0 4
9 5
9 3
4 9
6 #edges
0 7
0 6
0 4
3 5
9 3
4 9
6 #edges
7 5
0 7
0 6
0 4
9 3
4 9
6 #edges
7 5
5 3
0 7
0 6
0 4
4 9
6 #edges
0 6
0 4
9 7
9 5
9 3
4 9
6 #edges
5 7
0 6
0 4
9 5
9 3
4 9
6 #edges
0 6
0 4
3 7
9 5
9 3
4 9
6 #edges
7 5
0 6
0 4
3 7
9 3
4 9
6 #edges
0 6
0 4
3 5
9 7
9 3
4 9
6 #edges
7 5
0 6
0 4
9 7
9 3
4 9
6 #edges
5 7
0 6
0 4
3 5
9 3
4 9
6 #edges
5 3
0 6
0 4
9 7
9 5
4 9
6 #edges
7 3
0 6
0 4
9 7
9 5
4 9
6 #edges
7 3
0 6
0 4
3 5
9 7
4 9
6 #edges
7 5
5 3
0 6
0 4
9 7
4 9
6 #edges
7 3
5 7
0 6
0 4
9 5
4 9
6 #edges
5 3
0 6
0 4
3 7
9 5
4 9
12 #trees for patient 46
6 #edges
7 3
5 4
0 7
0 6
0 9
3 5
6 #edges
7 5
5 4
0 6
0 3
0 9
3 7
6 #edges
7 3
0 7
0 6
0 4
3 5
4 9
6 #edges
7 3
0 7
0 6
0 4
3 5
3 9
6 #edges
7 3
5 9
0 7
0 6
0 4
3 5
6 #edges
7 5
0 6
0 3
0 4
3 7
4 9
6 #edges
7 5
7 9
0 6
0 3
0 4
3 7
6 #edges
7 5
5 9
0 6
0 3
0 4
3 7
6 #edges
7 5
7 9
5 4
0 6
0 3
3 7
6 #edges
7 5
5 4
0 6
0 3
3 7
4 9
6 #edges
7 3
5 4
0 7
0 6
3 5
3 9
6 #edges
7 3
5 4
0 7
0 6
3 5
4 9
6 #trees for patient 47
6 #edges
0 6
0 3
0 4
6 5
3 7
3 9
6 #edges
7 5
0 6
0 3
0 4
3 7
3 9
6 #edges
0 6
0 3
0 4
6 5
3 7
4 9
6 #edges
7 5
0 6
0 3
0 4
3 7
4 9
6 #edges
7 9
0 6
0 3
0 4
6 5
3 7
6 #edges
7 5
7 9
0 6
0 3
0 4
3 7
12 #trees for patient 48
6 #edges
5 7
0 6
0 3
0 9
3 5
9 4
6 #edges
7 5
0 6
0 3
0 9
3 7
9 4
6 #edges
5 7
0 6
0 3
0 4
3 5
4 9
6 #edges
7 5
0 6
0 3
0 4
3 7
4 9
6 #edges
5 3
0 5
0 6
0 9
3 7
9 4
6 #edges
7 3
5 7
0 5
0 6
0 9
9 4
6 #edges
5 3
0 5
0 6
0 4
3 7
4 9
6 #edges
7 3
5 7
0 5
0 6
0 4
4 9
6 #edges
7 3
0 7
0 6
0 9
3 5
9 4
6 #edges
7 5
5 3
0 7
0 6
0 9
9 4
6 #edges
7 3
0 7
0 6
0 4
3 5
4 9
6 #edges
7 5
5 3
0 7
0 6
0 4
4 9
2 #trees for patient 49
6 #edges
7 5
0 6
0 3
0 9
3 7
9 4
6 #edges
7 5
0 6
0 3
0 4
3 7
4 9
2 #trees for patient 50
6 #edges
7 5
0 6
0 3
0 4
3 7
4 9
6 #edges
7 3
0 7
0 6
0 4
3 5
4 9
2 #trees for patient 51
6 #edges
7 5
0 6
0 3
0 4
3 7
4 9
6 #edges
0 6
0 3
0 4
3 7
9 5
4 9
12 #trees for patient 52
6 #edges
5 3
0 5
0 6
0 4
3 7
4 9
6 #edges
7 3
5 7
0 5
0 6
0 4
4 9
6 #edges
5 7
0 6
0 3
0 4
3 5
4 9
6 #edges
7 5
0 6
0 3
0 4
3 7
4 9
6 #edges
7 3
0 7
0 6
0 4
3 5
4 9
6 #edges
7 5
5 3
0 7
0 6
0 4
4 9
6 #edges
5 3
0 5
0 4
3 7
9 6
4 9
6 #edges
7 3
5 7
0 5
0 4
9 6
4 9
6 #edges
5 7
0 3
0 4
3 5
9 6
4 9
6 #edges
7 5
0 3
0 4
3 7
9 6
4 9
6 #edges
7 3
0 7
0 4
3 5
9 6
4 9
6 #edges
7 5
5 3
0 7
0 4
9 6
4 9
35 #trees for patient 53
6 #edges
7 5
0 6
0 3
0 4
6 7
6 9
6 #edges
7 5
0 6
0 3
0 9
0 4
6 7
6 #edges
7 5
0 6
0 3
0 4
6 7
4 9
6 #edges
0 6
0 3
0 4
6 7
6 5
6 9
6 #edges
0 6
0 3
0 4
6 7
6 9
3 5
6 #edges
0 6
0 3
0 9
0 4
6 7
3 5
6 #edges
0 6
0 3
0 9
0 4
6 7
6 5
6 #edges
0 6
0 3
0 4
6 7
3 5
4 9
6 #edges
0 6
0 3
0 4
6 7
6 5
4 9
6 #edges
0 6
0 3
0 4
6 5
3 7
4 9
6 #edges
0 6
0 3
0 4
6 5
6 9
3 7
6 #edges
0 6
0 3
0 9
0 4
6 5
3 7
6 #edges
5 7
0 6
0 3
0 9
0 4
6 5
6 #edges
5 7
0 6
0 3
0 4
6 5
4 9
6 #edges
5 7
0 6
0 3
0 4
6 5
6 9
6 #edges
5 7
0 6
0 3
0 4
6 9
3 5
6 #edges
5 7
0 6
0 3
0 9
0 4
3 5
6 #edges
5 7
0 6
0 3
0 4
3 5
4 9
6 #edges
7 5
0 6
0 3
0 4
6 9
3 7
6 #edges
7 5
0 6
0 3
0 9
0 4
3 7
6 #edges
7 5
0 6
0 3
0 4
3 7
4 9
6 #edges
0 6
0 3
0 9
6 7
6 5
6 4
6 #edges
7 5
0 6
0 3
0 9
6 7
6 4
6 #edges
0 6
0 3
0 9
6 7
6 4
3 5
6 #edges
5 7
0 6
0 3
0 9
6 5
6 4
6 #edges
0 6
0 3
0 9
6 5
6 4
3 7
6 #edges
5 7
0 6
0 3
0 9
6 4
3 5
6 #edges
7 5
0 6
0 3
0 9
6 4
3 7
6 #edges
7 5
0 6
0 3
6 4
3 7
4 9
6 #edges
0 6
0 3
6 5
6 4
3 7
4 9
6 #edges
5 7
0 6
0 3
6 4
3 5
4 9
6 #edges
0 6
0 3
6 7
6 4
3 5
4 9
6 #edges
0 6
0 3
6 7
6 5
6 4
4 9
6 #edges
5 7
0 6
0 3
6 5
6 4
4 9
6 #edges
7 5
0 6
0 3
6 7
6 4
4 9
6 #trees for patient 54
6 #edges
5 7
0 6
0 3
0 4
3 5
4 9
6 #edges
7 5
0 6
0 3
0 4
3 7
4 9
6 #edges
7 3
5 7
0 5
0 6
0 4
4 9
6 #edges
5 3
0 5
0 6
0 4
3 7
4 9
6 #edges
7 3
0 7
0 6
0 4
3 5
4 9
6 #edges
7 5
5 3
0 7
0 6
0 4
4 9
26 #trees for patient 55
6 #edges
5 7
0 6
0 3
0 9
3 5
9 4
6 #edges
0 6
0 3
0 9
3 5
9 4
4 7
6 #edges
0 6
0 3
0 9
6 7
3 5
9 4
6 #edges
5 7
0 6
0 3
0 9
9 4
4 5
6 #edges
0 6
0 3
0 9
3 7
9 4
4 5
6 #edges
0 6
0 3
0 9
6 7
9 4
4 5
6 #edges
0 6
0 3
0 9
6 7
6 5
9 4
6 #edges
5 7
0 6
0 3
0 9
6 5
9 4
6 #edges
0 6
0 3
0 9
6 5
3 7
9 4
6 #edges
0 6
0 3
0 9
6 5
9 4
4 7
6 #edges
7 5
0 6
0 3
0 9
6 7
9 4
6 #edges
7 5
0 6
0 3
0 9
3 7
9 4
6 #edges
7 5
0 6
0 3
0 9
9 4
4 7
6 #edges
0 6
0 3
0 4
6 7
3 5
4 9
6 #edges
0 6
0 3
0 4
6 7
6 5
4 9
6 #edges
0 6
0 3
0 4
6 7
9 5
4 9
6 #edges
7 5
0 6
0 3
0 4
6 7
4 9
6 #edges
5 7
0 6
0 3
0 4
3 5
4 9
6 #edges
0 6
0 3
0 4
3 5
9 7
4 9
6 #edges
7 5
0 6
0 3
0 4
3 7
4 9
6 #edges
0 6
0 3
0 4
6 5
3 7
4 9
6 #edges
0 6
0 3
0 4
3 7
9 5
4 9
6 #edges
5 7
0 6
0 3
0 4
6 5
4 9
6 #edges
0 6
0 3
0 4
6 5
9 7
4 9
6 #edges
5 7
0 6
0 3
0 4
9 5
4 9
6 #edges
7 5
0 6
0 3
0 4
9 7
4 9
6 #trees for patient 56
6 #edges
0 6
0 3
0 4
3 7
3 5
4 9
6 #edges
7 5
0 6
0 3
0 4
3 7
4 9
6 #edges
5 7
0 6
0 3
0 4
3 5
4 9
6 #edges
0 6
0 3
0 9
3 7
3 5
9 4
6 #edges
5 7
0 6
0 3
0 9
3 5
9 4
6 #edges
7 5
0 6
0 3
0 9
3 7
9 4
12 #trees for patient 57
6 #edges
7 5
7 9
0 6
0 3
0 4
3 7
6 #edges
7 5
0 6
0 3
0 4
3 7
4 9
6 #edges
7 3
0 7
0 6
0 4
3 5
3 9
6 #edges
7 3
0 7
0 6
0 4
3 5
4 9
6 #edges
7 3
0 7
0 4
3 5
4 6
4 9
6 #edges
7 3
5 6
0 7
0 4
3 5
4 9
6 #edges
7 3
0 7
0 4
3 5
3 9
4 6
6 #edges
7 3
5 6
0 7
0 4
3 5
3 9
6 #edges
7 5
0 3
0 4
3 7
4 6
4 9
6 #edges
7 5
7 9
0 3
0 4
3 7
4 6
6 #edges
7 5
7 9
5 6
0 3
0 4
3 7
6 #edges
7 5
5 6
0 3
0 4
3 7
4 9
12 #trees for patient 58
6 #edges
7 3
5 7
0 5
0 6
0 4
6 9
6 #edges
7 3
5 7
0 5
0 6
0 4
4 9
6 #edges
5 3
0 5
0 6
0 4
3 7
4 9
6 #edges
5 3
0 5
0 6
0 4
6 9
3 7
6 #edges
7 5
0 6
0 3
0 4
6 9
3 7
6 #edges
5 7
0 6
0 3
0 4
6 9
3 5
6 #edges
7 3
0 7
0 6
0 4
6 9
3 5
6 #edges
7 5
5 3
0 7
0 6
0 4
6 9
6 #edges
7 5
0 6
0 3
0 4
3 7
4 9
6 #edges
5 7
0 6
0 3
0 4
3 5
4 9
6 #edges
7 3
0 7
0 6
0 4
3 5
4 9
6 #edges
7 5
5 3
0 7
0 6
0 4
4 9
2 #trees for patient 59
6 #edges
7 5
0 6
0 3
0 4
3 7
4 9
6 #edges
7 3
0 7
0 6
0 4
3 5
4 9
6 #trees for patient 60
6 #edges
0 6
0 3
0 4
3 7
3 5
4 9
6 #edges
7 5
0 6
0 3
0 4
3 7
4 9
6 #edges
5 7
0 6
0 3
0 4
3 5
4 9
6 #edges
7 5
0 3
0 4
3 7
9 6
4 9
6 #edges
0 3
0 4
3 7
3 5
9 6
4 9
6 #edges
5 7
0 3
0 4
3 5
9 6
4 9
4 #trees for patient 61
6 #edges
0 6
0 3
0 4
3 7
4 5
4 9
6 #edges
7 5
0 6
0 3
0 4
3 7
4 9
6 #edges
7 5
0 3
0 4
3 7
3 6
4 9
6 #edges
0 3
0 4
3 7
3 6
4 5
4 9
4 #trees for patient 62
6 #edges
7 5
0 6
0 3
0 4
6 9
3 7
6 #edges
7 5
0 6
0 3
0 4
3 7
4 9
6 #edges
7 3
0 7
0 6
0 4
6 9
3 5
6 #edges
7 3
0 7
0 6
0 4
3 5
4 9
6 #trees for patient 63
6 #edges
7 5
0 6
0 3
0 4
3 7
4 9
6 #edges
7 5
5 9
0 6
0 3
0 4
3 7
6 #edges
7 5
0 3
0 4
3 7
9 6
4 9
6 #edges
7 5
5 6
0 3
0 4
3 7
4 9
6 #edges
7 5
5 9
0 3
0 4
3 7
4 6
6 #edges
7 5
5 9
0 3
0 4
3 7
9 6
1 #trees for patient 64
6 #edges
7 5
0 6
0 3
0 4
3 7
4 9
8 #trees for patient 65
6 #edges
0 5
0 6
0 3
0 4
3 7
4 9
6 #edges
7 3
0 7
0 5
0 6
0 4
4 9
6 #edges
7 9
0 5
0 6
0 3
0 4
3 7
6 #edges
7 3
0 7
0 5
0 6
0 4
3 9
6 #edges
7 5
0 6
0 3
0 4
3 7
4 9
6 #edges
7 5
7 9
0 6
0 3
0 4
3 7
6 #edges
7 3
0 7
0 6
0 4
3 5
4 9
6 #edges
7 3
0 7
0 6
0 4
3 5
3 9
8 #trees for patient 66
6 #edges
7 5
0 6
0 3
0 4
3 7
4 9
6 #edges
5 7
0 6
0 3
0 4
3 5
4 9
6 #edges
5 7
0 6
0 3
0 4
3 5
3 9
6 #edges
7 5
0 6
0 3
0 4
3 7
3 9
6 #edges
7 6
5 7
0 3
0 4
3 5
4 9
6 #edges
7 5
5 6
0 3
0 4
3 7
4 9
6 #edges
7 6
5 7
0 3
0 4
3 5
3 9
6 #edges
7 5
5 6
0 3
0 4
3 7
3 9
42 #trees for patient 67
6 #edges
5 3
0 5
0 6
0 4
6 9
3 7
6 #edges
5 3
0 5
0 6
0 4
3 7
4 9
6 #edges
7 3
5 7
0 5
0 6
0 4
4 9
6 #edges
7 3
5 7
0 5
0 6
0 4
6 9
6 #edges
7 5
0 6
0 3
0 4
3 7
4 9
6 #edges
5 7
0 6
0 3
0 4
3 5
4 9
6 #edges
5 7
0 6
0 3
0 4
6 9
3 5
6 #edges
7 5
0 6
0 3
0 4
6 9
3 7
6 #edges
7 3
0 7
0 6
0 4
6 9
3 5
6 #edges
7 5
5 3
0 7
0 6
0 4
6 9
6 #edges
7 5
5 3
0 7
0 6
0 4
4 9
6 #edges
7 3
0 7
0 6
0 4
3 5
4 9
6 #edges
7 3
0 7
0 6
0 9
3 5
9 4
6 #edges
7 5
5 3
0 7
0 6
0 9
9 4
6 #edges
7 5
5 3
0 7
0 6
0 9
6 4
6 #edges
7 3
0 7
0 6
0 9
6 4
3 5
6 #edges
7 5
0 6
0 3
0 9
3 7
9 4
6 #edges
5 7
0 6
0 3
0 9
3 5
9 4
6 #edges
7 3
5 7
0 5
0 6
0 9
9 4
6 #edges
5 3
0 5
0 6
0 9
3 7
9 4
6 #edges
7 5
0 6
0 3
0 9
6 4
3 7
6 #edges
5 7
0 6
0 3
0 9
6 4
3 5
6 #edges
7 3
5 7
0 5
0 6
0 9
6 4
6 #edges
5 3
0 5
0 6
0 9
6 4
3 7
6 #edges
7 5
0 6
0 3
6 9
6 4
3 7
6 #edges
7 5
0 6
0 3
6 9
3 7
9 4
6 #edges
5 7
0 6
0 3
6 9
6 4
3 5
6 #edges
5 7
0 6
0 3
6 9
3 5
9 4
6 #edges
7 3
5 7
0 5
0 6
6 9
6 4
6 #edges
5 3
0 5
0 6
6 9
6 4
3 7
6 #edges
7 3
0 7
0 6
6 9
6 4
3 5
6 #edges
7 5
5 3
0 7
0 6
6 9
6 4
6 #edges
5 3
0 5
0 6
6 9
3 7
9 4
6 #edges
7 3
5 7
0 5
0 6
6 9
9 4
6 #edges
7 5
5 3
0 7
0 6
6 9
9 4
6 #edges
7 3
0 7
0 6
6 9
3 5
9 4
6 #edges
7 3
0 7
0 6
6 4
3 5
4 9
6 #edges
7 5
5 3
0 7
0 6
6 4
4 9
6 #edges
7 5
0 6
0 3
6 4
3 7
4 9
6 #edges
5 7
0 6
0 3
6 4
3 5
4 9
6 #edges
7 3
5 7
0 5
0 6
6 4
4 9
6 #edges
5 3
0 5
0 6
6 4
3 7
4 9
14 #trees for patient 68
6 #edges
5 7
0 6
0 3
0 4
3 5
4 9
6 #edges
7 5
0 6
0 3
0 4
3 7
4 9
6 #edges
7 5
5 9
0 6
0 3
0 4
3 7
6 #edges
7 9
5 7
0 6
0 3
0 4
3 5
6 #edges
5 7
0 6
0 3
0 9
3 5
9 4
6 #edges
7 5
0 6
0 3
0 9
3 7
9 4
6 #edges
7 5
5 4
0 6
0 3
0 9
3 7
6 #edges
7 4
5 7
0 6
0 3
0 9
3 5
6 #edges
7 4
5 7
0 6
0 3
3 5
4 9
6 #edges
7 9
7 4
5 7
0 6
0 3
3 5
6 #edges
7 9
5 7
0 6
0 3
3 5
9 4
6 #edges
7 5
5 9
5 4
0 6
0 3
3 7
6 #edges
7 5
5 9
0 6
0 3
3 7
9 4
6 #edges
7 5
5 4
0 6
0 3
3 7
4 9
12 #trees for patient 69
6 #edges
7 5
0 6
0 3
0 4
3 7
4 9
6 #edges
7 5
5 9
0 6
0 3
0 4
3 7
6 #edges
7 3
0 7
0 6
0 4
3 5
4 9
6 #edges
7 3
5 9
0 7
0 6
0 4
3 5
6 #edges
7 5
0 3
0 4
3 7
4 6
4 9
6 #edges
7 5
5 9
0 3
0 4
3 7
4 6
6 #edges
7 5
7 6
0 3
0 4
3 7
4 9
6 #edges
7 5
7 6
5 9
0 3
0 4
3 7
6 #edges
7 3
0 7
0 4
3 5
4 6
4 9
6 #edges
7 3
0 7
0 4
3 5
3 6
4 9
6 #edges
7 3
5 9
0 7
0 4
3 5
4 6
6 #edges
7 3
5 9
0 7
0 4
3 5
3 6
2 #trees for patient 70
6 #edges
7 5
0 6
0 3
0 9
3 7
9 4
6 #edges
7 5
0 6
0 3
0 4
3 7
4 9
2 #trees for patient 71
6 #edges
7 11
0 6
6 7
6 1
1 8
1 3
6 #edges
7 11
0 6
6 7
6 1
11 3
1 8
14 #trees for patient 72
6 #edges
7 11
8 1
0 6
6 7
6 8
11 3
6 #edges
7 11
0 6
6 7
6 8
3 1
11 3
6 #edges
7 3
8 1
0 6
6 8
6 11
11 7
6 #edges
7 3
0 6
6 8
6 11
3 1
11 7
6 #edges
7 11
0 6
6 7
6 1
11 3
1 8
6 #edges
7 11
0 6
6 7
6 1
3 8
11 3
6 #edges
7 3
0 6
6 11
6 1
11 7
1 8
6 #edges
7 3
0 6
6 11
6 1
3 8
11 7
6 #edges
7 11
0 6
6 7
3 8
3 1
11 3
6 #edges
7 11
0 6
6 7
3 1
11 3
1 8
6 #edges
7 11
8 1
0 6
6 7
3 8
11 3
6 #edges
7 3
0 6
6 11
3 1
11 7
1 8
6 #edges
7 3
0 6
6 11
3 8
3 1
11 7
6 #edges
7 3
8 1
0 6
6 11
3 8
11 7
4 #trees for patient 73
6 #edges
7 3
8 1
0 6
6 8
6 11
11 7
6 #edges
7 11
8 1
0 6
6 7
6 8
11 3
6 #edges
7 3
0 6
6 11
6 1
11 7
1 8
6 #edges
7 11
0 6
6 7
6 1
11 3
1 8
2 #trees for patient 74
6 #edges
7 3
0 6
6 7
6 1
3 11
1 8
6 #edges
7 11
0 6
6 7
6 1
11 3
1 8
6 #trees for patient 75
6 #edges
7 11
0 6
6 3
6 1
3 7
1 8
6 #edges
0 6
6 3
6 1
3 11
11 7
1 8
6 #edges
0 6
6 11
6 1
3 7
11 3
1 8
6 #edges
7 3
0 6
6 11
6 1
11 7
1 8
6 #edges
7 3
0 6
6 7
6 1
3 11
1 8
6 #edges
7 11
0 6
6 7
6 1
11 3
1 8
48 #trees for patient 76
6 #edges
7 3
0 6
6 7
6 1
3 11
1 8
6 #edges
7 3
8 1
0 6
6 7
6 8
3 11
6 #edges
7 3
8 11
0 6
6 7
6 1
1 8
6 #edges
7 3
8 1
0 6
6 7
6 8
1 11
6 #edges
7 11
8 1
0 6
6 7
6 8
1 3
6 #edges
7 11
8 1
0 6
6 7
6 8
11 3
6 #edges
8 1
0 6
6 7
6 8
3 11
1 3
6 #edges
8 1
0 6
6 7
6 8
11 3
1 11
6 #edges
8 11
0 6
6 7
6 1
11 3
1 8
6 #edges
8 3
0 6
6 7
6 1
3 11
1 8
6 #edges
7 11
8 3
0 6
6 7
6 1
1 8
6 #edges
7 11
0 6
6 7
6 1
11 3
1 8
6 #edges
7 3
8 1
0 6
6 8
3 11
1 7
6 #edges
7 3
8 1
0 6
6 8
6 11
1 7
6 #edges
8 1
0 6
6 8
6 11
11 3
1 7
6 #edges
7 11
8 1
0 6
6 8
6 3
1 7
6 #edges
8 1
0 6
6 8
6 3
3 11
1 7
6 #edges
7 11
8 1
0 6
6 8
11 3
1 7
6 #edges
7 11
8 1
0 6
6 8
6 3
3 7
6 #edges
8 1
0 6
6 8
6 3
3 7
1 11
6 #edges
8 1
0 6
6 8
6 3
11 7
1 11
6 #edges
8 1
0 6
6 8
6 3
3 11
11 7
6 #edges
7 3
8 1
0 6
6 8
11 7
1 11
6 #edges
8 1
0 6
6 8
3 7
11 3
1 11
6 #edges
8 1
0 6
6 8
6 11
3 7
11 3
6 #edges
7 3
8 1
0 6
6 8
6 11
11 7
6 #edges
8 1
0 6
6 8
6 11
11 7
1 3
6 #edges
8 1
0 6
6 8
6 11
3 7
1 3
6 #edges
7 11
8 1
0 6
6 8
3 7
1 3
6 #edges
8 1
0 6
6 8
3 11
11 7
1 3
6 #edges
8 3
0 6
6 11
6 1
11 7
1 8
6 #edges
7 3
0 6
6 11
6 1
11 7
1 8
6 #edges
8 7
0 6
6 11
6 1
11 3
1 8
6 #edges
0 6
6 11
6 1
3 7
11 3
1 8
6 #edges
7 3
8 7
0 6
6 11
6 1
1 8
6 #edges
8 3
0 6
6 11
6 1
3 7
1 8
6 #edges
7 3
8 11
0 6
6 1
11 7
1 8
6 #edges
8 11
0 6
6 3
6 1
11 7
1 8
6 #edges
8 11
0 6
6 1
3 7
11 3
1 8
6 #edges
8 11
0 6
6 3
6 1
3 7
1 8
6 #edges
8 7
0 6
6 3
6 1
3 11
1 8
6 #edges
0 6
6 3
6 1
3 11
11 7
1 8
6 #edges
7 11
0 6
6 3
6 1
3 7
1 8
6 #edges
7 11
8 7
0 6
6 3
6 1
1 8
6 #edges
7 3
8 7
0 6
6 1
3 11
1 8
6 #edges
7 11
8 7
0 6
6 1
11 3
1 8
6 #edges
7 11
8 3
0 6
6 1
3 7
1 8
6 #edges
8 3
0 6
6 1
3 11
11 7
1 8
14 #trees for patient 77
6 #edges
7 11
0 8
0 6
0 1
6 7
11 3
6 #edges
7 11
0 6
0 1
6 7
6 8
11 3
6 #edges
7 8
7 11
0 6
0 1
6 7
11 3
6 #edges
7 11
0 6
0 1
6 7
11 3
1 8
6 #edges
7 11
8 1
0 8
0 6
6 7
11 3
6 #edges
7 11
0 8
0 6
6 7
6 1
11 3
6 #edges
7 11
7 1
0 8
0 6
6 7
11 3
6 #edges
7 8
7 11
0 6
6 7
6 1
11 3
6 #edges
7 8
7 11
7 1
0 6
6 7
11 3
6 #edges
7 8
7 11
8 1
0 6
6 7
11 3
6 #edges
7 11
7 1
0 6
6 7
11 3
1 8
6 #edges
7 11
7 1
0 6
6 7
6 8
11 3
6 #edges
7 11
0 6
6 7
6 1
11 3
1 8
6 #edges
7 11
8 1
0 6
6 7
6 8
11 3
2 #trees for patient 78
6 #edges
7 3
0 6
6 7
6 1
3 11
1 8
6 #edges
7 11
0 6
6 7
6 1
11 3
1 8
6 #trees for patient 79
6 #edges
7 11
0 6
6 7
6 3
6 1
1 8
6 #edges
7 8
7 11
0 6
6 7
6 3
6 1
6 #edges
7 11
0 6
6 7
6 3
6 1
11 8
6 #edges
7 11
0 6
6 7
6 1
11 8
11 3
6 #edges
7 8
7 11
0 6
6 7
6 1
11 3
6 #edges
7 11
0 6
6 7
6 1
11 3
1 8
2 #trees for patient 80
6 #edges
7 11
0 6
6 7
6 1
11 3
1 8
6 #edges
7 3
0 6
6 11
6 1
11 7
1 8
4 #trees for patient 81
6 #edges
7 11
0 6
6 7
6 3
6 1
1 8
6 #edges
7 11
0 6
6 7
6 1
11 3
1 8
6 #edges
0 6
6 3
6 11
6 1
11 7
1 8
6 #edges
7 3
0 6
6 11
6 1
11 7
1 8
4 #trees for patient 82
6 #edges
0 6
6 3
6 11
6 1
11 7
1 8
6 #edges
7 3
0 6
6 11
6 1
11 7
1 8
6 #edges
7 11
0 6
6 7
6 3
6 1
1 8
6 #edges
7 11
0 6
6 7
6 1
11 3
1 8
12 #trees for patient 83
6 #edges
7 11
7 1
0 6
6 7
6 8
11 3
6 #edges
7 11
8 1
0 6
6 7
6 8
11 3
6 #edges
7 3
7 1
0 6
6 7
6 8
3 11
6 #edges
7 3
8 1
0 6
6 7
6 8
3 11
6 #edges
7 11
7 1
0 6
6 7
11 3
1 8
6 #edges
7 3
7 1
0 6
6 7
3 11
1 8
6 #edges
7 8
7 11
0 6
6 7
6 1
11 3
6 #edges
7 8
7 11
8 1
0 6
6 7
11 3
6 #edges
7 11
0 6
6 7
6 1
11 3
1 8
6 #edges
7 8
7 3
0 6
6 7
6 1
3 11
6 #edges
7 3
0 6
6 7
6 1
3 11
1 8
6 #edges
7 8
7 3
8 1
0 6
6 7
3 11
4 #trees for patient 84
6 #edges
7 3
0 6
6 7
6 1
3 11
1 8
6 #edges
7 11
0 6
6 7
6 1
11 3
1 8
6 #edges
7 3
8 1
0 6
6 7
6 8
3 11
6 #edges
7 11
8 1
0 6
6 7
6 8
11 3
38 #trees for patient 85
6 #edges
8 7
0 6
6 11
6 1
11 3
1 8
6 #edges
7 3
8 7
0 6
6 11
6 1
1 8
6 #edges
8 7
8 3
0 6
6 11
6 1
1 8
6 #edges
8 7
0 6
6 3
6 1
3 11
1 8
6 #edges
8 7
8 11
0 6
6 3
6 1
1 8
6 #edges
7 11
8 7
0 6
6 3
6 1
1 8
6 #edges
7 11
0 6
6 7
6 1
11 3
1 8
6 #edges
7 11
8 3
0 6
6 7
6 1
1 8
6 #edges
7 3
8 11
0 6
6 7
6 1
1 8
6 #edges
7 3
0 6
6 7
6 1
3 11
1 8
6 #edges
8 3
0 6
6 7
6 1
3 11
1 8
6 #edges
8 3
8 11
0 6
6 7
6 1
1 8
6 #edges
8 11
0 6
6 7
6 1
11 3
1 8
6 #edges
8 7
8 3
0 6
6 1
3 11
1 8
6 #edges
7 11
8 7
8 3
0 6
6 1
1 8
6 #edges
7 3
8 7
8 11
0 6
6 1
1 8
6 #edges
7 3
8 7
0 6
6 1
3 11
1 8
6 #edges
8 7
8 11
0 6
6 1
11 3
1 8
6 #edges
7 11
8 7
0 6
6 1
11 3
1 8
6 #edges
8 1
0 6
6 8
6 11
11 3
1 7
6 #edges
8 1
0 6
6 8
6 11
1 7
1 3
6 #edges
7 3
8 1
0 6
6 8
6 11
1 7
6 #edges
7 11
8 1
0 6
6 7
6 8
11 3
6 #edges
7 11
8 1
0 6
6 7
6 8
1 3
6 #edges
7 3
8 1
0 6
6 7
6 8
1 11
6 #edges
7 3
8 1
0 6
6 7
6 8
3 11
6 #edges
8 1
0 6
6 7
6 8
3 11
1 3
6 #edges
8 1
0 6
6 7
6 8
1 3
1 11
6 #edges
8 1
0 6
6 7
6 8
11 3
1 11
6 #edges
8 1
0 6
6 8
3 11
1 7
1 3
6 #edges
7 11
8 1
0 6
6 8
1 7
1 3
6 #edges
7 11
8 1
0 6
6 8
6 3
1 7
6 #edges
7 11
8 1
0 6
6 8
11 3
1 7
6 #edges
7 3
8 1
0 6
6 8
3 11
1 7
6 #edges
7 3
8 1
0 6
6 8
1 7
1 11
6 #edges
8 1
0 6
6 8
11 3
1 7
1 11
6 #edges
8 1
0 6
6 8
6 3
1 7
1 11
6 #edges
8 1
0 6
6 8
6 3
3 11
1 7
4 #trees for patient 86
6 #edges
7 11
0 6
6 7
6 3
6 1
1 8
6 #edges
7 3
7 11
0 6
6 7
6 1
1 8
6 #edges
7 11
0 6
6 7
6 1
11 3
1 8
6 #edges
7 11
0 6
6 7
6 1
1 8
1 3
8 #trees for patient 87
6 #edges
0 10
0 9
0 4
10 11
9 3
4 6
6 #edges
0 10
0 9
0 4
10 11
3 6
9 3
6 #edges
0 9
0 4
0 11
9 3
4 6
11 10
6 #edges
0 9
0 4
0 11
3 6
9 3
11 10
6 #edges
0 3
0 4
0 11
3 9
4 6
11 10
6 #edges
0 3
0 4
0 11
3 9
9 6
11 10
6 #edges
0 10
0 3
0 4
10 11
3 9
4 6
6 #edges
0 10
0 3
0 4
10 11
3 9
9 6
6 #trees for patient 88
6 #edges
0 10
0 9
0 4
6 3
10 11
9 6
6 #edges
0 10
0 9
0 4
10 11
3 6
9 3
6 #edges
0 6
0 10
0 4
6 9
10 11
9 3
6 #edges
0 6
0 10
0 4
6 3
10 11
3 9
6 #edges
0 10
0 3
0 4
10 11
3 9
9 6
6 #edges
0 10
0 3
0 4
6 9
10 11
3 6
24 #trees for patient 89
6 #edges
0 10
0 9
0 4
10 11
3 6
9 3
6 #edges
0 10
0 9
0 4
3 6
3 11
9 3
6 #edges
0 10
0 9
0 4
6 11
3 6
9 3
6 #edges
0 10
0 3
0 4
10 11
3 9
9 6
6 #edges
0 10
0 3
0 4
3 9
9 6
9 11
6 #edges
0 10
0 3
0 4
6 11
3 9
9 6
6 #edges
0 9
0 4
0 11
3 6
9 3
11 10
6 #edges
0 9
0 4
0 11
3 6
3 10
9 3
6 #edges
0 9
0 4
0 11
6 10
3 6
9 3
6 #edges
0 3
0 4
0 11
3 9
9 6
9 10
6 #edges
0 3
0 4
0 11
6 10
3 9
9 6
6 #edges
0 3
0 4
0 11
3 9
9 6
11 10
6 #edges
0 9
0 4
6 10
3 6
3 11
9 3
6 #edges
0 9
0 4
6 10
10 11
3 6
9 3
6 #edges
0 9
0 4
3 6
3 11
9 3
11 10
6 #edges
0 9
0 4
6 11
3 6
3 10
9 3
6 #edges
0 9
0 4
10 11
3 6
3 10
9 3
6 #edges
0 9
0 4
6 11
3 6
9 3
11 10
6 #edges
0 3
0 4
6 10
3 9
9 6
9 11
6 #edges
0 3
0 4
3 9
9 6
9 11
11 10
6 #edges
0 3
0 4
6 10
10 11
3 9
9 6
6 #edges
0 3
0 4
6 11
3 9
9 6
9 10
6 #edges
0 3
0 4
10 11
3 9
9 6
9 10
6 #edges
0 3
0 4
6 11
3 9
9 6
11 10
13 #trees for patient 90
6 #edges
0 3
0 4
0 11
3 9
9 6
11 10
6 #edges
0 3
0 4
0 11
3 9
9 6
9 10
6 #edges
0 3
0 4
0 11
6 10
3 9
9 6
6 #edges
0 10
0 3
0 4
10 11
3 9
9 6
6 #edges
0 10
0 3
0 4
3 9
9 6
9 11
6 #edges
0 10
0 3
0 4
6 11
3 9
9 6
6 #edges
0 3
0 4
6 11
3 9
9 6
9 10
6 #edges
0 3
0 4
10 11
3 9
9 6
9 10
6 #edges
0 3
0 4
3 9
9 6
9 10
9 11
6 #edges
0 3
0 4
6 11
3 9
9 6
11 10
6 #edges
0 3
0 4
6 10
10 11
3 9
9 6
6 #edges
0 3
0 4
6 10
3 9
9 6
9 11
6 #edges
0 3
0 4
3 9
9 6
9 11
11 10
4 #trees for patient 91
6 #edges
0 10
0 3
0 4
10 11
3 9
9 6
6 #edges
0 3
0 4
0 11
3 9
9 6
11 10
6 #edges
0 3
0 11
10 4
3 9
9 6
11 10
6 #edges
0 10
0 3
10 11
3 9
9 6
11 4
2 #trees for patient 92
6 #edges
0 10
0 3
0 4
6 9
10 11
3 6
6 #edges
0 10
0 3
0 4
10 11
3 9
9 6
24 #trees for patient 93
6 #edges
0 10
0 9
0 4
10 6
10 11
9 3
6 #edges
0 10
0 9
0 4
10 11
3 6
9 3
6 #edges
0 10
0 9
0 4
6 3
10 11
9 6
6 #edges
0 10
0 9
0 4
10 3
10 11
9 6
6 #edges
0 10
0 9
0 4
10 3
10 11
3 6
6 #edges
0 10
0 9
0 4
6 3
10 6
10 11
6 #edges
0 10
0 3
0 4
10 11
3 9
9 6
6 #edges
0 10
0 3
0 4
10 6
10 11
3 9
6 #edges
0 10
0 3
0 4
10 9
10 11
3 6
6 #edges
0 10
0 3
0 4
6 9
10 11
3 6
6 #edges
0 10
0 3
0 4
10 9
10 11
9 6
6 #edges
0 10
0 3
0 4
6 9
10 6
10 11
6 #edges
0 6
0 10
0 4
6 9
10 11
9 3
6 #edges
0 6
0 10
0 4
6 9
10 3
10 11
6 #edges
0 6
0 10
0 4
6 3
10 9
10 11
6 #edges
0 6
0 10
0 4
6 3
10 11
3 9
6 #edges
0 6
0 10
0 4
10 9
10 11
9 3
6 #edges
0 6
0 10
0 4
10 3
10 11
3 9
6 #edges
0 10
0 4
6 3
10 6
10 11
3 9
6 #edges
0 10
0 4
6 9
10 6
10 11
9 3
6 #edges
0 10
0 4
10 3
10 11
3 9
9 6
6 #edges
0 10
0 4
6 9
10 3
10 11
3 6
6 #edges
0 10
0 4
6 3
10 9
10 11
9 6
6 #edges
0 10
0 4
10 9
10 11
3 6
9 3
34 #trees for patient 94
6 #edges
0 3
0 4
0 11
3 9
9 6
9 10
6 #edges
0 10
0 3
0 11
10 4
3 9
9 6
6 #edges
0 10
0 3
0 11
3 9
9 6
9 4
6 #edges
0 3
0 11
10 4
3 9
9 6
9 10
6 #edges
0 10
0 9
0 11
10 4
3 6
9 3
6 #edges
0 10
0 9
0 11
3 6
3 4
9 3
6 #edges
0 9
0 4
0 11
3 6
3 10
9 3
6 #edges
0 9
0 11
10 4
3 6
3 10
9 3
6 #edges
0 3
0 4
3 9
9 6
9 10
4 11
6 #edges
0 3
0 4
10 11
3 9
9 6
9 10
6 #edges
0 10
0 3
0 4
3 9
9 6
4 11
6 #edges
0 10
0 3
0 4
3 9
9 6
9 11
6 #edges
0 10
0 3
0 4
10 11
3 9
9 6
6 #edges
0 9
0 4
3 6
3 10
9 3
4 11
6 #edges
0 10
0 9
0 4
3 6
9 3
4 11
6 #edges
0 10
0 9
0 4
3 6
3 11
9 3
6 #edges
0 10
0 9
0 4
10 11
3 6
9 3
6 #edges
0 9
0 4
10 11
3 6
3 10
9 3
6 #edges
0 10
0 3
10 4
10 11
3 9
9 6
6 #edges
0 10
0 3
10 11
3 9
9 6
9 4
6 #edges
0 10
0 9
10 11
3 6
3 4
9 3
6 #edges
0 10
0 9
10 4
10 11
3 6
9 3
6 #edges
0 10
0 9
10 4
3 6
3 11
9 3
6 #edges
0 10
0 9
3 6
3 4
3 11
9 3
6 #edges
0 10
0 9
3 6
3 4
9 3
4 11
6 #edges
0 10
0 9
10 4
3 6
9 3
4 11
6 #edges
0 10
0 3
3 9
9 6
9 4
9 11
6 #edges
0 10
0 3
10 4
3 9
9 6
9 11
6 #edges
0 10
0 3
10 4
3 9
9 6
4 11
6 #edges
0 10
0 3
3 9
9 6
9 4
4 11
6 #edges
0 9
10 4
10 11
3 6
3 10
9 3
6 #edges
0 9
10 4
3 6
3 10
9 3
4 11
6 #edges
0 3
10 4
3 9
9 6
9 10
4 11
6 #edges
0 3
10 4
10 11
3 9
9 6
9 10
6 #trees for patient 95
6 #edges
0 10
0 9
0 4
10 11
3 6
9 3
6 #edges
0 10
0 9
0 4
6 3
10 11
9 6
6 #edges
0 10
0 3
0 4
6 9
10 11
3 6
6 #edges
0 10
0 3
0 4
10 11
3 9
9 6
6 #edges
0 6
0 10
0 4
6 3
10 11
3 9
6 #edges
0 6
0 10
0 4
6 9
10 11
9 3
24 #trees for patient 96
6 #edges
0 3
0 4
0 11
3 9
9 6
11 10
6 #edges
0 3
0 4
0 11
6 9
3 6
11 10
6 #edges
0 9
0 4
0 11
6 3
9 6
11 10
6 #edges
0 9
0 4
0 11
3 6
9 3
11 10
6 #edges
0 6
0 4
0 11
6 9
9 3
11 10
6 #edges
0 6
0 4
0 11
6 3
3 9
11 10
6 #edges
0 6
0 10
0 4
6 9
10 11
9 3
6 #edges
0 6
0 10
0 4
6 3
10 11
3 9
6 #edges
0 10
0 3
0 4
10 11
3 9
9 6
6 #edges
0 10
0 3
0 4
6 9
10 11
3 6
6 #edges
0 10
0 9
0 4
10 11
3 6
9 3
6 #edges
0 10
0 9
0 4
6 3
10 11
9 6
6 #edges
0 9
0 11
6 3
3 4
9 6
11 10
6 #edges
0 9
0 11
6 4
3 6
9 3
11 10
6 #edges
0 10
0 9
6 3
10 11
3 4
9 6
6 #edges
0 10
0 9
6 4
10 11
3 6
9 3
6 #edges
0 3
0 11
6 4
3 9
9 6
11 10
6 #edges
0 3
0 11
6 9
3 6
9 4
11 10
6 #edges
0 10
0 3
6 9
10 11
3 6
9 4
6 #edges
0 10
0 3
6 4
10 11
3 9
9 6
6 #edges
0 6
0 10
6 9
10 11
3 4
9 3
6 #edges
0 6
0 10
6 3
10 11
3 9
9 4
6 #edges
0 6
0 11
6 9
3 4
9 3
11 10
6 #edges
0 6
0 11
6 3
3 9
9 4
11 10
13 #trees for patient 97
6 #edges
0 3
0 4
0 11
3 9
9 6
11 10
6 #edges
0 3
0 4
0 11
6 10
3 9
9 6
6 #edges
0 3
0 4
0 11
3 10
3 9
9 6
6 #edges
0 10
0 3
0 4
3 9
3 11
9 6
6 #edges
0 10
0 3
0 4
6 11
3 9
9 6
6 #edges
0 10
0 3
0 4
10 11
3 9
9 6
6 #edges
0 3
0 4
3 9
3 11
9 6
11 10
6 #edges
0 3
0 4
6 10
3 9
3 11
9 6
6 #edges
0 3
0 4
10 11
3 10
3 9
9 6
6 #edges
0 3
0 4
6 11
3 10
3 9
9 6
6 #edges
0 3
0 4
6 11
3 9
9 6
11 10
6 #edges
0 3
0 4
6 10
6 11
3 9
9 6
6 #edges
0 3
0 4
6 10
10 11
3 9
9 6
12 #trees for patient 98
6 #edges
0 10
0 9
0 4
10 11
3 6
9 3
6 #edges
0 10
0 9
0 4
6 3
10 11
9 6
6 #edges
0 9
0 4
0 11
6 3
9 6
11 10
6 #edges
0 9
0 4
0 11
3 6
9 3
11 10
6 #edges
0 10
0 3
0 4
6 9
10 11
3 6
6 #edges
0 3
0 4
0 11
6 9
3 6
11 10
6 #edges
0 3
0 4
0 11
3 9
9 6
11 10
6 #edges
0 10
0 3
0 4
10 11
3 9
9 6
6 #edges
0 6
0 4
0 11
6 3
3 9
11 10
6 #edges
0 6
0 10
0 4
6 3
10 11
3 9
6 #edges
0 6
0 10
0 4
6 9
10 11
9 3
6 #edges
0 6
0 4
0 11
6 9
9 3
11 10
33 #trees for patient 99
6 #edges
0 10
0 3
0 9
10 11
9 6
11 4
6 #edges
0 10
0 3
0 9
10 11
11 6
11 4
6 #edges
0 10
0 3
0 9
10 11
4 6
11 4
6 #edges
0 10
0 3
0 9
10 11
3 6
11 4
6 #edges
0 6
0 10
0 3
10 11
3 9
11 4
6 #edges
0 6
0 10
0 3
10 11
11 9
11 4
6 #edges
0 6
0 10
0 3
10 11
4 9
11 4
6 #edges
0 6
0 10
0 3
6 9
10 11
11 4
6 #edges
0 10
0 3
0 4
10 11
9 6
4 9
6 #edges
0 10
0 3
0 4
10 11
3 6
4 9
6 #edges
0 10
0 3
0 4
10 11
4 9
11 6
6 #edges
0 10
0 3
0 4
10 11
3 6
11 9
6 #edges
0 10
0 3
0 4
10 11
4 6
11 9
6 #edges
0 10
0 3
0 4
10 11
11 6
11 9
6 #edges
0 10
0 3
0 4
10 11
9 6
11 9
6 #edges
0 10
0 3
0 4
6 9
10 11
3 6
6 #edges
0 10
0 3
0 4
6 9
10 11
11 6
6 #edges
0 10
0 3
0 4
10 11
3 9
11 6
6 #edges
0 10
0 3
0 4
10 11
3 9
4 6
6 #edges
0 10
0 3
0 4
10 11
3 9
9 6
6 #edges
0 10
0 3
0 4
6 9
10 11
4 6
6 #edges
0 10
0 3
10 11
3 9
11 6
11 4
6 #edges
0 10
0 3
10 11
3 9
9 6
11 4
6 #edges
0 10
0 3
10 11
3 9
4 6
11 4
6 #edges
0 10
0 3
10 11
3 6
11 9
11 4
6 #edges
0 10
0 3
6 9
10 11
3 6
11 4
6 #edges
0 10
0 3
10 11
3 6
4 9
11 4
6 #edges
0 10
0 3
10 11
9 6
11 9
11 4
6 #edges
0 10
0 3
10 11
4 6
11 9
11 4
6 #edges
0 10
0 3
6 9
10 11
11 6
11 4
6 #edges
0 10
0 3
10 11
4 9
11 6
11 4
6 #edges
0 10
0 3
6 9
10 11
4 6
11 4
6 #edges
0 10
0 3
10 11
9 6
4 9
11 4
