50 # patients
8 #trees for patient 0
6 #edges
3 11
11 6
0 8
0 3
0 10
10 4
6 #edges
4 8
3 11
11 6
0 4
0 3
0 10
6 #edges
3 11
11 6
0 4
0 3
0 10
10 8
6 #edges
3 11
11 6
0 4
0 3
0 10
6 8
6 #edges
4 8
3 11
11 6
0 3
0 10
10 4
6 #edges
3 11
11 6
0 3
0 10
6 8
10 4
6 #edges
3 11
11 10
0 3
0 6
6 8
10 4
6 #edges
4 8
3 11
11 10
0 3
0 6
10 4
12 #trees for patient 1
6 #edges
4 8
3 11
11 6
0 4
0 3
0 10
6 #edges
3 11
11 8
11 6
0 4
0 3
0 10
6 #edges
8 4
3 11
11 8
11 6
0 3
0 10
6 #edges
3 11
11 4
11 6
0 8
0 3
0 10
6 #edges
4 8
3 11
11 4
11 6
0 3
0 10
6 #edges
8 4
3 11
11 6
0 8
0 3
0 10
6 #edges
8 4
3 11
11 6
0 8
0 3
6 10
6 #edges
3 11
11 4
11 6
0 8
0 3
6 10
6 #edges
3 11
11 8
11 6
0 4
0 3
6 10
6 #edges
4 8
3 11
11 6
0 4
0 3
6 10
6 #edges
8 4
3 11
11 8
11 6
0 3
6 10
6 #edges
4 8
3 11
11 4
11 6
0 3
6 10
12 #trees for patient 2
6 #edges
4 8
3 6
0 4
0 3
0 10
6 11
6 #edges
4 8
3 11
11 6
0 4
0 3
0 10
6 #edges
4 8
11 6
0 4
0 11
0 10
6 3
6 #edges
4 8
3 6
11 3
0 4
0 11
0 10
6 #edges
4 8
11 3
0 4
0 6
0 10
6 11
6 #edges
4 8
3 11
0 4
0 6
0 10
6 3
6 #edges
4 8
3 10
11 3
0 4
0 6
6 11
6 #edges
4 8
3 11
11 10
0 4
0 6
6 3
6 #edges
4 8
3 10
11 6
0 4
0 11
6 3
6 #edges
4 8
3 6
11 3
0 4
0 11
6 10
6 #edges
4 8
3 11
11 6
0 4
0 3
6 10
6 #edges
4 8
3 6
11 10
0 4
0 3
6 11
4 #trees for patient 3
6 #edges
4 8
3 6
11 3
0 4
0 11
0 10
6 #edges
8 4
3 6
11 3
0 8
0 11
0 10
6 #edges
4 8
3 11
11 6
0 4
0 3
0 10
6 #edges
8 4
3 11
11 6
0 8
0 3
0 10
4 #trees for patient 4
6 #edges
4 8
3 6
11 3
0 4
0 11
0 10
6 #edges
8 4
3 6
11 3
0 8
0 11
0 10
6 #edges
4 8
3 11
11 6
0 4
0 3
0 10
6 #edges
8 4
3 11
11 6
0 8
0 3
0 10
8 #trees for patient 5
6 #edges
4 8
3 11
11 6
0 4
0 3
0 10
6 #edges
4 8
8 6
3 11
0 4
0 3
0 10
6 #edges
8 4
3 11
11 6
0 8
0 3
0 10
6 #edges
4 6
8 4
3 11
0 8
0 3
0 10
6 #edges
4 6
8 4
3 11
11 10
0 8
0 3
6 #edges
8 4
3 11
11 6
11 10
0 8
0 3
6 #edges
4 8
8 6
3 11
11 10
0 4
0 3
6 #edges
4 8
3 11
11 6
11 10
0 4
0 3
6 #trees for patient 6
6 #edges
3 6
0 4
0 8
0 3
0 10
6 11
6 #edges
3 11
11 6
0 4
0 8
0 3
0 10
6 #edges
8 4
3 6
0 8
0 3
0 10
6 11
6 #edges
8 4
3 11
11 6
0 8
0 3
0 10
6 #edges
4 8
3 6
0 4
0 3
0 10
6 11
6 #edges
4 8
3 11
11 6
0 4
0 3
0 10
4 #trees for patient 7
6 #edges
4 8
3 11
11 6
0 4
0 3
0 10
6 #edges
4 8
3 6
11 3
0 4
0 11
0 10
6 #edges
4 8
8 10
3 6
11 3
0 4
0 11
6 #edges
4 8
8 10
3 11
11 6
0 4
0 3
6 #trees for patient 8
6 #edges
3 5
8 11
8 6
11 3
0 8
6 2
6 #edges
5 3
8 11
8 6
11 5
0 8
6 2
6 #edges
5 11
3 5
8 3
8 6
0 8
6 2
6 #edges
3 11
8 3
8 6
11 5
0 8
6 2
6 #edges
5 3
3 11
8 5
8 6
0 8
6 2
6 #edges
5 11
8 5
8 6
11 3
0 8
6 2
10 #trees for patient 9
6 #edges
5 11
8 5
8 6
11 3
0 8
6 2
6 #edges
5 11
8 5
8 6
0 8
6 2
6 3
6 #edges
5 11
3 2
8 5
8 6
0 8
6 3
6 #edges
5 11
8 5
8 6
11 2
0 8
6 3
6 #edges
5 11
3 2
8 5
8 6
11 3
0 8
6 #edges
5 2
8 11
8 6
11 5
0 8
6 3
6 #edges
3 2
8 11
8 6
11 5
0 8
6 3
6 #edges
8 11
8 6
11 5
0 8
6 2
6 3
6 #edges
5 3
8 11
8 6
11 5
0 8
6 2
6 #edges
5 3
3 2
8 11
8 6
11 5
0 8
4 #trees for patient 10
6 #edges
2 6
5 11
8 2
8 5
11 3
0 8
6 #edges
2 6
5 3
8 2
8 11
11 5
0 8
6 #edges
5 11
8 5
8 6
11 3
0 8
6 2
6 #edges
5 3
8 11
8 6
11 5
0 8
6 2
9 #trees for patient 11
6 #edges
8 5
8 11
8 6
0 3
0 8
6 2
6 #edges
8 11
8 6
11 5
0 3
0 8
6 2
6 #edges
5 11
8 5
8 6
0 3
0 8
6 2
6 #edges
8 3
8 11
8 6
11 5
0 8
6 2
6 #edges
8 5
8 11
8 6
11 3
0 8
6 2
6 #edges
5 3
8 11
8 6
11 5
0 8
6 2
6 #edges
5 3
8 5
8 11
8 6
0 8
6 2
6 #edges
5 11
8 5
8 3
8 6
0 8
6 2
6 #edges
5 11
8 5
8 6
11 3
0 8
6 2
4 #trees for patient 12
6 #edges
5 3
8 11
8 6
11 5
0 2
0 8
6 #edges
3 5
8 11
8 6
11 3
0 2
0 8
6 #edges
3 5
8 11
8 6
11 3
0 8
6 2
6 #edges
5 3
8 11
8 6
11 5
0 8
6 2
2 #trees for patient 13
6 #edges
5 3
8 11
8 6
11 5
0 8
6 2
6 #edges
5 2
5 3
8 11
8 6
11 5
0 8
1 #trees for patient 14
6 #edges
5 3
8 11
8 6
11 5
0 8
6 2
2 #trees for patient 15
6 #edges
5 11
8 5
8 6
11 3
0 8
6 2
6 #edges
5 3
8 11
8 6
11 5
0 8
6 2
2 #trees for patient 16
6 #edges
5 3
8 11
8 6
11 5
0 8
6 2
6 #edges
3 5
8 11
8 6
11 3
0 8
6 2
6 #trees for patient 17
6 #edges
5 3
8 11
11 5
0 8
0 6
6 2
6 #edges
5 3
8 2
8 11
11 5
0 8
0 6
6 #edges
5 3
8 11
8 6
11 5
0 2
0 8
6 #edges
2 6
5 3
8 11
11 5
0 2
0 8
6 #edges
2 6
5 3
8 2
8 11
11 5
0 8
6 #edges
5 3
8 11
8 6
11 5
0 8
6 2
8 #trees for patient 18
6 #edges
2 3
5 11
8 5
8 6
0 8
6 2
6 #edges
5 11
8 5
8 6
11 3
0 8
6 2
6 #edges
5 3
8 11
8 6
11 5
0 8
6 2
6 #edges
2 3
8 11
8 6
11 5
0 8
6 2
6 #edges
2 6
8 2
8 11
11 5
0 8
6 3
6 #edges
2 6
5 3
8 2
8 11
11 5
0 8
6 #edges
2 6
5 11
8 2
8 5
11 3
0 8
6 #edges
2 6
5 11
8 2
8 5
0 8
6 3
33 #trees for patient 19
6 #edges
3 5
8 11
8 6
11 3
0 8
6 2
6 #edges
8 11
8 6
11 3
0 8
6 2
6 5
6 #edges
5 3
8 11
8 6
11 5
0 8
6 2
6 #edges
8 11
8 6
11 5
0 8
6 2
6 3
6 #edges
3 5
8 11
8 6
0 8
6 2
6 3
6 #edges
8 11
8 6
0 8
6 2
6 5
6 3
6 #edges
5 3
8 11
8 6
0 8
6 2
6 5
6 #edges
5 11
8 5
8 6
11 3
0 8
6 2
6 #edges
5 11
8 5
8 6
0 8
6 2
6 3
6 #edges
5 3
3 11
8 5
8 6
0 8
6 2
6 #edges
5 3
8 5
8 6
0 8
6 2
6 11
6 #edges
8 5
8 6
0 8
6 2
6 3
6 11
6 #edges
3 11
8 5
8 6
0 8
6 2
6 3
6 #edges
8 5
8 6
11 3
0 8
6 2
6 11
6 #edges
8 3
8 6
0 8
6 2
6 5
6 11
6 #edges
8 3
8 6
11 5
0 8
6 2
6 11
6 #edges
3 5
8 3
8 6
0 8
6 2
6 11
6 #edges
5 3
8 6
0 8
6 2
6 5
6 11
6 #edges
8 6
11 3
0 8
6 2
6 5
6 11
6 #edges
8 6
11 5
0 8
6 2
6 3
6 11
6 #edges
5 3
8 6
11 5
0 8
6 2
6 11
6 #edges
3 5
8 6
0 8
6 2
6 3
6 11
6 #edges
3 5
8 6
11 3
0 8
6 2
6 11
6 #edges
3 11
8 3
8 6
0 8
6 2
6 5
6 #edges
5 11
8 3
8 6
0 8
6 2
6 5
6 #edges
5 11
8 6
0 8
6 2
6 5
6 3
6 #edges
3 11
8 6
0 8
6 2
6 5
6 3
6 #edges
5 3
3 11
8 6
0 8
6 2
6 5
6 #edges
5 11
8 6
11 3
0 8
6 2
6 5
6 #edges
3 11
8 6
11 5
0 8
6 2
6 3
6 #edges
5 11
3 5
8 6
0 8
6 2
6 3
6 #edges
5 11
3 5
8 3
8 6
0 8
6 2
6 #edges
3 11
8 3
8 6
11 5
0 8
6 2
4 #trees for patient 20
6 #edges
5 11
5 6
0 5
0 8
0 9
6 3
6 #edges
5 3
5 11
5 6
0 5
0 8
0 9
6 #edges
5 11
5 6
11 8
0 5
0 9
6 3
6 #edges
5 3
5 11
5 6
11 8
0 5
0 9
8 #trees for patient 21
6 #edges
5 3
5 11
5 6
11 8
0 5
0 9
6 #edges
5 11
5 6
8 3
11 8
0 5
0 9
6 #edges
5 8
5 3
5 6
8 11
0 5
0 9
6 #edges
5 8
5 6
8 11
11 3
0 5
0 9
6 #edges
5 8
5 3
5 6
8 11
11 9
0 5
6 #edges
5 3
5 11
5 6
8 9
11 8
0 5
6 #edges
5 8
5 6
8 11
11 3
11 9
0 5
6 #edges
5 11
5 6
8 3
8 9
11 8
0 5
38 #trees for patient 22
6 #edges
5 11
5 6
8 3
11 8
0 5
0 9
6 #edges
5 3
5 11
8 6
11 8
0 5
0 9
6 #edges
5 11
8 6
11 8
0 5
0 9
6 3
6 #edges
5 3
5 11
5 6
11 8
0 5
0 9
6 #edges
5 11
5 6
11 8
0 5
0 9
6 3
6 #edges
5 8
5 11
11 6
0 5
0 9
6 3
6 #edges
5 8
5 11
8 3
11 6
0 5
0 9
6 #edges
5 8
5 11
8 6
11 3
0 5
0 9
6 #edges
5 8
5 11
8 6
0 5
0 9
6 3
6 #edges
5 3
5 11
5 6
11 8
0 5
6 9
6 #edges
5 3
5 11
5 6
3 9
11 8
0 5
6 #edges
5 3
5 11
5 6
8 9
11 8
0 5
6 #edges
5 11
5 6
3 9
11 8
0 5
6 3
6 #edges
5 11
5 6
5 9
11 8
0 5
6 3
6 #edges
5 11
5 6
11 8
0 5
6 3
6 9
6 #edges
5 11
5 6
8 9
11 8
0 5
6 3
6 #edges
5 11
5 6
8 3
11 8
0 5
6 9
6 #edges
5 11
5 6
5 9
8 3
11 8
0 5
6 #edges
5 11
5 6
8 3
8 9
11 8
0 5
6 #edges
5 11
5 6
8 3
3 9
11 8
0 5
6 #edges
5 8
5 11
8 6
11 3
0 5
6 9
6 #edges
5 8
5 11
8 6
0 5
6 3
6 9
6 #edges
5 8
5 11
8 6
3 9
0 5
6 3
6 #edges
5 8
5 11
8 6
11 9
0 5
6 3
6 #edges
5 8
5 11
8 6
11 3
11 9
0 5
6 #edges
5 8
5 11
8 6
3 9
11 3
0 5
6 #edges
5 8
5 11
8 3
8 9
11 6
0 5
6 #edges
5 8
5 11
8 9
11 6
0 5
6 3
6 #edges
5 8
5 11
8 3
11 6
0 5
6 9
6 #edges
5 8
5 11
8 3
3 9
11 6
0 5
6 #edges
5 8
5 11
3 9
11 6
0 5
6 3
6 #edges
5 8
5 11
11 6
0 5
6 3
6 9
6 #edges
5 3
5 11
8 6
3 9
11 8
0 5
6 #edges
5 3
5 11
8 6
11 8
0 5
6 9
6 #edges
5 3
5 11
5 9
8 6
11 8
0 5
6 #edges
5 11
5 9
8 6
11 8
0 5
6 3
6 #edges
5 11
8 6
11 8
0 5
6 3
6 9
6 #edges
5 11
8 6
3 9
11 8
0 5
6 3
2 #trees for patient 23
6 #edges
5 8
5 3
5 6
8 11
0 5
0 9
6 #edges
5 3
5 11
5 6
11 8
0 5
0 9
1 #trees for patient 24
6 #edges
5 3
5 11
5 6
11 8
0 5
0 9
2 #trees for patient 25
6 #edges
5 3
5 11
5 6
11 8
0 5
0 9
6 #edges
5 8
5 3
5 6
8 11
0 5
0 9
4 #trees for patient 26
6 #edges
5 3
5 11
11 8
0 5
0 9
9 6
6 #edges
5 11
8 3
11 8
0 5
0 9
9 6
6 #edges
5 3
5 11
5 6
11 8
0 5
0 9
6 #edges
5 11
5 6
8 3
11 8
0 5
0 9
2 #trees for patient 27
6 #edges
5 3
5 11
11 8
0 5
0 9
9 6
6 #edges
5 3
5 11
5 6
11 8
0 5
0 9
3 #trees for patient 28
6 #edges
5 3
5 11
5 6
11 8
0 5
0 9
6 #edges
5 3
5 11
8 6
11 8
0 5
0 9
6 #edges
5 3
5 11
11 8
11 6
0 5
0 9
40 #trees for patient 29
6 #edges
5 3
5 6
5 9
11 8
0 5
0 11
6 #edges
5 3
5 9
3 6
11 8
0 5
0 11
6 #edges
5 8
5 3
5 9
3 6
0 5
0 11
6 #edges
5 8
5 3
5 6
5 9
0 5
0 11
6 #edges
5 3
5 9
3 6
0 5
0 11
9 8
6 #edges
5 3
5 6
5 9
0 5
0 11
9 8
6 #edges
5 3
5 11
5 6
5 9
0 5
0 8
6 #edges
5 3
5 6
5 9
0 5
0 8
9 11
6 #edges
5 3
5 6
5 9
8 11
0 5
0 8
6 #edges
5 3
5 9
8 11
3 6
0 5
0 8
6 #edges
5 3
5 11
5 9
3 6
0 5
0 8
6 #edges
5 3
5 9
3 6
0 5
0 8
9 11
6 #edges
5 8
5 3
5 6
0 5
0 9
9 11
6 #edges
5 8
5 3
3 6
0 5
0 9
9 11
6 #edges
5 8
5 3
5 11
5 6
0 5
0 9
6 #edges
5 8
5 3
5 6
8 11
0 5
0 9
6 #edges
5 8
5 3
8 11
3 6
0 5
0 9
6 #edges
5 8
5 3
5 11
3 6
0 5
0 9
6 #edges
5 3
5 6
11 8
0 5
0 9
9 11
6 #edges
5 3
3 6
11 8
0 5
0 9
9 11
6 #edges
5 3
8 11
3 6
0 5
0 9
9 8
6 #edges
5 3
5 11
3 6
0 5
0 9
9 8
6 #edges
5 3
5 11
5 6
0 5
0 9
9 8
6 #edges
5 3
5 6
8 11
0 5
0 9
9 8
6 #edges
5 3
5 11
3 6
11 8
0 5
0 9
6 #edges
5 3
5 11
5 6
11 8
0 5
0 9
6 #edges
5 8
5 3
5 6
5 9
0 5
9 11
6 #edges
5 8
5 3
5 11
5 6
5 9
0 5
6 #edges
5 8
5 3
5 6
5 9
8 11
0 5
6 #edges
5 3
5 6
5 9
11 8
0 5
9 11
6 #edges
5 3
5 11
5 6
5 9
11 8
0 5
6 #edges
5 3
5 11
5 6
5 9
0 5
9 8
6 #edges
5 3
5 6
5 9
8 11
0 5
9 8
6 #edges
5 3
5 11
5 9
3 6
0 5
9 8
6 #edges
5 3
5 9
8 11
3 6
0 5
9 8
6 #edges
5 8
5 3
5 9
3 6
0 5
9 11
6 #edges
5 8
5 3
5 9
8 11
3 6
0 5
6 #edges
5 8
5 3
5 11
5 9
3 6
0 5
6 #edges
5 3
5 11
5 9
3 6
11 8
0 5
6 #edges
5 3
5 9
3 6
11 8
0 5
9 11
6 #trees for patient 30
6 #edges
1 2
1 6
8 1
3 10
0 3
10 8
6 #edges
1 8
8 2
8 6
3 10
0 3
10 1
6 #edges
1 2
1 6
8 10
3 8
0 3
10 1
6 #edges
1 10
8 1
3 8
0 3
10 2
10 6
6 #edges
1 8
8 10
3 1
0 3
10 2
10 6
6 #edges
1 10
8 2
8 6
3 1
0 3
10 8
2 #trees for patient 31
6 #edges
1 10
8 1
3 8
0 3
10 2
10 6
6 #edges
1 8
8 10
3 1
0 3
10 2
10 6
4 #trees for patient 32
6 #edges
1 8
1 6
8 10
3 1
0 3
10 2
6 #edges
1 8
8 10
3 1
0 3
10 2
10 6
6 #edges
1 3
8 10
3 8
3 6
0 1
10 2
6 #edges
1 3
8 10
3 8
0 1
10 2
10 6
4 #trees for patient 33
6 #edges
2 6
1 8
8 10
3 1
0 3
10 2
6 #edges
1 8
8 10
3 1
0 3
10 2
10 6
6 #edges
1 3
8 10
3 8
0 1
10 2
10 6
6 #edges
2 6
1 3
8 10
3 8
0 1
10 2
4 #trees for patient 34
6 #edges
1 10
8 2
8 6
3 1
0 3
10 8
6 #edges
1 8
8 10
3 1
0 3
10 2
10 6
6 #edges
1 3
8 10
3 8
0 1
10 2
10 6
6 #edges
1 3
8 2
8 6
3 10
0 1
10 8
4 #trees for patient 35
6 #edges
1 10
8 1
3 8
0 3
6 2
10 6
6 #edges
1 10
8 1
3 8
0 3
10 2
10 6
6 #edges
1 8
8 10
3 1
0 3
10 2
10 6
6 #edges
1 8
8 10
3 1
0 3
6 2
10 6
4 #trees for patient 36
6 #edges
1 8
8 10
3 1
0 3
10 2
10 6
6 #edges
2 6
1 8
8 10
3 1
0 3
10 2
6 #edges
1 3
8 10
3 8
0 1
10 2
10 6
6 #edges
2 6
1 3
8 10
3 8
0 1
10 2
8 #trees for patient 37
6 #edges
8 7
8 6
11 1
0 11
0 10
10 8
6 #edges
8 1
8 6
11 7
0 11
0 10
10 8
6 #edges
7 1
8 6
11 7
0 11
0 10
10 8
6 #edges
7 1
8 7
8 6
0 11
0 10
10 8
6 #edges
7 1
8 10
11 7
0 8
0 11
10 6
6 #edges
8 10
11 7
0 8
0 11
10 1
10 6
6 #edges
8 10
11 1
0 8
0 11
10 7
10 6
6 #edges
7 1
8 10
0 8
0 11
10 7
10 6
2 #trees for patient 38
6 #edges
7 1
8 7
8 6
0 11
0 10
10 8
6 #edges
7 1
7 6
8 7
0 11
0 10
10 8
4 #trees for patient 39
6 #edges
1 7
8 1
8 6
0 11
0 10
10 8
6 #edges
7 1
8 7
8 6
0 11
0 10
10 8
6 #edges
1 7
8 1
8 6
0 10
10 8
10 11
6 #edges
7 1
8 7
8 6
0 10
10 8
10 11
2 #trees for patient 40
6 #edges
1 7
8 1
8 6
0 11
0 10
10 8
6 #edges
7 1
8 7
8 6
0 11
0 10
10 8
7 #trees for patient 41
6 #edges
8 7
8 6
0 11
0 10
6 1
10 8
6 #edges
7 1
8 7
8 6
0 11
0 10
10 8
6 #edges
8 6
0 11
0 10
6 7
6 1
10 8
6 #edges
8 1
8 6
0 11
0 10
6 7
10 8
6 #edges
7 1
8 6
0 11
0 10
6 7
10 8
6 #edges
1 7
8 6
0 11
0 10
6 1
10 8
6 #edges
1 7
8 1
8 6
0 11
0 10
10 8
2 #trees for patient 42
6 #edges
7 1
8 7
8 6
0 11
0 10
10 8
6 #edges
1 7
8 1
8 6
0 11
0 10
10 8
7 #trees for patient 43
6 #edges
1 7
8 6
11 1
0 11
0 10
10 8
6 #edges
8 6
11 7
11 1
0 11
0 10
10 8
6 #edges
8 7
8 6
11 1
0 11
0 10
10 8
6 #edges
7 1
8 6
11 7
0 11
0 10
10 8
6 #edges
8 1
8 6
11 7
0 11
0 10
10 8
6 #edges
1 7
8 1
8 6
0 11
0 10
10 8
6 #edges
7 1
8 7
8 6
0 11
0 10
10 8
36 #trees for patient 44
6 #edges
8 1
0 7
0 11
0 6
0 10
10 8
6 #edges
7 1
0 7
0 11
0 6
0 10
10 8
6 #edges
1 7
0 1
0 11
0 6
0 10
10 8
6 #edges
8 7
0 1
0 11
0 6
0 10
10 8
6 #edges
1 7
8 1
0 11
0 6
0 10
10 8
6 #edges
7 1
8 7
0 11
0 6
0 10
10 8
6 #edges
1 7
8 6
0 1
0 11
0 10
10 8
6 #edges
8 7
8 6
0 1
0 11
0 10
10 8
6 #edges
7 1
8 6
0 7
0 11
0 10
10 8
6 #edges
8 1
8 6
0 7
0 11
0 10
10 8
6 #edges
1 7
8 1
8 6
0 11
0 10
10 8
6 #edges
7 1
8 7
8 6
0 11
0 10
10 8
6 #edges
1 7
0 1
0 6
0 10
10 8
10 11
6 #edges
8 7
0 1
0 6
0 10
10 8
10 11
6 #edges
7 1
8 7
0 6
0 10
10 8
10 11
6 #edges
1 7
8 1
0 6
0 10
10 8
10 11
6 #edges
8 1
0 7
0 6
0 10
10 8
10 11
6 #edges
7 1
0 7
0 6
0 10
10 8
10 11
6 #edges
1 7
8 11
0 1
0 6
0 10
10 8
6 #edges
8 7
8 11
0 1
0 6
0 10
10 8
6 #edges
7 1
8 11
0 7
0 6
0 10
10 8
6 #edges
8 1
8 11
0 7
0 6
0 10
10 8
6 #edges
1 7
8 1
8 11
0 6
0 10
10 8
6 #edges
7 1
8 7
8 11
0 6
0 10
10 8
6 #edges
1 7
8 11
8 6
0 1
0 10
10 8
6 #edges
1 7
8 6
0 1
0 10
10 8
10 11
6 #edges
8 7
8 6
0 1
0 10
10 8
10 11
6 #edges
8 7
8 11
8 6
0 1
0 10
10 8
6 #edges
8 1
8 11
8 6
0 7
0 10
10 8
6 #edges
7 1
8 11
8 6
0 7
0 10
10 8
6 #edges
7 1
8 6
0 7
0 10
10 8
10 11
6 #edges
8 1
8 6
0 7
0 10
10 8
10 11
6 #edges
1 7
8 1
8 6
0 10
10 8
10 11
6 #edges
7 1
8 7
8 6
0 10
10 8
10 11
6 #edges
7 1
8 7
8 11
8 6
0 10
10 8
6 #edges
1 7
8 1
8 11
8 6
0 10
10 8
12 #trees for patient 45
6 #edges
8 10
0 8
0 11
6 1
10 7
10 6
6 #edges
7 1
8 10
0 8
0 11
10 7
10 6
6 #edges
1 7
8 10
0 8
0 11
10 1
10 6
6 #edges
8 10
0 8
0 11
6 7
10 1
10 6
6 #edges
1 7
8 10
0 8
0 11
6 1
10 6
6 #edges
7 1
8 10
0 8
0 11
6 7
10 6
6 #edges
7 1
8 7
8 6
0 11
0 10
10 8
6 #edges
8 7
8 6
0 11
0 10
6 1
10 8
6 #edges
8 1
8 6
0 11
0 10
6 7
10 8
6 #edges
7 1
8 6
0 11
0 10
6 7
10 8
6 #edges
1 7
8 1
8 6
0 11
0 10
10 8
6 #edges
1 7
8 6
0 11
0 10
6 1
10 8
3 #trees for patient 46
6 #edges
7 1
8 7
0 11
0 10
10 8
10 6
6 #edges
7 1
8 7
8 6
0 11
0 10
10 8
6 #edges
7 1
1 6
8 7
0 11
0 10
10 8
12 #trees for patient 47
6 #edges
1 7
8 6
0 11
0 10
10 1
10 8
6 #edges
8 7
8 6
0 11
0 10
10 1
10 8
6 #edges
8 1
8 6
0 11
0 10
10 7
10 8
6 #edges
7 1
8 6
0 11
0 10
10 7
10 8
6 #edges
1 7
8 1
8 6
0 11
0 10
10 8
6 #edges
7 1
8 7
8 6
0 11
0 10
10 8
6 #edges
7 1
8 6
0 10
6 11
10 7
10 8
6 #edges
8 1
8 6
0 10
6 11
10 7
10 8
6 #edges
1 7
8 6
0 10
6 11
10 1
10 8
6 #edges
8 7
8 6
0 10
6 11
10 1
10 8
6 #edges
7 1
8 7
8 6
0 10
6 11
10 8
6 #edges
1 7
8 1
8 6
0 10
6 11
10 8
8 #trees for patient 48
6 #edges
1 7
8 1
8 6
0 11
0 10
10 8
6 #edges
7 6
1 7
8 1
0 11
0 10
10 8
6 #edges
1 7
8 1
11 6
0 11
0 10
10 8
6 #edges
1 7
8 1
0 11
0 10
10 8
10 6
6 #edges
7 1
8 7
0 11
0 10
10 8
10 6
6 #edges
7 1
8 7
8 6
0 11
0 10
10 8
6 #edges
7 1
8 7
11 6
0 11
0 10
10 8
6 #edges
7 1
1 6
8 7
0 11
0 10
10 8
8 #trees for patient 49
6 #edges
7 1
8 7
8 6
0 11
0 10
10 8
6 #edges
1 7
8 1
8 6
0 11
0 10
10 8
6 #edges
1 7
8 10
0 8
0 11
10 1
10 6
6 #edges
7 1
8 10
0 8
0 11
10 7
10 6
6 #edges
7 11
1 7
8 1
8 6
0 10
10 8
6 #edges
7 1
1 11
8 7
8 6
0 10
10 8
6 #edges
7 1
1 11
8 10
0 8
10 7
10 6
6 #edges
7 11
1 7
8 10
0 8
10 1
10 6
