50 # patients
8 #trees for patient 0
6 #edges
6 8
4 10
11 6
0 4
0 11
0 3
6 #edges
6 8
8 10
11 6
0 4
0 11
0 3
6 #edges
6 11
8 10
11 8
0 6
0 4
0 3
6 #edges
6 11
4 10
11 8
0 6
0 4
0 3
6 #edges
6 8
4 10
4 3
11 6
0 4
0 11
6 #edges
6 8
8 10
4 3
11 6
0 4
0 11
6 #edges
6 11
4 10
4 3
11 8
0 6
0 4
6 #edges
6 11
8 10
4 3
11 8
0 6
0 4
4 #trees for patient 1
6 #edges
6 8
4 10
11 6
0 4
0 11
0 3
6 #edges
6 8
11 6
10 4
0 11
0 10
0 3
6 #edges
6 11
4 10
11 8
0 6
0 4
0 3
6 #edges
6 11
11 8
10 4
0 6
0 10
0 3
12 #trees for patient 2
6 #edges
8 6
11 8
10 4
0 11
0 10
0 3
6 #edges
6 8
11 6
10 4
0 11
0 10
0 3
6 #edges
8 6
4 10
11 8
0 4
0 11
0 3
6 #edges
6 8
4 10
11 6
0 4
0 11
0 3
6 #edges
6 8
4 3
11 6
10 4
0 11
0 10
6 #edges
8 6
4 3
11 8
10 4
0 11
0 10
6 #edges
6 8
11 6
11 3
10 4
0 11
0 10
6 #edges
8 6
11 8
11 3
10 4
0 11
0 10
6 #edges
6 8
4 10
11 6
11 3
0 4
0 11
6 #edges
8 6
4 10
11 8
11 3
0 4
0 11
6 #edges
8 6
4 10
11 8
10 3
0 4
0 11
6 #edges
6 8
4 10
11 6
10 3
0 4
0 11
42 #trees for patient 3
6 #edges
0 11
0 10
0 3
3 6
3 8
3 4
6 #edges
10 4
0 11
0 10
0 3
3 6
3 8
6 #edges
11 8
0 11
0 10
0 3
3 6
3 4
6 #edges
6 8
0 11
0 10
0 3
3 6
3 4
6 #edges
6 8
10 4
0 11
0 10
0 3
3 6
6 #edges
11 8
10 4
0 11
0 10
0 3
3 6
6 #edges
8 6
11 8
0 11
0 10
0 3
3 4
6 #edges
8 6
0 11
0 10
0 3
3 8
3 4
6 #edges
11 6
0 11
0 10
0 3
3 8
3 4
6 #edges
6 8
11 6
0 11
0 10
0 3
3 4
6 #edges
8 6
10 4
0 11
0 10
0 3
3 8
6 #edges
11 6
10 4
0 11
0 10
0 3
3 8
6 #edges
8 6
11 8
10 4
0 11
0 10
0 3
6 #edges
6 8
11 6
10 4
0 11
0 10
0 3
6 #edges
4 10
0 4
0 11
0 3
3 6
3 8
6 #edges
0 4
0 11
0 3
3 6
3 8
3 10
6 #edges
8 6
4 10
0 4
0 11
0 3
3 8
6 #edges
4 10
11 6
0 4
0 11
0 3
3 8
6 #edges
8 6
0 4
0 11
0 3
3 8
3 10
6 #edges
11 6
0 4
0 11
0 3
3 8
3 10
6 #edges
6 8
4 10
0 4
0 11
0 3
3 6
6 #edges
4 10
11 8
0 4
0 11
0 3
3 6
6 #edges
6 8
4 10
11 6
0 4
0 11
0 3
6 #edges
8 6
4 10
11 8
0 4
0 11
0 3
6 #edges
6 8
11 6
0 4
0 11
0 3
3 10
6 #edges
8 6
11 8
0 4
0 11
0 3
3 10
6 #edges
11 8
0 4
0 11
0 3
3 6
3 10
6 #edges
6 8
0 4
0 11
0 3
3 6
3 10
6 #edges
10 4
0 11
0 3
3 6
3 8
3 10
6 #edges
4 10
0 11
0 3
3 6
3 8
3 4
6 #edges
6 8
4 10
0 11
0 3
3 6
3 4
6 #edges
6 8
10 4
0 11
0 3
3 6
3 10
6 #edges
11 8
10 4
0 11
0 3
3 6
3 10
6 #edges
4 10
11 8
0 11
0 3
3 6
3 4
6 #edges
8 6
10 4
0 11
0 3
3 8
3 10
6 #edges
8 6
4 10
0 11
0 3
3 8
3 4
6 #edges
4 10
11 6
0 11
0 3
3 8
3 4
6 #edges
11 6
10 4
0 11
0 3
3 8
3 10
6 #edges
8 6
11 8
10 4
0 11
0 3
3 10
6 #edges
6 8
11 6
10 4
0 11
0 3
3 10
6 #edges
6 8
4 10
11 6
0 11
0 3
3 4
6 #edges
8 6
4 10
11 8
0 11
0 3
3 4
4 #trees for patient 4
6 #edges
6 8
4 10
11 6
0 4
0 11
0 3
6 #edges
6 8
11 6
10 4
0 11
0 10
0 3
6 #edges
6 8
11 6
11 3
10 4
0 11
0 10
6 #edges
6 8
4 10
11 6
11 3
0 4
0 11
2 #trees for patient 5
6 #edges
6 8
4 10
11 6
0 4
0 11
0 3
6 #edges
6 8
11 6
10 4
0 11
0 10
0 3
4 #trees for patient 6
6 #edges
6 8
4 10
11 6
11 3
0 4
0 11
6 #edges
6 8
4 10
11 6
0 4
0 11
0 3
6 #edges
6 8
6 10
11 6
0 4
0 11
0 3
6 #edges
6 8
6 10
11 6
11 3
0 4
0 11
6 #trees for patient 7
6 #edges
6 8
8 11
4 10
0 6
0 4
0 3
6 #edges
6 11
4 10
11 8
0 6
0 4
0 3
6 #edges
8 11
4 10
11 6
0 8
0 4
0 3
6 #edges
6 11
8 6
4 10
0 8
0 4
0 3
6 #edges
6 8
4 10
11 6
0 4
0 11
0 3
6 #edges
8 6
4 10
11 8
0 4
0 11
0 3
14 #trees for patient 8
6 #edges
6 8
4 3
11 6
0 4
0 11
0 10
6 #edges
6 11
4 3
11 8
0 6
0 4
0 10
6 #edges
6 8
11 6
0 4
0 11
0 3
3 10
6 #edges
6 11
11 8
0 6
0 4
0 3
3 10
6 #edges
6 8
4 10
11 6
0 4
0 11
0 3
6 #edges
6 8
6 10
11 6
0 4
0 11
0 3
6 #edges
6 11
4 10
11 8
0 6
0 4
0 3
6 #edges
6 11
11 8
11 10
0 6
0 4
0 3
6 #edges
6 8
4 10
4 3
11 6
0 4
0 11
6 #edges
6 8
6 10
4 3
11 6
0 4
0 11
6 #edges
6 8
4 3
11 6
0 4
0 11
3 10
6 #edges
6 11
4 10
4 3
11 8
0 6
0 4
6 #edges
6 11
4 3
11 8
0 6
0 4
3 10
6 #edges
6 11
4 3
11 8
11 10
0 6
0 4
4 #trees for patient 9
6 #edges
6 11
4 10
0 6
0 4
0 3
3 8
6 #edges
4 10
11 6
0 4
0 11
0 3
3 8
6 #edges
6 11
4 10
11 8
0 6
0 4
0 3
6 #edges
6 8
4 10
11 6
0 4
0 11
0 3
7 #trees for patient 10
6 #edges
8 6
4 10
11 8
0 4
0 11
0 3
6 #edges
4 10
11 8
0 6
0 4
0 11
0 3
6 #edges
4 10
11 6
0 8
0 4
0 11
0 3
6 #edges
6 8
4 10
11 6
0 4
0 11
0 3
6 #edges
8 6
4 10
0 8
0 4
0 11
0 3
6 #edges
4 10
0 6
0 8
0 4
0 11
0 3
6 #edges
6 8
4 10
0 6
0 4
0 11
0 3
1 #trees for patient 11
6 #edges
6 8
4 10
11 6
0 4
0 11
0 3
16 #trees for patient 12
6 #edges
6 8
11 6
0 11
0 10
0 3
3 4
6 #edges
8 6
11 8
0 11
0 10
0 3
3 4
6 #edges
6 8
4 10
11 6
0 4
0 11
0 3
6 #edges
6 8
11 6
0 4
0 11
0 3
3 10
6 #edges
4 10
11 6
0 4
0 11
0 3
3 8
6 #edges
11 6
0 4
0 11
0 3
3 8
3 10
6 #edges
6 8
4 10
11 6
0 11
0 3
3 4
6 #edges
4 10
11 8
0 4
0 11
0 3
3 6
6 #edges
8 6
4 10
11 8
0 4
0 11
0 3
6 #edges
11 8
0 4
0 11
0 3
3 6
3 10
6 #edges
8 6
11 8
0 4
0 11
0 3
3 10
6 #edges
8 6
0 4
0 11
0 3
3 8
3 10
6 #edges
6 8
0 4
0 11
0 3
3 6
3 10
6 #edges
8 6
4 10
0 4
0 11
0 3
3 8
6 #edges
6 8
4 10
0 4
0 11
0 3
3 6
6 #edges
8 6
4 10
11 8
0 11
0 3
3 4
5 #trees for patient 13
6 #edges
6 3
4 10
11 6
0 8
0 4
0 11
6 #edges
4 10
11 6
0 4
0 11
0 3
3 8
6 #edges
6 8
4 10
11 6
0 4
0 11
0 3
6 #edges
6 8
6 3
4 10
11 6
0 4
0 11
6 #edges
6 3
4 10
11 6
0 4
0 11
3 8
6 #trees for patient 14
6 #edges
6 8
8 11
2 5
5 6
0 2
0 3
6 #edges
6 11
8 6
2 5
5 8
0 2
0 3
6 #edges
6 11
8 5
2 8
5 6
0 2
0 3
6 #edges
6 5
8 6
2 8
5 11
0 2
0 3
6 #edges
6 8
8 5
2 6
5 11
0 2
0 3
6 #edges
6 5
8 11
2 6
5 8
0 2
0 3
4 #trees for patient 15
6 #edges
6 5
8 2
2 6
5 11
0 8
0 3
6 #edges
6 5
8 6
2 8
5 11
0 2
0 3
6 #edges
6 5
6 3
8 6
2 8
5 11
0 2
6 #edges
6 5
6 3
8 2
2 6
5 11
0 8
24 #trees for patient 16
6 #edges
6 11
8 2
2 6
5 8
0 5
0 3
6 #edges
6 2
8 6
2 11
5 8
0 5
0 3
6 #edges
6 8
8 11
2 6
5 2
0 5
0 3
6 #edges
6 11
8 6
2 8
5 2
0 5
0 3
6 #edges
6 2
8 11
2 8
5 6
0 5
0 3
6 #edges
6 8
8 2
2 11
5 6
0 5
0 3
6 #edges
6 5
8 6
2 11
5 2
0 8
0 3
6 #edges
6 2
8 6
2 5
5 11
0 8
0 3
6 #edges
6 11
8 5
2 6
5 2
0 8
0 3
6 #edges
6 2
8 5
2 11
5 6
0 8
0 3
6 #edges
6 11
8 2
2 5
5 6
0 8
0 3
6 #edges
6 5
8 2
2 6
5 11
0 8
0 3
6 #edges
6 5
8 6
2 8
5 11
0 2
0 3
6 #edges
6 11
8 5
2 8
5 6
0 2
0 3
6 #edges
6 11
8 6
2 5
5 8
0 2
0 3
6 #edges
6 8
8 11
2 5
5 6
0 2
0 3
6 #edges
6 5
8 11
2 6
5 8
0 2
0 3
6 #edges
6 8
8 5
2 6
5 11
0 2
0 3
6 #edges
6 8
8 2
2 5
5 11
0 6
0 3
6 #edges
6 8
8 5
2 11
5 2
0 6
0 3
6 #edges
6 5
8 11
2 8
5 2
0 6
0 3
6 #edges
6 5
8 2
2 11
5 8
0 6
0 3
6 #edges
6 2
8 11
2 5
5 8
0 6
0 3
6 #edges
6 2
8 5
2 8
5 11
0 6
0 3
7 #trees for patient 17
6 #edges
8 6
2 8
11 5
0 2
0 3
3 11
6 #edges
8 6
2 8
0 2
0 3
3 11
3 5
6 #edges
6 5
8 6
2 8
0 2
0 3
3 11
6 #edges
6 11
8 6
2 8
11 5
0 2
0 3
6 #edges
6 11
8 6
2 8
0 2
0 3
3 5
6 #edges
8 6
2 8
5 11
0 2
0 3
3 5
6 #edges
6 5
8 6
2 8
5 11
0 2
0 3
2 #trees for patient 18
6 #edges
6 5
8 6
2 8
0 2
0 3
3 11
6 #edges
6 5
8 6
2 8
5 11
0 2
0 3
12 #trees for patient 19
6 #edges
6 5
8 11
2 6
5 8
0 2
0 3
6 #edges
6 8
8 5
2 6
5 11
0 2
0 3
6 #edges
6 8
8 11
2 5
5 6
0 2
0 3
6 #edges
6 11
8 6
2 5
5 8
0 2
0 3
6 #edges
6 5
8 6
2 8
5 11
0 2
0 3
6 #edges
6 11
8 5
2 8
5 6
0 2
0 3
6 #edges
6 8
8 5
2 6
2 3
5 11
0 2
6 #edges
6 5
8 11
2 6
2 3
5 8
0 2
6 #edges
6 11
8 5
2 8
2 3
5 6
0 2
6 #edges
6 5
8 6
2 8
2 3
5 11
0 2
6 #edges
6 11
8 6
2 5
2 3
5 8
0 2
6 #edges
6 8
8 11
2 5
2 3
5 6
0 2
24 #trees for patient 20
6 #edges
6 8
8 5
2 6
5 11
0 2
0 3
6 #edges
6 8
8 11
2 6
11 5
0 2
0 3
6 #edges
6 11
2 6
11 5
5 8
0 2
0 3
6 #edges
6 11
8 5
2 6
11 8
0 2
0 3
6 #edges
6 5
2 6
11 8
5 11
0 2
0 3
6 #edges
6 5
8 11
2 6
5 8
0 2
0 3
6 #edges
6 8
2 11
11 5
5 6
0 2
0 3
6 #edges
8 6
2 11
11 5
5 8
0 2
0 3
6 #edges
6 8
8 5
2 11
11 6
0 2
0 3
6 #edges
6 5
2 11
11 6
5 8
0 2
0 3
6 #edges
8 5
2 11
11 8
5 6
0 2
0 3
6 #edges
6 5
8 6
2 11
11 8
0 2
0 3
6 #edges
6 11
8 6
2 5
5 8
0 2
0 3
6 #edges
8 11
2 5
11 6
5 8
0 2
0 3
6 #edges
6 8
2 5
11 6
5 11
0 2
0 3
6 #edges
8 6
2 5
11 8
5 11
0 2
0 3
6 #edges
6 8
8 11
2 5
5 6
0 2
0 3
6 #edges
6 11
2 5
11 8
5 6
0 2
0 3
6 #edges
8 11
2 8
11 5
5 6
0 2
0 3
6 #edges
6 5
8 11
2 8
11 6
0 2
0 3
6 #edges
6 11
8 5
2 8
5 6
0 2
0 3
6 #edges
8 5
2 8
11 6
5 11
0 2
0 3
6 #edges
6 5
8 6
2 8
5 11
0 2
0 3
6 #edges
6 11
8 6
2 8
11 5
0 2
0 3
4 #trees for patient 21
6 #edges
6 5
8 6
2 8
5 11
0 2
0 3
6 #edges
6 11
8 5
2 8
5 6
0 2
0 3
6 #edges
6 11
8 2
2 5
5 6
0 8
0 3
6 #edges
6 5
8 2
2 6
5 11
0 8
0 3
8 #trees for patient 22
6 #edges
8 11
8 5
2 8
5 6
0 2
0 3
6 #edges
6 11
8 5
2 8
5 6
0 2
0 3
6 #edges
6 5
8 6
8 11
2 8
0 2
0 3
6 #edges
6 5
8 6
2 8
5 11
0 2
0 3
6 #edges
6 5
8 2
2 6
5 11
0 8
0 3
6 #edges
6 5
8 2
2 6
2 11
0 8
0 3
6 #edges
8 2
2 11
2 5
5 6
0 8
0 3
6 #edges
6 11
8 2
2 5
5 6
0 8
0 3
8 #trees for patient 23
6 #edges
6 5
8 6
2 8
5 11
0 2
0 3
6 #edges
6 11
8 6
2 8
11 5
0 2
0 3
6 #edges
6 11
8 2
2 6
11 5
0 8
0 3
6 #edges
6 5
8 2
2 6
5 11
0 8
0 3
6 #edges
6 5
8 6
2 8
11 3
5 11
0 2
6 #edges
6 11
8 6
2 8
11 5
5 3
0 2
6 #edges
6 5
8 2
2 6
11 3
5 11
0 8
6 #edges
6 11
8 2
2 6
11 5
5 3
0 8
2 #trees for patient 24
6 #edges
6 5
8 6
2 8
5 11
0 2
0 3
6 #edges
6 5
8 2
2 6
5 11
0 8
0 3
2 #trees for patient 25
6 #edges
6 5
8 6
2 8
5 11
0 2
0 3
6 #edges
6 5
8 6
2 8
5 11
5 3
0 2
106 #trees for patient 26
6 #edges
5 6
0 2
0 3
3 8
3 11
3 5
6 #edges
2 8
5 6
0 2
0 3
3 11
3 5
6 #edges
11 6
0 2
0 3
3 8
3 11
3 5
6 #edges
2 8
11 6
0 2
0 3
3 11
3 5
6 #edges
8 6
0 2
0 3
3 8
3 11
3 5
6 #edges
2 6
0 2
0 3
3 8
3 11
3 5
6 #edges
2 8
0 2
0 3
3 6
3 11
3 5
6 #edges
8 6
2 8
0 2
0 3
3 11
3 5
6 #edges
6 11
5 6
0 2
0 3
3 8
3 5
6 #edges
8 11
5 6
0 2
0 3
3 8
3 5
6 #edges
2 11
5 6
0 2
0 3
3 8
3 5
6 #edges
6 11
2 8
5 6
0 2
0 3
3 5
6 #edges
8 11
2 8
5 6
0 2
0 3
3 5
6 #edges
2 8
5 11
0 2
0 3
3 6
3 5
6 #edges
5 11
0 2
0 3
3 6
3 8
3 5
6 #edges
2 8
11 6
5 11
0 2
0 3
3 5
6 #edges
11 6
5 11
0 2
0 3
3 8
3 5
6 #edges
2 6
5 11
0 2
0 3
3 8
3 5
6 #edges
8 6
5 11
0 2
0 3
3 8
3 5
6 #edges
8 6
2 8
5 11
0 2
0 3
3 5
6 #edges
6 11
0 2
0 3
3 6
3 8
3 5
6 #edges
6 11
2 8
0 2
0 3
3 6
3 5
6 #edges
8 11
0 2
0 3
3 6
3 8
3 5
6 #edges
2 11
0 2
0 3
3 6
3 8
3 5
6 #edges
8 11
2 8
0 2
0 3
3 6
3 5
6 #edges
8 11
2 6
0 2
0 3
3 8
3 5
6 #edges
8 11
11 6
0 2
0 3
3 8
3 5
6 #edges
8 6
2 11
0 2
0 3
3 8
3 5
6 #edges
2 11
11 6
0 2
0 3
3 8
3 5
6 #edges
6 11
2 6
0 2
0 3
3 8
3 5
6 #edges
6 11
8 6
0 2
0 3
3 8
3 5
6 #edges
6 11
8 6
2 8
0 2
0 3
3 5
6 #edges
8 11
2 8
11 6
0 2
0 3
3 5
6 #edges
2 5
11 6
0 2
0 3
3 8
3 11
6 #edges
2 5
0 2
0 3
3 6
3 8
3 11
6 #edges
2 5
5 6
0 2
0 3
3 8
3 11
6 #edges
8 6
2 5
0 2
0 3
3 8
3 11
6 #edges
2 5
11 6
5 11
0 2
0 3
3 8
6 #edges
8 6
2 5
5 11
0 2
0 3
3 8
6 #edges
2 5
5 11
0 2
0 3
3 6
3 8
6 #edges
6 11
2 5
0 2
0 3
3 6
3 8
6 #edges
8 11
2 5
0 2
0 3
3 6
3 8
6 #edges
8 11
2 5
5 6
0 2
0 3
3 8
6 #edges
8 11
2 5
11 6
0 2
0 3
3 8
6 #edges
6 11
8 6
2 5
0 2
0 3
3 8
6 #edges
6 11
2 5
5 6
0 2
0 3
3 8
6 #edges
6 5
2 11
11 6
0 2
0 3
3 8
6 #edges
8 5
2 11
11 6
0 2
0 3
3 8
6 #edges
2 11
11 5
5 6
0 2
0 3
3 8
6 #edges
2 11
11 5
0 2
0 3
3 6
3 8
6 #edges
8 6
2 11
11 5
0 2
0 3
3 8
6 #edges
8 5
2 11
5 6
0 2
0 3
3 8
6 #edges
8 5
2 11
0 2
0 3
3 6
3 8
6 #edges
6 5
2 11
0 2
0 3
3 6
3 8
6 #edges
6 5
8 6
2 11
0 2
0 3
3 8
6 #edges
6 11
11 5
0 2
0 3
3 6
3 8
6 #edges
6 11
8 5
0 2
0 3
3 6
3 8
6 #edges
6 5
8 11
0 2
0 3
3 6
3 8
6 #edges
6 5
0 2
0 3
3 6
3 8
3 11
6 #edges
6 5
5 11
0 2
0 3
3 6
3 8
6 #edges
8 5
0 2
0 3
3 6
3 8
3 11
6 #edges
8 5
5 11
0 2
0 3
3 6
3 8
6 #edges
8 11
11 5
0 2
0 3
3 6
3 8
6 #edges
11 5
0 2
0 3
3 6
3 8
3 11
6 #edges
6 5
8 6
0 2
0 3
3 8
3 11
6 #edges
6 5
8 6
5 11
0 2
0 3
3 8
6 #edges
8 6
11 5
0 2
0 3
3 8
3 11
6 #edges
6 11
8 6
11 5
0 2
0 3
3 8
6 #edges
8 11
2 6
11 5
0 2
0 3
3 8
6 #edges
8 11
11 5
5 6
0 2
0 3
3 8
6 #edges
6 5
8 11
2 6
0 2
0 3
3 8
6 #edges
6 5
8 11
11 6
0 2
0 3
3 8
6 #edges
8 5
2 6
5 11
0 2
0 3
3 8
6 #edges
8 5
2 6
0 2
0 3
3 8
3 11
6 #edges
6 11
8 5
2 6
0 2
0 3
3 8
6 #edges
6 5
2 6
0 2
0 3
3 8
3 11
6 #edges
6 5
2 6
5 11
0 2
0 3
3 8
6 #edges
2 6
11 5
0 2
0 3
3 8
3 11
6 #edges
6 11
2 6
11 5
0 2
0 3
3 8
6 #edges
8 5
11 6
5 11
0 2
0 3
3 8
6 #edges
8 5
5 6
0 2
0 3
3 8
3 11
6 #edges
8 5
11 6
0 2
0 3
3 8
3 11
6 #edges
6 11
8 5
5 6
0 2
0 3
3 8
6 #edges
6 5
11 6
0 2
0 3
3 8
3 11
6 #edges
11 5
5 6
0 2
0 3
3 8
3 11
6 #edges
6 5
2 8
0 2
0 3
3 6
3 11
6 #edges
2 8
11 5
0 2
0 3
3 6
3 11
6 #edges
8 5
2 8
0 2
0 3
3 6
3 11
6 #edges
8 6
2 8
11 5
0 2
0 3
3 11
6 #edges
2 8
11 5
5 6
0 2
0 3
3 11
6 #edges
6 5
2 8
11 6
0 2
0 3
3 11
6 #edges
8 5
2 8
11 6
0 2
0 3
3 11
6 #edges
6 5
8 6
2 8
0 2
0 3
3 11
6 #edges
8 5
2 8
5 6
0 2
0 3
3 11
6 #edges
6 11
8 5
2 8
5 6
0 2
0 3
6 #edges
8 5
2 8
5 11
0 2
0 3
3 6
6 #edges
8 5
2 8
11 6
5 11
0 2
0 3
6 #edges
6 11
8 5
2 8
0 2
0 3
3 6
6 #edges
6 11
2 8
11 5
0 2
0 3
3 6
6 #edges
6 5
8 11
2 8
0 2
0 3
3 6
6 #edges
6 5
2 8
5 11
0 2
0 3
3 6
6 #edges
8 11
2 8
11 5
0 2
0 3
3 6
6 #edges
6 5
8 11
2 8
11 6
0 2
0 3
6 #edges
8 11
2 8
11 5
5 6
0 2
0 3
6 #edges
6 5
8 6
2 8
5 11
0 2
0 3
6 #edges
6 11
8 6
2 8
11 5
0 2
0 3
4 #trees for patient 27
6 #edges
6 5
8 6
2 8
5 11
0 2
0 3
6 #edges
6 11
8 5
2 8
5 6
0 2
0 3
6 #edges
6 5
8 6
2 8
5 11
5 3
0 2
6 #edges
6 11
6 3
8 5
2 8
5 6
0 2
12 #trees for patient 28
6 #edges
6 11
8 6
2 8
11 5
0 2
0 3
6 #edges
6 5
8 6
2 8
5 11
0 2
0 3
6 #edges
6 5
8 11
2 8
11 6
0 2
0 3
6 #edges
8 11
2 8
11 5
5 6
0 2
0 3
6 #edges
6 11
8 5
2 8
5 6
0 2
0 3
6 #edges
8 5
2 8
11 6
5 11
0 2
0 3
6 #edges
6 5
8 11
2 8
11 6
5 3
0 2
6 #edges
6 3
8 11
2 8
11 5
5 6
0 2
6 #edges
6 11
8 5
2 8
11 3
5 6
0 2
6 #edges
6 3
8 5
2 8
11 6
5 11
0 2
6 #edges
6 5
8 6
2 8
11 3
5 11
0 2
6 #edges
6 11
8 6
2 8
11 5
5 3
0 2
14 #trees for patient 29
6 #edges
8 6
2 8
5 11
0 2
0 5
0 3
6 #edges
6 8
2 6
5 11
0 2
0 5
0 3
6 #edges
6 8
8 11
2 6
0 2
0 5
0 3
6 #edges
6 11
8 6
2 8
0 2
0 5
0 3
6 #edges
8 6
2 8
11 5
0 2
0 11
0 3
6 #edges
6 8
2 6
11 5
0 2
0 11
0 3
6 #edges
6 5
8 6
2 8
0 2
0 11
0 3
6 #edges
6 8
8 5
2 6
0 2
0 11
0 3
6 #edges
6 8
8 5
2 6
5 11
0 2
0 3
6 #edges
6 8
8 11
8 5
2 6
0 2
0 3
6 #edges
6 8
8 11
2 6
11 5
0 2
0 3
6 #edges
6 11
6 5
8 6
2 8
0 2
0 3
6 #edges
6 5
8 6
2 8
5 11
0 2
0 3
6 #edges
6 11
8 6
2 8
11 5
0 2
0 3
8 #trees for patient 30
6 #edges
6 5
8 6
2 8
5 11
0 2
0 3
6 #edges
6 5
8 2
2 6
5 11
0 8
0 3
6 #edges
6 5
8 6
8 3
2 8
5 11
0 2
6 #edges
6 5
8 6
2 8
5 11
5 3
0 2
6 #edges
6 5
8 6
2 8
11 3
5 11
0 2
6 #edges
6 5
8 2
2 6
2 3
5 11
0 8
6 #edges
6 5
8 2
2 6
5 11
5 3
0 8
6 #edges
6 5
8 2
2 6
11 3
5 11
0 8
72 #trees for patient 31
6 #edges
6 8
2 6
5 11
0 5
0 3
3 2
6 #edges
8 6
2 8
5 11
0 5
0 3
3 2
6 #edges
6 11
8 6
2 8
0 5
0 3
3 2
6 #edges
6 8
8 11
2 6
0 5
0 3
3 2
6 #edges
8 6
2 8
11 5
0 11
0 3
3 2
6 #edges
6 8
2 6
11 5
0 11
0 3
3 2
6 #edges
6 8
8 5
2 6
0 11
0 3
3 2
6 #edges
6 5
8 6
2 8
0 11
0 3
3 2
6 #edges
6 8
8 11
2 6
0 2
0 3
3 5
6 #edges
6 8
8 11
2 6
11 5
0 2
0 3
6 #edges
6 8
2 6
11 5
0 2
0 3
3 11
6 #edges
6 8
8 5
2 6
0 2
0 3
3 11
6 #edges
6 8
8 5
2 6
5 11
0 2
0 3
6 #edges
6 8
2 6
5 11
0 2
0 3
3 5
6 #edges
6 11
2 6
11 5
0 2
0 3
3 8
6 #edges
6 11
8 5
2 6
0 2
0 3
3 8
6 #edges
6 5
8 11
2 6
0 2
0 3
3 8
6 #edges
6 5
2 6
5 11
0 2
0 3
3 8
6 #edges
8 5
2 6
5 11
0 2
0 3
3 8
6 #edges
8 11
2 6
11 5
0 2
0 3
3 8
6 #edges
8 6
2 5
5 11
0 2
0 3
3 8
6 #edges
6 8
2 5
5 11
0 2
0 3
3 6
6 #edges
6 11
8 6
2 5
0 2
0 3
3 8
6 #edges
6 8
8 11
2 5
0 2
0 3
3 6
6 #edges
6 8
2 11
11 5
0 2
0 3
3 6
6 #edges
8 6
2 11
11 5
0 2
0 3
3 8
6 #edges
6 5
8 6
2 11
0 2
0 3
3 8
6 #edges
6 8
8 5
2 11
0 2
0 3
3 6
6 #edges
6 11
2 8
11 5
0 2
0 3
3 6
6 #edges
6 11
8 5
2 8
0 2
0 3
3 6
6 #edges
6 5
8 11
2 8
0 2
0 3
3 6
6 #edges
6 5
2 8
5 11
0 2
0 3
3 6
6 #edges
8 5
2 8
5 11
0 2
0 3
3 6
6 #edges
8 11
2 8
11 5
0 2
0 3
3 6
6 #edges
6 8
8 5
5 11
0 2
0 3
3 6
6 #edges
6 8
8 11
11 5
0 2
0 3
3 6
6 #edges
8 6
2 8
11 5
0 2
0 3
3 11
6 #edges
6 5
8 6
2 8
0 2
0 3
3 11
6 #edges
6 11
8 6
2 8
0 2
0 3
3 5
6 #edges
8 6
2 8
5 11
0 2
0 3
3 5
6 #edges
6 5
8 6
5 11
0 2
0 3
3 8
6 #edges
6 11
8 6
11 5
0 2
0 3
3 8
6 #edges
6 11
8 6
2 8
11 5
0 2
0 3
6 #edges
6 5
8 6
2 8
5 11
0 2
0 3
6 #edges
6 11
8 5
2 6
0 8
0 3
3 2
6 #edges
8 5
2 6
5 11
0 8
0 3
3 2
6 #edges
6 11
8 6
11 5
0 8
0 3
3 2
6 #edges
6 11
8 6
2 5
0 8
0 3
3 2
6 #edges
6 5
8 6
5 11
0 8
0 3
3 2
6 #edges
6 5
8 6
2 11
0 8
0 3
3 2
6 #edges
8 6
2 5
5 11
0 8
0 3
3 2
6 #edges
8 6
2 11
11 5
0 8
0 3
3 2
6 #edges
8 11
2 6
11 5
0 8
0 3
3 2
6 #edges
6 5
8 11
2 6
0 8
0 3
3 2
6 #edges
6 5
2 6
5 11
0 8
0 3
3 2
6 #edges
6 11
2 6
11 5
0 8
0 3
3 2
6 #edges
6 11
2 8
11 5
0 6
0 3
3 2
6 #edges
6 11
8 5
2 8
0 6
0 3
3 2
6 #edges
6 5
2 8
5 11
0 6
0 3
3 2
6 #edges
6 5
8 11
2 8
0 6
0 3
3 2
6 #edges
6 8
8 11
2 5
0 6
0 3
3 2
6 #edges
6 8
2 5
5 11
0 6
0 3
3 2
6 #edges
6 8
2 11
11 5
0 6
0 3
3 2
6 #edges
6 8
8 5
2 11
0 6
0 3
3 2
6 #edges
6 8
8 11
11 5
0 6
0 3
3 2
6 #edges
6 8
8 5
5 11
0 6
0 3
3 2
6 #edges
8 5
2 8
5 11
0 6
0 3
3 2
6 #edges
8 11
2 8
11 5
0 6
0 3
3 2
6 #edges
6 8
8 5
2 6
5 11
0 3
3 2
6 #edges
6 8
8 11
2 6
11 5
0 3
3 2
6 #edges
6 11
8 6
2 8
11 5
0 3
3 2
6 #edges
6 5
8 6
2 8
5 11
0 3
3 2
4 #trees for patient 32
6 #edges
6 5
8 6
2 8
5 11
0 2
0 3
6 #edges
6 8
8 5
2 6
5 11
0 2
0 3
6 #edges
6 5
8 6
2 8
5 11
5 3
0 2
6 #edges
6 8
8 5
2 6
5 11
5 3
0 2
2 #trees for patient 33
6 #edges
11 5
11 3
5 6
5 8
0 11
3 9
6 #edges
11 9
11 5
9 3
5 6
5 8
0 11
2 #trees for patient 34
6 #edges
11 5
11 3
5 6
5 8
0 11
3 9
6 #edges
11 9
11 5
9 3
5 6
5 8
0 11
4 #trees for patient 35
6 #edges
11 9
11 5
5 6
5 8
0 11
0 3
6 #edges
11 6
11 9
11 5
5 8
0 11
0 3
6 #edges
11 6
11 9
11 5
9 3
5 8
0 11
6 #edges
11 9
11 5
9 3
5 6
5 8
0 11
7 #trees for patient 36
6 #edges
11 9
11 5
9 3
5 6
5 8
0 11
6 #edges
8 6
11 9
11 5
9 3
5 8
0 11
6 #edges
6 3
11 9
11 5
5 6
5 8
0 11
6 #edges
8 3
11 9
11 5
5 6
5 8
0 11
6 #edges
8 6
8 3
11 9
11 5
5 8
0 11
6 #edges
8 6
11 9
11 5
5 8
5 3
0 11
6 #edges
6 3
8 6
11 9
11 5
5 8
0 11
4 #trees for patient 37
6 #edges
11 5
11 3
5 6
5 8
0 11
3 9
6 #edges
8 6
11 5
11 3
5 8
0 11
3 9
6 #edges
8 6
11 9
11 5
9 3
5 8
0 11
6 #edges
11 9
11 5
9 3
5 6
5 8
0 11
2 #trees for patient 38
6 #edges
11 9
11 5
9 3
5 6
5 8
0 11
6 #edges
11 9
11 5
9 6
9 3
5 8
0 11
2 #trees for patient 39
6 #edges
11 5
11 3
5 6
5 8
0 11
3 9
6 #edges
11 9
11 5
9 3
5 6
5 8
0 11
14 #trees for patient 40
6 #edges
11 8
11 9
11 5
5 6
5 3
0 11
6 #edges
11 9
11 5
5 6
5 8
5 3
0 11
6 #edges
11 5
5 6
5 8
5 9
5 3
0 11
6 #edges
11 8
11 5
5 6
5 9
5 3
0 11
6 #edges
11 8
11 5
5 6
5 3
0 11
3 9
6 #edges
11 5
5 6
5 8
5 3
0 11
3 9
6 #edges
11 8
11 5
11 3
5 6
5 9
0 11
6 #edges
11 8
11 5
9 3
5 6
5 9
0 11
6 #edges
11 8
11 5
11 3
5 6
0 11
3 9
6 #edges
11 8
11 9
11 5
9 3
5 6
0 11
6 #edges
11 9
11 5
9 3
5 6
5 8
0 11
6 #edges
11 5
11 3
5 6
5 8
5 9
0 11
6 #edges
11 5
11 3
5 6
5 8
0 11
3 9
6 #edges
11 5
9 3
5 6
5 8
5 9
0 11
2 #trees for patient 41
6 #edges
8 6
11 9
11 5
9 3
5 8
0 11
6 #edges
11 9
11 5
9 3
5 6
5 8
0 11
11 #trees for patient 42
6 #edges
11 6
11 9
11 5
9 3
0 8
0 11
6 #edges
11 9
11 5
9 3
5 6
0 8
0 11
6 #edges
6 8
11 9
11 5
9 3
0 6
0 11
6 #edges
11 8
11 9
11 5
9 3
0 6
0 11
6 #edges
11 9
11 5
9 3
5 8
0 6
0 11
6 #edges
11 9
11 5
9 3
5 6
5 8
0 11
6 #edges
11 8
11 9
11 5
9 3
5 6
0 11
6 #edges
6 8
11 9
11 5
9 3
5 6
0 11
6 #edges
6 8
11 6
11 9
11 5
9 3
0 11
6 #edges
11 6
11 8
11 9
11 5
9 3
0 11
6 #edges
11 6
11 9
11 5
9 3
5 8
0 11
1 #trees for patient 43
6 #edges
11 9
11 5
9 3
5 6
5 8
0 11
2 #trees for patient 44
6 #edges
11 9
11 5
9 3
5 6
5 8
0 11
6 #edges
8 6
11 9
11 5
9 3
5 8
0 11
2 #trees for patient 45
6 #edges
11 5
11 3
5 6
5 8
0 11
3 9
6 #edges
11 9
11 5
9 3
5 6
5 8
0 11
2 #trees for patient 46
6 #edges
11 9
11 5
9 6
9 3
5 8
0 11
6 #edges
11 9
11 5
9 3
5 6
5 8
0 11
6 #trees for patient 47
6 #edges
11 9
11 5
9 3
5 6
5 8
0 11
6 #edges
6 3
11 9
11 5
5 6
5 8
0 11
6 #edges
11 5
11 3
5 6
5 8
0 11
3 9
6 #edges
6 9
11 5
11 3
5 6
5 8
0 11
6 #edges
6 3
11 5
5 6
5 8
0 11
3 9
6 #edges
6 9
11 5
9 3
5 6
5 8
0 11
4 #trees for patient 48
6 #edges
11 9
11 5
9 3
5 6
5 8
0 11
6 #edges
8 6
11 9
11 5
9 3
5 8
0 11
6 #edges
8 6
11 5
11 3
5 8
0 11
3 9
6 #edges
11 5
11 3
5 6
5 8
0 11
3 9
4 #trees for patient 49
6 #edges
11 9
11 5
9 3
5 8
0 11
3 6
6 #edges
11 9
11 5
9 3
5 6
5 8
0 11
6 #edges
11 5
11 3
5 6
5 8
0 11
3 9
6 #edges
11 5
11 3
9 6
5 8
0 11
3 9
