50 # patients
50 #trees for patient 0
6 #edges
0 10
0 11
0 8
0 4
11 6
6 3
6 #edges
0 10
0 8
0 4
0 6
11 3
6 11
6 #edges
0 10
0 11
0 4
0 6
4 8
6 3
6 #edges
0 10
0 11
0 4
0 6
11 3
4 8
6 #edges
0 10
0 11
0 4
11 6
4 8
6 3
6 #edges
0 10
0 3
0 11
0 4
11 6
4 8
6 #edges
0 10
0 3
0 4
0 6
4 8
6 11
6 #edges
0 10
0 4
0 6
11 3
4 8
6 11
6 #edges
0 3
0 11
0 4
0 6
4 8
6 10
6 #edges
0 3
0 11
0 4
0 6
11 10
4 8
6 #edges
0 3
0 11
0 4
0 6
3 10
4 8
6 #edges
0 3
0 8
0 4
0 6
3 10
6 11
6 #edges
0 3
0 8
0 4
0 6
11 10
6 11
6 #edges
0 3
0 4
0 6
11 10
4 8
6 11
6 #edges
0 3
0 4
0 6
3 10
4 8
6 11
6 #edges
0 3
0 11
0 8
0 4
3 10
11 6
6 #edges
0 3
0 11
0 4
3 10
11 6
4 8
6 #edges
0 3
0 11
0 4
11 6
4 8
6 10
6 #edges
0 3
0 11
0 8
0 4
11 6
6 10
6 #edges
0 11
0 4
0 6
11 10
4 8
6 3
6 #edges
0 11
0 8
0 4
0 6
11 10
6 3
6 #edges
0 11
0 4
3 10
11 6
4 8
6 3
6 #edges
0 11
0 8
0 4
3 10
11 6
6 3
6 #edges
0 11
0 8
0 4
0 6
3 10
11 3
6 #edges
0 11
0 8
0 4
0 6
11 3
6 10
6 #edges
0 11
0 8
0 4
0 6
3 10
6 3
6 #edges
0 11
0 4
0 6
3 10
11 3
4 8
6 #edges
0 11
0 4
0 6
11 3
4 8
6 10
6 #edges
0 11
0 4
0 6
3 10
4 8
6 3
6 #edges
0 4
0 6
3 10
11 3
4 8
6 11
6 #edges
0 8
0 4
0 6
3 10
11 3
6 11
6 #edges
0 10
0 11
0 8
0 6
8 4
6 3
6 #edges
0 10
0 11
0 8
0 6
11 3
8 4
6 #edges
0 10
0 3
0 8
0 6
8 4
6 11
6 #edges
0 10
0 8
0 6
11 3
8 4
6 11
6 #edges
0 10
0 3
0 11
0 8
11 6
8 4
6 #edges
0 10
0 11
0 8
11 6
8 4
6 3
6 #edges
0 3
0 11
0 8
0 6
8 4
6 10
6 #edges
0 3
0 11
0 8
0 6
11 10
8 4
6 #edges
0 3
0 11
0 8
0 6
3 10
8 4
6 #edges
0 3
0 8
0 6
3 10
8 4
6 11
6 #edges
0 3
0 8
0 6
11 10
8 4
6 11
6 #edges
0 11
0 8
0 6
3 10
8 4
6 3
6 #edges
0 11
0 8
0 6
11 10
8 4
6 3
6 #edges
0 8
0 6
3 10
11 3
8 4
6 11
6 #edges
0 11
0 8
0 6
11 3
8 4
6 10
6 #edges
0 11
0 8
0 6
3 10
11 3
8 4
6 #edges
0 3
0 11
0 8
3 10
11 6
8 4
6 #edges
0 3
0 11
0 8
11 6
8 4
6 10
6 #edges
0 11
0 8
3 10
11 6
8 4
6 3
24 #trees for patient 1
6 #edges
0 10
0 11
0 8
11 6
8 4
6 3
6 #edges
0 10
0 11
0 8
3 6
11 3
8 4
6 #edges
0 10
0 11
0 4
11 6
4 8
6 3
6 #edges
0 10
0 11
0 4
3 6
11 3
4 8
6 #edges
0 10
0 4
0 6
11 3
4 8
6 11
6 #edges
0 10
0 8
0 6
11 3
8 4
6 11
6 #edges
0 10
0 8
0 6
3 11
8 4
6 3
6 #edges
0 10
0 4
0 6
3 11
4 8
6 3
6 #edges
0 10
0 3
0 8
3 11
11 6
8 4
6 #edges
0 10
0 3
0 8
3 6
8 4
6 11
6 #edges
0 10
0 3
0 4
3 6
4 8
6 11
6 #edges
0 10
0 3
0 4
3 11
11 6
4 8
6 #edges
0 3
0 4
3 6
11 10
4 8
6 11
6 #edges
0 3
0 4
3 11
11 6
4 8
6 10
6 #edges
0 4
0 6
3 10
11 3
4 8
6 11
6 #edges
0 4
0 6
3 11
11 10
4 8
6 3
6 #edges
0 11
0 4
3 6
11 3
4 8
6 10
6 #edges
0 11
0 4
3 10
11 6
4 8
6 3
6 #edges
0 11
0 8
3 10
11 6
8 4
6 3
6 #edges
0 11
0 8
3 6
11 3
8 4
6 10
6 #edges
0 3
0 8
3 11
11 6
8 4
6 10
6 #edges
0 3
0 8
3 6
11 10
8 4
6 11
6 #edges
0 8
0 6
3 10
11 3
8 4
6 11
6 #edges
0 8
0 6
3 11
11 10
8 4
6 3
8 #trees for patient 2
6 #edges
0 10
0 11
0 8
11 6
8 4
6 3
6 #edges
0 10
0 11
0 8
11 3
11 6
8 4
6 #edges
0 10
0 11
0 4
11 3
11 6
4 8
6 #edges
0 10
0 11
0 4
11 6
4 8
6 3
6 #edges
0 11
0 4
11 3
11 6
8 10
4 8
6 #edges
0 11
0 4
11 6
8 10
4 8
6 3
6 #edges
0 11
0 8
11 3
11 6
8 4
4 10
6 #edges
0 11
0 8
11 6
8 4
4 10
6 3
4 #trees for patient 3
6 #edges
0 10
0 4
0 6
11 3
4 8
6 11
6 #edges
0 10
0 11
0 4
11 6
4 8
6 3
6 #edges
0 4
0 6
3 10
11 3
4 8
6 11
6 #edges
0 11
0 4
3 10
11 6
4 8
6 3
7 #trees for patient 4
6 #edges
0 10
0 11
0 4
11 6
4 8
6 3
6 #edges
0 10
0 11
0 4
11 6
8 3
4 8
6 #edges
0 10
0 11
0 4
8 3
8 6
4 8
6 #edges
0 10
0 11
0 4
8 6
4 8
6 3
6 #edges
0 10
0 11
0 4
11 3
8 6
4 8
6 #edges
0 10
0 11
0 4
3 6
11 3
4 8
6 #edges
0 10
0 11
0 4
3 6
8 3
4 8
4 #trees for patient 5
6 #edges
0 10
0 4
0 6
11 3
4 8
6 11
6 #edges
0 10
0 11
0 4
11 6
4 8
6 3
6 #edges
0 4
0 6
3 10
11 3
4 8
6 11
6 #edges
0 11
0 4
3 10
11 6
4 8
6 3
2 #trees for patient 6
6 #edges
0 10
0 4
0 6
11 3
4 8
6 11
6 #edges
0 10
0 11
0 4
11 6
4 8
6 3
4 #trees for patient 7
6 #edges
0 10
0 4
0 6
11 3
4 8
6 11
6 #edges
0 10
0 11
0 4
11 6
4 8
6 3
6 #edges
0 10
0 8
0 6
11 3
8 4
6 11
6 #edges
0 10
0 11
0 8
11 6
8 4
6 3
7 #trees for patient 8
6 #edges
0 10
0 11
0 4
11 6
8 3
4 8
6 #edges
0 10
0 11
0 4
11 6
4 8
6 3
6 #edges
0 11
0 4
11 6
8 10
8 3
4 8
6 #edges
0 11
0 4
11 6
8 10
4 8
6 3
6 #edges
0 11
0 4
3 10
11 6
8 3
4 8
6 #edges
0 11
0 4
11 6
8 3
4 8
6 10
6 #edges
0 11
0 4
3 10
11 6
4 8
6 3
8 #trees for patient 9
6 #edges
0 10
0 11
0 8
11 6
8 4
6 3
6 #edges
0 10
0 11
0 8
3 6
11 3
8 4
6 #edges
0 10
0 11
0 4
11 6
4 8
6 3
6 #edges
0 10
0 11
0 4
3 6
11 3
4 8
6 #edges
0 11
0 4
11 6
8 10
4 8
6 3
6 #edges
0 11
0 4
3 6
11 3
8 10
4 8
6 #edges
0 11
0 8
3 6
11 3
8 4
4 10
6 #edges
0 11
0 8
11 6
8 4
4 10
6 3
7 #trees for patient 10
6 #edges
0 10
0 11
0 4
11 6
4 8
6 3
6 #edges
0 10
0 11
0 4
11 6
6 3
6 8
6 #edges
0 10
0 11
0 8
11 6
8 4
6 3
6 #edges
0 10
0 11
0 8
11 6
6 3
6 4
6 #edges
0 10
0 11
11 6
6 3
6 8
6 4
6 #edges
0 10
0 11
11 6
4 8
6 3
6 4
6 #edges
0 10
0 11
11 6
8 4
6 3
6 8
18 #trees for patient 11
6 #edges
0 3
0 2
5 6
2 8
8 5
6 11
6 #edges
0 3
0 2
11 6
5 11
2 8
8 5
6 #edges
0 3
0 2
5 11
2 8
8 6
6 5
6 #edges
0 3
0 2
11 5
2 8
8 6
6 11
6 #edges
0 3
0 2
11 6
2 8
8 11
6 5
6 #edges
0 3
0 2
11 5
5 6
2 8
8 11
6 #edges
0 2
11 6
2 3
2 8
8 11
6 5
6 #edges
0 2
11 5
5 6
2 3
2 8
8 11
6 #edges
0 2
11 5
5 6
2 8
8 11
6 3
6 #edges
0 2
11 6
5 3
2 8
8 11
6 5
6 #edges
0 2
5 6
2 3
2 8
8 5
6 11
6 #edges
0 2
11 6
5 11
2 3
2 8
8 5
6 #edges
0 2
11 6
5 11
2 8
8 5
6 3
6 #edges
0 2
11 3
5 6
2 8
8 5
6 11
6 #edges
0 2
5 11
2 3
2 8
8 6
6 5
6 #edges
0 2
11 3
5 11
2 8
8 6
6 5
6 #edges
0 2
11 5
5 3
2 8
8 6
6 11
6 #edges
0 2
11 5
2 3
2 8
8 6
6 11
6 #trees for patient 12
6 #edges
0 8
11 2
5 6
2 5
8 11
6 3
6 #edges
0 8
11 5
5 6
2 11
8 2
6 3
6 #edges
0 2
11 8
5 6
2 11
8 5
6 3
6 #edges
0 2
11 5
5 6
2 8
8 11
6 3
6 #edges
0 11
11 2
5 6
2 8
8 5
6 3
6 #edges
0 11
11 8
5 6
2 5
8 2
6 3
3 #trees for patient 13
6 #edges
0 3
0 2
11 5
5 6
2 8
8 11
6 #edges
0 2
11 5
5 6
2 8
8 3
8 11
6 #edges
0 2
11 5
5 6
2 8
8 11
6 3
6 #trees for patient 14
6 #edges
0 2
11 3
5 6
2 8
8 5
6 11
6 #edges
0 2
11 6
5 11
2 8
8 5
6 3
6 #edges
0 2
11 3
5 11
2 8
8 6
6 5
6 #edges
0 2
11 5
5 3
2 8
8 6
6 11
6 #edges
0 2
11 6
5 3
2 8
8 11
6 5
6 #edges
0 2
11 5
5 6
2 8
8 11
6 3
12 #trees for patient 15
6 #edges
0 8
3 5
11 3
5 6
2 11
8 2
6 #edges
0 8
3 6
11 3
2 11
8 2
6 5
6 #edges
0 8
3 6
11 5
5 3
2 11
8 2
6 #edges
0 8
11 5
5 6
2 11
8 2
6 3
6 #edges
0 8
3 5
11 6
2 11
8 2
6 3
6 #edges
0 8
11 6
5 3
2 11
8 2
6 5
6 #edges
0 2
3 6
11 5
5 3
2 8
8 11
6 #edges
0 2
11 5
5 6
2 8
8 11
6 3
6 #edges
0 2
3 5
11 6
2 8
8 11
6 3
6 #edges
0 2
11 6
5 3
2 8
8 11
6 5
6 #edges
0 2
3 5
11 3
5 6
2 8
8 11
6 #edges
0 2
3 6
11 3
2 8
8 11
6 5
2 #trees for patient 16
6 #edges
0 2
11 8
5 6
2 11
8 5
6 3
6 #edges
0 2
11 5
5 6
2 8
8 11
6 3
3 #trees for patient 17
6 #edges
0 2
3 6
11 5
5 3
2 8
8 11
6 #edges
0 2
11 5
5 3
5 6
2 8
8 11
6 #edges
0 2
11 5
5 6
2 8
8 11
6 3
12 #trees for patient 18
6 #edges
0 2
3 6
11 5
5 3
2 8
8 11
6 #edges
0 2
11 5
5 6
2 8
8 11
6 3
6 #edges
0 2
3 6
11 3
5 11
2 8
8 5
6 #edges
0 2
11 6
5 11
2 8
8 5
6 3
6 #edges
0 2
3 6
11 3
5 8
2 5
8 11
6 #edges
0 2
11 6
5 8
2 5
8 11
6 3
6 #edges
0 2
3 6
11 8
5 11
2 5
8 3
6 #edges
0 2
11 8
5 11
2 5
8 6
6 3
6 #edges
0 2
3 6
11 5
5 8
2 11
8 3
6 #edges
0 2
11 5
5 8
2 11
8 6
6 3
6 #edges
0 2
11 8
5 6
2 11
8 5
6 3
6 #edges
0 2
3 6
11 8
5 3
2 11
8 5
120 #trees for patient 19
6 #edges
0 2
3 6
11 5
2 3
2 8
6 11
6 #edges
0 2
3 6
2 3
2 8
8 5
6 11
6 #edges
0 2
3 6
5 11
2 3
2 8
8 5
6 #edges
0 2
3 6
11 5
2 3
2 8
8 11
6 #edges
0 2
3 6
2 3
2 8
8 11
6 5
6 #edges
0 2
3 6
5 11
2 3
2 8
6 5
6 #edges
0 2
3 5
5 11
2 3
2 8
8 6
6 #edges
0 2
3 5
2 3
2 8
8 6
6 11
6 #edges
0 2
5 11
2 3
2 8
8 6
6 5
6 #edges
0 2
3 11
2 3
2 8
8 6
6 5
6 #edges
0 2
11 5
2 3
2 8
8 6
6 11
6 #edges
0 2
3 11
11 5
2 3
2 8
8 6
6 #edges
0 2
3 5
11 6
2 3
2 8
8 11
6 #edges
0 2
3 5
5 6
2 3
2 8
8 11
6 #edges
0 2
11 6
2 3
2 8
8 11
6 5
6 #edges
0 2
11 5
5 6
2 3
2 8
8 11
6 #edges
0 2
3 5
11 6
5 11
2 3
2 8
6 #edges
0 2
3 5
5 6
2 3
2 8
6 11
6 #edges
0 2
3 11
11 6
2 3
2 8
6 5
6 #edges
0 2
3 11
11 6
2 3
2 8
8 5
6 #edges
0 2
3 11
11 5
5 6
2 3
2 8
6 #edges
0 2
3 11
5 6
2 3
2 8
8 5
6 #edges
0 2
11 6
5 11
2 3
2 8
8 5
6 #edges
0 2
5 6
2 3
2 8
8 5
6 11
6 #edges
0 2
11 3
2 5
2 8
8 6
6 11
6 #edges
0 2
3 5
11 3
2 8
8 6
6 11
6 #edges
0 2
5 3
2 5
2 8
8 6
6 11
6 #edges
0 2
11 5
5 3
2 8
8 6
6 11
6 #edges
0 2
11 3
5 11
2 8
8 6
6 5
6 #edges
0 2
11 3
2 11
2 8
8 6
6 5
6 #edges
0 2
5 3
2 11
2 8
8 6
6 5
6 #edges
0 2
3 11
5 3
2 8
8 6
6 5
6 #edges
0 2
3 5
2 11
2 8
8 6
6 3
6 #edges
0 2
3 5
5 11
2 8
8 6
6 3
6 #edges
0 2
11 5
2 11
2 8
8 6
6 3
6 #edges
0 2
3 11
2 5
2 8
8 6
6 3
6 #edges
0 2
3 11
11 5
2 8
8 6
6 3
6 #edges
0 2
5 11
2 5
2 8
8 6
6 3
6 #edges
0 2
3 5
11 3
2 11
2 8
8 6
6 #edges
0 2
11 5
5 3
2 11
2 8
8 6
6 #edges
0 2
3 11
5 3
2 5
2 8
8 6
6 #edges
0 2
11 3
5 11
2 5
2 8
8 6
6 #edges
0 2
3 11
2 8
2 6
8 3
6 5
6 #edges
0 2
3 11
11 5
2 8
2 6
8 3
6 #edges
0 2
11 5
2 8
2 6
8 3
6 11
6 #edges
0 2
3 5
2 8
2 6
8 3
6 11
6 #edges
0 2
3 5
5 11
2 8
2 6
8 3
6 #edges
0 2
5 11
2 8
2 6
8 3
6 5
6 #edges
0 2
3 5
2 8
2 6
8 11
6 3
6 #edges
0 2
11 5
2 8
2 6
8 11
6 3
6 #edges
0 2
3 11
2 8
2 6
8 5
6 3
6 #edges
0 2
5 11
2 8
2 6
8 5
6 3
6 #edges
0 2
3 11
11 5
2 8
2 6
6 3
6 #edges
0 2
3 5
5 11
2 8
2 6
6 3
6 #edges
0 2
5 3
2 8
2 6
8 5
6 11
6 #edges
0 2
11 3
2 8
2 6
8 5
6 11
6 #edges
0 2
3 5
11 3
2 8
2 6
6 11
6 #edges
0 2
11 5
5 3
2 8
2 6
6 11
6 #edges
0 2
11 3
5 11
2 8
2 6
6 5
6 #edges
0 2
5 3
2 8
2 6
8 11
6 5
6 #edges
0 2
11 3
2 8
2 6
8 11
6 5
6 #edges
0 2
3 11
5 3
2 8
2 6
6 5
6 #edges
0 2
11 5
5 3
2 8
2 6
8 11
6 #edges
0 2
3 5
11 3
2 8
2 6
8 11
6 #edges
0 2
3 11
5 3
2 8
2 6
8 5
6 #edges
0 2
11 3
5 11
2 8
2 6
8 5
6 #edges
0 2
3 6
2 5
2 8
8 3
6 11
6 #edges
0 2
3 6
5 11
2 5
2 8
8 3
6 #edges
0 2
3 6
11 5
2 8
8 3
6 11
6 #edges
0 2
3 6
2 11
2 8
8 3
6 5
6 #edges
0 2
3 6
11 5
2 11
2 8
8 3
6 #edges
0 2
3 6
5 11
2 8
8 3
6 5
6 #edges
0 2
11 6
5 11
2 5
2 8
8 3
6 #edges
0 2
5 6
2 5
2 8
8 3
6 11
6 #edges
0 2
3 11
5 6
2 5
2 8
8 3
6 #edges
0 2
3 11
11 6
2 5
2 8
8 3
6 #edges
0 2
3 11
11 6
2 8
8 3
6 5
6 #edges
0 2
3 11
11 5
5 6
2 8
8 3
6 #edges
0 2
3 5
11 6
2 11
2 8
8 3
6 #edges
0 2
3 5
5 6
2 11
2 8
8 3
6 #edges
0 2
11 5
5 6
2 11
2 8
8 3
6 #edges
0 2
11 6
2 11
2 8
8 3
6 5
6 #edges
0 2
3 5
11 6
5 11
2 8
8 3
6 #edges
0 2
3 5
5 6
2 8
8 3
6 11
6 #edges
0 2
11 6
5 11
2 5
2 8
6 3
6 #edges
0 2
3 6
11 3
5 11
2 5
2 8
6 #edges
0 2
5 6
2 5
2 8
8 11
6 3
6 #edges
0 2
3 11
5 6
2 5
2 8
6 3
6 #edges
0 2
11 3
5 6
2 5
2 8
8 11
6 #edges
0 2
11 3
5 6
2 5
2 8
6 11
6 #edges
0 2
11 6
5 3
2 5
2 8
8 11
6 #edges
0 2
3 6
5 3
2 5
2 8
8 11
6 #edges
0 2
11 6
2 5
2 8
8 11
6 3
6 #edges
0 2
3 6
11 3
2 5
2 8
8 11
6 #edges
0 2
3 11
11 6
5 3
2 5
2 8
6 #edges
0 2
3 6
5 3
2 5
2 8
6 11
6 #edges
0 2
3 5
11 3
5 6
2 8
8 11
6 #edges
0 2
3 6
11 3
2 8
8 11
6 5
6 #edges
0 2
3 6
11 5
5 3
2 8
8 11
6 #edges
0 2
11 5
5 6
2 8
8 11
6 3
6 #edges
0 2
3 5
11 6
2 8
8 11
6 3
6 #edges
0 2
11 6
5 3
2 8
8 11
6 5
6 #edges
0 2
3 6
11 3
2 11
2 8
8 5
6 #edges
0 2
11 3
5 6
2 11
2 8
8 5
6 #edges
0 2
3 6
11 3
2 11
2 8
6 5
6 #edges
0 2
3 5
11 3
5 6
2 11
2 8
6 #edges
0 2
11 6
2 11
2 8
8 5
6 3
6 #edges
0 2
11 6
5 3
2 11
2 8
8 5
6 #edges
0 2
3 6
5 3
2 11
2 8
8 5
6 #edges
0 2
5 6
2 11
2 8
8 5
6 3
6 #edges
0 2
11 5
5 6
2 11
2 8
6 3
6 #edges
0 2
3 6
11 5
5 3
2 11
2 8
6 #edges
0 2
3 5
11 6
2 11
2 8
6 3
6 #edges
0 2
11 6
5 3
2 11
2 8
6 5
6 #edges
0 2
3 11
5 6
2 8
8 5
6 3
6 #edges
0 2
11 3
5 6
2 8
8 5
6 11
6 #edges
0 2
3 11
11 6
5 3
2 8
8 5
6 #edges
0 2
3 6
5 3
2 8
8 5
6 11
6 #edges
0 2
3 6
11 3
5 11
2 8
8 5
6 #edges
0 2
11 6
5 11
2 8
8 5
6 3
6 #trees for patient 20
6 #edges
0 2
11 6
5 8
2 5
8 11
6 3
6 #edges
0 2
11 8
5 11
2 5
8 6
6 3
6 #edges
0 2
11 5
5 8
2 11
8 6
6 3
6 #edges
0 2
11 8
5 6
2 11
8 5
6 3
6 #edges
0 2
11 6
5 11
2 8
8 5
6 3
6 #edges
0 2
11 5
5 6
2 8
8 11
6 3
12 #trees for patient 21
6 #edges
0 2
3 5
11 3
5 6
2 8
8 11
6 #edges
0 2
3 6
11 3
2 8
8 11
6 5
6 #edges
0 2
3 5
11 6
2 8
8 11
6 3
6 #edges
0 2
11 6
5 3
2 8
8 11
6 5
6 #edges
0 2
11 5
5 6
2 8
8 11
6 3
6 #edges
0 2
3 6
11 5
5 3
2 8
8 11
6 #edges
0 2
3 5
11 8
2 11
8 6
6 3
6 #edges
0 2
11 8
5 3
2 11
8 6
6 5
6 #edges
0 2
11 8
5 6
2 11
8 5
6 3
6 #edges
0 2
3 6
11 8
5 3
2 11
8 5
6 #edges
0 2
3 5
11 8
5 6
2 11
8 3
6 #edges
0 2
3 6
11 8
2 11
8 3
6 5
4 #trees for patient 22
6 #edges
0 2
11 6
5 3
2 8
8 11
6 5
6 #edges
0 2
11 5
5 6
2 8
8 11
6 3
6 #edges
0 2
11 8
5 3
2 11
8 6
6 5
6 #edges
0 2
11 8
5 6
2 11
8 5
6 3
72 #trees for patient 23
6 #edges
0 8
11 6
5 2
2 11
8 5
6 3
6 #edges
0 8
11 3
11 6
5 2
2 11
8 5
6 #edges
0 8
3 6
11 3
5 2
2 11
8 5
6 #edges
0 8
3 6
11 2
5 11
2 3
8 5
6 #edges
0 8
11 2
5 11
2 3
2 6
8 5
6 #edges
0 8
11 2
5 11
2 6
8 5
6 3
6 #edges
0 8
3 6
11 5
5 2
2 3
8 11
6 #edges
0 8
11 5
5 2
2 3
2 6
8 11
6 #edges
0 8
11 5
5 2
2 6
8 11
6 3
6 #edges
0 8
3 6
11 2
5 3
2 5
8 11
6 #edges
0 8
11 2
5 3
5 6
2 5
8 11
6 #edges
0 8
11 2
5 6
2 5
8 11
6 3
6 #edges
0 8
11 3
11 6
5 11
2 5
8 2
6 #edges
0 8
3 6
11 3
5 11
2 5
8 2
6 #edges
0 8
11 6
5 11
2 5
8 2
6 3
6 #edges
0 8
11 5
5 3
5 6
2 11
8 2
6 #edges
0 8
11 5
5 6
2 11
8 2
6 3
6 #edges
0 8
3 6
11 5
5 3
2 11
8 2
6 #edges
0 2
11 6
5 8
2 5
8 11
6 3
6 #edges
0 2
11 3
11 6
5 8
2 5
8 11
6 #edges
0 2
3 6
11 3
5 8
2 5
8 11
6 #edges
0 2
3 6
11 8
5 11
2 5
8 3
6 #edges
0 2
11 8
5 11
2 5
8 3
8 6
6 #edges
0 2
11 8
5 11
2 5
8 6
6 3
6 #edges
0 2
11 5
5 6
2 8
8 11
6 3
6 #edges
0 2
11 5
5 3
5 6
2 8
8 11
6 #edges
0 2
3 6
11 5
5 3
2 8
8 11
6 #edges
0 2
11 3
11 6
5 11
2 8
8 5
6 #edges
0 2
3 6
11 3
5 11
2 8
8 5
6 #edges
0 2
11 6
5 11
2 8
8 5
6 3
6 #edges
0 2
11 8
5 6
2 11
8 5
6 3
6 #edges
0 2
11 8
5 3
5 6
2 11
8 5
6 #edges
0 2
3 6
11 8
5 3
2 11
8 5
6 #edges
0 2
11 5
5 8
2 11
8 6
6 3
6 #edges
0 2
11 5
5 8
2 11
8 3
8 6
6 #edges
0 2
3 6
11 5
5 8
2 11
8 3
6 #edges
0 5
11 3
11 6
5 8
2 11
8 2
6 #edges
0 5
11 6
5 8
2 11
8 2
6 3
6 #edges
0 5
3 6
11 3
5 8
2 11
8 2
6 #edges
0 5
11 2
5 8
2 3
2 6
8 11
6 #edges
0 5
11 2
5 8
2 6
8 11
6 3
6 #edges
0 5
3 6
11 2
5 8
2 3
8 11
6 #edges
0 5
3 6
11 8
5 11
2 3
8 2
6 #edges
0 5
11 8
5 11
2 3
2 6
8 2
6 #edges
0 5
11 8
5 11
2 6
8 2
6 3
6 #edges
0 5
11 2
5 11
2 8
8 3
8 6
6 #edges
0 5
3 6
11 2
5 11
2 8
8 3
6 #edges
0 5
11 2
5 11
2 8
8 6
6 3
6 #edges
0 5
11 8
5 2
2 11
8 6
6 3
6 #edges
0 5
11 8
5 2
2 11
8 3
8 6
6 #edges
0 5
3 6
11 8
5 2
2 11
8 3
6 #edges
0 5
11 3
11 6
5 2
2 8
8 11
6 #edges
0 5
11 6
5 2
2 8
8 11
6 3
6 #edges
0 5
3 6
11 3
5 2
2 8
8 11
6 #edges
0 11
11 5
5 8
2 3
2 6
8 2
6 #edges
0 11
11 5
5 8
2 6
8 2
6 3
6 #edges
0 11
3 6
11 5
5 8
2 3
8 2
6 #edges
0 11
11 5
5 2
2 8
8 3
8 6
6 #edges
0 11
11 5
5 2
2 8
8 6
6 3
6 #edges
0 11
3 6
11 5
5 2
2 8
8 3
6 #edges
0 11
11 8
5 2
2 3
2 6
8 5
6 #edges
0 11
11 8
5 2
2 6
8 5
6 3
6 #edges
0 11
3 6
11 8
5 2
2 3
8 5
6 #edges
0 11
11 8
5 3
5 6
2 5
8 2
6 #edges
0 11
11 8
5 6
2 5
8 2
6 3
6 #edges
0 11
3 6
11 8
5 3
2 5
8 2
6 #edges
0 11
3 6
11 2
5 3
2 8
8 5
6 #edges
0 11
11 2
5 3
5 6
2 8
8 5
6 #edges
0 11
11 2
5 6
2 8
8 5
6 3
6 #edges
0 11
3 6
11 2
5 8
2 5
8 3
6 #edges
0 11
11 2
5 8
2 5
8 3
8 6
6 #edges
0 11
11 2
5 8
2 5
8 6
6 3
6 #trees for patient 24
6 #edges
0 8
11 2
5 6
2 5
8 11
6 3
6 #edges
0 8
11 5
5 6
2 11
8 2
6 3
6 #edges
0 2
11 5
5 6
2 8
8 11
6 3
6 #edges
0 2
11 8
5 6
2 11
8 5
6 3
6 #edges
0 11
11 8
5 6
2 5
8 2
6 3
6 #edges
0 11
11 2
5 6
2 8
8 5
6 3
4 #trees for patient 25
6 #edges
0 2
11 6
5 11
2 3
2 8
8 5
6 #edges
0 2
11 5
5 6
2 3
2 8
8 11
6 #edges
0 2
11 6
5 11
2 8
8 5
6 3
6 #edges
0 2
11 5
5 6
2 8
8 11
6 3
2 #trees for patient 26
6 #edges
0 2
3 6
11 5
5 3
2 8
8 11
6 #edges
0 2
11 5
5 6
2 8
8 11
6 3
2 #trees for patient 27
6 #edges
0 3
0 11
3 9
11 5
5 8
5 6
6 #edges
0 9
0 11
9 3
11 5
5 8
5 6
4 #trees for patient 28
6 #edges
0 9
0 5
9 3
11 8
11 6
5 11
6 #edges
0 9
0 5
9 3
3 6
11 8
5 11
6 #edges
0 9
0 11
9 3
3 6
11 5
5 8
6 #edges
0 9
0 11
9 3
11 5
5 8
5 6
4 #trees for patient 29
6 #edges
0 9
0 11
0 6
9 3
11 5
5 8
6 #edges
0 9
0 5
0 6
9 3
11 8
5 11
6 #edges
0 9
0 5
9 3
11 8
11 6
5 11
6 #edges
0 9
0 11
9 3
11 5
5 8
5 6
20 #trees for patient 30
6 #edges
0 9
0 11
9 3
9 8
9 6
11 5
6 #edges
0 9
0 11
9 3
9 8
11 5
5 6
6 #edges
0 9
0 11
9 8
9 6
11 3
11 5
6 #edges
0 9
0 11
9 8
11 3
11 5
5 6
6 #edges
0 9
0 11
9 5
11 3
11 6
5 8
6 #edges
0 9
0 11
9 5
11 3
11 8
11 6
6 #edges
0 9
0 11
9 5
11 3
5 8
5 6
6 #edges
0 9
0 11
9 5
11 3
11 8
5 6
6 #edges
0 9
0 11
9 6
11 3
11 5
11 8
6 #edges
0 9
0 11
11 3
11 5
11 8
5 6
6 #edges
0 9
0 11
11 3
11 5
5 8
5 6
6 #edges
0 9
0 11
9 6
11 3
11 5
5 8
6 #edges
0 9
0 11
9 3
9 6
11 5
5 8
6 #edges
0 9
0 11
9 3
9 6
11 5
11 8
6 #edges
0 9
0 11
9 3
9 5
11 8
5 6
6 #edges
0 9
0 11
9 3
9 5
5 8
5 6
6 #edges
0 9
0 11
9 3
9 5
11 8
11 6
6 #edges
0 9
0 11
9 3
9 5
11 6
5 8
6 #edges
0 9
0 11
9 3
11 5
11 8
5 6
6 #edges
0 9
0 11
9 3
11 5
5 8
5 6
8 #trees for patient 31
6 #edges
0 9
0 5
9 3
9 8
11 6
5 11
6 #edges
0 9
0 5
9 3
11 6
5 11
6 8
6 #edges
0 9
0 5
9 3
3 8
11 6
5 11
6 #edges
0 9
0 5
9 3
11 8
11 6
5 11
6 #edges
0 9
0 11
9 3
3 8
11 5
5 6
6 #edges
0 9
0 11
9 3
9 8
11 5
5 6
6 #edges
0 9
0 11
9 3
11 5
5 6
6 8
6 #edges
0 9
0 11
9 3
11 5
5 8
5 6
1 #trees for patient 32
6 #edges
0 9
0 11
9 3
11 5
5 8
5 6
16 #trees for patient 33
6 #edges
0 9
0 3
0 11
0 6
11 5
5 8
6 #edges
0 3
0 11
0 6
3 9
11 5
5 8
6 #edges
0 3
0 11
0 6
11 5
5 8
8 9
6 #edges
0 9
0 3
0 11
11 5
5 8
5 6
6 #edges
0 3
0 11
3 9
11 5
5 8
5 6
6 #edges
0 3
0 11
11 5
5 8
5 6
8 9
6 #edges
0 9
0 11
0 6
9 3
11 5
5 8
6 #edges
0 9
0 11
0 6
11 5
5 8
8 3
6 #edges
0 9
0 11
9 3
11 5
5 8
5 6
6 #edges
0 9
0 11
11 5
5 8
5 6
8 3
6 #edges
0 11
0 6
3 9
11 5
5 8
8 3
6 #edges
0 11
0 6
11 5
5 8
8 9
8 3
6 #edges
0 11
0 6
9 3
11 5
5 8
8 9
6 #edges
0 11
9 3
11 5
5 8
5 6
8 9
6 #edges
0 11
11 5
5 8
5 6
8 9
8 3
6 #edges
0 11
3 9
11 5
5 8
5 6
8 3
16 #trees for patient 34
6 #edges
0 3
0 5
0 6
3 9
11 8
5 11
6 #edges
0 9
0 5
0 6
9 3
11 8
5 11
6 #edges
0 9
0 11
0 6
9 3
11 5
5 8
6 #edges
0 3
0 11
0 6
3 9
11 5
5 8
6 #edges
0 3
0 5
9 6
3 9
11 8
5 11
6 #edges
0 3
0 5
3 9
11 8
11 6
5 11
6 #edges
0 3
0 5
3 9
11 8
5 11
8 6
6 #edges
0 3
0 11
3 9
11 5
5 8
5 6
6 #edges
0 3
0 11
3 9
11 5
5 8
8 6
6 #edges
0 3
0 11
9 6
3 9
11 5
5 8
6 #edges
0 9
0 5
9 3
11 8
11 6
5 11
6 #edges
0 9
0 5
9 3
3 6
11 8
5 11
6 #edges
0 9
0 5
9 3
11 8
5 11
8 6
6 #edges
0 9
0 11
9 3
11 5
5 8
8 6
6 #edges
0 9
0 11
9 3
3 6
11 5
5 8
6 #edges
0 9
0 11
9 3
11 5
5 8
5 6
2 #trees for patient 35
6 #edges
0 9
0 11
9 3
11 5
11 8
5 6
6 #edges
0 9
0 11
9 3
11 5
5 8
5 6
1 #trees for patient 36
6 #edges
0 9
0 11
9 3
11 5
5 8
5 6
10 #trees for patient 37
6 #edges
0 9
0 11
9 3
9 8
11 5
5 6
6 #edges
0 9
0 11
9 3
11 5
5 8
5 6
6 #edges
0 9
0 11
9 3
11 5
5 6
6 8
6 #edges
0 9
0 11
11 5
5 8
5 6
6 3
6 #edges
0 9
0 11
11 5
5 8
5 6
8 3
6 #edges
0 9
0 11
9 8
11 5
5 3
5 6
6 #edges
0 9
0 11
11 5
5 3
5 6
6 8
6 #edges
0 9
0 11
9 8
11 5
5 6
8 3
6 #edges
0 9
0 11
9 8
11 5
5 6
6 3
6 #edges
0 9
0 11
11 5
5 6
8 3
6 8
8 #trees for patient 38
6 #edges
0 9
0 11
0 8
9 3
11 5
5 6
6 #edges
0 9
0 11
0 8
9 3
3 6
11 5
6 #edges
0 3
0 11
0 8
9 6
3 9
11 5
6 #edges
0 3
0 11
0 8
3 9
11 5
5 6
6 #edges
0 3
0 11
9 6
3 9
11 5
5 8
6 #edges
0 3
0 11
3 9
11 5
5 8
5 6
6 #edges
0 9
0 11
9 3
3 6
11 5
5 8
6 #edges
0 9
0 11
9 3
11 5
5 8
5 6
4 #trees for patient 39
6 #edges
0 3
0 11
9 8
3 9
11 5
5 6
6 #edges
0 3
0 11
3 9
11 5
5 8
5 6
6 #edges
0 9
0 11
9 3
3 8
11 5
5 6
6 #edges
0 9
0 11
9 3
11 5
5 8
5 6
4 #trees for patient 40
6 #edges
0 3
0 11
3 9
11 5
5 8
5 6
6 #edges
0 3
0 11
9 8
3 9
11 5
5 6
6 #edges
0 9
0 11
9 3
11 5
5 8
5 6
6 #edges
0 9
0 11
9 3
3 8
11 5
5 6
6 #trees for patient 41
6 #edges
0 2
10 8
3 10
2 3
8 1
1 6
6 #edges
0 2
10 3
3 8
2 10
8 1
1 6
6 #edges
0 3
10 2
3 10
2 8
8 1
1 6
6 #edges
0 3
10 8
3 2
2 10
8 1
1 6
6 #edges
0 10
10 2
3 8
2 3
8 1
1 6
6 #edges
0 10
10 3
3 2
2 8
8 1
1 6
2 #trees for patient 42
6 #edges
0 2
10 8
3 10
2 3
8 1
1 6
6 #edges
0 2
10 8
3 10
2 3
8 6
6 1
2 #trees for patient 43
6 #edges
0 2
10 1
3 8
2 3
8 10
1 6
6 #edges
0 2
10 8
3 10
2 3
8 1
1 6
12 #trees for patient 44
6 #edges
0 2
10 3
3 1
2 10
8 6
1 8
6 #edges
0 2
10 3
3 1
2 10
1 6
6 8
6 #edges
0 2
10 3
3 6
2 10
8 1
6 8
6 #edges
0 2
10 3
3 6
2 10
1 8
6 1
6 #edges
0 2
10 3
3 8
2 10
8 1
1 6
6 #edges
0 2
10 3
3 8
2 10
8 6
6 1
6 #edges
0 2
10 8
3 10
2 3
8 1
1 6
6 #edges
0 2
10 8
3 10
2 3
8 6
6 1
6 #edges
0 2
10 1
3 10
2 3
8 6
1 8
6 #edges
0 2
10 1
3 10
2 3
1 6
6 8
6 #edges
0 2
10 6
3 10
2 3
1 8
6 1
6 #edges
0 2
10 6
3 10
2 3
8 1
6 8
4 #trees for patient 45
6 #edges
0 2
10 8
3 10
2 3
8 6
6 1
6 #edges
0 2
10 8
3 10
2 3
8 1
1 6
6 #edges
0 2
10 3
3 8
2 10
8 1
1 6
6 #edges
0 2
10 3
3 8
2 10
8 6
6 1
2 #trees for patient 46
6 #edges
0 2
10 8
3 10
2 3
8 1
1 6
6 #edges
0 2
10 1
3 10
2 3
8 6
1 8
12 #trees for patient 47
6 #edges
0 2
10 8
3 10
2 3
8 6
6 1
6 #edges
0 2
10 8
3 10
2 3
8 1
1 6
6 #edges
0 2
10 1
3 10
2 3
1 6
6 8
6 #edges
0 2
10 1
3 10
2 3
8 6
1 8
6 #edges
0 2
10 6
3 10
2 3
1 8
6 1
6 #edges
0 2
10 6
3 10
2 3
8 1
6 8
6 #edges
0 3
10 1
3 2
2 10
8 6
1 8
6 #edges
0 3
10 1
3 2
2 10
1 6
6 8
6 #edges
0 3
10 6
3 2
2 10
8 1
6 8
6 #edges
0 3
10 6
3 2
2 10
1 8
6 1
6 #edges
0 3
10 8
3 2
2 10
8 1
1 6
6 #edges
0 3
10 8
3 2
2 10
8 6
6 1
6 #trees for patient 48
6 #edges
0 2
10 6
3 1
2 3
8 10
1 8
6 #edges
0 2
10 8
3 1
2 3
8 6
1 10
6 #edges
0 2
10 8
3 10
2 3
8 1
1 6
6 #edges
0 2
10 1
3 10
2 3
8 6
1 8
6 #edges
0 2
10 6
3 8
2 3
8 1
1 10
6 #edges
0 2
10 1
3 8
2 3
8 10
1 6
2 #trees for patient 49
6 #edges
0 2
10 8
3 10
2 3
8 1
1 6
6 #edges
0 2
10 1
3 10
2 3
8 6
1 8
