50 # patients
12 #trees for patient 0
6 #edges
9 5
3 9
0 1
0 3
0 6
6 8
6 #edges
5 8
9 5
3 9
0 1
0 3
0 6
6 #edges
9 3
3 5
0 1
0 9
0 6
6 8
6 #edges
5 8
9 3
3 5
0 1
0 9
0 6
6 #edges
5 6
9 5
3 9
0 1
0 3
0 8
6 #edges
9 5
3 9
8 6
0 1
0 3
0 8
6 #edges
9 3
3 5
8 6
0 1
0 9
0 8
6 #edges
5 6
9 3
3 5
0 1
0 9
0 8
6 #edges
5 6
9 5
3 9
0 1
0 3
6 8
6 #edges
5 8
9 5
3 9
8 6
0 1
0 3
6 #edges
5 6
9 3
3 5
0 1
0 9
6 8
6 #edges
5 8
9 3
3 5
8 6
0 1
0 9
12 #trees for patient 1
6 #edges
1 9
9 3
0 1
0 5
0 6
6 8
6 #edges
1 3
3 9
0 1
0 5
0 6
6 8
6 #edges
1 5
3 9
0 1
0 3
0 6
6 8
6 #edges
1 9
3 5
0 1
0 3
0 6
6 8
6 #edges
1 9
9 5
0 1
0 3
0 6
6 8
6 #edges
9 5
3 9
0 1
0 3
0 6
6 8
6 #edges
1 3
9 5
0 1
0 9
0 6
6 8
6 #edges
1 3
3 5
0 1
0 9
0 6
6 8
6 #edges
1 5
9 3
0 1
0 9
0 6
6 8
6 #edges
9 3
3 5
0 1
0 9
0 6
6 8
6 #edges
1 9
9 3
3 5
0 1
0 6
6 8
6 #edges
1 3
9 5
3 9
0 1
0 6
6 8
34 #trees for patient 2
6 #edges
3 9
0 1
0 3
0 6
6 5
6 8
6 #edges
9 5
3 9
0 1
0 3
0 6
6 8
6 #edges
5 9
3 5
0 1
0 3
0 6
6 8
6 #edges
3 5
0 1
0 3
0 6
6 9
6 8
6 #edges
0 1
0 3
0 6
6 5
6 9
6 8
6 #edges
9 5
0 1
0 3
0 6
6 9
6 8
6 #edges
5 9
0 1
0 3
0 6
6 5
6 8
6 #edges
9 5
0 1
0 9
0 6
6 3
6 8
6 #edges
5 3
9 5
0 1
0 9
0 6
6 8
6 #edges
9 3
3 5
0 1
0 9
0 6
6 8
6 #edges
9 3
0 1
0 9
0 6
6 5
6 8
6 #edges
0 1
0 9
0 6
6 5
6 3
6 8
6 #edges
3 5
0 1
0 9
0 6
6 3
6 8
6 #edges
5 3
0 1
0 9
0 6
6 5
6 8
6 #edges
5 3
3 9
0 1
0 5
0 6
6 8
6 #edges
5 3
0 1
0 5
0 6
6 9
6 8
6 #edges
0 1
0 5
0 6
6 9
6 3
6 8
6 #edges
9 3
0 1
0 5
0 6
6 9
6 8
6 #edges
3 9
0 1
0 5
0 6
6 3
6 8
6 #edges
5 9
0 1
0 5
0 6
6 3
6 8
6 #edges
5 9
9 3
0 1
0 5
0 6
6 8
6 #edges
9 3
0 1
0 6
6 5
6 9
6 8
6 #edges
0 1
0 6
6 5
6 9
6 3
6 8
6 #edges
5 3
0 1
0 6
6 5
6 9
6 8
6 #edges
9 3
3 5
0 1
0 6
6 9
6 8
6 #edges
9 5
0 1
0 6
6 9
6 3
6 8
6 #edges
5 3
9 5
0 1
0 6
6 9
6 8
6 #edges
3 5
0 1
0 6
6 9
6 3
6 8
6 #edges
5 9
0 1
0 6
6 5
6 3
6 8
6 #edges
3 9
0 1
0 6
6 5
6 3
6 8
6 #edges
5 9
3 5
0 1
0 6
6 3
6 8
6 #edges
9 5
3 9
0 1
0 6
6 3
6 8
6 #edges
5 3
3 9
0 1
0 6
6 5
6 8
6 #edges
5 9
9 3
0 1
0 6
6 5
6 8
8 #trees for patient 3
6 #edges
9 3
3 5
8 6
0 1
0 9
0 8
6 #edges
9 5
3 9
8 6
0 1
0 3
0 8
6 #edges
9 5
3 9
0 1
0 3
0 6
6 8
6 #edges
9 3
3 5
0 1
0 9
0 6
6 8
6 #edges
9 1
9 5
3 9
0 3
0 6
6 8
6 #edges
9 3
3 1
3 5
0 9
0 6
6 8
6 #edges
9 3
3 1
3 5
8 6
0 9
0 8
6 #edges
9 1
9 5
3 9
8 6
0 3
0 8
3 #trees for patient 4
6 #edges
9 5
3 9
0 1
0 3
0 8
0 6
6 #edges
1 8
9 5
3 9
0 1
0 3
0 6
6 #edges
9 5
3 9
0 1
0 3
0 6
6 8
57 #trees for patient 5
6 #edges
1 9
9 3
0 1
0 5
0 8
0 6
6 #edges
1 9
9 3
8 6
0 1
0 5
0 8
6 #edges
1 9
1 3
8 6
0 1
0 5
0 8
6 #edges
1 9
1 3
0 1
0 5
0 8
0 6
6 #edges
1 3
3 9
8 6
0 1
0 5
0 8
6 #edges
1 3
3 9
0 1
0 5
0 8
0 6
6 #edges
1 3
3 9
0 1
0 5
0 6
6 8
6 #edges
1 9
1 3
0 1
0 5
0 6
6 8
6 #edges
1 9
9 3
0 1
0 5
0 6
6 8
6 #edges
1 9
3 5
0 1
0 3
0 8
0 6
6 #edges
1 5
3 9
0 1
0 3
0 8
0 6
6 #edges
9 5
3 9
0 1
0 3
0 8
0 6
6 #edges
1 5
1 9
0 1
0 3
0 8
0 6
6 #edges
1 9
9 5
0 1
0 3
0 8
0 6
6 #edges
1 3
9 5
0 1
0 9
0 8
0 6
6 #edges
9 3
3 5
0 1
0 9
0 8
0 6
6 #edges
1 5
9 3
0 1
0 9
0 8
0 6
6 #edges
1 5
1 3
0 1
0 9
0 8
0 6
6 #edges
1 3
3 5
0 1
0 9
0 8
0 6
6 #edges
1 9
9 3
3 5
0 1
0 8
0 6
6 #edges
1 5
1 9
9 3
0 1
0 8
0 6
6 #edges
1 9
1 3
3 5
0 1
0 8
0 6
6 #edges
1 9
1 3
9 5
0 1
0 8
0 6
6 #edges
1 5
1 3
3 9
0 1
0 8
0 6
6 #edges
1 3
9 5
3 9
0 1
0 8
0 6
6 #edges
1 3
9 5
0 1
0 9
0 6
6 8
6 #edges
1 5
9 3
0 1
0 9
0 6
6 8
6 #edges
1 5
1 3
0 1
0 9
0 6
6 8
6 #edges
1 3
3 5
0 1
0 9
0 6
6 8
6 #edges
9 3
3 5
0 1
0 9
0 6
6 8
6 #edges
1 5
1 9
0 1
0 3
0 6
6 8
6 #edges
1 9
3 5
0 1
0 3
0 6
6 8
6 #edges
1 9
9 5
0 1
0 3
0 6
6 8
6 #edges
1 9
1 3
9 5
0 1
0 6
6 8
6 #edges
1 9
1 3
3 5
0 1
0 6
6 8
6 #edges
1 9
9 3
3 5
0 1
0 6
6 8
6 #edges
1 5
1 9
9 3
0 1
0 6
6 8
6 #edges
1 5
1 3
3 9
0 1
0 6
6 8
6 #edges
1 5
3 9
0 1
0 3
0 6
6 8
6 #edges
9 5
3 9
0 1
0 3
0 6
6 8
6 #edges
1 3
9 5
3 9
0 1
0 6
6 8
6 #edges
1 9
9 5
8 6
0 1
0 3
0 8
6 #edges
1 9
3 5
8 6
0 1
0 3
0 8
6 #edges
1 5
1 9
8 6
0 1
0 3
0 8
6 #edges
9 5
3 9
8 6
0 1
0 3
0 8
6 #edges
1 5
3 9
8 6
0 1
0 3
0 8
6 #edges
1 5
9 3
8 6
0 1
0 9
0 8
6 #edges
9 3
3 5
8 6
0 1
0 9
0 8
6 #edges
1 3
9 5
8 6
0 1
0 9
0 8
6 #edges
1 5
1 3
8 6
0 1
0 9
0 8
6 #edges
1 3
3 5
8 6
0 1
0 9
0 8
6 #edges
1 9
1 3
9 5
8 6
0 1
0 8
6 #edges
1 5
1 9
9 3
8 6
0 1
0 8
6 #edges
1 9
9 3
3 5
8 6
0 1
0 8
6 #edges
1 9
1 3
3 5
8 6
0 1
0 8
6 #edges
1 5
1 3
3 9
8 6
0 1
0 8
6 #edges
1 3
9 5
3 9
8 6
0 1
0 8
3 #trees for patient 6
6 #edges
9 5
3 9
3 8
0 1
0 3
0 6
6 #edges
1 8
9 5
3 9
0 1
0 3
0 6
6 #edges
9 5
3 9
0 1
0 3
0 6
6 8
16 #trees for patient 7
6 #edges
9 3
3 5
0 1
0 9
0 6
6 8
6 #edges
9 5
3 9
0 1
0 3
0 6
6 8
6 #edges
9 3
3 5
3 8
0 1
0 9
0 6
6 #edges
9 5
9 8
3 9
0 1
0 3
0 6
6 #edges
5 1
9 3
0 5
0 9
0 6
6 8
6 #edges
5 1
9 3
3 8
0 5
0 9
0 6
6 #edges
9 3
3 1
0 5
0 9
0 6
6 8
6 #edges
9 3
3 1
3 8
0 5
0 9
0 6
6 #edges
5 1
3 9
0 5
0 3
0 6
6 8
6 #edges
5 1
9 8
3 9
0 5
0 3
0 6
6 #edges
9 1
9 8
3 9
0 5
0 3
0 6
6 #edges
9 1
3 9
0 5
0 3
0 6
6 8
6 #edges
5 1
9 5
9 8
3 9
0 3
0 6
6 #edges
5 1
9 5
3 9
0 3
0 6
6 8
6 #edges
5 1
9 3
3 5
3 8
0 9
0 6
6 #edges
5 1
9 3
3 5
0 9
0 6
6 8
4 #trees for patient 8
6 #edges
9 1
3 9
0 5
0 3
0 6
6 8
6 #edges
1 5
3 9
0 1
0 3
0 6
6 8
6 #edges
9 5
3 9
0 1
0 3
0 6
6 8
6 #edges
1 5
9 1
3 9
0 3
0 6
6 8
4 #trees for patient 9
6 #edges
9 5
3 9
0 1
0 3
0 6
6 8
6 #edges
5 9
3 5
0 1
0 3
0 6
6 8
6 #edges
9 5
3 1
3 9
0 3
0 6
6 8
6 #edges
5 9
3 1
3 5
0 3
0 6
6 8
66 #trees for patient 10
6 #edges
5 9
3 5
0 1
0 3
0 6
6 8
6 #edges
1 8
5 9
3 5
0 1
0 3
0 6
6 #edges
3 5
0 1
0 9
0 3
0 6
6 8
6 #edges
1 8
3 5
0 1
0 9
0 3
0 6
6 #edges
1 9
3 5
0 1
0 3
0 6
6 8
6 #edges
1 9
1 8
3 5
0 1
0 3
0 6
6 #edges
1 8
9 5
0 1
0 9
0 3
0 6
6 #edges
9 5
0 1
0 9
0 3
0 6
6 8
6 #edges
1 5
0 1
0 9
0 3
0 6
6 8
6 #edges
1 5
1 8
0 1
0 9
0 3
0 6
6 #edges
1 8
5 9
0 1
0 5
0 3
0 6
6 #edges
1 9
1 8
0 1
0 5
0 3
0 6
6 #edges
1 8
3 9
0 1
0 5
0 3
0 6
6 #edges
1 9
1 8
9 5
0 1
0 3
0 6
6 #edges
1 5
1 8
3 9
0 1
0 3
0 6
6 #edges
1 8
9 5
3 9
0 1
0 3
0 6
6 #edges
1 5
1 8
5 9
0 1
0 3
0 6
6 #edges
3 9
0 1
0 5
0 3
0 6
6 8
6 #edges
1 9
0 1
0 5
0 3
0 6
6 8
6 #edges
5 9
0 1
0 5
0 3
0 6
6 8
6 #edges
1 5
3 9
0 1
0 3
0 6
6 8
6 #edges
9 5
3 9
0 1
0 3
0 6
6 8
6 #edges
1 9
9 5
0 1
0 3
0 6
6 8
6 #edges
1 5
5 9
0 1
0 3
0 6
6 8
6 #edges
9 3
0 1
0 5
0 9
0 6
6 8
6 #edges
1 8
9 3
0 1
0 5
0 9
0 6
6 #edges
9 3
3 5
0 1
0 9
0 6
6 8
6 #edges
1 8
9 3
3 5
0 1
0 9
0 6
6 #edges
1 5
9 3
0 1
0 9
0 6
6 8
6 #edges
1 5
1 8
9 3
0 1
0 9
0 6
6 #edges
1 3
9 5
0 1
0 9
0 6
6 8
6 #edges
5 3
9 5
0 1
0 9
0 6
6 8
6 #edges
1 8
5 3
9 5
0 1
0 9
0 6
6 #edges
1 3
1 8
9 5
0 1
0 9
0 6
6 #edges
1 3
1 8
0 1
0 5
0 9
0 6
6 #edges
1 3
0 1
0 5
0 9
0 6
6 8
6 #edges
1 3
3 5
0 1
0 9
0 6
6 8
6 #edges
1 3
1 8
3 5
0 1
0 9
0 6
6 #edges
1 5
5 3
0 1
0 9
0 6
6 8
6 #edges
5 3
0 1
0 5
0 9
0 6
6 8
6 #edges
1 5
1 8
5 3
0 1
0 9
0 6
6 #edges
1 8
5 3
0 1
0 5
0 9
0 6
6 #edges
1 3
5 9
0 1
0 5
0 6
6 8
6 #edges
1 3
1 8
5 9
0 1
0 5
0 6
6 #edges
1 8
5 9
9 3
0 1
0 5
0 6
6 #edges
5 9
9 3
0 1
0 5
0 6
6 8
6 #edges
1 3
1 8
3 9
0 1
0 5
0 6
6 #edges
1 3
3 9
0 1
0 5
0 6
6 8
6 #edges
1 9
1 8
5 3
0 1
0 5
0 6
6 #edges
1 9
1 8
9 3
0 1
0 5
0 6
6 #edges
1 8
5 3
3 9
0 1
0 5
0 6
6 #edges
1 9
5 3
0 1
0 5
0 6
6 8
6 #edges
5 3
3 9
0 1
0 5
0 6
6 8
6 #edges
1 9
9 3
0 1
0 5
0 6
6 8
6 #edges
1 9
5 3
9 5
0 1
0 6
6 8
6 #edges
1 9
9 3
3 5
0 1
0 6
6 8
6 #edges
1 9
1 8
9 3
3 5
0 1
0 6
6 #edges
1 9
1 8
5 3
9 5
0 1
0 6
6 #edges
1 5
1 8
5 9
9 3
0 1
0 6
6 #edges
1 5
1 8
5 3
3 9
0 1
0 6
6 #edges
1 5
5 9
9 3
0 1
0 6
6 8
6 #edges
1 5
5 3
3 9
0 1
0 6
6 8
6 #edges
1 3
1 8
5 9
3 5
0 1
0 6
6 #edges
1 3
1 8
9 5
3 9
0 1
0 6
6 #edges
1 3
5 9
3 5
0 1
0 6
6 8
6 #edges
1 3
9 5
3 9
0 1
0 6
6 8
4 #trees for patient 11
6 #edges
1 8
1 2
0 4
0 11
0 6
6 1
6 #edges
1 2
4 8
0 4
0 11
0 6
6 1
6 #edges
1 6
4 8
0 1
0 4
0 11
6 2
6 #edges
1 6
0 1
0 4
0 11
6 8
6 2
4 #trees for patient 12
6 #edges
1 2
2 8
0 4
0 11
0 6
6 1
6 #edges
1 8
1 2
0 4
0 11
0 6
6 1
6 #edges
1 6
0 1
0 4
0 11
6 8
6 2
6 #edges
1 6
2 8
0 1
0 4
0 11
6 2
1 #trees for patient 13
6 #edges
1 6
0 1
0 4
0 11
6 8
6 2
2 #trees for patient 14
6 #edges
1 6
0 1
0 4
0 11
6 8
6 2
6 #edges
1 6
8 11
0 1
0 4
6 8
6 2
4 #trees for patient 15
6 #edges
1 6
4 2
0 1
0 4
0 11
6 8
6 #edges
1 6
0 1
0 4
0 11
6 8
6 2
6 #edges
1 6
4 2
0 1
0 4
6 11
6 8
6 #edges
1 6
0 1
0 4
6 11
6 8
6 2
6 #trees for patient 16
6 #edges
1 8
1 2
0 4
0 11
0 6
6 1
6 #edges
1 6
0 1
0 4
0 11
6 8
6 2
6 #edges
1 6
11 4
0 1
0 11
6 8
6 2
6 #edges
1 8
1 2
11 4
0 11
0 6
6 1
6 #edges
1 6
0 1
0 11
6 4
6 8
6 2
6 #edges
1 4
1 8
1 2
0 11
0 6
6 1
14 #trees for patient 17
6 #edges
1 2
4 11
0 4
0 8
0 6
6 1
6 #edges
1 6
4 11
0 1
0 4
0 8
6 2
6 #edges
1 2
11 8
0 4
0 11
0 6
6 1
6 #edges
1 6
11 8
0 1
0 4
0 11
6 2
6 #edges
1 2
4 8
0 4
0 11
0 6
6 1
6 #edges
1 8
1 2
0 4
0 11
0 6
6 1
6 #edges
1 6
4 8
0 1
0 4
0 11
6 2
6 #edges
1 6
0 1
0 4
0 11
6 8
6 2
6 #edges
1 2
4 11
4 8
0 4
0 6
6 1
6 #edges
1 2
4 11
11 8
0 4
0 6
6 1
6 #edges
1 8
1 2
4 11
0 4
0 6
6 1
6 #edges
1 6
4 11
11 8
0 1
0 4
6 2
6 #edges
1 6
4 11
4 8
0 1
0 4
6 2
6 #edges
1 6
4 11
0 1
0 4
6 8
6 2
13 #trees for patient 18
6 #edges
1 6
0 1
0 4
0 11
6 8
6 2
6 #edges
1 8
1 6
0 1
0 4
0 11
6 2
6 #edges
1 6
4 8
0 1
0 4
0 11
6 2
6 #edges
1 11
1 6
4 8
0 1
0 4
6 2
6 #edges
1 6
4 8
8 11
0 1
0 4
6 2
6 #edges
1 6
4 8
0 1
0 4
6 11
6 2
6 #edges
1 11
1 6
0 1
0 4
6 8
6 2
6 #edges
1 11
1 8
1 6
0 1
0 4
6 2
6 #edges
1 6
4 11
0 1
0 4
6 8
6 2
6 #edges
1 6
8 11
0 1
0 4
6 8
6 2
6 #edges
1 8
1 6
0 1
0 4
6 11
6 2
6 #edges
1 8
1 6
4 11
0 1
0 4
6 2
6 #edges
1 8
1 6
8 11
0 1
0 4
6 2
4 #trees for patient 19
6 #edges
1 8
1 2
0 4
0 11
0 6
6 1
6 #edges
1 6
0 1
0 4
0 11
6 8
6 2
6 #edges
1 6
4 11
0 1
0 4
6 8
6 2
6 #edges
1 8
1 2
4 11
0 4
0 6
6 1
8 #trees for patient 20
6 #edges
1 6
0 1
0 4
0 11
6 8
6 2
6 #edges
1 8
1 2
0 4
0 11
0 6
6 1
6 #edges
1 8
1 2
2 11
0 4
0 6
6 1
6 #edges
1 6
2 11
0 1
0 4
6 8
6 2
6 #edges
1 6
8 4
0 1
0 11
6 8
6 2
6 #edges
1 8
1 2
8 4
0 11
0 6
6 1
6 #edges
1 8
1 2
8 4
2 11
0 6
6 1
6 #edges
1 6
8 4
2 11
0 1
6 8
6 2
8 #trees for patient 21
6 #edges
1 8
1 2
0 4
0 11
0 6
6 1
6 #edges
1 2
2 8
0 4
0 11
0 6
6 1
6 #edges
1 6
0 1
0 4
0 11
6 8
6 2
6 #edges
1 6
2 8
0 1
0 4
0 11
6 2
6 #edges
1 8
1 2
2 4
0 11
0 6
6 1
6 #edges
1 2
2 4
2 8
0 11
0 6
6 1
6 #edges
1 6
2 4
0 1
0 11
6 8
6 2
6 #edges
1 6
2 4
2 8
0 1
0 11
6 2
8 #trees for patient 22
6 #edges
1 11
1 6
5 8
0 1
0 4
0 5
6 #edges
1 11
5 8
5 6
0 1
0 4
0 5
6 #edges
5 11
5 8
5 6
0 1
0 4
0 5
6 #edges
1 6
5 11
5 8
0 1
0 4
0 5
6 #edges
1 11
1 6
5 8
8 4
0 1
0 5
6 #edges
1 11
5 8
5 6
8 4
0 1
0 5
6 #edges
1 6
5 11
5 8
8 4
0 1
0 5
6 #edges
5 11
5 8
5 6
8 4
0 1
0 5
4 #trees for patient 23
6 #edges
1 6
5 8
11 1
0 4
0 5
0 11
6 #edges
5 8
5 6
11 1
0 4
0 5
0 11
6 #edges
1 11
5 8
5 6
0 1
0 4
0 5
6 #edges
1 11
5 8
11 6
0 1
0 4
0 5
18 #trees for patient 24
6 #edges
1 11
5 6
0 1
0 4
0 5
0 8
6 #edges
5 6
0 1
0 4
0 5
0 8
6 11
6 #edges
1 11
5 6
0 4
0 5
0 8
6 1
6 #edges
5 6
0 4
0 5
0 11
0 8
6 1
6 #edges
5 6
11 1
0 4
0 5
0 11
0 8
6 #edges
5 6
11 1
0 4
0 5
0 8
6 11
6 #edges
4 8
5 6
0 4
0 5
0 11
6 1
6 #edges
4 8
5 6
11 1
0 4
0 5
0 11
6 #edges
5 8
5 6
11 1
0 4
0 5
0 11
6 #edges
5 8
5 6
0 4
0 5
0 11
6 1
6 #edges
1 11
5 8
5 6
0 1
0 4
0 5
6 #edges
1 11
4 8
5 6
0 1
0 4
0 5
6 #edges
4 8
5 6
0 1
0 4
0 5
6 11
6 #edges
5 8
5 6
0 1
0 4
0 5
6 11
6 #edges
1 11
4 8
5 6
0 4
0 5
6 1
6 #edges
4 8
5 6
11 1
0 4
0 5
6 11
6 #edges
5 8
5 6
11 1
0 4
0 5
6 11
6 #edges
1 11
5 8
5 6
0 4
0 5
6 1
60 #trees for patient 25
6 #edges
1 11
5 1
0 4
0 5
0 8
0 6
6 #edges
5 1
5 11
0 4
0 5
0 8
0 6
6 #edges
5 11
11 1
0 4
0 5
0 8
0 6
6 #edges
5 1
11 6
0 4
0 5
0 11
0 8
6 #edges
5 6
11 1
0 4
0 5
0 11
0 8
6 #edges
1 6
11 1
0 4
0 5
0 11
0 8
6 #edges
5 1
5 6
0 4
0 5
0 11
0 8
6 #edges
1 6
5 1
0 4
0 5
0 11
0 8
6 #edges
1 6
5 11
0 1
0 4
0 5
0 8
6 #edges
5 11
5 6
0 1
0 4
0 5
0 8
6 #edges
5 11
11 6
0 1
0 4
0 5
0 8
6 #edges
1 11
5 6
0 1
0 4
0 5
0 8
6 #edges
1 11
11 6
0 1
0 4
0 5
0 8
6 #edges
1 11
5 1
5 6
0 4
0 5
0 8
6 #edges
1 11
5 1
11 6
0 4
0 5
0 8
6 #edges
1 6
5 1
5 11
0 4
0 5
0 8
6 #edges
5 1
5 11
11 6
0 4
0 5
0 8
6 #edges
5 1
5 11
5 6
0 4
0 5
0 8
6 #edges
5 11
5 6
11 1
0 4
0 5
0 8
6 #edges
1 6
5 11
11 1
0 4
0 5
0 8
6 #edges
5 1
5 11
5 8
0 4
0 5
0 6
6 #edges
4 8
5 1
5 11
0 4
0 5
0 6
6 #edges
1 11
5 1
5 8
0 4
0 5
0 6
6 #edges
1 11
4 8
5 1
0 4
0 5
0 6
6 #edges
5 11
5 8
11 1
0 4
0 5
0 6
6 #edges
4 8
5 11
11 1
0 4
0 5
0 6
6 #edges
1 6
5 8
11 1
0 4
0 5
0 11
6 #edges
5 8
5 6
11 1
0 4
0 5
0 11
6 #edges
1 6
4 8
11 1
0 4
0 5
0 11
6 #edges
4 8
5 6
11 1
0 4
0 5
0 11
6 #edges
5 1
5 8
5 6
0 4
0 5
0 11
6 #edges
5 1
5 8
11 6
0 4
0 5
0 11
6 #edges
1 6
5 1
5 8
0 4
0 5
0 11
6 #edges
4 8
5 1
11 6
0 4
0 5
0 11
6 #edges
1 6
4 8
5 1
0 4
0 5
0 11
6 #edges
4 8
5 1
5 6
0 4
0 5
0 11
6 #edges
1 11
5 8
5 6
0 1
0 4
0 5
6 #edges
1 11
5 8
11 6
0 1
0 4
0 5
6 #edges
1 11
4 8
11 6
0 1
0 4
0 5
6 #edges
1 11
4 8
5 6
0 1
0 4
0 5
6 #edges
5 11
5 8
5 6
0 1
0 4
0 5
6 #edges
4 8
5 11
5 6
0 1
0 4
0 5
6 #edges
1 6
5 11
5 8
0 1
0 4
0 5
6 #edges
1 6
4 8
5 11
0 1
0 4
0 5
6 #edges
5 11
5 8
11 6
0 1
0 4
0 5
6 #edges
4 8
5 11
11 6
0 1
0 4
0 5
6 #edges
4 8
5 1
5 11
11 6
0 4
0 5
6 #edges
4 8
5 1
5 11
5 6
0 4
0 5
6 #edges
1 6
4 8
5 1
5 11
0 4
0 5
6 #edges
1 6
4 8
5 11
11 1
0 4
0 5
6 #edges
4 8
5 11
5 6
11 1
0 4
0 5
6 #edges
1 11
4 8
5 1
5 6
0 4
0 5
6 #edges
1 11
4 8
5 1
11 6
0 4
0 5
6 #edges
5 1
5 11
5 8
5 6
0 4
0 5
6 #edges
1 11
5 1
5 8
5 6
0 4
0 5
6 #edges
5 11
5 8
5 6
11 1
0 4
0 5
6 #edges
5 1
5 11
5 8
11 6
0 4
0 5
6 #edges
1 6
5 11
5 8
11 1
0 4
0 5
6 #edges
1 6
5 1
5 11
5 8
0 4
0 5
6 #edges
1 11
5 1
5 8
11 6
0 4
0 5
5 #trees for patient 26
6 #edges
1 6
5 11
5 8
0 1
0 4
0 5
6 #edges
1 6
5 8
0 1
0 4
0 5
6 11
6 #edges
1 11
1 6
5 8
0 1
0 4
0 5
6 #edges
1 11
5 8
5 6
0 1
0 4
0 5
6 #edges
5 8
5 6
0 1
0 4
0 5
6 11
6 #trees for patient 27
6 #edges
5 8
11 1
0 4
0 5
0 11
0 6
6 #edges
1 11
5 8
0 1
0 4
0 5
0 6
6 #edges
1 6
5 8
11 1
0 4
0 5
0 11
6 #edges
5 8
5 6
11 1
0 4
0 5
0 11
6 #edges
1 11
5 8
11 6
0 1
0 4
0 5
6 #edges
1 11
5 8
5 6
0 1
0 4
0 5
6 #trees for patient 28
6 #edges
1 11
5 8
5 6
0 1
0 4
0 5
6 #edges
1 11
5 6
11 8
0 1
0 4
0 5
6 #edges
1 11
5 6
11 8
8 4
0 1
0 5
6 #edges
1 11
5 4
5 6
11 8
0 1
0 5
6 #edges
1 11
5 8
5 6
11 4
0 1
0 5
6 #edges
1 11
5 8
5 6
8 4
0 1
0 5
8 #trees for patient 29
6 #edges
5 8
5 6
11 1
0 4
0 5
0 11
6 #edges
5 6
11 1
0 4
0 5
0 11
6 8
6 #edges
1 11
5 8
5 6
0 1
0 4
0 5
6 #edges
1 11
5 6
0 1
0 4
0 5
6 8
6 #edges
1 4
5 8
5 6
11 1
0 5
0 11
6 #edges
1 4
5 6
11 1
0 5
0 11
6 8
6 #edges
1 11
5 8
5 6
11 4
0 1
0 5
6 #edges
1 11
5 6
11 4
0 1
0 5
6 8
13 #trees for patient 30
6 #edges
10 4
10 8
5 7
0 10
0 5
0 2
6 #edges
10 8
5 7
7 4
0 10
0 5
0 2
6 #edges
10 8
5 7
8 4
0 10
0 5
0 2
6 #edges
10 4
10 8
4 7
0 10
0 5
0 2
6 #edges
10 4
10 8
8 7
0 10
0 5
0 2
6 #edges
10 8
8 4
8 7
0 10
0 5
0 2
6 #edges
10 8
7 4
8 7
0 10
0 5
0 2
6 #edges
10 8
5 4
8 7
0 10
0 5
0 2
6 #edges
10 7
10 8
8 4
0 10
0 5
0 2
6 #edges
10 7
10 8
7 4
0 10
0 5
0 2
6 #edges
10 7
10 8
5 4
0 10
0 5
0 2
6 #edges
10 8
4 7
8 4
0 10
0 5
0 2
6 #edges
10 8
4 7
5 4
0 10
0 5
0 2
4 #trees for patient 31
6 #edges
10 8
5 7
7 4
0 10
0 5
0 2
6 #edges
5 7
7 4
8 10
0 5
0 8
0 2
6 #edges
4 2
5 7
7 4
8 10
0 5
0 8
6 #edges
10 8
4 2
5 7
7 4
0 10
0 5
12 #trees for patient 32
6 #edges
10 8
5 4
7 5
0 10
0 7
0 2
6 #edges
4 8
5 4
7 5
0 10
0 7
0 2
6 #edges
10 8
4 5
7 4
0 10
0 7
0 2
6 #edges
4 5
5 8
7 4
0 10
0 7
0 2
6 #edges
4 8
5 7
7 4
0 10
0 5
0 2
6 #edges
10 8
5 7
7 4
0 10
0 5
0 2
6 #edges
10 8
4 7
5 4
0 10
0 5
0 2
6 #edges
4 7
5 4
7 8
0 10
0 5
0 2
6 #edges
10 8
4 7
7 5
0 10
0 4
0 2
6 #edges
4 7
5 8
7 5
0 10
0 4
0 2
6 #edges
10 8
4 5
5 7
0 10
0 4
0 2
6 #edges
4 5
5 7
7 8
0 10
0 4
0 2
14 #trees for patient 33
6 #edges
5 7
7 4
8 10
0 5
0 8
0 2
6 #edges
4 7
5 4
8 10
0 5
0 8
0 2
6 #edges
5 7
7 4
0 10
0 5
0 8
0 2
6 #edges
4 10
5 7
7 4
0 5
0 8
0 2
6 #edges
4 7
5 4
0 10
0 5
0 8
0 2
6 #edges
4 7
5 4
7 10
0 5
0 8
0 2
6 #edges
10 8
4 7
5 4
0 10
0 5
0 2
6 #edges
4 7
5 4
7 8
0 10
0 5
0 2
6 #edges
10 8
5 7
7 4
0 10
0 5
0 2
6 #edges
4 8
5 7
7 4
0 10
0 5
0 2
6 #edges
10 8
4 10
5 7
7 4
0 5
0 2
6 #edges
4 8
5 7
7 4
8 10
0 5
0 2
6 #edges
4 7
5 4
7 8
8 10
0 5
0 2
6 #edges
10 8
4 7
5 4
7 10
0 5
0 2
6 #trees for patient 34
6 #edges
10 8
5 4
7 5
0 10
0 7
0 2
6 #edges
10 8
5 7
7 4
0 10
0 5
0 2
6 #edges
5 7
7 4
7 8
0 10
0 5
0 2
6 #edges
4 8
5 7
7 4
0 10
0 5
0 2
6 #edges
5 4
5 8
7 5
0 10
0 7
0 2
6 #edges
4 8
5 4
7 5
0 10
0 7
0 2
68 #trees for patient 35
6 #edges
4 5
7 4
8 10
0 7
0 8
0 2
6 #edges
10 8
4 5
7 4
0 10
0 7
0 2
6 #edges
10 8
7 4
2 5
0 10
0 7
0 2
6 #edges
7 4
8 10
2 5
0 7
0 8
0 2
6 #edges
10 8
5 4
7 5
0 10
0 7
0 2
6 #edges
10 8
7 5
2 4
0 10
0 7
0 2
6 #edges
10 8
2 4
2 5
0 10
0 7
0 2
6 #edges
10 8
4 5
2 4
0 10
0 7
0 2
6 #edges
10 8
5 4
2 5
0 10
0 7
0 2
6 #edges
4 5
8 10
2 4
0 7
0 8
0 2
6 #edges
7 5
8 10
2 4
0 7
0 8
0 2
6 #edges
8 10
2 4
2 5
0 7
0 8
0 2
6 #edges
5 4
8 10
2 5
0 7
0 8
0 2
6 #edges
5 4
7 5
8 10
0 7
0 8
0 2
6 #edges
10 8
4 7
5 4
0 10
0 5
0 2
6 #edges
10 8
5 4
2 7
0 10
0 5
0 2
6 #edges
5 4
8 10
2 7
0 5
0 8
0 2
6 #edges
4 7
5 4
8 10
0 5
0 8
0 2
6 #edges
5 7
7 4
8 10
0 5
0 8
0 2
6 #edges
5 7
8 10
2 4
0 5
0 8
0 2
6 #edges
8 10
2 4
2 7
0 5
0 8
0 2
6 #edges
7 4
8 10
2 7
0 5
0 8
0 2
6 #edges
4 7
8 10
2 4
0 5
0 8
0 2
6 #edges
10 8
4 7
2 4
0 10
0 5
0 2
6 #edges
10 8
2 4
2 7
0 10
0 5
0 2
6 #edges
10 8
5 7
2 4
0 10
0 5
0 2
6 #edges
10 8
5 7
7 4
0 10
0 5
0 2
6 #edges
10 8
7 4
2 7
0 10
0 5
0 2
6 #edges
4 7
7 5
8 10
0 4
0 8
0 2
6 #edges
4 7
8 10
2 5
0 4
0 8
0 2
6 #edges
4 5
8 10
2 7
0 4
0 8
0 2
6 #edges
4 5
5 7
8 10
0 4
0 8
0 2
6 #edges
8 10
2 5
2 7
0 4
0 8
0 2
6 #edges
7 5
8 10
2 7
0 4
0 8
0 2
6 #edges
5 7
8 10
2 5
0 4
0 8
0 2
6 #edges
10 8
4 7
2 5
0 10
0 4
0 2
6 #edges
10 8
4 7
7 5
0 10
0 4
0 2
6 #edges
10 8
4 5
2 7
0 10
0 4
0 2
6 #edges
10 8
4 5
5 7
0 10
0 4
0 2
6 #edges
10 8
2 5
2 7
0 10
0 4
0 2
6 #edges
10 8
5 7
2 5
0 10
0 4
0 2
6 #edges
10 8
7 5
2 7
0 10
0 4
0 2
6 #edges
10 8
4 5
5 7
2 4
0 10
0 2
6 #edges
10 8
4 5
2 4
2 7
0 10
0 2
6 #edges
10 8
2 4
2 5
2 7
0 10
0 2
6 #edges
10 8
7 5
2 4
2 7
0 10
0 2
6 #edges
10 8
5 7
2 4
2 5
0 10
0 2
6 #edges
10 8
4 7
2 4
2 5
0 10
0 2
6 #edges
10 8
4 7
7 5
2 4
0 10
0 2
6 #edges
10 8
5 7
7 4
2 5
0 10
0 2
6 #edges
10 8
4 7
5 4
2 5
0 10
0 2
6 #edges
10 8
5 4
2 5
2 7
0 10
0 2
6 #edges
10 8
7 4
2 5
2 7
0 10
0 2
6 #edges
10 8
5 4
7 5
2 7
0 10
0 2
6 #edges
10 8
4 5
7 4
2 7
0 10
0 2
6 #edges
4 5
5 7
8 10
2 4
0 8
0 2
6 #edges
4 5
8 10
2 4
2 7
0 8
0 2
6 #edges
5 7
8 10
2 4
2 5
0 8
0 2
6 #edges
4 7
8 10
2 4
2 5
0 8
0 2
6 #edges
8 10
2 4
2 5
2 7
0 8
0 2
6 #edges
4 7
7 5
8 10
2 4
0 8
0 2
6 #edges
7 5
8 10
2 4
2 7
0 8
0 2
6 #edges
7 4
8 10
2 5
2 7
0 8
0 2
6 #edges
4 5
7 4
8 10
2 7
0 8
0 2
6 #edges
5 4
7 5
8 10
2 7
0 8
0 2
6 #edges
5 4
8 10
2 5
2 7
0 8
0 2
6 #edges
4 7
5 4
8 10
2 5
0 8
0 2
6 #edges
5 7
7 4
8 10
2 5
0 8
0 2
4 #trees for patient 36
6 #edges
10 8
5 7
7 4
0 10
0 5
0 2
6 #edges
5 7
7 4
8 10
0 5
0 8
0 2
6 #edges
4 2
5 7
7 4
8 10
0 5
0 8
6 #edges
10 8
4 2
5 7
7 4
0 10
0 5
86 #trees for patient 37
6 #edges
4 5
7 4
8 10
0 7
0 8
0 2
6 #edges
7 4
8 10
2 5
0 7
0 8
0 2
6 #edges
7 4
8 10
0 5
0 7
0 8
0 2
6 #edges
10 8
4 5
7 4
0 10
0 7
0 2
6 #edges
10 8
7 4
0 10
0 5
0 7
0 2
6 #edges
10 8
7 4
2 5
0 10
0 7
0 2
6 #edges
10 8
5 4
7 5
0 10
0 7
0 2
6 #edges
10 8
7 5
2 4
0 10
0 7
0 2
6 #edges
10 8
7 5
0 10
0 4
0 7
0 2
6 #edges
10 8
2 4
2 5
0 10
0 7
0 2
6 #edges
10 8
2 4
0 10
0 5
0 7
0 2
6 #edges
10 8
4 5
2 4
0 10
0 7
0 2
6 #edges
10 8
4 5
0 10
0 4
0 7
0 2
6 #edges
10 8
2 5
0 10
0 4
0 7
0 2
6 #edges
10 8
0 10
0 4
0 5
0 7
0 2
6 #edges
10 8
5 4
0 10
0 5
0 7
0 2
6 #edges
10 8
5 4
2 5
0 10
0 7
0 2
6 #edges
5 4
7 5
8 10
0 7
0 8
0 2
6 #edges
7 5
8 10
0 4
0 7
0 8
0 2
6 #edges
7 5
8 10
2 4
0 7
0 8
0 2
6 #edges
8 10
0 4
0 5
0 7
0 8
0 2
6 #edges
4 5
8 10
0 4
0 7
0 8
0 2
6 #edges
8 10
2 5
0 4
0 7
0 8
0 2
6 #edges
5 4
8 10
0 5
0 7
0 8
0 2
6 #edges
8 10
2 4
0 5
0 7
0 8
0 2
6 #edges
5 4
8 10
2 5
0 7
0 8
0 2
6 #edges
8 10
2 4
2 5
0 7
0 8
0 2
6 #edges
4 5
8 10
2 4
0 7
0 8
0 2
6 #edges
10 8
5 7
2 4
0 10
0 5
0 2
6 #edges
5 7
8 10
2 4
0 5
0 8
0 2
6 #edges
4 7
8 10
2 4
0 5
0 8
0 2
6 #edges
10 8
4 7
2 4
0 10
0 5
0 2
6 #edges
8 10
2 4
2 7
0 5
0 8
0 2
6 #edges
10 8
2 4
2 7
0 10
0 5
0 2
6 #edges
10 8
5 4
2 7
0 10
0 5
0 2
6 #edges
10 8
4 7
5 4
0 10
0 5
0 2
6 #edges
5 4
8 10
2 7
0 5
0 8
0 2
6 #edges
4 7
5 4
8 10
0 5
0 8
0 2
6 #edges
10 8
5 7
0 10
0 4
0 5
0 2
6 #edges
5 7
8 10
0 4
0 5
0 8
0 2
6 #edges
8 10
2 7
0 4
0 5
0 8
0 2
6 #edges
10 8
2 7
0 10
0 4
0 5
0 2
6 #edges
4 7
8 10
0 4
0 5
0 8
0 2
6 #edges
10 8
4 7
0 10
0 4
0 5
0 2
6 #edges
5 7
7 4
8 10
0 5
0 8
0 2
6 #edges
7 4
8 10
2 7
0 5
0 8
0 2
6 #edges
10 8
7 4
2 7
0 10
0 5
0 2
6 #edges
10 8
5 7
7 4
0 10
0 5
0 2
6 #edges
10 8
5 7
2 5
0 10
0 4
0 2
6 #edges
5 7
8 10
2 5
0 4
0 8
0 2
6 #edges
10 8
4 7
2 5
0 10
0 4
0 2
6 #edges
10 8
2 5
2 7
0 10
0 4
0 2
6 #edges
4 7
8 10
2 5
0 4
0 8
0 2
6 #edges
8 10
2 5
2 7
0 4
0 8
0 2
6 #edges
10 8
4 7
7 5
0 10
0 4
0 2
6 #edges
4 7
7 5
8 10
0 4
0 8
0 2
6 #edges
10 8
4 5
2 7
0 10
0 4
0 2
6 #edges
10 8
7 5
2 7
0 10
0 4
0 2
6 #edges
10 8
4 5
5 7
0 10
0 4
0 2
6 #edges
4 5
8 10
2 7
0 4
0 8
0 2
6 #edges
4 5
5 7
8 10
0 4
0 8
0 2
6 #edges
7 5
8 10
2 7
0 4
0 8
0 2
6 #edges
10 8
4 7
2 4
2 5
0 10
0 2
6 #edges
10 8
4 7
7 5
2 4
0 10
0 2
6 #edges
10 8
4 5
2 4
2 7
0 10
0 2
6 #edges
10 8
4 5
5 7
2 4
0 10
0 2
6 #edges
10 8
7 5
2 4
2 7
0 10
0 2
6 #edges
10 8
5 7
2 4
2 5
0 10
0 2
6 #edges
10 8
5 4
2 5
2 7
0 10
0 2
6 #edges
10 8
7 4
2 5
2 7
0 10
0 2
6 #edges
10 8
5 4
7 5
2 7
0 10
0 2
6 #edges
10 8
4 5
7 4
2 7
0 10
0 2
6 #edges
10 8
5 7
7 4
2 5
0 10
0 2
6 #edges
10 8
4 7
5 4
2 5
0 10
0 2
6 #edges
5 7
7 4
8 10
2 5
0 8
0 2
6 #edges
5 7
8 10
2 4
2 5
0 8
0 2
6 #edges
4 7
5 4
8 10
2 5
0 8
0 2
6 #edges
5 4
8 10
2 5
2 7
0 8
0 2
6 #edges
7 4
8 10
2 5
2 7
0 8
0 2
6 #edges
4 7
8 10
2 4
2 5
0 8
0 2
6 #edges
4 5
8 10
2 4
2 7
0 8
0 2
6 #edges
7 5
8 10
2 4
2 7
0 8
0 2
6 #edges
5 4
7 5
8 10
2 7
0 8
0 2
6 #edges
4 5
7 4
8 10
2 7
0 8
0 2
6 #edges
4 7
7 5
8 10
2 4
0 8
0 2
6 #edges
4 5
5 7
8 10
2 4
0 8
0 2
4 #trees for patient 38
6 #edges
5 7
7 4
8 10
0 5
0 8
0 2
6 #edges
10 4
5 7
8 10
0 5
0 8
0 2
6 #edges
10 8
5 7
8 4
0 10
0 5
0 2
6 #edges
10 8
5 7
7 4
0 10
0 5
0 2
12 #trees for patient 39
6 #edges
5 7
7 4
8 10
0 5
0 8
0 2
6 #edges
4 7
5 4
8 10
0 5
0 8
0 2
6 #edges
4 5
7 4
8 10
0 7
0 8
0 2
6 #edges
5 4
7 5
8 10
0 7
0 8
0 2
6 #edges
4 7
7 5
8 10
0 4
0 8
0 2
6 #edges
4 5
5 7
8 10
0 4
0 8
0 2
6 #edges
10 8
4 7
7 5
0 10
0 4
0 2
6 #edges
10 8
4 5
5 7
0 10
0 4
0 2
6 #edges
10 8
5 7
7 4
0 10
0 5
0 2
6 #edges
10 8
4 7
5 4
0 10
0 5
0 2
6 #edges
10 8
5 4
7 5
0 10
0 7
0 2
6 #edges
10 8
4 5
7 4
0 10
0 7
0 2
12 #trees for patient 40
6 #edges
10 8
5 7
7 4
0 10
0 5
0 2
6 #edges
5 7
7 4
7 8
0 10
0 5
0 2
6 #edges
5 7
7 4
7 8
8 10
0 5
0 2
6 #edges
5 7
7 10
7 4
0 5
0 8
0 2
6 #edges
5 7
7 4
8 10
0 5
0 8
0 2
6 #edges
10 8
5 7
7 10
7 4
0 5
0 2
6 #edges
4 2
5 7
7 4
8 10
0 5
0 8
6 #edges
4 2
5 7
7 10
7 4
0 5
0 8
6 #edges
10 8
4 2
5 7
7 4
0 10
0 5
6 #edges
4 2
5 7
7 4
7 8
0 10
0 5
6 #edges
4 2
5 7
7 4
7 8
8 10
0 5
6 #edges
10 8
4 2
5 7
7 10
7 4
0 5
4 #trees for patient 41
6 #edges
1 6
2 5
0 1
0 3
6 10
6 2
6 #edges
1 6
5 2
0 1
0 3
6 10
6 5
6 #edges
1 6
5 3
2 5
0 1
6 10
6 2
6 #edges
1 6
5 2
2 3
0 1
6 10
6 5
2 #trees for patient 42
6 #edges
1 6
5 2
0 1
0 3
6 10
6 5
6 #edges
1 6
5 2
2 10
0 1
0 3
6 5
8 #trees for patient 43
6 #edges
1 6
2 5
0 1
0 3
6 10
6 2
6 #edges
1 6
5 10
2 5
0 1
0 3
6 2
6 #edges
1 6
5 2
0 1
0 3
6 10
6 5
6 #edges
1 6
5 2
2 10
0 1
0 3
6 5
6 #edges
1 10
1 5
5 2
0 3
0 6
6 1
6 #edges
1 5
5 2
2 10
0 3
0 6
6 1
6 #edges
1 10
1 2
2 5
0 3
0 6
6 1
6 #edges
1 2
5 10
2 5
0 3
0 6
6 1
2 #trees for patient 44
6 #edges
1 6
5 2
3 10
0 1
0 3
6 5
6 #edges
1 6
5 2
0 1
0 3
6 10
6 5
4 #trees for patient 45
6 #edges
1 10
1 5
5 2
0 3
0 6
6 1
6 #edges
1 6
5 2
0 1
0 3
6 10
6 5
6 #edges
1 10
1 5
10 3
5 2
0 6
6 1
6 #edges
1 6
10 3
5 2
0 1
6 10
6 5
2 #trees for patient 46
6 #edges
1 6
5 2
0 1
0 3
6 10
6 5
6 #edges
1 10
1 5
5 2
0 3
0 6
6 1
4 #trees for patient 47
6 #edges
1 6
2 5
0 1
0 3
6 10
6 2
6 #edges
1 6
5 2
0 1
0 3
6 10
6 5
6 #edges
1 6
10 3
5 2
0 1
6 10
6 5
6 #edges
1 6
10 3
2 5
0 1
6 10
6 2
4 #trees for patient 48
6 #edges
1 5
5 2
0 10
0 3
0 6
6 1
6 #edges
1 6
5 2
0 1
0 10
0 3
6 5
6 #edges
1 6
5 2
0 1
0 3
6 10
6 5
6 #edges
1 10
1 5
5 2
0 3
0 6
6 1
12 #trees for patient 49
6 #edges
1 6
5 3
2 5
0 1
0 10
6 2
6 #edges
1 6
5 2
2 3
0 1
0 10
6 5
6 #edges
1 6
2 5
0 1
0 3
6 10
6 2
6 #edges
1 6
5 2
0 1
0 3
6 10
6 5
6 #edges
1 6
5 2
3 10
0 1
0 3
6 5
6 #edges
1 6
5 2
2 10
0 1
0 3
6 5
6 #edges
1 6
3 10
2 5
0 1
0 3
6 2
6 #edges
1 6
5 10
2 5
0 1
0 3
6 2
6 #edges
1 6
5 3
2 5
0 1
6 10
6 2
6 #edges
1 6
5 2
2 3
0 1
6 10
6 5
6 #edges
1 6
5 2
3 10
2 3
0 1
6 5
6 #edges
1 6
5 3
3 10
2 5
0 1
6 2
