50 # patients
4 #trees for patient 0
6 #edges
0 5
0 9
0 3
6 8
9 6
8 1
6 #edges
0 5
0 9
0 3
6 8
9 6
3 1
6 #edges
0 9
0 3
6 8
9 5
9 6
3 1
6 #edges
0 9
0 3
6 8
9 5
9 6
8 1
18 #trees for patient 1
6 #edges
0 5
0 9
0 1
0 3
9 8
8 6
6 #edges
0 5
0 9
0 1
0 3
6 8
9 6
6 #edges
0 5
0 8
0 1
0 3
9 6
8 9
6 #edges
0 5
0 8
0 1
0 3
6 9
8 6
6 #edges
0 5
0 6
0 1
0 3
6 9
9 8
6 #edges
0 5
0 6
0 1
0 3
6 8
8 9
6 #edges
5 1
0 5
0 6
0 3
6 8
8 9
6 #edges
0 5
0 6
0 3
6 8
9 1
8 9
6 #edges
5 1
0 5
0 6
0 3
6 9
9 8
6 #edges
0 5
0 6
0 3
6 9
9 8
8 1
6 #edges
5 1
0 5
0 9
0 3
6 8
9 6
6 #edges
5 1
0 5
0 9
0 3
9 8
8 6
6 #edges
5 1
0 5
0 8
0 3
6 9
8 6
6 #edges
5 1
0 5
0 8
0 3
9 6
8 9
6 #edges
0 5
0 8
0 3
6 1
9 6
8 9
6 #edges
0 5
0 8
0 3
6 9
9 1
8 6
6 #edges
0 5
0 9
0 3
6 8
9 6
8 1
6 #edges
0 5
0 9
0 3
6 1
9 8
8 6
2 #trees for patient 2
6 #edges
0 5
0 9
0 3
6 8
9 6
8 1
6 #edges
0 9
0 3
6 5
6 8
9 6
8 1
4 #trees for patient 3
6 #edges
0 5
0 9
0 3
6 8
9 6
8 1
6 #edges
0 5
0 9
0 3
6 1
9 8
8 6
6 #edges
0 5
0 9
6 8
9 6
8 1
1 3
6 #edges
0 5
0 9
6 1
9 8
8 6
1 3
6 #trees for patient 4
6 #edges
0 5
0 9
0 3
6 8
9 6
8 1
6 #edges
0 9
0 3
6 8
9 6
8 5
8 1
6 #edges
0 5
0 9
6 8
6 3
9 6
8 1
6 #edges
0 5
0 9
6 8
9 6
8 1
8 3
6 #edges
0 9
6 8
9 6
8 5
8 1
8 3
6 #edges
0 9
6 8
6 3
9 6
8 5
8 1
12 #trees for patient 5
6 #edges
0 5
0 9
0 3
6 1
9 6
1 8
6 #edges
0 5
0 9
0 3
6 8
9 6
8 1
6 #edges
0 5
0 9
0 3
6 1
9 8
8 6
6 #edges
0 5
0 9
0 3
9 8
8 1
1 6
6 #edges
0 5
0 9
0 3
9 1
8 6
1 8
6 #edges
0 5
0 9
0 3
6 8
9 1
1 6
6 #edges
0 5
0 9
0 1
6 8
9 3
1 6
6 #edges
0 5
0 9
0 1
9 3
8 6
1 8
6 #edges
0 5
0 9
0 8
6 1
9 3
8 6
6 #edges
0 5
0 9
0 8
9 3
8 1
1 6
6 #edges
0 5
0 6
0 9
6 8
9 3
8 1
6 #edges
0 5
0 6
0 9
6 1
9 3
1 8
48 #trees for patient 6
6 #edges
0 5
0 6
0 3
6 9
9 8
8 1
6 #edges
0 5
0 6
0 3
6 8
9 1
8 9
6 #edges
0 5
0 8
0 3
6 1
9 6
8 9
6 #edges
0 5
0 8
0 3
6 9
9 1
8 6
6 #edges
0 5
0 9
0 3
6 1
9 8
8 6
6 #edges
0 5
0 9
0 3
6 8
9 6
8 1
6 #edges
0 9
0 3
6 5
6 1
9 8
8 6
6 #edges
0 9
0 3
6 8
9 6
8 5
8 1
6 #edges
0 6
0 3
6 9
9 8
8 5
8 1
6 #edges
0 6
0 3
6 8
9 5
9 1
8 9
6 #edges
0 8
0 3
6 5
6 1
9 6
8 9
6 #edges
0 8
0 3
6 9
9 5
9 1
8 6
6 #edges
0 5
0 6
0 1
6 8
8 9
1 3
6 #edges
0 5
0 6
0 1
6 8
9 3
8 9
6 #edges
0 6
0 1
6 8
9 5
8 9
1 3
6 #edges
0 6
0 1
6 8
9 5
9 3
8 9
6 #edges
0 5
0 6
0 1
6 9
9 8
1 3
6 #edges
0 5
0 6
0 1
6 9
9 8
8 3
6 #edges
0 6
0 1
6 9
9 8
8 5
1 3
6 #edges
0 6
0 1
6 9
9 8
8 5
8 3
6 #edges
0 5
0 9
0 1
9 8
8 6
1 3
6 #edges
0 5
0 9
0 1
6 8
9 6
1 3
6 #edges
0 5
0 9
0 1
6 8
9 6
8 3
6 #edges
0 5
0 9
0 1
6 3
9 8
8 6
6 #edges
0 9
0 1
6 8
9 6
8 5
1 3
6 #edges
0 9
0 1
6 8
9 6
8 5
8 3
6 #edges
0 9
0 1
6 5
9 8
8 6
1 3
6 #edges
0 9
0 1
6 5
6 3
9 8
8 6
6 #edges
0 5
0 8
0 1
6 9
8 6
1 3
6 #edges
0 5
0 8
0 1
9 6
8 9
1 3
6 #edges
0 5
0 8
0 1
6 9
9 3
8 6
6 #edges
0 5
0 8
0 1
6 3
9 6
8 9
6 #edges
0 8
0 1
6 9
9 5
8 6
1 3
6 #edges
0 8
0 1
6 5
9 6
8 9
1 3
6 #edges
0 8
0 1
6 5
6 3
9 6
8 9
6 #edges
0 8
0 1
6 9
9 5
9 3
8 6
6 #edges
0 5
0 6
6 9
9 8
8 1
1 3
6 #edges
0 5
0 6
6 8
9 1
8 9
1 3
6 #edges
0 5
0 8
6 9
9 1
8 6
1 3
6 #edges
0 5
0 8
6 1
9 6
8 9
1 3
6 #edges
0 5
0 9
6 8
9 6
8 1
1 3
6 #edges
0 5
0 9
6 1
9 8
8 6
1 3
6 #edges
0 8
6 5
6 1
9 6
8 9
1 3
6 #edges
0 8
6 9
9 5
9 1
8 6
1 3
6 #edges
0 9
6 8
9 6
8 5
8 1
1 3
6 #edges
0 9
6 5
6 1
9 8
8 6
1 3
6 #edges
0 6
6 8
9 5
9 1
8 9
1 3
6 #edges
0 6
6 9
9 8
8 5
8 1
1 3
4 #trees for patient 7
6 #edges
5 1
0 5
0 9
0 3
9 8
8 6
6 #edges
5 1
0 5
0 9
0 3
6 8
9 6
6 #edges
0 5
0 9
0 3
6 1
9 8
8 6
6 #edges
0 5
0 9
0 3
6 8
9 6
8 1
209 #trees for patient 8
6 #edges
0 5
0 6
0 8
0 3
6 9
9 1
6 #edges
0 5
0 6
0 3
6 9
9 1
1 8
6 #edges
0 5
0 6
0 3
6 9
9 8
8 1
6 #edges
0 5
0 6
0 1
0 3
6 9
9 8
6 #edges
0 5
0 6
0 8
0 1
0 3
6 9
6 #edges
0 5
0 6
0 8
0 3
6 9
8 1
6 #edges
0 5
0 6
0 1
0 3
6 9
1 8
6 #edges
0 5
0 6
0 8
0 3
6 1
1 9
6 #edges
0 5
0 6
0 9
0 8
0 3
6 1
6 #edges
0 5
0 6
0 8
0 3
6 1
8 9
6 #edges
0 5
0 6
0 9
0 8
0 3
8 1
6 #edges
0 5
0 6
0 8
0 3
8 1
1 9
6 #edges
0 5
0 6
0 8
0 3
9 1
8 9
6 #edges
0 5
0 6
0 8
0 1
0 3
8 9
6 #edges
0 5
0 6
0 9
0 8
0 1
0 3
6 #edges
0 5
0 6
0 9
0 8
0 3
9 1
6 #edges
0 5
0 6
0 8
0 1
0 3
1 9
6 #edges
0 5
0 6
0 9
0 3
6 1
9 8
6 #edges
0 5
0 6
0 9
0 3
6 1
1 8
6 #edges
0 5
0 6
0 9
0 3
6 8
8 1
6 #edges
0 5
0 6
0 9
0 3
6 8
9 1
6 #edges
0 5
0 6
0 9
0 1
0 3
6 8
6 #edges
0 5
0 6
0 9
0 1
0 3
9 8
6 #edges
0 5
0 6
0 9
0 3
9 8
8 1
6 #edges
0 5
0 6
0 9
0 3
9 1
1 8
6 #edges
0 5
0 6
0 9
0 1
0 3
1 8
6 #edges
0 5
0 6
0 1
0 3
6 8
8 9
6 #edges
0 5
0 6
0 3
6 8
9 1
8 9
6 #edges
0 5
0 6
0 3
6 8
8 1
1 9
6 #edges
0 5
0 6
0 1
0 3
6 8
1 9
6 #edges
0 5
0 6
0 3
6 1
9 8
1 9
6 #edges
0 5
0 6
0 3
6 1
8 9
1 8
6 #edges
0 5
0 6
0 1
0 3
9 8
1 9
6 #edges
0 5
0 6
0 1
0 3
8 9
1 8
6 #edges
0 5
0 9
0 8
0 3
9 6
8 1
6 #edges
0 5
0 9
0 8
0 3
6 1
9 6
6 #edges
0 5
0 9
0 8
0 1
0 3
9 6
6 #edges
0 5
0 9
0 3
6 1
9 6
1 8
6 #edges
0 5
0 9
0 1
0 3
6 8
9 6
6 #edges
0 5
0 9
0 3
6 8
9 6
8 1
6 #edges
0 5
0 9
0 1
0 3
9 6
1 8
6 #edges
0 5
0 9
0 8
0 3
9 1
8 6
6 #edges
0 5
0 9
0 8
0 3
9 1
1 6
6 #edges
0 5
0 9
0 3
6 8
9 1
1 6
6 #edges
0 5
0 9
0 3
9 1
8 6
1 8
6 #edges
0 5
0 9
0 3
9 8
8 1
1 6
6 #edges
0 5
0 9
0 1
0 3
9 8
1 6
6 #edges
0 5
0 9
0 1
0 3
9 8
8 6
6 #edges
0 5
0 9
0 3
6 1
9 8
8 6
6 #edges
0 5
0 9
0 8
0 1
0 3
1 6
6 #edges
0 5
0 9
0 8
0 1
0 3
8 6
6 #edges
0 5
0 9
0 8
0 3
6 1
8 6
6 #edges
0 5
0 9
0 8
0 3
8 1
1 6
6 #edges
0 5
0 9
0 1
0 3
6 8
1 6
6 #edges
0 5
0 9
0 1
0 3
8 6
1 8
6 #edges
0 5
0 8
0 3
9 6
8 1
1 9
6 #edges
0 5
0 8
0 3
6 9
8 1
1 6
6 #edges
0 5
0 8
0 1
0 3
6 9
8 6
6 #edges
0 5
0 8
0 1
0 3
8 6
1 9
6 #edges
0 5
0 8
0 1
0 3
9 6
1 9
6 #edges
0 5
0 8
0 1
0 3
8 9
1 6
6 #edges
0 5
0 8
0 1
0 3
6 9
1 6
6 #edges
0 5
0 8
0 1
0 3
9 6
8 9
6 #edges
0 5
0 8
0 3
6 9
9 1
8 6
6 #edges
0 5
0 8
0 3
6 1
8 6
1 9
6 #edges
0 5
0 8
0 3
9 1
8 9
1 6
6 #edges
0 5
0 8
0 3
6 1
9 6
8 9
6 #edges
0 5
0 1
0 3
6 8
8 9
1 6
6 #edges
0 5
0 1
0 3
6 9
9 8
1 6
6 #edges
0 5
0 1
0 3
9 8
8 6
1 9
6 #edges
0 5
0 1
0 3
6 8
9 6
1 9
6 #edges
0 5
0 1
0 3
6 9
8 6
1 8
6 #edges
0 5
0 1
0 3
9 6
8 9
1 8
6 #edges
0 5
0 8
0 1
6 9
9 3
1 6
6 #edges
0 5
0 8
0 1
6 9
8 3
1 6
6 #edges
0 5
0 9
0 8
0 1
8 3
1 6
6 #edges
0 5
0 8
0 1
6 3
8 9
1 6
6 #edges
0 5
0 8
0 1
9 3
8 9
1 6
6 #edges
0 5
0 9
0 8
0 1
9 3
1 6
6 #edges
0 5
0 9
0 8
0 1
6 3
1 6
6 #edges
0 5
0 6
0 9
0 8
0 1
1 3
6 #edges
0 5
0 6
0 8
0 1
6 9
1 3
6 #edges
0 5
0 6
0 8
0 1
8 9
1 3
6 #edges
0 5
0 6
0 8
0 1
6 3
8 9
6 #edges
0 5
0 6
0 9
0 8
0 1
6 3
6 #edges
0 5
0 6
0 8
0 1
6 3
1 9
6 #edges
0 5
0 6
0 8
0 1
8 3
1 9
6 #edges
0 5
0 6
0 8
0 1
6 9
8 3
6 #edges
0 5
0 6
0 9
0 8
0 1
8 3
6 #edges
0 5
0 6
0 8
0 1
9 3
8 9
6 #edges
0 5
0 6
0 9
0 8
0 1
9 3
6 #edges
0 5
0 6
0 8
0 1
6 9
9 3
6 #edges
0 5
0 6
0 8
0 1
9 3
1 9
6 #edges
0 5
0 9
0 8
0 1
9 6
8 3
6 #edges
0 5
0 9
0 8
0 1
8 6
1 3
6 #edges
0 5
0 9
0 8
0 1
9 6
1 3
6 #edges
0 5
0 9
0 8
0 1
9 3
8 6
6 #edges
0 5
0 9
0 8
0 1
6 3
8 6
6 #edges
0 5
0 9
0 8
0 1
6 3
9 6
6 #edges
0 5
0 8
0 1
9 6
8 9
1 3
6 #edges
0 5
0 8
0 1
6 9
8 6
1 3
6 #edges
0 5
0 8
0 1
9 6
8 3
1 9
6 #edges
0 5
0 8
0 1
6 3
9 6
1 9
6 #edges
0 5
0 8
0 1
9 3
8 6
1 9
6 #edges
0 5
0 8
0 1
6 3
8 6
1 9
6 #edges
0 5
0 8
0 1
6 3
9 6
8 9
6 #edges
0 5
0 8
0 1
6 9
9 3
8 6
6 #edges
0 5
0 6
0 1
6 9
8 3
1 8
6 #edges
0 5
0 6
0 9
0 1
8 3
1 8
6 #edges
0 5
0 9
0 1
9 6
8 3
1 8
6 #edges
0 5
0 9
0 1
9 3
8 6
1 8
6 #edges
0 5
0 6
0 9
0 1
9 3
1 8
6 #edges
0 5
0 9
0 1
6 3
8 6
1 8
6 #edges
0 5
0 9
0 1
6 3
9 6
1 8
6 #edges
0 5
0 6
0 9
0 1
6 3
1 8
6 #edges
0 5
0 6
0 1
6 3
8 9
1 8
6 #edges
0 5
0 6
0 1
9 3
8 9
1 8
6 #edges
0 5
0 6
0 1
6 9
9 3
1 8
6 #edges
0 5
0 1
6 3
9 6
8 9
1 8
6 #edges
0 5
0 1
6 9
9 3
8 6
1 8
6 #edges
0 5
0 9
0 1
6 8
9 6
1 3
6 #edges
0 5
0 9
0 1
6 8
9 6
8 3
6 #edges
0 5
0 9
0 1
6 8
9 3
1 6
6 #edges
0 5
0 6
0 9
0 1
6 8
9 3
6 #edges
0 5
0 9
0 1
9 8
8 6
1 3
6 #edges
0 5
0 6
0 9
0 1
9 8
1 3
6 #edges
0 5
0 6
0 9
0 1
6 8
1 3
6 #edges
0 5
0 9
0 1
6 3
9 8
1 6
6 #edges
0 5
0 9
0 1
9 8
8 3
1 6
6 #edges
0 5
0 9
0 1
6 8
8 3
1 6
6 #edges
0 5
0 9
0 1
6 3
9 8
8 6
6 #edges
0 5
0 6
0 9
0 1
9 8
8 3
6 #edges
0 5
0 6
0 9
0 1
6 3
9 8
6 #edges
0 5
0 6
0 9
0 1
6 8
8 3
6 #edges
0 5
0 6
0 1
6 8
8 9
1 3
6 #edges
0 5
0 6
0 1
6 9
9 8
1 3
6 #edges
0 5
0 1
6 8
9 3
8 9
1 6
6 #edges
0 5
0 1
6 9
9 8
8 3
1 6
6 #edges
0 5
0 6
0 1
9 8
8 3
1 9
6 #edges
0 5
0 6
0 1
6 3
9 8
1 9
6 #edges
0 5
0 6
0 1
6 8
8 3
1 9
6 #edges
0 5
0 6
0 1
6 8
9 3
1 9
6 #edges
0 5
0 6
0 1
6 8
9 3
8 9
6 #edges
0 5
0 6
0 1
6 9
9 8
8 3
6 #edges
0 5
0 1
6 8
9 6
8 3
1 9
6 #edges
0 5
0 1
6 3
9 8
8 6
1 9
6 #edges
0 5
0 6
0 9
0 8
6 3
8 1
6 #edges
0 5
0 6
0 9
0 8
6 3
9 1
6 #edges
0 5
0 6
0 9
0 8
9 3
8 1
6 #edges
0 5
0 6
0 9
0 8
6 1
9 3
6 #edges
0 5
0 6
0 9
0 8
6 1
1 3
6 #edges
0 5
0 6
0 9
0 8
6 1
8 3
6 #edges
0 5
0 6
0 9
0 8
9 1
8 3
6 #edges
0 5
0 6
0 9
0 8
8 1
1 3
6 #edges
0 5
0 6
0 9
0 8
9 1
1 3
6 #edges
0 5
0 6
0 8
6 3
9 1
8 9
6 #edges
0 5
0 6
0 8
6 3
8 1
1 9
6 #edges
0 5
0 6
0 8
6 9
9 1
8 3
6 #edges
0 5
0 6
0 8
6 1
8 3
1 9
6 #edges
0 5
0 6
0 8
6 1
9 3
1 9
6 #edges
0 5
0 6
0 8
6 1
8 9
1 3
6 #edges
0 5
0 6
0 8
6 1
9 3
8 9
6 #edges
0 5
0 6
0 8
6 9
8 1
1 3
6 #edges
0 5
0 6
0 8
9 3
8 1
1 9
6 #edges
0 5
0 6
0 8
6 9
9 3
8 1
6 #edges
0 5
0 6
0 8
9 1
8 9
1 3
6 #edges
0 5
0 6
0 8
6 9
9 1
1 3
6 #edges
0 5
0 8
6 3
9 6
8 1
1 9
6 #edges
0 5
0 9
0 8
9 3
8 1
1 6
6 #edges
0 5
0 9
0 8
6 3
8 1
1 6
6 #edges
0 5
0 9
0 8
6 3
9 6
8 1
6 #edges
0 5
0 9
0 8
9 6
8 1
1 3
6 #edges
0 5
0 8
6 9
9 3
8 1
1 6
6 #edges
0 5
0 9
0 8
9 1
8 3
1 6
6 #edges
0 5
0 9
0 8
6 1
9 6
8 3
6 #edges
0 5
0 8
6 1
9 6
8 9
1 3
6 #edges
0 5
0 8
6 3
9 1
8 9
1 6
6 #edges
0 5
0 9
0 8
6 3
9 1
8 6
6 #edges
0 5
0 9
0 8
9 1
8 6
1 3
6 #edges
0 5
0 9
0 8
6 1
9 3
8 6
6 #edges
0 5
0 9
0 8
6 1
8 6
1 3
6 #edges
0 5
0 8
6 9
9 1
8 6
1 3
6 #edges
0 5
0 8
6 1
9 3
8 6
1 9
6 #edges
0 5
0 9
0 8
6 3
9 1
1 6
6 #edges
0 5
0 9
0 8
6 1
9 6
1 3
6 #edges
0 5
0 6
0 9
6 1
9 8
8 3
6 #edges
0 5
0 6
0 9
9 8
8 1
1 3
6 #edges
0 5
0 6
0 9
6 3
9 8
8 1
6 #edges
0 5
0 6
0 9
6 1
9 8
1 3
6 #edges
0 5
0 6
0 9
6 1
9 3
1 8
6 #edges
0 5
0 6
0 9
6 8
9 3
8 1
6 #edges
0 5
0 6
0 9
6 3
9 1
1 8
6 #edges
0 5
0 6
0 9
9 1
8 3
1 8
6 #edges
0 5
0 6
0 9
6 8
9 1
8 3
6 #edges
0 5
0 6
0 9
6 8
9 1
1 3
6 #edges
0 5
0 6
0 9
6 8
8 1
1 3
6 #edges
0 5
0 6
0 9
6 1
8 3
1 8
6 #edges
0 5
0 9
6 8
9 1
8 3
1 6
6 #edges
0 5
0 9
6 3
9 1
8 6
1 8
6 #edges
0 5
0 9
6 1
9 6
8 3
1 8
6 #edges
0 5
0 9
6 8
9 6
8 1
1 3
6 #edges
0 5
0 9
6 3
9 8
8 1
1 6
6 #edges
0 5
0 9
6 1
9 8
8 6
1 3
6 #edges
0 5
0 6
6 9
9 8
8 1
1 3
6 #edges
0 5
0 6
6 9
9 1
8 3
1 8
6 #edges
0 5
0 6
6 1
9 3
8 9
1 8
6 #edges
0 5
0 6
6 1
9 8
8 3
1 9
6 #edges
0 5
0 6
6 8
9 3
8 1
1 9
6 #edges
0 5
0 6
6 8
9 1
8 9
1 3
7 #trees for patient 9
6 #edges
0 5
0 9
0 3
6 8
9 6
8 1
6 #edges
0 5
0 9
0 3
6 8
9 6
3 1
6 #edges
0 5
0 9
0 3
9 6
3 8
3 1
6 #edges
0 5
0 9
0 3
9 6
1 8
3 1
6 #edges
0 5
0 9
0 3
9 6
8 1
3 8
6 #edges
0 5
0 9
0 3
6 1
9 6
3 8
6 #edges
0 5
0 9
0 3
6 1
9 6
1 8
2 #trees for patient 10
6 #edges
0 5
0 6
0 3
6 9
9 8
8 1
6 #edges
0 5
0 9
0 3
6 8
9 6
8 1
12 #trees for patient 11
6 #edges
0 5
0 9
0 3
6 8
9 6
3 1
6 #edges
0 5
0 9
0 3
6 8
9 6
8 1
6 #edges
0 5
0 6
0 3
6 9
9 8
8 1
6 #edges
0 5
0 6
0 3
6 9
9 8
3 1
6 #edges
0 9
0 3
6 8
9 6
8 1
3 5
6 #edges
0 9
0 3
6 8
9 6
3 5
3 1
6 #edges
0 9
0 3
6 8
9 6
8 5
3 1
6 #edges
0 9
0 3
6 8
9 6
8 5
8 1
6 #edges
0 6
0 3
6 9
9 8
3 5
3 1
6 #edges
0 6
0 3
6 9
9 8
8 5
3 1
6 #edges
0 6
0 3
6 9
9 8
8 1
3 5
6 #edges
0 6
0 3
6 9
9 8
8 5
8 1
4 #trees for patient 12
6 #edges
0 5
0 9
0 3
6 8
9 6
8 1
6 #edges
0 5
0 6
0 3
6 9
9 8
8 1
6 #edges
5 3
0 5
0 6
6 9
9 8
8 1
6 #edges
5 3
0 5
0 9
6 8
9 6
8 1
12 #trees for patient 13
6 #edges
0 5
0 9
0 3
6 8
9 6
8 1
6 #edges
0 5
0 9
0 3
6 1
9 6
1 8
6 #edges
0 5
0 9
6 8
9 6
8 1
1 3
6 #edges
0 5
0 9
6 1
9 6
8 3
1 8
6 #edges
0 9
0 3
6 8
9 6
8 1
3 5
6 #edges
0 9
0 3
6 1
9 6
1 8
3 5
6 #edges
0 9
0 3
6 8
9 6
8 1
1 5
6 #edges
0 9
0 3
6 1
9 6
8 5
1 8
6 #edges
0 9
6 1
9 6
8 3
1 8
3 5
6 #edges
0 9
6 1
9 6
8 5
8 3
1 8
6 #edges
0 9
6 8
9 6
8 1
1 5
1 3
6 #edges
0 9
6 8
9 6
8 1
1 3
3 5
8 #trees for patient 14
6 #edges
0 5
0 9
0 3
6 1
9 6
1 8
6 #edges
0 5
0 9
0 3
6 8
9 6
8 1
6 #edges
0 5
0 6
0 3
6 9
9 1
1 8
6 #edges
0 5
0 6
0 3
6 9
9 8
8 1
6 #edges
0 6
0 3
6 9
9 8
8 1
1 5
6 #edges
0 6
0 3
6 9
9 1
8 5
1 8
6 #edges
0 9
0 3
6 8
9 6
8 1
1 5
6 #edges
0 9
0 3
6 1
9 6
8 5
1 8
12 #trees for patient 15
6 #edges
5 8
0 9
0 1
0 3
6 5
9 6
6 #edges
0 9
0 1
0 3
6 5
9 6
1 8
6 #edges
0 9
0 8
0 3
6 5
9 6
8 1
6 #edges
5 1
0 9
0 8
0 3
6 5
9 6
6 #edges
5 8
0 5
0 9
0 3
9 6
8 1
6 #edges
5 8
0 5
0 9
0 3
6 1
9 6
6 #edges
0 5
0 9
0 3
6 1
9 6
1 8
6 #edges
0 5
0 9
0 3
6 8
9 6
8 1
6 #edges
5 1
0 5
0 9
0 3
6 8
9 6
6 #edges
5 1
0 5
0 9
0 3
9 6
1 8
6 #edges
5 1
0 9
0 3
6 5
9 6
1 8
6 #edges
5 8
0 9
0 3
6 5
9 6
8 1
6 #trees for patient 16
6 #edges
0 5
0 9
0 3
6 8
9 6
8 1
6 #edges
0 5
0 6
0 3
6 9
9 8
8 1
6 #edges
0 6
0 3
6 9
9 5
9 8
8 1
6 #edges
0 6
0 3
6 9
9 8
8 1
1 5
6 #edges
0 9
0 3
6 5
6 8
9 6
8 1
6 #edges
0 9
0 3
6 8
9 6
8 1
1 5
2 #trees for patient 17
6 #edges
0 5
0 9
0 3
6 8
9 6
8 1
6 #edges
5 3
0 5
0 9
6 8
9 6
8 1
4 #trees for patient 18
6 #edges
0 5
0 9
0 3
6 1
9 6
1 8
6 #edges
0 5
0 9
0 3
6 8
9 6
8 1
6 #edges
0 5
0 9
6 1
9 6
8 3
1 8
6 #edges
0 5
0 9
6 8
9 6
8 1
1 3
24 #trees for patient 19
6 #edges
0 5
0 9
0 3
6 8
9 1
1 6
6 #edges
0 5
0 9
0 3
9 1
8 6
1 8
6 #edges
0 5
0 9
0 3
9 8
8 1
1 6
6 #edges
0 5
0 9
0 3
6 1
9 8
8 6
6 #edges
0 5
0 9
0 3
6 8
9 6
8 1
6 #edges
0 5
0 9
0 3
6 1
9 6
1 8
6 #edges
0 9
0 3
6 1
9 5
9 8
8 6
6 #edges
0 9
0 3
9 5
9 8
8 1
1 6
6 #edges
0 9
0 3
6 8
9 5
9 6
8 1
6 #edges
0 9
0 3
6 1
9 5
9 6
1 8
6 #edges
0 9
0 3
6 8
9 5
9 1
1 6
6 #edges
0 9
0 3
9 5
9 1
8 6
1 8
6 #edges
0 5
0 9
6 8
9 1
8 3
1 6
6 #edges
0 5
0 9
6 3
9 1
8 6
1 8
6 #edges
0 5
0 9
6 3
9 8
8 1
1 6
6 #edges
0 5
0 9
6 1
9 8
8 6
1 3
6 #edges
0 5
0 9
6 8
9 6
8 1
1 3
6 #edges
0 5
0 9
6 1
9 6
8 3
1 8
6 #edges
0 9
6 1
9 5
9 6
8 3
1 8
6 #edges
0 9
6 8
9 5
9 6
8 1
1 3
6 #edges
0 9
6 3
9 5
9 8
8 1
1 6
6 #edges
0 9
6 1
9 5
9 8
8 6
1 3
6 #edges
0 9
6 3
9 5
9 1
8 6
1 8
6 #edges
0 9
6 8
9 5
9 1
8 3
1 6
2 #trees for patient 20
6 #edges
0 5
0 6
0 3
6 9
9 8
8 1
6 #edges
0 5
0 9
0 3
6 8
9 6
8 1
19 #trees for patient 21
6 #edges
0 9
0 1
0 3
6 5
9 6
1 8
6 #edges
5 8
0 9
0 1
0 3
6 5
9 6
6 #edges
0 9
0 1
0 3
6 5
6 8
9 6
6 #edges
0 9
0 8
0 3
6 5
9 6
8 1
6 #edges
5 1
0 9
0 8
0 3
6 5
9 6
6 #edges
0 9
0 8
0 3
6 5
6 1
9 6
6 #edges
5 8
0 5
0 9
0 3
9 6
8 1
6 #edges
5 8
0 5
0 9
0 3
6 1
9 6
6 #edges
5 1
0 5
0 9
0 3
6 8
9 6
6 #edges
5 1
0 5
0 9
0 3
9 6
1 8
6 #edges
0 5
0 9
0 3
6 8
9 6
8 1
6 #edges
0 5
0 9
0 3
6 8
6 1
9 6
6 #edges
0 5
0 9
0 3
6 1
9 6
1 8
6 #edges
5 8
0 9
0 3
6 5
9 6
8 1
6 #edges
5 8
0 9
0 3
6 5
6 1
9 6
6 #edges
0 9
0 3
6 5
6 1
9 6
1 8
6 #edges
0 9
0 3
6 5
6 8
9 6
8 1
6 #edges
5 1
0 9
0 3
6 5
6 8
9 6
6 #edges
5 1
0 9
0 3
6 5
9 6
1 8
12 #trees for patient 22
6 #edges
0 5
0 9
0 3
6 8
9 6
8 1
6 #edges
5 1
0 5
0 9
0 3
6 8
9 6
6 #edges
5 1
0 5
0 9
0 3
9 8
8 6
6 #edges
0 5
0 9
0 3
6 1
9 8
8 6
6 #edges
5 1
0 5
0 6
0 3
6 9
9 8
6 #edges
0 5
0 6
0 3
6 9
9 8
8 1
6 #edges
5 1
0 5
0 6
0 3
6 8
8 9
6 #edges
0 5
0 6
0 3
6 8
9 1
8 9
6 #edges
5 1
0 5
0 8
0 3
9 6
8 9
6 #edges
0 5
0 8
0 3
6 1
9 6
8 9
6 #edges
5 1
0 5
0 8
0 3
6 9
8 6
6 #edges
0 5
0 8
0 3
6 9
9 1
8 6
8 #trees for patient 23
6 #edges
0 5
0 9
0 3
6 8
9 6
8 1
6 #edges
0 5
0 9
0 3
6 1
9 8
8 6
6 #edges
0 5
0 9
6 8
9 6
8 1
1 3
6 #edges
0 5
0 9
6 1
9 8
8 6
1 3
6 #edges
0 9
0 3
6 5
6 1
9 8
8 6
6 #edges
0 9
0 3
6 8
9 6
8 5
8 1
6 #edges
0 9
6 5
6 1
9 8
8 6
1 3
6 #edges
0 9
6 8
9 6
8 5
8 1
1 3
4 #trees for patient 24
6 #edges
0 5
0 9
0 3
6 1
9 6
1 8
6 #edges
0 5
0 9
0 3
6 8
9 6
8 1
6 #edges
0 5
0 6
0 3
6 9
9 1
1 8
6 #edges
0 5
0 6
0 3
6 9
9 8
8 1
6 #trees for patient 25
6 #edges
0 6
0 8
0 1
6 2
6 4
1 11
6 #edges
2 4
0 6
0 8
0 1
6 2
1 11
6 #edges
0 6
0 8
0 1
6 4
4 2
1 11
6 #edges
0 6
0 8
0 1
6 2
6 11
6 4
6 #edges
2 4
0 6
0 8
0 1
6 2
6 11
6 #edges
0 6
0 8
0 1
6 11
6 4
4 2
6 #trees for patient 26
6 #edges
2 11
2 4
0 6
0 8
0 1
6 2
6 #edges
2 11
0 6
0 8
0 1
6 2
11 4
6 #edges
2 11
0 6
0 8
0 1
6 2
6 4
6 #edges
2 4
0 6
0 8
0 1
6 2
6 11
6 #edges
0 6
0 8
0 1
6 2
6 11
11 4
6 #edges
0 6
0 8
0 1
6 2
6 11
6 4
3 #trees for patient 27
6 #edges
2 4
0 6
0 11
0 8
0 1
6 2
6 #edges
2 4
0 6
0 8
0 1
6 2
8 11
6 #edges
2 4
0 6
0 8
0 1
6 2
6 11
6 #trees for patient 28
6 #edges
0 6
0 8
0 1
6 2
6 11
1 4
6 #edges
0 6
0 8
0 1
6 2
6 11
11 4
6 #edges
2 4
0 6
0 8
0 1
6 2
6 11
6 #edges
2 8
0 6
0 1
6 2
6 11
1 4
6 #edges
2 4
2 8
0 6
0 1
6 2
6 11
6 #edges
2 8
0 6
0 1
6 2
6 11
11 4
14 #trees for patient 29
6 #edges
0 6
0 8
0 1
6 2
6 11
6 4
6 #edges
0 6
0 8
0 1
6 2
6 11
8 4
6 #edges
2 4
0 6
0 8
0 1
6 2
6 11
6 #edges
0 6
0 8
0 1
6 11
6 4
4 2
6 #edges
0 6
0 8
0 1
6 11
6 4
8 2
6 #edges
2 4
0 6
0 8
0 1
6 11
8 2
6 #edges
0 6
0 8
0 1
6 11
4 2
8 4
6 #edges
0 6
0 8
6 11
6 4
11 1
8 2
6 #edges
2 4
0 6
0 8
6 11
11 1
8 2
6 #edges
0 6
0 8
6 11
11 1
4 2
8 4
6 #edges
0 6
0 8
6 2
6 11
11 1
8 4
6 #edges
0 6
0 8
6 2
6 11
6 4
11 1
6 #edges
0 6
0 8
6 11
6 4
11 1
4 2
6 #edges
2 4
0 6
0 8
6 2
6 11
11 1
4 #trees for patient 30
6 #edges
2 4
0 6
0 8
0 1
6 2
6 11
6 #edges
2 4
2 8
0 6
0 1
6 2
6 11
6 #edges
2 4
0 6
0 8
6 2
6 11
4 1
6 #edges
2 4
2 8
0 6
6 2
6 11
4 1
8 #trees for patient 31
6 #edges
0 6
0 8
0 1
6 11
6 4
4 2
6 #edges
0 6
0 8
0 1
6 4
4 2
8 11
6 #edges
2 4
0 6
0 8
0 1
6 2
6 11
6 #edges
2 4
0 6
0 8
0 1
6 2
8 11
6 #edges
2 4
0 6
0 8
6 2
4 1
8 11
6 #edges
2 1
0 6
0 8
6 4
4 2
8 11
6 #edges
2 4
0 6
0 8
6 2
6 11
4 1
6 #edges
2 1
0 6
0 8
6 11
6 4
4 2
2 #trees for patient 32
6 #edges
0 6
0 8
0 1
6 2
6 11
6 4
6 #edges
2 4
0 6
0 8
0 1
6 2
6 11
7 #trees for patient 33
6 #edges
0 6
0 8
0 1
6 11
1 2
1 4
6 #edges
2 4
0 6
0 8
0 1
6 11
1 2
6 #edges
0 6
0 8
0 1
6 11
6 4
1 2
6 #edges
0 6
0 8
0 1
6 11
4 2
1 4
6 #edges
0 6
0 8
0 1
6 2
6 11
1 4
6 #edges
2 4
0 6
0 8
0 1
6 2
6 11
6 #edges
0 6
0 8
0 1
6 11
6 4
4 2
2 #trees for patient 34
6 #edges
2 4
0 6
0 8
0 1
6 2
6 11
6 #edges
2 4
0 6
0 8
0 1
6 2
8 11
4 #trees for patient 35
6 #edges
2 4
0 6
0 8
0 1
6 2
6 11
6 #edges
2 4
0 6
0 8
0 1
6 2
4 11
6 #edges
2 4
0 6
0 8
6 2
6 11
8 1
6 #edges
2 4
0 6
0 8
6 2
4 11
8 1
26 #trees for patient 36
6 #edges
2 4
0 6
0 8
0 1
6 2
6 11
6 #edges
0 6
0 8
0 1
6 11
6 4
4 2
6 #edges
0 6
0 8
6 11
6 4
11 1
4 2
6 #edges
2 4
0 6
0 8
6 2
6 11
11 1
6 #edges
0 6
0 1
6 11
6 4
4 2
1 8
6 #edges
2 4
0 6
0 1
6 2
6 11
1 8
6 #edges
2 4
0 6
0 1
6 2
6 11
11 8
6 #edges
2 4
0 6
0 1
6 2
6 11
4 8
6 #edges
0 6
0 1
6 11
6 4
11 8
4 2
6 #edges
2 8
0 6
0 1
6 11
6 4
4 2
6 #edges
2 4
0 6
0 11
6 2
6 1
11 8
6 #edges
0 6
0 11
6 4
6 1
11 8
4 2
6 #edges
2 4
0 6
0 11
6 2
11 1
1 8
6 #edges
0 6
0 11
6 4
11 1
4 2
1 8
6 #edges
0 6
0 11
6 4
6 8
11 1
4 2
6 #edges
2 4
0 6
0 11
6 2
6 8
11 1
6 #edges
2 8
0 6
0 11
6 4
11 1
4 2
6 #edges
2 4
0 6
0 11
6 2
11 1
4 8
6 #edges
2 8
0 6
0 11
6 4
6 1
4 2
6 #edges
0 6
0 11
6 4
6 1
4 2
1 8
6 #edges
2 4
0 6
0 11
6 2
6 1
1 8
6 #edges
2 4
0 6
0 11
6 2
6 1
4 8
6 #edges
2 4
0 6
6 2
6 11
11 1
1 8
6 #edges
0 6
6 11
6 4
11 1
4 2
1 8
6 #edges
2 4
0 6
6 2
6 11
11 1
4 8
6 #edges
2 8
0 6
6 11
6 4
11 1
4 2
4 #trees for patient 37
6 #edges
2 4
0 6
0 8
0 1
6 2
6 11
6 #edges
0 6
0 8
0 1
6 11
6 4
4 2
6 #edges
0 6
0 1
6 11
6 4
11 8
4 2
6 #edges
2 4
0 6
0 1
6 2
6 11
11 8
2 #trees for patient 38
6 #edges
5 11
5 8
0 5
0 6
0 4
4 1
6 #edges
5 11
5 8
0 5
0 6
0 1
1 4
24 #trees for patient 39
6 #edges
5 8
0 5
0 6
0 4
0 1
6 11
6 #edges
5 8
0 5
0 6
0 4
0 1
8 11
6 #edges
5 11
5 8
0 5
0 6
0 4
0 1
6 #edges
5 11
5 8
0 5
0 6
0 1
1 4
6 #edges
5 8
0 5
0 6
0 1
6 11
1 4
6 #edges
5 8
0 5
0 6
0 1
8 11
1 4
6 #edges
5 8
0 5
0 6
0 1
6 11
8 4
6 #edges
5 11
5 8
0 5
0 6
0 1
8 4
6 #edges
5 8
0 5
0 6
0 1
8 11
8 4
6 #edges
5 11
5 8
0 5
0 6
0 4
4 1
6 #edges
5 11
5 8
0 5
0 6
0 4
8 1
6 #edges
5 8
0 5
0 6
0 4
8 11
4 1
6 #edges
5 8
0 5
0 6
0 4
6 11
4 1
6 #edges
5 8
0 5
0 6
0 4
8 11
8 1
6 #edges
5 8
0 5
0 6
0 4
6 11
8 1
6 #edges
5 11
5 8
0 5
0 6
8 1
1 4
6 #edges
5 11
5 8
0 5
0 6
8 4
8 1
6 #edges
5 11
5 8
0 5
0 6
8 4
4 1
6 #edges
5 8
0 5
0 6
6 11
8 4
4 1
6 #edges
5 8
0 5
0 6
6 11
8 4
8 1
6 #edges
5 8
0 5
0 6
6 11
8 1
1 4
6 #edges
5 8
0 5
0 6
8 11
8 4
8 1
6 #edges
5 8
0 5
0 6
8 11
8 1
1 4
6 #edges
5 8
0 5
0 6
8 11
8 4
4 1
24 #trees for patient 40
6 #edges
5 8
0 5
0 6
0 1
6 11
1 4
6 #edges
5 11
5 8
0 5
0 6
0 1
1 4
6 #edges
5 8
0 5
0 6
0 1
6 11
8 4
6 #edges
5 8
5 4
0 5
0 6
0 1
6 11
6 #edges
5 11
5 8
5 4
0 5
0 6
0 1
6 #edges
5 11
5 8
0 5
0 6
0 1
8 4
6 #edges
5 11
5 8
5 1
0 5
0 6
0 4
6 #edges
5 11
5 8
0 5
0 6
0 4
8 1
6 #edges
5 11
5 8
0 5
0 6
0 4
4 1
6 #edges
5 8
5 1
0 5
0 6
0 4
6 11
6 #edges
5 8
0 5
0 6
0 4
6 11
4 1
6 #edges
5 8
0 5
0 6
0 4
6 11
8 1
6 #edges
5 11
5 8
5 4
0 5
0 6
4 1
6 #edges
5 11
5 8
5 4
0 5
0 6
8 1
6 #edges
5 11
5 8
0 5
0 6
8 4
4 1
6 #edges
5 11
5 8
5 1
0 5
0 6
8 4
6 #edges
5 11
5 8
0 5
0 6
8 1
1 4
6 #edges
5 11
5 8
5 1
0 5
0 6
1 4
6 #edges
5 8
5 4
0 5
0 6
6 11
4 1
6 #edges
5 8
5 4
0 5
0 6
6 11
8 1
6 #edges
5 8
5 1
0 5
0 6
6 11
8 4
6 #edges
5 8
0 5
0 6
6 11
8 4
4 1
6 #edges
5 8
5 1
0 5
0 6
6 11
1 4
6 #edges
5 8
0 5
0 6
6 11
8 1
1 4
14 #trees for patient 41
6 #edges
5 8
0 5
0 6
0 11
6 4
6 1
6 #edges
5 8
0 5
0 6
0 11
6 4
4 1
6 #edges
5 8
0 5
0 6
0 11
0 1
6 4
6 #edges
5 8
0 5
0 6
0 11
0 4
6 1
6 #edges
5 8
0 5
0 6
0 11
0 4
4 1
6 #edges
5 8
0 5
0 6
0 11
6 1
1 4
6 #edges
5 8
0 5
0 6
0 11
0 1
1 4
6 #edges
5 11
5 8
0 5
0 6
0 1
1 4
6 #edges
5 11
5 8
0 5
0 6
0 1
6 4
6 #edges
5 11
5 8
0 5
0 6
0 4
6 1
6 #edges
5 11
5 8
0 5
0 6
0 4
4 1
6 #edges
5 11
5 8
0 5
0 6
6 4
4 1
6 #edges
5 11
5 8
0 5
0 6
6 4
6 1
6 #edges
5 11
5 8
0 5
0 6
6 1
1 4
12 #trees for patient 42
6 #edges
5 11
0 5
0 6
0 1
11 8
1 4
6 #edges
5 11
5 8
0 5
0 6
0 1
1 4
6 #edges
5 11
5 8
0 5
0 6
0 4
4 1
6 #edges
5 11
0 5
0 6
0 4
11 8
4 1
6 #edges
5 6
5 11
5 8
0 5
0 1
1 4
6 #edges
5 6
5 11
0 5
0 1
11 8
1 4
6 #edges
5 11
5 8
0 5
0 1
4 6
1 4
6 #edges
5 11
0 5
0 1
11 8
4 6
1 4
6 #edges
5 6
5 11
5 8
0 5
0 4
4 1
6 #edges
5 6
5 11
0 5
0 4
11 8
4 1
6 #edges
5 11
0 5
0 4
11 8
4 1
1 6
6 #edges
5 11
5 8
0 5
0 4
4 1
1 6
4 #trees for patient 43
6 #edges
5 8
0 5
0 6
0 1
4 11
1 4
6 #edges
5 11
5 8
0 5
0 6
0 1
1 4
6 #edges
5 11
5 8
0 5
0 6
0 4
4 1
6 #edges
5 8
0 5
0 6
0 4
4 1
1 11
8 #trees for patient 44
6 #edges
5 11
5 8
0 5
0 6
0 4
8 1
6 #edges
5 11
5 8
0 5
0 6
0 1
1 4
6 #edges
5 11
5 8
0 5
0 6
0 1
11 4
6 #edges
5 11
5 8
0 5
0 6
0 1
6 4
6 #edges
5 11
5 8
0 5
0 6
0 1
8 4
6 #edges
5 11
5 8
0 5
0 6
6 4
8 1
6 #edges
5 11
5 8
0 5
0 6
11 4
8 1
6 #edges
5 11
5 8
0 5
0 6
8 1
1 4
2 #trees for patient 45
6 #edges
5 11
5 8
0 5
0 6
0 4
4 1
6 #edges
5 11
5 8
0 5
0 6
0 1
1 4
4 #trees for patient 46
6 #edges
5 11
0 5
0 6
0 1
6 8
1 4
6 #edges
5 11
0 5
0 6
0 4
6 8
4 1
6 #edges
5 11
5 8
0 5
0 6
0 4
4 1
6 #edges
5 11
5 8
0 5
0 6
0 1
1 4
2 #trees for patient 47
6 #edges
5 11
5 8
0 5
0 6
0 1
1 4
6 #edges
5 11
5 8
0 5
0 6
0 1
11 4
4 #trees for patient 48
6 #edges
5 8
0 5
0 6
0 1
6 11
1 4
6 #edges
5 11
5 8
0 5
0 6
0 1
1 4
6 #edges
5 11
5 8
0 5
0 6
0 4
4 1
6 #edges
5 8
0 5
0 6
0 4
6 11
4 1
12 #trees for patient 49
6 #edges
5 8
0 5
0 11
0 4
8 6
4 1
6 #edges
5 8
0 5
0 11
0 1
8 6
1 4
6 #edges
5 8
0 5
0 6
0 1
6 11
1 4
6 #edges
5 11
5 8
0 5
0 6
0 1
1 4
6 #edges
5 8
0 5
0 6
0 1
8 11
1 4
6 #edges
5 8
0 5
0 6
0 4
6 11
4 1
6 #edges
5 11
5 8
0 5
0 6
0 4
4 1
6 #edges
5 8
0 5
0 6
0 4
8 11
4 1
6 #edges
5 11
5 8
0 5
0 4
8 6
4 1
6 #edges
5 11
5 8
0 5
0 1
8 6
1 4
6 #edges
5 8
0 5
0 4
6 11
8 6
4 1
6 #edges
5 8
0 5
0 1
6 11
8 6
1 4
