50 # patients
12 #trees for patient 0
6 #edges
0 8
0 6
0 5
8 3
3 9
5 1
6 #edges
0 8
0 6
0 5
8 9
5 1
9 3
6 #edges
0 6
0 3
0 5
3 9
5 1
9 8
6 #edges
0 6
0 3
0 5
8 9
3 8
5 1
6 #edges
0 6
0 5
0 9
8 3
5 1
9 8
6 #edges
0 6
0 5
0 9
3 8
5 1
9 3
6 #edges
0 5
0 9
8 6
3 8
5 1
9 3
6 #edges
0 5
0 9
8 3
3 6
5 1
9 8
6 #edges
0 3
0 5
8 6
3 9
5 1
9 8
6 #edges
0 3
0 5
8 9
3 8
5 1
9 6
6 #edges
0 8
0 5
8 3
3 9
5 1
9 6
6 #edges
0 8
0 5
8 9
3 6
5 1
9 3
24 #trees for patient 1
6 #edges
0 6
0 5
0 9
8 3
3 1
9 8
6 #edges
0 6
0 5
0 9
8 3
5 1
9 8
6 #edges
0 6
0 5
0 9
8 1
3 8
9 3
6 #edges
0 6
0 5
0 9
3 8
5 1
9 3
6 #edges
0 8
0 6
0 5
8 9
5 1
9 3
6 #edges
0 8
0 6
0 5
8 9
3 1
9 3
6 #edges
0 8
0 6
0 5
8 3
3 9
5 1
6 #edges
0 8
0 6
0 5
8 3
3 9
9 1
6 #edges
0 6
0 3
0 5
8 9
3 8
5 1
6 #edges
0 6
0 3
0 5
3 9
5 1
9 8
6 #edges
0 6
0 3
0 5
8 1
3 9
9 8
6 #edges
0 6
0 3
0 5
8 9
3 8
9 1
6 #edges
0 8
0 5
8 9
5 6
5 1
9 3
6 #edges
0 8
0 5
8 9
3 1
5 6
9 3
6 #edges
0 8
0 5
8 3
3 9
5 6
5 1
6 #edges
0 8
0 5
8 3
3 9
5 6
9 1
6 #edges
0 5
0 9
8 3
3 1
5 6
9 8
6 #edges
0 5
0 9
8 3
5 6
5 1
9 8
6 #edges
0 5
0 9
8 1
3 8
5 6
9 3
6 #edges
0 5
0 9
3 8
5 6
5 1
9 3
6 #edges
0 3
0 5
8 9
3 8
5 6
5 1
6 #edges
0 3
0 5
3 9
5 6
5 1
9 8
6 #edges
0 3
0 5
8 1
3 9
5 6
9 8
6 #edges
0 3
0 5
8 9
3 8
5 6
9 1
3 #trees for patient 2
6 #edges
0 6
0 5
0 9
8 3
5 1
9 8
6 #edges
0 5
0 9
8 6
8 3
5 1
9 8
6 #edges
0 5
0 9
8 3
3 6
5 1
9 8
6 #trees for patient 3
6 #edges
0 6
0 5
0 9
3 8
5 1
9 3
6 #edges
0 6
0 5
0 9
8 3
5 1
9 8
6 #edges
0 6
0 3
0 5
3 9
5 1
9 8
6 #edges
0 6
0 3
0 5
8 9
3 8
5 1
6 #edges
0 8
0 6
0 5
8 3
3 9
5 1
6 #edges
0 8
0 6
0 5
8 9
5 1
9 3
12 #trees for patient 4
6 #edges
0 6
0 9
0 1
8 5
3 8
9 3
6 #edges
0 6
0 9
0 1
8 3
3 5
9 8
6 #edges
0 6
0 5
0 9
8 3
6 1
9 8
6 #edges
0 6
0 5
0 9
6 1
3 8
9 3
6 #edges
0 6
0 5
0 9
3 8
5 1
9 3
6 #edges
0 6
0 5
0 9
8 1
3 8
9 3
6 #edges
0 6
0 5
0 9
8 3
5 1
9 8
6 #edges
0 6
0 5
0 9
8 3
3 1
9 8
6 #edges
0 6
0 9
8 3
6 1
3 5
9 8
6 #edges
0 6
0 9
8 5
6 1
3 8
9 3
6 #edges
0 6
0 9
8 5
3 8
5 1
9 3
6 #edges
0 6
0 9
8 3
3 5
5 1
9 8
8 #trees for patient 5
6 #edges
0 6
0 5
0 9
5 1
9 8
1 3
6 #edges
0 6
0 5
0 9
8 3
5 1
9 8
6 #edges
0 6
0 9
0 1
5 3
9 8
1 5
6 #edges
0 6
0 9
0 1
8 3
9 8
1 5
6 #edges
0 9
0 1
8 6
5 3
9 8
1 5
6 #edges
0 9
0 1
8 6
8 3
9 8
1 5
6 #edges
0 5
0 9
8 6
8 3
5 1
9 8
6 #edges
0 5
0 9
8 6
5 1
9 8
1 3
72 #trees for patient 6
6 #edges
0 6
0 3
0 1
8 9
3 8
1 5
6 #edges
0 6
0 3
0 1
8 9
3 8
9 5
6 #edges
0 6
0 3
0 1
3 9
9 8
1 5
6 #edges
0 6
0 3
0 1
8 5
3 9
9 8
6 #edges
0 6
0 3
8 9
3 8
5 1
9 5
6 #edges
0 6
0 3
0 5
8 9
3 8
9 1
6 #edges
0 6
0 3
0 5
8 9
3 8
5 1
6 #edges
0 6
0 3
8 9
3 8
9 1
1 5
6 #edges
0 6
0 3
0 5
3 9
5 1
9 8
6 #edges
0 6
0 3
0 5
8 1
3 9
9 8
6 #edges
0 6
0 3
8 1
3 9
9 8
1 5
6 #edges
0 6
0 3
8 5
3 9
5 1
9 8
6 #edges
0 6
0 9
0 1
8 3
9 8
1 5
6 #edges
0 6
0 9
0 1
8 3
3 5
9 8
6 #edges
0 6
0 9
8 3
3 5
5 1
9 8
6 #edges
0 6
0 5
0 9
8 3
5 1
9 8
6 #edges
0 6
0 5
0 9
8 3
3 1
9 8
6 #edges
0 6
0 9
8 3
3 1
9 8
1 5
6 #edges
0 6
0 5
0 9
3 8
5 1
9 3
6 #edges
0 6
0 5
0 9
8 1
3 8
9 3
6 #edges
0 6
0 9
0 1
8 5
3 8
9 3
6 #edges
0 6
0 9
8 5
3 8
5 1
9 3
6 #edges
0 6
0 9
8 1
3 8
9 3
1 5
6 #edges
0 6
0 9
0 1
3 8
9 3
1 5
6 #edges
0 8
0 6
0 5
8 3
3 9
5 1
6 #edges
0 8
0 6
0 5
8 3
3 9
9 1
6 #edges
0 8
0 6
0 5
8 9
5 1
9 3
6 #edges
0 8
0 6
0 5
8 9
3 1
9 3
6 #edges
0 8
0 6
0 1
8 9
9 3
1 5
6 #edges
0 8
0 6
0 1
8 9
3 5
9 3
6 #edges
0 8
0 6
8 9
3 5
5 1
9 3
6 #edges
0 8
0 6
8 9
3 1
9 3
1 5
6 #edges
0 8
0 6
0 1
8 3
3 9
1 5
6 #edges
0 8
0 6
0 1
8 3
3 9
9 5
6 #edges
0 8
0 6
8 3
3 9
5 1
9 5
6 #edges
0 8
0 6
8 3
3 9
9 1
1 5
6 #edges
0 3
0 1
8 6
3 9
9 8
1 5
6 #edges
0 3
0 1
8 6
8 5
3 9
9 8
6 #edges
0 3
0 1
8 9
3 8
9 6
9 5
6 #edges
0 3
0 1
8 9
3 8
9 6
1 5
6 #edges
0 9
0 1
8 6
3 8
9 3
1 5
6 #edges
0 9
0 1
8 6
8 5
3 8
9 3
6 #edges
0 9
0 1
8 3
3 6
9 8
1 5
6 #edges
0 9
0 1
8 3
3 6
3 5
9 8
6 #edges
0 8
0 1
8 3
3 9
9 6
1 5
6 #edges
0 8
0 1
8 9
3 6
9 3
1 5
6 #edges
0 8
0 1
8 9
3 6
3 5
9 3
6 #edges
0 8
0 1
8 3
3 9
9 6
9 5
6 #edges
0 5
0 9
8 6
3 8
5 1
9 3
6 #edges
0 5
0 9
8 3
3 6
5 1
9 8
6 #edges
0 3
0 5
8 9
3 8
5 1
9 6
6 #edges
0 3
0 5
8 6
3 9
5 1
9 8
6 #edges
0 8
0 5
8 3
3 9
5 1
9 6
6 #edges
0 8
0 5
8 9
3 6
5 1
9 3
6 #edges
0 3
0 5
8 6
8 1
3 9
9 8
6 #edges
0 3
0 5
8 9
3 8
9 6
9 1
6 #edges
0 8
0 5
8 9
3 6
3 1
9 3
6 #edges
0 8
0 5
8 3
3 9
9 6
9 1
6 #edges
0 5
0 9
8 6
8 1
3 8
9 3
6 #edges
0 5
0 9
8 3
3 6
3 1
9 8
6 #edges
0 9
8 3
3 6
3 5
5 1
9 8
6 #edges
0 9
8 3
3 6
3 1
9 8
1 5
6 #edges
0 9
8 6
8 5
3 8
5 1
9 3
6 #edges
0 9
8 6
8 1
3 8
9 3
1 5
6 #edges
0 3
8 9
3 8
9 6
9 1
1 5
6 #edges
0 3
8 9
3 8
5 1
9 6
9 5
6 #edges
0 3
8 6
8 1
3 9
9 8
1 5
6 #edges
0 3
8 6
8 5
3 9
5 1
9 8
6 #edges
0 8
8 9
3 6
3 1
9 3
1 5
6 #edges
0 8
8 9
3 6
3 5
5 1
9 3
6 #edges
0 8
8 3
3 9
9 6
9 1
1 5
6 #edges
0 8
8 3
3 9
5 1
9 6
9 5
40 #trees for patient 7
6 #edges
0 8
0 6
0 9
0 1
9 3
1 5
6 #edges
0 8
0 6
0 9
0 1
8 3
1 5
6 #edges
0 8
0 6
0 3
0 9
0 1
1 5
6 #edges
0 6
0 3
0 9
0 1
9 8
1 5
6 #edges
0 6
0 3
0 9
0 1
3 8
1 5
6 #edges
0 6
0 9
0 1
3 8
9 3
1 5
6 #edges
0 6
0 9
0 1
8 3
9 8
1 5
6 #edges
0 6
0 3
0 5
0 9
5 1
9 8
6 #edges
0 6
0 5
0 9
8 3
5 1
9 8
6 #edges
0 8
0 6
0 5
0 9
5 1
9 3
6 #edges
0 6
0 5
0 9
3 8
5 1
9 3
6 #edges
0 6
0 3
0 5
0 9
3 8
5 1
6 #edges
0 8
0 6
0 3
0 5
0 9
5 1
6 #edges
0 8
0 6
0 5
0 9
8 3
5 1
6 #edges
0 8
0 3
0 5
0 9
3 6
5 1
6 #edges
0 3
0 5
0 9
3 6
5 1
9 8
6 #edges
0 8
0 3
0 9
0 1
3 6
1 5
6 #edges
0 3
0 9
0 1
3 6
9 8
1 5
6 #edges
0 3
0 9
0 1
8 6
9 8
1 5
6 #edges
0 3
0 5
0 9
8 6
5 1
9 8
6 #edges
0 3
0 5
0 9
3 8
5 1
9 6
6 #edges
0 3
0 5
0 9
8 6
3 8
5 1
6 #edges
0 8
0 3
0 5
0 9
5 1
9 6
6 #edges
0 8
0 3
0 5
0 9
8 6
5 1
6 #edges
0 3
0 9
0 1
3 8
9 6
1 5
6 #edges
0 8
0 3
0 9
0 1
9 6
1 5
6 #edges
0 8
0 3
0 9
0 1
8 6
1 5
6 #edges
0 3
0 9
0 1
8 6
3 8
1 5
6 #edges
0 8
0 5
0 9
8 6
5 1
9 3
6 #edges
0 8
0 5
0 9
8 3
5 1
9 6
6 #edges
0 8
0 5
0 9
3 6
5 1
9 3
6 #edges
0 8
0 5
0 9
8 3
3 6
5 1
6 #edges
0 8
0 9
0 1
8 3
3 6
1 5
6 #edges
0 8
0 9
0 1
8 3
9 6
1 5
6 #edges
0 8
0 9
0 1
8 6
9 3
1 5
6 #edges
0 8
0 9
0 1
3 6
9 3
1 5
6 #edges
0 9
0 1
8 3
3 6
9 8
1 5
6 #edges
0 9
0 1
8 6
3 8
9 3
1 5
6 #edges
0 5
0 9
8 3
3 6
5 1
9 8
6 #edges
0 5
0 9
8 6
3 8
5 1
9 3
8 #trees for patient 8
6 #edges
0 6
0 9
0 1
8 3
9 8
1 5
6 #edges
0 6
0 5
0 9
8 3
5 1
9 8
6 #edges
0 8
0 6
0 1
8 9
9 3
1 5
6 #edges
0 8
0 6
0 5
8 9
5 1
9 3
6 #edges
0 9
0 1
8 3
5 6
9 8
1 5
6 #edges
0 8
0 1
8 9
5 6
9 3
1 5
6 #edges
0 5
0 9
8 3
5 1
9 8
1 6
6 #edges
0 8
0 5
8 9
5 1
9 3
1 6
7 #trees for patient 9
6 #edges
0 6
0 9
0 1
8 3
8 5
9 8
6 #edges
0 6
0 9
0 1
8 3
9 8
1 5
6 #edges
0 6
0 5
0 9
8 3
5 1
9 8
6 #edges
0 6
0 5
0 9
8 3
8 1
9 8
6 #edges
0 6
0 9
8 3
8 5
8 1
9 8
6 #edges
0 6
0 9
8 3
8 5
5 1
9 8
6 #edges
0 6
0 9
8 3
8 1
9 8
1 5
4 #trees for patient 10
6 #edges
0 6
0 9
0 1
8 3
9 8
1 5
6 #edges
0 8
0 6
0 1
8 9
9 3
1 5
6 #edges
0 6
0 5
0 9
8 3
5 1
9 8
6 #edges
0 8
0 6
0 5
8 9
5 1
9 3
8 #trees for patient 11
6 #edges
0 6
0 5
0 9
8 3
5 1
9 8
6 #edges
0 6
0 9
0 1
8 3
9 8
1 5
6 #edges
0 8
0 6
0 5
8 9
5 1
9 3
6 #edges
0 8
0 6
0 1
8 9
9 3
1 5
6 #edges
0 8
0 1
8 9
3 6
9 3
1 5
6 #edges
0 9
0 1
8 3
3 6
9 8
1 5
6 #edges
0 8
0 5
8 9
3 6
5 1
9 3
6 #edges
0 5
0 9
8 3
3 6
5 1
9 8
2 #trees for patient 12
6 #edges
0 6
0 5
0 9
3 8
5 1
9 3
6 #edges
0 6
0 5
0 9
8 3
5 1
9 8
14 #trees for patient 13
6 #edges
0 6
0 9
0 1
8 3
9 8
1 5
6 #edges
0 6
0 9
0 1
8 3
3 5
9 8
6 #edges
0 8
0 6
0 1
8 9
9 3
1 5
6 #edges
0 8
0 6
0 1
8 9
3 5
9 3
6 #edges
0 8
0 6
0 5
8 9
5 1
9 3
6 #edges
0 6
0 5
0 9
8 3
5 1
9 8
6 #edges
0 6
0 5
0 9
8 3
3 1
9 8
6 #edges
0 8
0 6
0 5
8 9
3 1
9 3
6 #edges
0 6
0 9
8 3
3 1
9 8
1 5
6 #edges
0 6
0 9
8 3
3 5
3 1
9 8
6 #edges
0 6
0 9
8 3
3 5
5 1
9 8
6 #edges
0 8
0 6
8 9
3 5
5 1
9 3
6 #edges
0 8
0 6
8 9
3 5
3 1
9 3
6 #edges
0 8
0 6
8 9
3 1
9 3
1 5
12 #trees for patient 14
6 #edges
0 6
0 3
0 5
3 9
5 1
9 8
6 #edges
0 6
0 3
0 5
8 9
3 8
5 1
6 #edges
0 6
0 3
0 1
3 9
9 8
1 5
6 #edges
0 6
0 3
0 1
8 9
3 8
1 5
6 #edges
0 6
0 9
0 1
3 8
9 3
1 5
6 #edges
0 6
0 5
0 9
3 8
5 1
9 3
6 #edges
0 6
0 5
0 9
8 3
5 1
9 8
6 #edges
0 6
0 9
0 1
8 3
9 8
1 5
6 #edges
0 8
0 6
0 5
8 3
3 9
5 1
6 #edges
0 8
0 6
0 5
8 9
5 1
9 3
6 #edges
0 8
0 6
0 1
8 9
9 3
1 5
6 #edges
0 8
0 6
0 1
8 3
3 9
1 5
7 #trees for patient 15
6 #edges
0 6
0 9
0 1
8 3
9 8
1 5
6 #edges
0 6
0 9
0 1
8 3
3 5
9 8
6 #edges
0 6
0 5
0 9
8 3
5 1
9 8
6 #edges
0 6
0 5
0 9
8 3
3 1
9 8
6 #edges
0 6
0 9
8 3
3 1
9 8
1 5
6 #edges
0 6
0 9
8 3
3 5
3 1
9 8
6 #edges
0 6
0 9
8 3
3 5
5 1
9 8
6 #trees for patient 16
6 #edges
0 6
0 9
0 1
8 3
9 8
9 5
6 #edges
0 6
0 9
0 1
8 3
9 8
1 5
6 #edges
0 6
0 5
0 9
8 3
5 1
9 8
6 #edges
0 6
0 5
0 9
8 3
9 8
9 1
6 #edges
0 6
0 9
8 3
9 8
9 1
1 5
6 #edges
0 6
0 9
8 3
5 1
9 8
9 5
6 #trees for patient 17
6 #edges
0 8
0 6
0 5
8 9
5 1
9 3
6 #edges
0 8
0 6
0 5
8 3
3 9
5 1
6 #edges
0 6
0 3
0 5
3 9
5 1
9 8
6 #edges
0 6
0 3
0 5
8 9
3 8
5 1
6 #edges
0 6
0 5
0 9
3 8
5 1
9 3
6 #edges
0 6
0 5
0 9
8 3
5 1
9 8
12 #trees for patient 18
6 #edges
0 6
0 9
0 1
8 3
5 8
1 5
6 #edges
0 6
0 9
0 1
6 3
5 8
1 5
6 #edges
0 6
0 9
0 1
5 8
9 3
1 5
6 #edges
0 6
0 9
0 1
5 3
9 8
1 5
6 #edges
0 6
0 9
0 1
6 3
9 8
1 5
6 #edges
0 6
0 9
0 1
8 3
9 8
1 5
6 #edges
0 6
0 5
0 9
6 3
5 1
9 8
6 #edges
0 6
0 5
0 9
6 3
5 1
1 8
6 #edges
0 6
0 5
0 9
5 1
9 3
1 8
6 #edges
0 6
0 5
0 9
8 3
5 1
1 8
6 #edges
0 6
0 5
0 9
5 1
9 8
1 3
6 #edges
0 6
0 5
0 9
8 3
5 1
9 8
12 #trees for patient 19
6 #edges
0 6
0 3
0 5
0 9
5 1
9 8
6 #edges
0 6
0 5
0 9
8 3
5 1
9 8
6 #edges
0 6
0 5
0 9
3 8
5 1
9 3
6 #edges
0 8
0 6
0 5
0 9
5 1
9 3
6 #edges
0 8
0 6
0 5
0 9
8 3
5 1
6 #edges
0 6
0 3
0 5
0 9
3 8
5 1
6 #edges
0 3
0 5
0 9
3 8
5 1
1 6
6 #edges
0 3
0 5
0 9
5 1
9 8
1 6
6 #edges
0 8
0 5
0 9
5 1
9 3
1 6
6 #edges
0 8
0 5
0 9
8 3
5 1
1 6
6 #edges
0 5
0 9
8 3
5 1
9 8
1 6
6 #edges
0 5
0 9
3 8
5 1
9 3
1 6
24 #trees for patient 20
6 #edges
0 6
0 9
0 1
8 3
9 8
1 5
6 #edges
0 6
0 9
0 1
8 3
3 5
9 8
6 #edges
0 6
0 9
8 3
3 5
5 1
9 8
6 #edges
0 6
0 5
0 9
8 3
3 1
9 8
6 #edges
0 6
0 9
8 3
3 1
9 8
1 5
6 #edges
0 6
0 5
0 9
8 3
5 1
9 8
6 #edges
0 8
0 6
0 5
8 9
5 1
9 3
6 #edges
0 8
0 6
0 5
8 9
3 1
9 3
6 #edges
0 8
0 6
0 1
8 9
9 3
1 5
6 #edges
0 8
0 6
0 1
8 9
3 5
9 3
6 #edges
0 8
0 6
8 9
3 1
9 3
1 5
6 #edges
0 8
0 6
8 9
3 5
5 1
9 3
6 #edges
0 9
0 1
8 6
8 3
9 8
1 5
6 #edges
0 9
0 1
8 6
8 3
3 5
9 8
6 #edges
0 8
0 1
8 9
9 6
9 3
1 5
6 #edges
0 8
0 1
8 9
3 5
9 6
9 3
6 #edges
0 8
0 5
8 9
5 1
9 6
9 3
6 #edges
0 8
0 5
8 9
3 1
9 6
9 3
6 #edges
0 5
0 9
8 6
8 3
5 1
9 8
6 #edges
0 5
0 9
8 6
8 3
3 1
9 8
6 #edges
0 9
8 6
8 3
3 1
9 8
1 5
6 #edges
0 9
8 6
8 3
3 5
5 1
9 8
6 #edges
0 8
8 9
3 1
9 6
9 3
1 5
6 #edges
0 8
8 9
3 5
5 1
9 6
9 3
2 #trees for patient 21
6 #edges
0 6
0 5
0 9
8 3
5 1
9 8
6 #edges
0 5
0 9
8 3
5 1
9 8
1 6
6 #trees for patient 22
6 #edges
0 8
0 6
0 5
8 9
5 1
9 3
6 #edges
0 6
0 5
0 9
8 3
5 1
9 8
6 #edges
0 6
0 5
0 9
8 3
6 1
9 8
6 #edges
0 6
0 5
0 9
8 3
8 1
9 8
6 #edges
0 8
0 6
0 5
8 9
9 3
9 1
6 #edges
0 8
0 6
0 5
8 9
6 1
9 3
4 #trees for patient 23
6 #edges
0 6
0 3
0 9
0 1
9 8
1 5
6 #edges
0 6
0 3
0 5
0 9
5 1
9 8
6 #edges
0 6
0 9
0 1
8 3
9 8
1 5
6 #edges
0 6
0 5
0 9
8 3
5 1
9 8
12 #trees for patient 24
6 #edges
0 8
0 6
0 1
8 9
9 3
1 5
6 #edges
0 8
0 6
0 1
8 3
3 9
1 5
6 #edges
0 6
0 3
0 1
3 9
9 8
1 5
6 #edges
0 6
0 3
0 1
8 9
3 8
1 5
6 #edges
0 6
0 9
0 1
3 8
9 3
1 5
6 #edges
0 6
0 9
0 1
8 3
9 8
1 5
6 #edges
0 6
0 5
0 9
8 3
5 1
9 8
6 #edges
0 6
0 5
0 9
3 8
5 1
9 3
6 #edges
0 8
0 6
0 5
8 3
3 9
5 1
6 #edges
0 8
0 6
0 5
8 9
5 1
9 3
6 #edges
0 6
0 3
0 5
8 9
3 8
5 1
6 #edges
0 6
0 3
0 5
3 9
5 1
9 8
4 #trees for patient 25
6 #edges
0 6
0 5
0 9
8 3
5 1
9 8
6 #edges
0 6
0 5
0 9
3 8
5 1
9 3
6 #edges
0 5
0 9
3 8
5 1
9 3
1 6
6 #edges
0 5
0 9
8 3
5 1
9 8
1 6
47 #trees for patient 26
6 #edges
0 6
0 3
0 5
0 9
0 1
5 8
6 #edges
0 8
0 6
0 3
0 5
0 9
5 1
6 #edges
0 8
0 6
0 3
0 5
0 9
0 1
6 #edges
0 6
0 3
0 5
0 9
5 1
1 8
6 #edges
0 6
0 3
0 5
0 9
5 1
9 8
6 #edges
0 6
0 3
0 5
0 9
3 8
5 1
6 #edges
0 6
0 3
0 5
0 9
0 1
3 8
6 #edges
0 6
0 3
0 5
0 9
0 1
9 8
6 #edges
0 6
0 3
0 5
0 9
0 1
1 8
6 #edges
0 6
0 3
0 9
0 1
3 8
1 5
6 #edges
0 8
0 6
0 3
0 9
0 1
1 5
6 #edges
0 6
0 3
0 9
0 1
5 8
1 5
6 #edges
0 6
0 3
0 9
0 1
9 8
1 5
6 #edges
0 8
0 6
0 5
0 9
0 1
5 3
6 #edges
0 8
0 6
0 5
0 9
0 1
1 3
6 #edges
0 8
0 6
0 5
0 9
0 1
9 3
6 #edges
0 8
0 6
0 5
0 9
0 1
8 3
6 #edges
0 8
0 6
0 9
0 1
8 3
1 5
6 #edges
0 8
0 6
0 9
0 1
5 3
1 5
6 #edges
0 8
0 6
0 9
0 1
9 3
1 5
6 #edges
0 8
0 6
0 5
0 9
8 3
5 1
6 #edges
0 8
0 6
0 5
0 9
5 1
9 3
6 #edges
0 8
0 6
0 5
0 9
5 1
1 3
6 #edges
0 6
0 5
0 9
0 1
5 3
9 8
6 #edges
0 6
0 5
0 9
0 1
8 3
9 8
6 #edges
0 6
0 5
0 9
0 1
9 8
1 3
6 #edges
0 6
0 5
0 9
5 1
9 8
1 3
6 #edges
0 6
0 5
0 9
8 3
5 1
9 8
6 #edges
0 6
0 9
0 1
5 3
9 8
1 5
6 #edges
0 6
0 9
0 1
8 3
9 8
1 5
6 #edges
0 6
0 5
0 9
0 1
9 3
1 8
6 #edges
0 6
0 5
0 9
0 1
5 3
1 8
6 #edges
0 6
0 5
0 9
0 1
8 3
1 8
6 #edges
0 6
0 5
0 9
0 1
3 8
1 3
6 #edges
0 6
0 5
0 9
0 1
5 8
1 3
6 #edges
0 6
0 5
0 9
0 1
3 8
9 3
6 #edges
0 6
0 5
0 9
0 1
5 8
9 3
6 #edges
0 6
0 5
0 9
0 1
8 3
5 8
6 #edges
0 6
0 5
0 9
0 1
3 8
5 3
6 #edges
0 6
0 9
0 1
3 8
9 3
1 5
6 #edges
0 6
0 9
0 1
5 8
9 3
1 5
6 #edges
0 6
0 9
0 1
3 8
5 3
1 5
6 #edges
0 6
0 9
0 1
8 3
5 8
1 5
6 #edges
0 6
0 5
0 9
3 8
5 1
9 3
6 #edges
0 6
0 5
0 9
5 1
9 3
1 8
6 #edges
0 6
0 5
0 9
3 8
5 1
1 3
6 #edges
0 6
0 5
0 9
8 3
5 1
1 8
14 #trees for patient 27
6 #edges
0 6
0 9
0 1
8 3
6 5
9 8
6 #edges
0 6
0 9
0 1
8 3
9 8
1 5
6 #edges
0 8
0 6
0 1
8 9
6 5
9 3
6 #edges
0 8
0 6
0 1
8 9
9 3
1 5
6 #edges
0 8
0 6
0 5
8 9
6 1
9 3
6 #edges
0 8
0 6
0 5
8 9
5 1
9 3
6 #edges
0 6
0 5
0 9
8 3
6 1
9 8
6 #edges
0 6
0 5
0 9
8 3
5 1
9 8
6 #edges
0 6
0 9
8 3
6 5
6 1
9 8
6 #edges
0 6
0 9
8 3
6 5
5 1
9 8
6 #edges
0 6
0 9
8 3
6 1
9 8
1 5
6 #edges
0 8
0 6
8 9
6 5
6 1
9 3
6 #edges
0 8
0 6
8 9
6 1
9 3
1 5
6 #edges
0 8
0 6
8 9
6 5
5 1
9 3
9 #trees for patient 28
6 #edges
0 6
0 5
0 9
0 1
8 3
9 8
6 #edges
0 6
0 5
0 9
8 3
5 1
9 8
6 #edges
0 6
0 9
0 1
8 3
9 8
1 5
6 #edges
0 9
0 1
8 6
8 3
9 8
1 5
6 #edges
0 9
0 1
8 3
3 6
9 8
1 5
6 #edges
0 5
0 9
0 1
8 6
8 3
9 8
6 #edges
0 5
0 9
0 1
8 3
3 6
9 8
6 #edges
0 5
0 9
8 6
8 3
5 1
9 8
6 #edges
0 5
0 9
8 3
3 6
5 1
9 8
39 #trees for patient 29
6 #edges
0 8
0 6
0 3
0 5
0 1
3 9
6 #edges
0 8
0 6
0 3
0 5
0 1
8 9
6 #edges
0 8
0 6
0 3
0 5
0 9
0 1
6 #edges
0 8
0 6
0 5
0 9
0 1
8 3
6 #edges
0 8
0 6
0 5
0 1
8 3
3 9
6 #edges
0 8
0 6
0 5
0 1
8 9
9 3
6 #edges
0 8
0 6
0 5
0 9
0 1
9 3
6 #edges
0 6
0 3
0 5
0 9
0 1
3 8
6 #edges
0 6
0 3
0 5
0 1
8 9
3 8
6 #edges
0 6
0 3
0 5
0 1
3 9
9 8
6 #edges
0 6
0 3
0 5
0 9
0 1
9 8
6 #edges
0 6
0 5
0 9
0 1
8 3
9 8
6 #edges
0 6
0 5
0 9
0 1
3 8
9 3
6 #edges
0 8
0 6
0 3
0 5
0 9
5 1
6 #edges
0 8
0 6
0 5
0 9
5 1
9 3
6 #edges
0 8
0 6
0 5
0 9
8 3
5 1
6 #edges
0 8
0 6
0 5
0 9
6 1
9 3
6 #edges
0 8
0 6
0 3
0 5
0 9
6 1
6 #edges
0 8
0 6
0 5
0 9
8 3
6 1
6 #edges
0 6
0 3
0 5
0 9
3 8
5 1
6 #edges
0 6
0 3
0 5
0 9
6 1
3 8
6 #edges
0 6
0 3
0 5
0 9
5 1
9 8
6 #edges
0 6
0 3
0 5
0 9
6 1
9 8
6 #edges
0 6
0 5
0 9
3 8
5 1
9 3
6 #edges
0 6
0 5
0 9
6 1
3 8
9 3
6 #edges
0 6
0 5
0 9
8 3
5 1
9 8
6 #edges
0 6
0 5
0 9
8 3
6 1
9 8
6 #edges
0 6
0 3
0 5
8 9
6 1
3 8
6 #edges
0 8
0 6
0 3
0 5
6 1
3 9
6 #edges
0 8
0 6
0 3
0 5
8 9
6 1
6 #edges
0 6
0 3
0 5
6 1
3 9
9 8
6 #edges
0 6
0 3
0 5
3 9
5 1
9 8
6 #edges
0 8
0 6
0 3
0 5
3 9
5 1
6 #edges
0 8
0 6
0 3
0 5
8 9
5 1
6 #edges
0 6
0 3
0 5
8 9
3 8
5 1
6 #edges
0 8
0 6
0 5
8 3
3 9
5 1
6 #edges
0 8
0 6
0 5
8 9
5 1
9 3
6 #edges
0 8
0 6
0 5
8 3
6 1
3 9
6 #edges
0 8
0 6
0 5
8 9
6 1
9 3
7 #trees for patient 30
6 #edges
0 6
0 9
0 1
8 3
3 5
9 8
6 #edges
0 6
0 5
0 9
8 3
5 1
9 8
6 #edges
0 6
0 5
0 9
8 3
6 1
9 8
6 #edges
0 6
0 5
0 9
8 3
3 1
9 8
6 #edges
0 6
0 9
8 3
6 1
3 5
9 8
6 #edges
0 6
0 9
8 3
3 5
3 1
9 8
6 #edges
0 6
0 9
8 3
3 5
5 1
9 8
12 #trees for patient 31
6 #edges
0 3
0 5
0 9
0 1
5 6
9 8
6 #edges
0 3
0 5
0 9
5 6
5 1
9 8
6 #edges
0 6
0 5
0 9
6 3
5 1
9 8
6 #edges
0 6
0 5
0 9
5 1
9 8
9 3
6 #edges
0 6
0 5
0 9
8 3
5 1
9 8
6 #edges
0 6
0 5
0 9
5 3
5 1
9 8
6 #edges
0 5
0 9
0 1
8 3
5 6
9 8
6 #edges
0 5
0 9
0 1
5 6
9 8
9 3
6 #edges
0 5
0 9
0 1
6 3
5 6
9 8
6 #edges
0 5
0 9
5 6
5 1
9 8
9 3
6 #edges
0 5
0 9
8 3
5 6
5 1
9 8
6 #edges
0 5
0 9
6 3
5 6
5 1
9 8
4 #trees for patient 32
6 #edges
0 6
0 5
0 9
8 3
5 1
9 8
6 #edges
0 8
0 6
0 5
8 9
5 1
9 3
6 #edges
0 6
0 5
0 9
8 3
3 1
9 8
6 #edges
0 8
0 6
0 5
8 9
3 1
9 3
4 #trees for patient 33
6 #edges
0 6
0 11
0 4
0 1
6 2
2 8
6 #edges
0 6
0 11
0 4
0 1
8 2
6 8
6 #edges
0 6
0 11
0 4
6 2
6 1
2 8
6 #edges
0 6
0 11
0 4
8 2
6 8
6 1
2 #trees for patient 34
6 #edges
0 6
0 11
0 4
6 2
6 1
2 8
6 #edges
0 6
0 11
0 4
8 2
6 8
6 1
6 #trees for patient 35
6 #edges
0 6
0 11
0 4
6 2
6 1
2 8
6 #edges
0 6
0 11
0 4
8 2
6 8
6 1
6 #edges
0 6
0 4
6 2
6 1
2 8
4 11
6 #edges
0 6
0 4
6 11
6 2
6 1
2 8
6 #edges
0 6
0 4
8 2
6 8
6 1
4 11
6 #edges
0 6
0 4
8 2
6 8
6 11
6 1
4 #trees for patient 36
6 #edges
0 6
0 11
0 4
6 2
6 1
2 8
6 #edges
0 6
0 11
0 4
6 2
2 8
2 1
6 #edges
0 6
0 4
6 2
2 8
2 1
4 11
6 #edges
0 6
0 4
6 2
6 1
2 8
4 11
14 #trees for patient 37
6 #edges
0 8
0 6
0 4
6 2
2 11
4 1
6 #edges
0 8
0 6
0 4
6 2
6 1
2 11
6 #edges
0 6
0 11
0 4
6 2
11 8
4 1
6 #edges
0 6
0 11
0 4
6 2
6 1
11 8
6 #edges
0 6
0 11
0 4
6 2
6 1
2 8
6 #edges
0 6
0 11
0 4
6 8
6 2
6 1
6 #edges
0 6
0 11
0 4
6 2
2 8
4 1
6 #edges
0 6
0 11
0 4
6 8
6 2
4 1
6 #edges
0 6
0 4
6 8
6 2
2 11
4 1
6 #edges
0 6
0 4
6 2
2 8
2 11
4 1
6 #edges
0 6
0 4
6 2
11 8
2 11
4 1
6 #edges
0 6
0 4
6 8
6 2
6 1
2 11
6 #edges
0 6
0 4
6 2
6 1
2 8
2 11
6 #edges
0 6
0 4
6 2
6 1
11 8
2 11
4 #trees for patient 38
6 #edges
0 6
0 11
0 4
6 2
6 1
11 8
6 #edges
0 6
0 11
0 4
6 2
6 1
2 8
6 #edges
0 6
0 11
6 2
6 1
11 8
2 4
6 #edges
0 6
0 11
6 2
6 1
2 8
2 4
1 #trees for patient 39
6 #edges
0 6
0 11
0 4
6 2
6 1
2 8
14 #trees for patient 40
6 #edges
0 6
0 11
0 4
6 1
11 8
11 2
6 #edges
0 6
0 11
0 4
6 1
11 2
2 8
6 #edges
0 6
0 11
0 4
6 8
6 1
11 2
6 #edges
0 6
0 11
0 4
8 2
6 8
6 1
6 #edges
0 6
0 11
0 4
6 2
6 1
2 8
6 #edges
0 6
0 11
0 4
6 2
6 1
11 8
6 #edges
0 6
0 11
0 4
8 2
6 1
11 8
6 #edges
0 6
0 11
6 1
11 8
11 2
1 4
6 #edges
0 6
0 11
6 1
11 2
2 8
1 4
6 #edges
0 6
0 11
6 8
6 1
11 2
1 4
6 #edges
0 6
0 11
8 2
6 1
11 8
1 4
6 #edges
0 6
0 11
6 2
6 1
11 8
1 4
6 #edges
0 6
0 11
6 2
6 1
2 8
1 4
6 #edges
0 6
0 11
8 2
6 8
6 1
1 4
5 #trees for patient 41
6 #edges
0 8
0 6
0 11
0 4
6 2
6 1
6 #edges
0 6
0 11
0 4
6 2
6 1
2 8
6 #edges
0 8
0 6
0 4
8 11
6 2
6 1
6 #edges
0 8
0 6
0 4
6 2
6 1
2 11
6 #edges
0 6
0 4
8 11
6 2
6 1
2 8
14 #trees for patient 42
6 #edges
0 6
0 11
0 4
6 1
11 8
11 2
6 #edges
0 6
0 11
0 4
8 2
6 1
11 8
6 #edges
0 6
0 11
0 4
6 2
6 1
11 8
6 #edges
0 6
0 11
0 4
6 8
6 1
11 2
6 #edges
0 6
0 11
0 4
6 1
11 2
2 8
6 #edges
0 6
0 11
0 4
6 2
6 1
2 8
6 #edges
0 6
0 11
0 4
8 2
6 8
6 1
6 #edges
0 6
0 11
8 2
6 1
11 8
11 4
6 #edges
0 6
0 11
6 1
11 8
11 2
11 4
6 #edges
0 6
0 11
6 2
6 1
11 8
11 4
6 #edges
0 6
0 11
8 2
6 8
6 1
11 4
6 #edges
0 6
0 11
6 8
6 1
11 2
11 4
6 #edges
0 6
0 11
6 2
6 1
11 4
2 8
6 #edges
0 6
0 11
6 1
11 2
11 4
2 8
6 #trees for patient 43
6 #edges
0 6
0 11
0 4
6 2
11 1
4 8
6 #edges
0 6
0 11
0 4
6 2
11 1
2 8
6 #edges
0 6
0 11
0 4
6 2
4 8
4 1
6 #edges
0 6
0 11
0 4
6 2
6 1
4 8
6 #edges
0 6
0 11
0 4
6 2
2 8
4 1
6 #edges
0 6
0 11
0 4
6 2
6 1
2 8
68 #trees for patient 44
6 #edges
0 8
0 11
0 4
0 1
8 2
11 6
6 #edges
0 8
0 11
0 4
8 2
6 1
11 6
6 #edges
0 8
0 11
0 4
0 1
6 2
11 6
6 #edges
0 8
0 11
0 4
6 2
6 1
11 6
6 #edges
0 6
0 11
0 4
11 2
11 1
2 8
6 #edges
0 6
0 11
0 4
6 8
11 2
11 1
6 #edges
0 6
0 11
0 4
6 8
6 1
11 2
6 #edges
0 6
0 11
0 4
6 1
11 2
2 8
6 #edges
0 6
0 11
0 4
6 2
11 8
11 1
6 #edges
0 6
0 11
0 4
8 2
11 8
11 1
6 #edges
0 6
0 11
0 4
6 2
11 1
2 8
6 #edges
0 6
0 11
0 4
8 2
6 8
11 1
6 #edges
0 6
0 11
0 4
6 2
6 1
11 8
6 #edges
0 6
0 11
0 4
8 2
6 1
11 8
6 #edges
0 6
0 11
0 4
6 2
6 1
2 8
6 #edges
0 6
0 11
0 4
8 2
6 8
6 1
6 #edges
0 11
0 2
0 4
0 1
6 8
11 6
6 #edges
0 11
0 2
0 4
0 1
11 6
2 8
6 #edges
0 11
0 2
0 4
6 1
11 6
2 8
6 #edges
0 11
0 2
0 4
6 8
6 1
11 6
6 #edges
0 11
0 4
0 1
8 2
6 8
11 6
6 #edges
0 11
0 4
0 1
6 2
11 6
2 8
6 #edges
0 11
0 4
8 2
6 8
6 1
11 6
6 #edges
0 11
0 4
6 2
6 1
11 6
2 8
6 #edges
0 11
0 2
0 1
8 4
11 6
2 8
6 #edges
0 11
0 2
0 1
6 4
11 6
2 8
6 #edges
0 11
0 2
0 1
6 8
11 6
2 4
6 #edges
0 11
0 2
0 1
8 4
6 8
11 6
6 #edges
0 8
0 11
0 1
8 2
6 4
11 6
6 #edges
0 8
0 11
0 1
8 2
11 6
2 4
6 #edges
0 8
0 11
0 1
8 4
6 2
11 6
6 #edges
0 8
0 11
0 1
6 2
11 6
2 4
6 #edges
0 11
0 1
8 2
6 8
11 6
2 4
6 #edges
0 11
0 1
8 4
6 2
11 6
2 8
6 #edges
0 11
0 2
8 4
6 1
11 6
2 8
6 #edges
0 11
0 2
6 4
6 1
11 6
2 8
6 #edges
0 11
0 2
6 8
6 1
11 6
2 4
6 #edges
0 11
0 2
8 4
6 8
6 1
11 6
6 #edges
0 6
0 11
8 2
6 8
6 1
11 4
6 #edges
0 6
0 11
8 2
6 8
11 4
11 1
6 #edges
0 6
0 11
8 2
6 8
11 1
2 4
6 #edges
0 6
0 11
8 2
6 8
6 1
2 4
6 #edges
0 6
0 11
8 4
6 8
6 1
11 2
6 #edges
0 6
0 11
6 8
6 1
11 2
2 4
6 #edges
0 6
0 11
8 4
6 8
11 2
11 1
6 #edges
0 6
0 11
6 8
11 2
11 1
2 4
6 #edges
0 6
0 11
8 2
6 4
6 1
11 8
6 #edges
0 6
0 11
6 4
6 1
11 2
2 8
6 #edges
0 6
0 11
6 4
11 2
11 1
2 8
6 #edges
0 6
0 11
8 2
6 4
11 8
11 1
6 #edges
0 6
0 11
6 2
6 1
11 8
2 4
6 #edges
0 6
0 11
8 4
6 2
6 1
11 8
6 #edges
0 6
0 11
8 4
6 2
6 1
2 8
6 #edges
0 6
0 11
6 2
6 1
11 4
2 8
6 #edges
0 6
0 11
8 4
6 1
11 2
2 8
6 #edges
0 6
0 11
8 2
6 1
11 8
2 4
6 #edges
0 6
0 11
6 2
11 8
11 1
2 4
6 #edges
0 6
0 11
6 2
11 4
11 1
2 8
6 #edges
0 6
0 11
8 4
6 2
11 8
11 1
6 #edges
0 6
0 11
8 4
6 2
11 1
2 8
6 #edges
0 6
0 11
8 2
11 8
11 1
2 4
6 #edges
0 6
0 11
8 4
11 2
11 1
2 8
6 #edges
0 8
0 11
8 4
6 2
6 1
11 6
6 #edges
0 8
0 11
8 2
6 4
6 1
11 6
6 #edges
0 8
0 11
8 2
6 1
11 6
2 4
6 #edges
0 8
0 11
6 2
6 1
11 6
2 4
6 #edges
0 11
8 2
6 8
6 1
11 6
2 4
6 #edges
0 11
8 4
6 2
6 1
11 6
2 8
5 #trees for patient 45
6 #edges
0 6
0 11
0 4
0 1
6 2
2 8
6 #edges
0 6
0 11
0 4
6 2
6 1
2 8
6 #edges
0 6
0 11
0 1
6 2
2 8
1 4
6 #edges
0 6
0 11
0 1
6 2
6 4
2 8
6 #edges
0 6
0 11
6 2
6 1
2 8
1 4
9 #trees for patient 46
6 #edges
0 6
0 11
0 4
6 8
6 2
6 1
6 #edges
0 6
0 11
0 4
8 2
6 8
6 1
6 #edges
0 6
0 11
0 4
6 2
6 1
2 8
6 #edges
0 6
0 11
6 8
6 2
6 4
6 1
6 #edges
0 6
0 11
6 8
6 2
6 1
1 4
6 #edges
0 6
0 11
8 2
6 8
6 1
1 4
6 #edges
0 6
0 11
8 2
6 8
6 4
6 1
6 #edges
0 6
0 11
6 2
6 4
6 1
2 8
6 #edges
0 6
0 11
6 2
6 1
2 8
1 4
4 #trees for patient 47
6 #edges
0 6
0 11
0 4
6 2
6 1
2 8
6 #edges
0 6
0 11
0 4
8 2
6 8
6 1
6 #edges
0 6
0 11
8 2
6 8
6 4
6 1
6 #edges
0 6
0 11
6 2
6 4
6 1
2 8
7 #trees for patient 48
6 #edges
0 6
0 11
0 4
6 1
11 2
2 8
6 #edges
0 6
0 11
0 4
6 1
11 8
11 2
6 #edges
0 6
0 11
0 4
6 8
6 1
11 2
6 #edges
0 6
0 11
0 4
6 2
6 1
11 8
6 #edges
0 6
0 11
0 4
6 2
6 1
2 8
6 #edges
0 6
0 11
0 4
8 2
6 8
6 1
6 #edges
0 6
0 11
0 4
8 2
6 1
11 8
2 #trees for patient 49
6 #edges
0 6
0 11
0 4
6 2
6 1
2 8
6 #edges
0 6
0 11
0 4
6 2
6 1
1 8
