100 # patients
93 #trees for patient 0
6 #edges
6 1
6 8
0 9
0 6
0 3
3 5
6 #edges
9 5
6 1
6 8
0 9
0 6
0 3
6 #edges
6 1
6 8
1 5
0 9
0 6
0 3
6 #edges
6 8
1 9
0 6
0 1
0 3
3 5
6 #edges
5 9
6 8
0 6
0 1
0 3
3 5
6 #edges
6 9
6 8
0 6
0 1
0 3
3 5
6 #edges
6 8
1 5
0 6
0 1
0 3
3 9
6 #edges
6 5
6 8
0 6
0 1
0 3
3 9
6 #edges
9 5
6 8
0 6
0 1
0 3
3 9
6 #edges
6 5
6 8
1 9
0 6
0 1
0 3
6 #edges
9 5
6 8
1 9
0 6
0 1
0 3
6 #edges
6 9
6 8
1 5
0 6
0 1
0 3
6 #edges
9 5
6 9
6 8
0 6
0 1
0 3
6 #edges
5 9
6 8
1 5
0 6
0 1
0 3
6 #edges
5 9
6 5
6 8
0 6
0 1
0 3
6 #edges
5 9
6 1
6 8
0 6
0 3
3 5
6 #edges
6 1
6 8
1 9
0 6
0 3
3 5
6 #edges
6 1
6 8
0 5
0 6
0 3
3 9
6 #edges
9 5
6 1
6 8
0 6
0 3
3 9
6 #edges
6 1
6 8
1 5
0 6
0 3
3 9
6 #edges
5 9
6 1
6 8
0 5
0 6
0 3
6 #edges
6 1
6 8
1 9
0 5
0 6
0 3
6 #edges
5 9
6 1
6 8
1 5
0 6
0 3
6 #edges
9 5
6 1
6 8
1 9
0 6
0 3
6 #edges
5 3
6 1
6 8
0 9
0 5
0 6
6 #edges
9 3
6 1
6 8
0 9
0 5
0 6
6 #edges
6 1
6 8
1 3
0 9
0 5
0 6
6 #edges
5 3
6 1
6 8
0 5
0 6
3 9
6 #edges
5 3
6 8
0 5
0 6
0 1
3 9
6 #edges
5 3
6 9
6 8
0 5
0 6
0 1
6 #edges
5 3
6 1
6 8
1 9
0 5
0 6
6 #edges
5 3
6 8
1 9
0 5
0 6
0 1
6 #edges
5 9
6 8
1 3
0 5
0 6
0 1
6 #edges
6 9
6 8
1 3
0 5
0 6
0 1
6 #edges
6 8
1 3
0 5
0 6
0 1
3 9
6 #edges
9 3
5 9
6 8
0 5
0 6
0 1
6 #edges
5 9
6 8
6 3
0 5
0 6
0 1
6 #edges
6 8
6 3
1 9
0 5
0 6
0 1
6 #edges
9 3
6 8
1 9
0 5
0 6
0 1
6 #edges
6 8
6 3
0 5
0 6
0 1
3 9
6 #edges
9 3
6 9
6 8
0 5
0 6
0 1
6 #edges
9 3
6 1
6 8
1 9
0 5
0 6
6 #edges
6 1
6 8
1 3
0 5
0 6
3 9
6 #edges
5 9
6 1
6 8
1 3
0 5
0 6
6 #edges
9 3
5 9
6 1
6 8
0 5
0 6
6 #edges
6 1
6 8
1 3
0 9
0 6
3 5
6 #edges
9 5
6 1
6 8
1 3
0 9
0 6
6 #edges
9 5
5 3
6 1
6 8
0 9
0 6
6 #edges
5 3
6 1
6 8
1 5
0 9
0 6
6 #edges
9 3
6 1
6 8
1 5
0 9
0 6
6 #edges
9 3
6 1
6 8
0 9
0 6
3 5
6 #edges
9 3
6 5
6 8
0 9
0 6
0 1
6 #edges
6 5
6 8
1 3
0 9
0 6
0 1
6 #edges
5 3
6 5
6 8
0 9
0 6
0 1
6 #edges
6 8
6 3
0 9
0 6
0 1
3 5
6 #edges
6 8
6 3
1 5
0 9
0 6
0 1
6 #edges
9 5
6 8
6 3
0 9
0 6
0 1
6 #edges
9 3
6 8
0 9
0 6
0 1
3 5
6 #edges
9 3
6 8
1 5
0 9
0 6
0 1
6 #edges
9 5
6 8
1 3
0 9
0 6
0 1
6 #edges
6 8
1 3
0 9
0 6
0 1
3 5
6 #edges
5 3
6 8
1 5
0 9
0 6
0 1
6 #edges
9 5
5 3
6 8
0 9
0 6
0 1
6 #edges
5 9
6 8
6 3
1 5
0 6
0 1
6 #edges
6 8
6 3
1 5
0 6
0 1
3 9
6 #edges
9 3
5 9
6 8
1 5
0 6
0 1
6 #edges
5 3
6 8
1 5
0 6
0 1
3 9
6 #edges
5 3
6 9
6 8
1 5
0 6
0 1
6 #edges
9 3
6 9
6 8
1 5
0 6
0 1
6 #edges
5 9
6 8
1 3
0 6
0 1
3 5
6 #edges
6 9
6 8
1 3
0 6
0 1
3 5
6 #edges
9 5
6 8
1 3
0 6
0 1
3 9
6 #edges
6 5
6 8
1 3
0 6
0 1
3 9
6 #edges
9 5
6 9
6 8
1 3
0 6
0 1
6 #edges
5 9
6 5
6 8
1 3
0 6
0 1
6 #edges
9 5
6 8
6 3
1 9
0 6
0 1
6 #edges
9 5
5 3
6 8
1 9
0 6
0 1
6 #edges
9 3
6 5
6 8
1 9
0 6
0 1
6 #edges
9 3
6 8
1 9
0 6
0 1
3 5
6 #edges
5 3
6 5
6 8
1 9
0 6
0 1
6 #edges
6 8
6 3
1 9
0 6
0 1
3 5
6 #edges
5 9
6 8
6 3
0 6
0 1
3 5
6 #edges
9 5
6 8
6 3
0 6
0 1
3 9
6 #edges
9 3
6 9
6 8
0 6
0 1
3 5
6 #edges
9 5
5 3
6 9
6 8
0 6
0 1
6 #edges
9 3
5 9
6 5
6 8
0 6
0 1
6 #edges
5 3
6 5
6 8
0 6
0 1
3 9
6 #edges
9 5
5 3
6 1
6 8
1 9
0 6
6 #edges
9 3
6 1
6 8
1 9
0 6
3 5
6 #edges
9 3
5 9
6 1
6 8
1 5
0 6
6 #edges
5 3
6 1
6 8
1 5
0 6
3 9
6 #edges
9 5
6 1
6 8
1 3
0 6
3 9
6 #edges
5 9
6 1
6 8
1 3
0 6
3 5
2 #trees for patient 1
6 #edges
9 5
6 8
0 6
0 1
0 3
3 9
6 #edges
9 5
6 8
8 1
0 6
0 3
3 9
1 #trees for patient 2
6 #edges
9 5
6 8
0 6
0 1
0 3
3 9
4 #trees for patient 3
6 #edges
9 5
6 8
0 6
0 1
0 3
3 9
6 #edges
9 5
1 8
0 6
0 1
0 3
3 9
6 #edges
9 3
6 8
0 9
0 6
0 1
3 5
6 #edges
9 3
1 8
0 9
0 6
0 1
3 5
2 #trees for patient 4
6 #edges
9 5
6 8
0 6
0 1
0 3
3 9
6 #edges
5 9
6 8
0 6
0 1
0 3
3 5
4 #trees for patient 5
6 #edges
9 5
6 8
0 6
0 1
0 3
3 9
6 #edges
9 5
9 8
0 6
0 1
0 3
3 9
6 #edges
9 5
5 1
6 8
0 6
0 3
3 9
6 #edges
9 5
9 8
5 1
0 6
0 3
3 9
4 #trees for patient 6
6 #edges
9 5
8 6
0 1
0 8
0 3
3 9
6 #edges
9 5
6 8
0 6
0 1
0 3
3 9
6 #edges
9 5
8 6
0 8
0 3
3 9
3 1
6 #edges
9 5
6 8
0 6
0 3
3 9
3 1
16 #trees for patient 7
6 #edges
9 8
0 6
0 1
0 3
3 9
3 5
6 #edges
9 8
8 6
0 1
0 3
3 9
3 5
6 #edges
6 8
0 6
0 1
0 3
3 9
3 5
6 #edges
9 6
6 8
0 1
0 3
3 9
3 5
6 #edges
9 6
0 1
0 8
0 3
3 9
3 5
6 #edges
8 6
0 1
0 8
0 3
3 9
3 5
6 #edges
9 5
6 8
0 6
0 1
0 3
3 9
6 #edges
9 5
8 6
0 1
0 8
0 3
3 9
6 #edges
9 6
9 1
0 8
0 3
3 9
3 5
6 #edges
9 1
8 6
0 8
0 3
3 9
3 5
6 #edges
9 5
9 1
8 6
0 8
0 3
3 9
6 #edges
9 1
6 8
0 6
0 3
3 9
3 5
6 #edges
9 5
9 1
6 8
0 6
0 3
3 9
6 #edges
9 1
9 8
0 6
0 3
3 9
3 5
6 #edges
9 1
9 8
8 6
0 3
3 9
3 5
6 #edges
9 6
9 1
6 8
0 3
3 9
3 5
36 #trees for patient 8
6 #edges
9 3
5 6
0 9
0 1
0 8
3 5
6 #edges
9 5
5 3
0 9
0 1
0 8
3 6
6 #edges
9 6
5 9
0 1
0 8
0 3
3 5
6 #edges
9 5
5 6
0 1
0 8
0 3
3 9
6 #edges
9 3
5 9
0 5
0 1
0 8
3 6
6 #edges
9 6
5 3
0 5
0 1
0 8
3 9
6 #edges
9 5
6 8
0 6
0 1
0 3
3 9
6 #edges
5 9
6 8
0 6
0 1
0 3
3 5
6 #edges
9 5
5 3
6 8
0 9
0 6
0 1
6 #edges
9 3
6 8
0 9
0 6
0 1
3 5
6 #edges
5 3
6 8
0 5
0 6
0 1
3 9
6 #edges
9 3
5 9
6 8
0 5
0 6
0 1
6 #edges
9 5
1 8
0 6
0 1
0 3
3 9
6 #edges
5 9
1 8
0 6
0 1
0 3
3 5
6 #edges
9 8
5 9
0 6
0 1
0 3
3 5
6 #edges
9 5
5 8
0 6
0 1
0 3
3 9
6 #edges
9 5
5 3
1 8
0 9
0 6
0 1
6 #edges
9 3
1 8
0 9
0 6
0 1
3 5
6 #edges
9 3
5 8
0 9
0 6
0 1
3 5
6 #edges
9 5
5 3
0 9
0 6
0 1
3 8
6 #edges
9 3
5 9
1 8
0 5
0 6
0 1
6 #edges
9 3
5 9
0 5
0 6
0 1
3 8
6 #edges
5 3
1 8
0 5
0 6
0 1
3 9
6 #edges
9 8
5 3
0 5
0 6
0 1
3 9
6 #edges
9 6
5 9
1 8
0 1
0 3
3 5
6 #edges
9 6
5 9
6 8
0 1
0 3
3 5
6 #edges
9 5
5 6
1 8
0 1
0 3
3 9
6 #edges
9 5
5 6
6 8
0 1
0 3
3 9
6 #edges
9 3
5 9
6 8
0 5
0 1
3 6
6 #edges
9 3
5 9
1 8
0 5
0 1
3 6
6 #edges
9 6
5 3
6 8
0 5
0 1
3 9
6 #edges
9 6
5 3
1 8
0 5
0 1
3 9
6 #edges
9 5
5 3
6 8
0 9
0 1
3 6
6 #edges
9 5
5 3
1 8
0 9
0 1
3 6
6 #edges
9 3
5 6
1 8
0 9
0 1
3 5
6 #edges
9 3
5 6
6 8
0 9
0 1
3 5
12 #trees for patient 9
6 #edges
9 5
5 8
0 6
0 1
0 3
3 9
6 #edges
9 5
6 8
0 6
0 1
0 3
3 9
6 #edges
9 5
5 8
8 6
0 1
0 3
3 9
6 #edges
9 5
5 6
0 1
0 8
0 3
3 9
6 #edges
9 5
5 6
6 8
0 1
0 3
3 9
6 #edges
9 5
8 6
0 1
0 8
0 3
3 9
6 #edges
9 5
5 6
0 8
0 3
3 9
3 1
6 #edges
9 5
8 6
0 8
0 3
3 9
3 1
6 #edges
9 5
5 8
0 6
0 3
3 9
3 1
6 #edges
9 5
6 8
0 6
0 3
3 9
3 1
6 #edges
9 5
5 6
6 8
0 3
3 9
3 1
6 #edges
9 5
5 8
8 6
0 3
3 9
3 1
12 #trees for patient 10
6 #edges
9 3
8 6
0 9
0 1
0 8
3 5
6 #edges
9 5
8 6
0 1
0 8
0 3
3 9
6 #edges
9 3
1 6
0 9
0 1
0 8
3 5
6 #edges
9 5
1 6
0 1
0 8
0 3
3 9
6 #edges
9 5
6 8
0 6
0 1
0 3
3 9
6 #edges
9 5
1 8
0 6
0 1
0 3
3 9
6 #edges
9 3
6 8
0 9
0 6
0 1
3 5
6 #edges
9 3
1 8
0 9
0 6
0 1
3 5
6 #edges
9 3
1 8
8 6
0 9
0 1
3 5
6 #edges
9 3
6 8
1 6
0 9
0 1
3 5
6 #edges
9 5
1 8
8 6
0 1
0 3
3 9
6 #edges
9 5
6 8
1 6
0 1
0 3
3 9
2 #trees for patient 11
6 #edges
9 3
6 8
0 9
0 6
0 1
3 5
6 #edges
9 5
6 8
0 6
0 1
0 3
3 9
40 #trees for patient 12
6 #edges
9 6
9 8
0 5
0 1
0 3
3 9
6 #edges
9 6
6 8
0 5
0 1
0 3
3 9
6 #edges
9 8
8 6
0 5
0 1
0 3
3 9
6 #edges
9 3
6 8
0 9
0 5
0 1
3 6
6 #edges
9 3
0 9
0 5
0 1
3 6
3 8
6 #edges
9 3
8 6
0 9
0 5
0 1
3 8
6 #edges
6 5
8 6
0 1
0 8
0 3
3 9
6 #edges
9 5
8 6
0 1
0 8
0 3
3 9
6 #edges
9 6
8 5
0 1
0 8
0 3
3 9
6 #edges
9 5
9 6
0 1
0 8
0 3
3 9
6 #edges
9 6
6 5
0 1
0 8
0 3
3 9
6 #edges
9 3
8 6
0 9
0 1
0 8
3 5
6 #edges
9 3
6 5
8 6
0 9
0 1
0 8
6 #edges
9 3
8 5
0 9
0 1
0 8
3 6
6 #edges
9 3
0 9
0 1
0 8
3 5
3 6
6 #edges
9 3
6 5
0 9
0 1
0 8
3 6
6 #edges
6 8
8 5
0 6
0 1
0 3
3 9
6 #edges
9 5
6 8
0 6
0 1
0 3
3 9
6 #edges
9 8
6 5
0 6
0 1
0 3
3 9
6 #edges
9 5
9 8
0 6
0 1
0 3
3 9
6 #edges
9 8
8 5
0 6
0 1
0 3
3 9
6 #edges
9 3
6 8
8 5
0 9
0 6
0 1
6 #edges
9 3
6 8
0 9
0 6
0 1
3 5
6 #edges
9 3
6 5
0 9
0 6
0 1
3 8
6 #edges
9 3
0 9
0 6
0 1
3 5
3 8
6 #edges
9 3
8 5
0 9
0 6
0 1
3 8
6 #edges
9 5
9 6
9 8
0 1
0 3
3 9
6 #edges
9 5
9 6
6 8
0 1
0 3
3 9
6 #edges
9 6
9 8
6 5
0 1
0 3
3 9
6 #edges
9 6
6 8
8 5
0 1
0 3
3 9
6 #edges
9 6
9 8
8 5
0 1
0 3
3 9
6 #edges
9 5
9 8
8 6
0 1
0 3
3 9
6 #edges
9 8
6 5
8 6
0 1
0 3
3 9
6 #edges
9 3
6 8
0 9
0 1
3 5
3 6
6 #edges
9 3
0 9
0 1
3 5
3 6
3 8
6 #edges
9 3
6 5
0 9
0 1
3 6
3 8
6 #edges
9 3
8 5
0 9
0 1
3 6
3 8
6 #edges
9 3
6 8
8 5
0 9
0 1
3 6
6 #edges
9 3
8 6
0 9
0 1
3 5
3 8
6 #edges
9 3
6 5
8 6
0 9
0 1
3 8
18 #trees for patient 13
6 #edges
9 3
0 9
0 6
0 1
0 8
3 5
6 #edges
9 5
5 3
0 9
0 6
0 1
0 8
6 #edges
9 5
0 6
0 1
0 8
0 3
3 9
6 #edges
5 9
0 6
0 1
0 8
0 3
3 5
6 #edges
5 3
0 5
0 6
0 1
0 8
3 9
6 #edges
9 3
5 9
0 5
0 6
0 1
0 8
6 #edges
9 3
8 6
0 9
0 1
0 8
3 5
6 #edges
9 5
5 3
8 6
0 9
0 1
0 8
6 #edges
9 5
8 6
0 1
0 8
0 3
3 9
6 #edges
5 9
8 6
0 1
0 8
0 3
3 5
6 #edges
9 3
5 9
8 6
0 5
0 1
0 8
6 #edges
5 3
8 6
0 5
0 1
0 8
3 9
6 #edges
9 3
6 8
0 9
0 6
0 1
3 5
6 #edges
9 5
5 3
6 8
0 9
0 6
0 1
6 #edges
9 3
5 9
6 8
0 5
0 6
0 1
6 #edges
5 3
6 8
0 5
0 6
0 1
3 9
6 #edges
5 9
6 8
0 6
0 1
0 3
3 5
6 #edges
9 5
6 8
0 6
0 1
0 3
3 9
4 #trees for patient 14
6 #edges
9 3
6 8
0 9
0 6
0 1
3 5
6 #edges
9 3
1 8
0 9
0 6
0 1
3 5
6 #edges
9 5
1 8
0 6
0 1
0 3
3 9
6 #edges
9 5
6 8
0 6
0 1
0 3
3 9
24 #trees for patient 15
6 #edges
9 3
6 8
0 9
0 6
0 1
3 5
6 #edges
9 5
5 3
6 8
0 9
0 6
0 1
6 #edges
9 5
5 3
8 6
0 9
0 1
0 8
6 #edges
9 3
8 6
0 9
0 1
0 8
3 5
6 #edges
9 3
5 9
8 6
0 5
0 1
0 8
6 #edges
5 3
8 6
0 5
0 1
0 8
3 9
6 #edges
5 9
8 6
0 1
0 8
0 3
3 5
6 #edges
9 5
8 6
0 1
0 8
0 3
3 9
6 #edges
9 5
6 8
0 6
0 1
0 3
3 9
6 #edges
5 9
6 8
0 6
0 1
0 3
3 5
6 #edges
9 3
5 9
6 8
0 5
0 6
0 1
6 #edges
5 3
6 8
0 5
0 6
0 1
3 9
6 #edges
9 5
5 1
8 6
0 8
0 3
3 9
6 #edges
9 5
5 1
6 8
0 6
0 3
3 9
6 #edges
9 1
5 9
6 8
0 6
0 3
3 5
6 #edges
9 1
5 9
8 6
0 8
0 3
3 5
6 #edges
9 1
5 3
6 8
0 5
0 6
3 9
6 #edges
9 1
5 3
8 6
0 5
0 8
3 9
6 #edges
9 3
5 9
8 6
0 5
0 8
3 1
6 #edges
9 3
5 9
6 8
0 5
0 6
3 1
6 #edges
9 5
5 3
6 8
0 9
0 6
3 1
6 #edges
9 5
5 3
8 6
0 9
0 8
3 1
6 #edges
9 3
5 1
6 8
0 9
0 6
3 5
6 #edges
9 3
5 1
8 6
0 9
0 8
3 5
8 #trees for patient 16
6 #edges
9 5
6 1
0 6
0 8
0 3
3 9
6 #edges
5 9
6 1
0 6
0 8
0 3
3 5
6 #edges
5 9
6 8
0 6
0 1
0 3
3 5
6 #edges
9 5
6 8
0 6
0 1
0 3
3 9
6 #edges
5 9
1 8
0 6
0 1
0 3
3 5
6 #edges
9 5
1 8
0 6
0 1
0 3
3 9
6 #edges
9 5
6 1
1 8
0 6
0 3
3 9
6 #edges
5 9
6 1
1 8
0 6
0 3
3 5
4 #trees for patient 17
6 #edges
9 5
8 6
0 1
0 8
0 3
3 9
6 #edges
1 5
8 6
0 1
0 8
0 3
3 9
6 #edges
9 5
6 8
0 6
0 1
0 3
3 9
6 #edges
6 8
1 5
0 6
0 1
0 3
3 9
14 #trees for patient 18
6 #edges
9 5
8 6
0 1
0 8
0 3
3 9
6 #edges
9 5
9 6
0 1
0 8
0 3
3 9
6 #edges
9 5
8 6
0 8
0 3
3 9
3 1
6 #edges
9 5
9 6
0 8
0 3
3 9
3 1
6 #edges
9 5
6 8
0 6
0 1
0 3
3 9
6 #edges
9 5
6 8
0 6
0 3
3 9
3 1
6 #edges
9 5
9 8
0 6
0 3
3 9
3 1
6 #edges
9 5
9 8
0 6
0 1
0 3
3 9
6 #edges
9 5
9 6
9 8
0 1
0 3
3 9
6 #edges
9 5
9 6
6 8
0 1
0 3
3 9
6 #edges
9 5
9 8
8 6
0 1
0 3
3 9
6 #edges
9 5
9 8
8 6
0 3
3 9
3 1
6 #edges
9 5
9 6
9 8
0 3
3 9
3 1
6 #edges
9 5
9 6
6 8
0 3
3 9
3 1
22 #trees for patient 19
6 #edges
9 5
0 6
0 1
0 8
0 3
3 9
6 #edges
9 5
5 6
0 1
0 8
0 3
3 9
6 #edges
5 9
0 6
0 1
0 8
0 3
3 5
6 #edges
9 6
5 9
0 1
0 8
0 3
3 5
6 #edges
9 5
5 1
0 6
0 8
0 3
3 9
6 #edges
9 1
5 9
0 6
0 8
0 3
3 5
6 #edges
5 9
1 8
0 6
0 1
0 3
3 5
6 #edges
9 8
5 9
0 6
0 1
0 3
3 5
6 #edges
5 9
6 8
0 6
0 1
0 3
3 5
6 #edges
9 5
6 8
0 6
0 1
0 3
3 9
6 #edges
9 5
1 8
0 6
0 1
0 3
3 9
6 #edges
9 5
5 8
0 6
0 1
0 3
3 9
6 #edges
9 1
5 9
6 8
0 6
0 3
3 5
6 #edges
9 5
5 1
6 8
0 6
0 3
3 9
6 #edges
9 1
5 9
1 8
0 6
0 3
3 5
6 #edges
9 5
5 1
1 8
0 6
0 3
3 9
6 #edges
9 6
5 9
1 8
0 1
0 3
3 5
6 #edges
9 6
5 9
6 8
0 1
0 3
3 5
6 #edges
9 6
9 8
5 9
0 1
0 3
3 5
6 #edges
9 5
5 6
1 8
0 1
0 3
3 9
6 #edges
9 5
5 6
6 8
0 1
0 3
3 9
6 #edges
9 5
5 6
5 8
0 1
0 3
3 9
18 #trees for patient 20
6 #edges
9 3
6 8
0 9
0 6
0 1
3 5
6 #edges
9 5
5 3
6 8
0 9
0 6
0 1
6 #edges
9 5
5 3
1 8
0 9
0 6
0 1
6 #edges
9 3
1 8
0 9
0 6
0 1
3 5
6 #edges
9 3
5 8
0 9
0 6
0 1
3 5
6 #edges
9 5
5 3
0 9
0 6
0 1
3 8
6 #edges
5 3
1 8
0 5
0 6
0 1
3 9
6 #edges
9 3
5 9
1 8
0 5
0 6
0 1
6 #edges
9 5
1 8
0 6
0 1
0 3
3 9
6 #edges
5 9
1 8
0 6
0 1
0 3
3 5
6 #edges
5 9
6 8
0 6
0 1
0 3
3 5
6 #edges
9 5
6 8
0 6
0 1
0 3
3 9
6 #edges
9 5
5 8
0 6
0 1
0 3
3 9
6 #edges
9 8
5 9
0 6
0 1
0 3
3 5
6 #edges
9 8
5 3
0 5
0 6
0 1
3 9
6 #edges
5 3
6 8
0 5
0 6
0 1
3 9
6 #edges
9 3
5 9
6 8
0 5
0 6
0 1
6 #edges
9 3
5 9
0 5
0 6
0 1
3 8
2 #trees for patient 21
6 #edges
9 5
8 6
0 1
0 8
0 3
3 9
6 #edges
9 5
6 8
0 6
0 1
0 3
3 9
7 #trees for patient 22
6 #edges
9 5
8 6
0 1
0 8
0 3
3 9
6 #edges
9 5
9 6
0 1
0 8
0 3
3 9
6 #edges
9 5
6 8
0 6
0 1
0 3
3 9
6 #edges
9 5
9 8
0 6
0 1
0 3
3 9
6 #edges
9 5
9 6
6 8
0 1
0 3
3 9
6 #edges
9 5
9 6
9 8
0 1
0 3
3 9
6 #edges
9 5
9 8
8 6
0 1
0 3
3 9
4 #trees for patient 23
6 #edges
9 5
0 6
0 1
0 8
0 3
3 9
6 #edges
9 5
5 1
0 6
0 8
0 3
3 9
6 #edges
9 5
6 8
0 6
0 1
0 3
3 9
6 #edges
9 5
5 1
6 8
0 6
0 3
3 9
4 #trees for patient 24
6 #edges
6 8
1 5
0 6
0 1
0 3
3 9
6 #edges
9 5
6 8
0 6
0 1
0 3
3 9
6 #edges
9 8
1 5
0 6
0 1
0 3
3 9
6 #edges
9 5
9 8
0 6
0 1
0 3
3 9
1 #trees for patient 25
6 #edges
9 5
6 8
0 6
0 1
0 3
3 9
78 #trees for patient 26
6 #edges
5 3
8 6
0 5
0 1
0 8
3 9
6 #edges
9 6
5 3
0 5
0 1
0 8
3 9
6 #edges
5 3
1 6
0 5
0 1
0 8
3 9
6 #edges
9 3
5 9
8 6
0 5
0 1
0 8
6 #edges
9 3
5 9
1 6
0 5
0 1
0 8
6 #edges
9 3
5 9
0 5
0 1
0 8
3 6
6 #edges
9 5
5 3
8 6
0 9
0 1
0 8
6 #edges
9 3
8 6
0 9
0 1
0 8
3 5
6 #edges
5 9
8 6
0 1
0 8
0 3
3 5
6 #edges
9 5
8 6
0 1
0 8
0 3
3 9
6 #edges
9 5
5 3
1 6
0 9
0 1
0 8
6 #edges
9 3
1 6
0 9
0 1
0 8
3 5
6 #edges
5 9
1 6
0 1
0 8
0 3
3 5
6 #edges
9 5
1 6
0 1
0 8
0 3
3 9
6 #edges
9 5
5 6
0 1
0 8
0 3
3 9
6 #edges
9 6
5 9
0 1
0 8
0 3
3 5
6 #edges
9 3
5 6
0 9
0 1
0 8
3 5
6 #edges
9 5
5 3
0 9
0 1
0 8
3 6
6 #edges
5 3
6 8
0 5
0 6
0 1
3 9
6 #edges
9 8
5 3
0 5
0 6
0 1
3 9
6 #edges
5 3
1 8
0 5
0 6
0 1
3 9
6 #edges
9 3
5 9
1 8
0 5
0 6
0 1
6 #edges
9 3
5 9
6 8
0 5
0 6
0 1
6 #edges
9 3
5 9
0 5
0 6
0 1
3 8
6 #edges
5 9
6 8
0 6
0 1
0 3
3 5
6 #edges
9 8
5 9
0 6
0 1
0 3
3 5
6 #edges
5 9
1 8
0 6
0 1
0 3
3 5
6 #edges
9 5
6 8
0 6
0 1
0 3
3 9
6 #edges
9 5
5 8
0 6
0 1
0 3
3 9
6 #edges
9 5
1 8
0 6
0 1
0 3
3 9
6 #edges
9 3
6 8
0 9
0 6
0 1
3 5
6 #edges
9 5
5 3
6 8
0 9
0 6
0 1
6 #edges
9 5
5 3
1 8
0 9
0 6
0 1
6 #edges
9 5
5 3
0 9
0 6
0 1
3 8
6 #edges
9 3
1 8
0 9
0 6
0 1
3 5
6 #edges
9 3
5 8
0 9
0 6
0 1
3 5
6 #edges
9 3
5 9
1 8
8 6
0 5
0 1
6 #edges
9 3
5 9
1 8
0 5
0 1
3 6
6 #edges
9 3
5 9
6 8
0 5
0 1
3 6
6 #edges
9 3
5 9
0 5
0 1
3 6
3 8
6 #edges
9 3
5 9
1 6
0 5
0 1
3 8
6 #edges
9 3
5 9
6 8
1 6
0 5
0 1
6 #edges
9 3
5 9
8 6
0 5
0 1
3 8
6 #edges
5 3
6 8
1 6
0 5
0 1
3 9
6 #edges
9 8
5 3
1 6
0 5
0 1
3 9
6 #edges
5 3
1 8
8 6
0 5
0 1
3 9
6 #edges
9 6
5 3
1 8
0 5
0 1
3 9
6 #edges
9 6
9 8
5 3
0 5
0 1
3 9
6 #edges
9 6
5 3
6 8
0 5
0 1
3 9
6 #edges
9 8
5 3
8 6
0 5
0 1
3 9
6 #edges
9 3
1 8
8 6
0 9
0 1
3 5
6 #edges
9 5
5 3
1 8
8 6
0 9
0 1
6 #edges
9 5
5 3
1 8
0 9
0 1
3 6
6 #edges
9 3
5 6
1 8
0 9
0 1
3 5
6 #edges
9 5
5 3
1 6
0 9
0 1
3 8
6 #edges
9 5
5 3
0 9
0 1
3 6
3 8
6 #edges
9 5
5 3
8 6
0 9
0 1
3 8
6 #edges
9 5
5 3
6 8
0 9
0 1
3 6
6 #edges
9 5
5 3
6 8
1 6
0 9
0 1
6 #edges
9 3
6 8
1 6
0 9
0 1
3 5
6 #edges
9 3
5 8
1 6
0 9
0 1
3 5
6 #edges
9 3
5 8
8 6
0 9
0 1
3 5
6 #edges
9 3
5 6
5 8
0 9
0 1
3 5
6 #edges
9 3
5 6
6 8
0 9
0 1
3 5
6 #edges
5 9
1 8
8 6
0 1
0 3
3 5
6 #edges
9 5
1 8
8 6
0 1
0 3
3 9
6 #edges
9 6
5 9
1 8
0 1
0 3
3 5
6 #edges
9 5
5 6
1 8
0 1
0 3
3 9
6 #edges
5 9
6 8
1 6
0 1
0 3
3 5
6 #edges
9 8
5 9
1 6
0 1
0 3
3 5
6 #edges
9 5
6 8
1 6
0 1
0 3
3 9
6 #edges
9 5
5 8
1 6
0 1
0 3
3 9
6 #edges
9 5
5 6
5 8
0 1
0 3
3 9
6 #edges
9 5
5 8
8 6
0 1
0 3
3 9
6 #edges
9 5
5 6
6 8
0 1
0 3
3 9
6 #edges
9 6
9 8
5 9
0 1
0 3
3 5
6 #edges
9 6
5 9
6 8
0 1
0 3
3 5
6 #edges
9 8
5 9
8 6
0 1
0 3
3 5
14 #trees for patient 27
6 #edges
9 5
0 6
0 1
0 3
3 9
3 8
6 #edges
5 9
0 6
0 1
0 3
3 5
3 8
6 #edges
5 9
6 8
0 6
0 1
0 3
3 5
6 #edges
9 5
6 8
0 6
0 1
0 3
3 9
6 #edges
9 5
6 8
0 6
0 3
3 9
3 1
6 #edges
9 5
0 6
0 3
3 9
3 1
3 8
6 #edges
9 5
8 1
0 6
0 3
3 9
3 8
6 #edges
9 5
6 1
0 6
0 3
3 9
3 8
6 #edges
9 5
6 8
8 1
0 6
0 3
3 9
6 #edges
5 9
8 1
0 6
0 3
3 5
3 8
6 #edges
5 9
0 6
0 3
3 5
3 1
3 8
6 #edges
5 9
6 1
0 6
0 3
3 5
3 8
6 #edges
5 9
6 8
0 6
0 3
3 5
3 1
6 #edges
5 9
6 8
8 1
0 6
0 3
3 5
24 #trees for patient 28
6 #edges
0 6
0 1
0 8
0 3
3 9
3 5
6 #edges
5 9
0 6
0 1
0 8
0 3
3 5
6 #edges
9 5
0 6
0 1
0 8
0 3
3 9
6 #edges
5 9
8 6
0 1
0 8
0 3
3 5
6 #edges
8 6
0 1
0 8
0 3
3 9
3 5
6 #edges
1 6
0 1
0 8
0 3
3 9
3 5
6 #edges
5 9
1 6
0 1
0 8
0 3
3 5
6 #edges
9 5
8 6
0 1
0 8
0 3
3 9
6 #edges
9 5
1 6
0 1
0 8
0 3
3 9
6 #edges
9 5
6 8
0 6
0 1
0 3
3 9
6 #edges
6 8
0 6
0 1
0 3
3 9
3 5
6 #edges
5 9
6 8
0 6
0 1
0 3
3 5
6 #edges
1 8
0 6
0 1
0 3
3 9
3 5
6 #edges
5 9
1 8
0 6
0 1
0 3
3 5
6 #edges
9 5
1 8
0 6
0 1
0 3
3 9
6 #edges
1 6
1 8
0 1
0 3
3 9
3 5
6 #edges
6 8
1 6
0 1
0 3
3 9
3 5
6 #edges
9 5
6 8
1 6
0 1
0 3
3 9
6 #edges
9 5
1 6
1 8
0 1
0 3
3 9
6 #edges
5 9
6 8
1 6
0 1
0 3
3 5
6 #edges
5 9
1 6
1 8
0 1
0 3
3 5
6 #edges
5 9
1 8
8 6
0 1
0 3
3 5
6 #edges
1 8
8 6
0 1
0 3
3 9
3 5
6 #edges
9 5
1 8
8 6
0 1
0 3
3 9
8 #trees for patient 29
6 #edges
1 6
0 8
0 1
0 4
0 11
11 2
6 #edges
6 2
1 6
0 8
0 1
0 4
0 11
6 #edges
6 8
1 6
0 1
0 4
0 11
11 2
6 #edges
6 8
6 2
1 6
0 1
0 4
0 11
6 #edges
6 1
0 8
0 6
0 4
0 11
11 2
6 #edges
6 1
1 2
0 8
0 6
0 4
0 11
6 #edges
6 1
1 8
1 2
0 6
0 4
0 11
6 #edges
6 1
1 8
0 6
0 4
0 11
11 2
6 #trees for patient 30
6 #edges
6 2
1 6
4 8
0 1
0 4
0 11
6 #edges
6 8
6 2
1 6
0 1
0 4
0 11
6 #edges
6 2
1 6
1 11
4 8
0 1
0 4
6 #edges
6 2
1 6
4 8
0 1
0 4
2 11
6 #edges
6 8
6 2
1 6
1 11
0 1
0 4
6 #edges
6 8
6 2
1 6
0 1
0 4
2 11
4 #trees for patient 31
6 #edges
6 8
6 2
1 6
0 1
0 4
0 11
6 #edges
6 8
6 2
1 6
0 1
0 11
2 4
6 #edges
8 11
6 8
6 2
1 6
0 1
0 4
6 #edges
8 11
6 8
6 2
1 6
0 1
2 4
2 #trees for patient 32
6 #edges
6 8
6 2
1 6
0 1
0 4
0 11
6 #edges
6 1
1 8
1 2
0 6
0 4
0 11
4 #trees for patient 33
6 #edges
1 6
4 2
0 1
0 4
0 11
11 8
6 #edges
6 8
1 6
4 2
0 1
0 4
0 11
6 #edges
6 2
1 6
0 1
0 4
0 11
11 8
6 #edges
6 8
6 2
1 6
0 1
0 4
0 11
6 #trees for patient 34
6 #edges
6 8
6 2
1 6
0 1
0 4
0 11
6 #edges
6 1
1 8
1 2
0 6
0 4
0 11
6 #edges
6 8
6 4
6 2
1 6
0 1
0 11
6 #edges
8 4
6 8
6 2
1 6
0 1
0 11
6 #edges
6 1
1 8
1 4
1 2
0 6
0 11
6 #edges
8 4
6 1
1 8
1 2
0 6
0 11
4 #trees for patient 35
6 #edges
6 8
6 2
1 6
0 1
0 4
0 11
6 #edges
6 2
1 6
0 8
0 1
0 4
0 11
6 #edges
6 1
1 2
0 8
0 6
0 4
0 11
6 #edges
6 1
1 8
1 2
0 6
0 4
0 11
4 #trees for patient 36
6 #edges
6 8
6 2
1 6
0 1
0 4
0 11
6 #edges
6 1
1 8
1 2
0 6
0 4
0 11
6 #edges
6 8
6 2
1 6
4 11
0 1
0 4
6 #edges
6 1
1 8
1 2
4 11
0 6
0 4
2 #trees for patient 37
6 #edges
6 8
6 2
1 6
0 1
0 4
0 11
6 #edges
8 11
6 8
6 2
1 6
0 1
0 4
62 #trees for patient 38
6 #edges
1 6
1 2
1 11
0 8
0 1
0 4
6 #edges
1 6
1 2
0 8
0 1
0 4
2 11
6 #edges
6 11
1 6
1 2
0 8
0 1
0 4
6 #edges
6 2
1 6
1 11
0 8
0 1
0 4
6 #edges
6 2
1 6
0 8
0 1
0 4
2 11
6 #edges
1 8
1 6
1 2
1 11
0 1
0 4
6 #edges
6 2
1 8
1 6
1 11
0 1
0 4
6 #edges
6 2
1 6
1 11
0 1
0 4
11 8
6 #edges
1 6
1 2
1 11
0 1
0 4
11 8
6 #edges
6 8
1 6
1 2
1 11
0 1
0 4
6 #edges
6 8
6 2
1 6
1 11
0 1
0 4
6 #edges
1 6
1 2
1 11
0 1
0 4
2 8
6 #edges
6 2
1 6
1 11
0 1
0 4
2 8
6 #edges
1 6
1 2
0 1
0 4
0 11
11 8
6 #edges
6 8
1 6
1 2
0 1
0 4
0 11
6 #edges
1 6
1 2
0 1
0 4
0 11
2 8
6 #edges
1 8
1 6
1 2
0 1
0 4
0 11
6 #edges
1 8
1 6
1 2
0 1
0 4
2 11
6 #edges
6 11
1 8
1 6
1 2
0 1
0 4
6 #edges
1 6
1 2
0 1
0 4
2 11
11 8
6 #edges
6 8
1 6
1 2
0 1
0 4
2 11
6 #edges
6 8
6 11
1 6
1 2
0 1
0 4
6 #edges
6 11
1 6
1 2
0 1
0 4
2 8
6 #edges
6 11
1 6
1 2
0 1
0 4
11 8
6 #edges
6 2
1 8
1 6
0 1
0 4
2 11
6 #edges
6 2
1 8
1 6
0 1
0 4
0 11
6 #edges
6 2
1 6
0 1
0 4
2 11
11 8
6 #edges
6 8
6 2
1 6
0 1
0 4
2 11
6 #edges
6 8
6 2
1 6
0 1
0 4
0 11
6 #edges
6 2
1 6
0 1
0 4
0 11
2 8
6 #edges
6 2
1 6
0 1
0 4
0 11
11 8
6 #edges
6 4
6 11
1 6
1 2
0 8
0 1
6 #edges
6 4
1 6
1 2
1 11
0 8
0 1
6 #edges
6 4
1 6
1 2
0 8
0 1
2 11
6 #edges
6 4
6 2
1 6
0 8
0 1
2 11
6 #edges
6 4
6 2
1 6
1 11
0 8
0 1
6 #edges
6 4
1 6
1 2
0 1
0 11
11 8
6 #edges
6 4
6 2
1 6
0 1
0 11
11 8
6 #edges
6 4
1 8
1 6
1 2
0 1
0 11
6 #edges
6 4
1 6
1 2
0 1
0 11
2 8
6 #edges
6 8
6 4
1 6
1 2
0 1
0 11
6 #edges
6 4
6 2
1 6
0 1
0 11
2 8
6 #edges
6 8
6 4
6 2
1 6
0 1
0 11
6 #edges
6 4
6 2
1 8
1 6
0 1
0 11
6 #edges
6 4
6 2
1 8
1 6
0 1
2 11
6 #edges
6 4
6 2
1 8
1 6
1 11
0 1
6 #edges
6 8
6 4
6 2
1 6
0 1
2 11
6 #edges
6 8
6 4
6 2
1 6
1 11
0 1
6 #edges
6 4
6 2
1 6
1 11
0 1
2 8
6 #edges
6 4
6 2
1 6
0 1
2 11
11 8
6 #edges
6 4
6 2
1 6
1 11
0 1
11 8
6 #edges
6 4
1 8
1 6
1 2
0 1
2 11
6 #edges
6 4
1 8
1 6
1 2
1 11
0 1
6 #edges
6 4
6 11
1 8
1 6
1 2
0 1
6 #edges
6 8
6 4
6 11
1 6
1 2
0 1
6 #edges
6 8
6 4
1 6
1 2
1 11
0 1
6 #edges
6 8
6 4
1 6
1 2
0 1
2 11
6 #edges
6 4
6 11
1 6
1 2
0 1
11 8
6 #edges
6 4
6 11
1 6
1 2
0 1
2 8
6 #edges
6 4
1 6
1 2
1 11
0 1
11 8
6 #edges
6 4
1 6
1 2
1 11
0 1
2 8
6 #edges
6 4
1 6
1 2
0 1
2 11
11 8
2 #trees for patient 39
6 #edges
6 8
6 2
1 6
0 1
0 4
0 11
6 #edges
6 8
6 2
1 6
0 1
0 11
11 4
2 #trees for patient 40
6 #edges
6 8
6 2
1 6
0 1
0 4
0 11
6 #edges
6 8
6 2
1 6
1 4
0 1
0 11
4 #trees for patient 41
6 #edges
6 1
1 8
1 2
0 6
0 4
0 11
6 #edges
6 1
1 2
0 6
0 4
0 11
11 8
6 #edges
6 8
6 2
1 6
0 1
0 4
0 11
6 #edges
6 2
1 6
0 1
0 4
0 11
11 8
2 #trees for patient 42
6 #edges
6 8
6 2
1 6
0 1
0 4
0 11
6 #edges
6 2
1 6
4 8
0 1
0 4
0 11
1 #trees for patient 43
6 #edges
6 8
6 2
1 6
0 1
0 4
0 11
16 #trees for patient 44
6 #edges
5 6
1 11
0 5
0 8
0 1
11 4
6 #edges
5 6
1 4
0 5
0 8
0 11
11 1
6 #edges
5 6
4 8
0 5
0 4
0 11
11 1
6 #edges
5 6
1 8
0 5
0 4
0 11
11 1
6 #edges
5 8
5 6
0 5
0 4
0 11
11 1
6 #edges
5 6
6 8
0 5
0 4
0 11
11 1
6 #edges
5 6
1 11
4 8
0 5
0 1
0 4
6 #edges
5 8
5 6
1 11
0 5
0 1
0 4
6 #edges
5 6
6 8
1 11
0 5
0 1
0 4
6 #edges
5 6
1 11
0 5
0 1
0 4
11 8
6 #edges
5 6
1 4
4 8
0 5
0 11
11 1
6 #edges
5 8
5 6
1 4
0 5
0 11
11 1
6 #edges
5 6
6 8
1 4
0 5
0 11
11 1
6 #edges
5 8
5 6
1 11
0 5
0 1
11 4
6 #edges
5 6
1 11
4 8
0 5
0 1
11 4
6 #edges
5 6
6 8
1 11
0 5
0 1
11 4
2 #trees for patient 45
6 #edges
5 8
5 6
1 11
0 5
0 1
0 4
6 #edges
5 6
6 8
1 11
0 5
0 1
0 4
4 #trees for patient 46
6 #edges
5 8
1 6
1 11
0 5
0 1
0 4
6 #edges
5 8
5 6
1 11
0 5
0 1
0 4
6 #edges
5 8
5 6
8 4
1 11
0 5
0 1
6 #edges
5 8
8 4
1 6
1 11
0 5
0 1
18 #trees for patient 47
6 #edges
5 8
5 6
0 5
0 1
0 4
0 11
6 #edges
5 8
4 6
0 5
0 1
0 4
0 11
6 #edges
5 6
5 1
0 5
0 8
0 4
0 11
6 #edges
5 1
4 6
0 5
0 8
0 4
0 11
6 #edges
5 6
5 1
1 11
0 5
0 8
0 4
6 #edges
5 1
1 11
4 6
0 5
0 8
0 4
6 #edges
5 6
5 1
8 11
0 5
0 8
0 4
6 #edges
5 1
8 11
4 6
0 5
0 8
0 4
6 #edges
8 11
4 6
0 5
0 8
0 1
0 4
6 #edges
5 6
8 11
0 5
0 8
0 1
0 4
6 #edges
5 6
5 11
0 5
0 8
0 1
0 4
6 #edges
5 11
4 6
0 5
0 8
0 1
0 4
6 #edges
5 6
1 11
0 5
0 8
0 1
0 4
6 #edges
1 11
4 6
0 5
0 8
0 1
0 4
6 #edges
5 8
1 11
4 6
0 5
0 1
0 4
6 #edges
5 8
8 11
4 6
0 5
0 1
0 4
6 #edges
5 8
5 6
8 11
0 5
0 1
0 4
6 #edges
5 8
5 6
1 11
0 5
0 1
0 4
13 #trees for patient 48
6 #edges
5 8
5 6
0 5
0 4
0 11
11 1
6 #edges
5 8
5 6
5 1
0 5
0 4
0 11
6 #edges
5 8
5 6
8 1
0 5
0 4
0 11
6 #edges
5 8
5 6
1 11
0 5
0 1
0 4
6 #edges
5 8
5 6
5 11
0 5
0 1
0 4
6 #edges
5 8
5 6
8 11
0 5
0 1
0 4
6 #edges
5 8
5 6
5 1
5 11
0 5
0 4
6 #edges
5 8
5 6
5 1
8 11
0 5
0 4
6 #edges
5 8
5 6
5 1
1 11
0 5
0 4
6 #edges
5 8
5 6
5 11
0 5
0 4
11 1
6 #edges
5 8
5 6
5 11
8 1
0 5
0 4
6 #edges
5 8
5 6
8 1
1 11
0 5
0 4
6 #edges
5 8
5 6
8 11
0 5
0 4
11 1
2 #trees for patient 49
6 #edges
5 6
1 11
0 5
0 1
0 4
11 8
6 #edges
5 8
5 6
1 11
0 5
0 1
0 4
2 #trees for patient 50
6 #edges
5 8
5 6
4 11
0 5
0 1
0 4
6 #edges
5 8
5 6
1 11
0 5
0 1
0 4
4 #trees for patient 51
6 #edges
5 6
1 8
1 11
0 5
0 1
0 4
6 #edges
5 8
5 6
1 11
0 5
0 1
0 4
6 #edges
5 6
1 8
4 11
0 5
0 1
0 4
6 #edges
5 8
5 6
4 11
0 5
0 1
0 4
14 #trees for patient 52
6 #edges
5 6
0 5
0 8
0 4
0 11
11 1
6 #edges
5 6
4 1
0 5
0 8
0 4
0 11
6 #edges
5 8
5 6
4 1
0 5
0 4
0 11
6 #edges
5 8
5 6
0 5
0 4
0 11
11 1
6 #edges
5 6
1 11
0 5
0 8
0 1
0 4
6 #edges
5 8
5 6
1 11
0 5
0 1
0 4
6 #edges
5 8
5 6
4 11
0 5
0 1
0 4
6 #edges
5 6
4 11
0 5
0 8
0 1
0 4
6 #edges
5 6
4 1
4 11
0 5
0 8
0 4
6 #edges
5 6
1 11
4 1
0 5
0 8
0 4
6 #edges
5 6
4 11
0 5
0 8
0 4
11 1
6 #edges
5 8
5 6
4 1
4 11
0 5
0 4
6 #edges
5 8
5 6
4 11
0 5
0 4
11 1
6 #edges
5 8
5 6
1 11
4 1
0 5
0 4
2 #trees for patient 53
6 #edges
5 8
5 6
1 11
0 5
0 1
0 4
6 #edges
5 6
1 11
4 8
0 5
0 1
0 4
1 #trees for patient 54
6 #edges
5 8
5 6
1 11
0 5
0 1
0 4
3 #trees for patient 55
6 #edges
5 8
1 11
0 5
0 6
0 1
0 4
6 #edges
5 8
8 6
1 11
0 5
0 1
0 4
6 #edges
5 8
5 6
1 11
0 5
0 1
0 4
7 #trees for patient 56
6 #edges
5 8
5 6
0 5
0 4
0 11
11 1
6 #edges
5 8
5 6
8 1
0 5
0 4
0 11
6 #edges
5 8
5 6
1 11
0 5
0 1
0 4
6 #edges
5 8
5 6
8 11
0 5
0 1
0 4
6 #edges
5 8
5 6
8 1
8 11
0 5
0 4
6 #edges
5 8
5 6
8 1
1 11
0 5
0 4
6 #edges
5 8
5 6
8 11
0 5
0 4
11 1
3 #trees for patient 57
6 #edges
5 8
5 6
1 11
0 5
0 1
0 4
6 #edges
5 8
1 11
0 5
0 1
0 4
11 6
6 #edges
5 8
1 6
1 11
0 5
0 1
0 4
4 #trees for patient 58
6 #edges
5 7
0 5
0 4
0 10
7 2
10 8
6 #edges
5 7
0 5
0 2
0 10
7 4
10 8
6 #edges
5 7
0 5
0 2
0 10
2 4
10 8
6 #edges
5 7
0 5
0 10
2 4
7 2
10 8
9 #trees for patient 59
6 #edges
5 7
4 10
0 5
0 8
0 2
7 4
6 #edges
5 8
5 7
0 5
0 2
0 10
7 4
6 #edges
5 7
0 5
0 2
0 10
7 4
10 8
6 #edges
5 7
0 5
0 2
0 10
7 8
7 4
6 #edges
5 7
4 8
0 5
0 2
0 10
7 4
6 #edges
5 8
5 7
4 10
0 5
0 2
7 4
6 #edges
5 7
4 10
0 5
0 2
7 8
7 4
6 #edges
5 7
4 8
4 10
0 5
0 2
7 4
6 #edges
5 7
4 10
0 5
0 2
7 4
10 8
26 #trees for patient 60
6 #edges
5 4
4 7
0 5
0 2
0 10
2 8
6 #edges
5 7
0 5
0 2
0 10
2 8
7 4
6 #edges
5 4
4 7
0 5
0 2
0 10
10 8
6 #edges
5 7
0 5
0 2
0 10
7 4
10 8
6 #edges
5 7
4 8
0 5
0 2
0 10
7 4
6 #edges
5 4
4 7
0 5
0 2
0 10
7 8
6 #edges
5 4
4 7
0 5
0 8
0 2
2 10
6 #edges
5 7
0 5
0 8
0 2
2 10
7 4
6 #edges
5 7
4 10
0 5
0 8
0 2
7 4
6 #edges
5 7
8 10
0 5
0 8
0 2
7 4
6 #edges
5 4
8 10
4 7
0 5
0 8
0 2
6 #edges
5 4
4 7
0 5
0 8
0 2
7 10
6 #edges
5 7
0 5
0 2
2 8
2 10
7 4
6 #edges
5 7
8 10
0 5
0 2
2 8
7 4
6 #edges
5 7
4 10
0 5
0 2
2 8
7 4
6 #edges
5 4
4 7
0 5
0 2
2 8
2 10
6 #edges
5 4
8 10
4 7
0 5
0 2
2 8
6 #edges
5 4
4 7
0 5
0 2
2 8
7 10
6 #edges
5 7
4 8
0 5
0 2
2 10
7 4
6 #edges
5 7
0 5
0 2
2 10
7 4
10 8
6 #edges
5 4
4 7
0 5
0 2
2 10
10 8
6 #edges
5 4
4 7
0 5
0 2
2 10
7 8
6 #edges
5 7
4 10
0 5
0 2
7 4
10 8
6 #edges
5 7
8 10
4 8
0 5
0 2
7 4
6 #edges
5 4
8 10
4 7
0 5
0 2
7 8
6 #edges
5 4
4 7
0 5
0 2
7 10
10 8
2 #trees for patient 61
6 #edges
5 4
0 2
0 7
0 10
7 5
10 8
6 #edges
5 7
0 5
0 2
0 10
7 4
10 8
36 #trees for patient 62
6 #edges
4 7
0 4
0 2
0 10
2 8
7 5
6 #edges
4 7
0 4
0 2
0 10
7 5
10 8
6 #edges
5 7
4 5
0 4
0 2
0 10
10 8
6 #edges
5 7
4 5
0 4
0 2
0 10
2 8
6 #edges
5 4
0 2
0 7
0 10
7 5
10 8
6 #edges
4 5
0 2
0 7
0 10
7 4
10 8
6 #edges
4 5
0 2
0 7
0 10
2 8
7 4
6 #edges
5 4
0 2
0 7
0 10
2 8
7 5
6 #edges
5 7
0 5
0 2
0 10
2 8
7 4
6 #edges
5 4
4 7
0 5
0 2
0 10
2 8
6 #edges
5 4
4 7
0 5
0 2
0 10
10 8
6 #edges
5 7
0 5
0 2
0 10
7 4
10 8
6 #edges
5 7
8 10
0 5
0 8
0 2
7 4
6 #edges
5 4
8 10
4 7
0 5
0 8
0 2
6 #edges
5 7
0 5
0 8
0 2
2 10
7 4
6 #edges
5 4
4 7
0 5
0 8
0 2
2 10
6 #edges
5 7
8 10
4 5
0 8
0 4
0 2
6 #edges
5 7
4 5
0 8
0 4
0 2
2 10
6 #edges
8 10
4 7
0 8
0 4
0 2
7 5
6 #edges
4 7
0 8
0 4
0 2
2 10
7 5
6 #edges
8 10
4 5
0 8
0 2
0 7
7 4
6 #edges
5 4
8 10
0 8
0 2
0 7
7 5
6 #edges
4 5
0 8
0 2
0 7
2 10
7 4
6 #edges
5 4
0 8
0 2
0 7
2 10
7 5
6 #edges
5 4
4 7
0 5
0 2
2 10
10 8
6 #edges
5 7
0 5
0 2
2 10
7 4
10 8
6 #edges
5 7
8 10
0 5
0 2
2 8
7 4
6 #edges
5 4
8 10
4 7
0 5
0 2
2 8
6 #edges
5 4
8 10
0 2
0 7
2 8
7 5
6 #edges
8 10
4 5
0 2
0 7
2 8
7 4
6 #edges
4 5
0 2
0 7
2 10
7 4
10 8
6 #edges
5 4
0 2
0 7
2 10
7 5
10 8
6 #edges
4 7
0 4
0 2
2 10
7 5
10 8
6 #edges
5 7
4 5
0 4
0 2
2 10
10 8
6 #edges
8 10
4 7
0 4
0 2
2 8
7 5
6 #edges
5 7
8 10
4 5
0 4
0 2
2 8
14 #trees for patient 63
6 #edges
5 7
0 5
0 2
0 10
7 4
10 8
6 #edges
5 4
0 2
0 7
0 10
7 5
10 8
6 #edges
5 4
4 8
0 2
0 7
0 10
7 5
6 #edges
5 7
4 8
0 5
0 2
0 10
7 4
6 #edges
5 7
8 10
0 5
0 8
0 2
7 4
6 #edges
5 7
4 10
0 5
0 8
0 2
7 4
6 #edges
5 4
8 10
0 8
0 2
0 7
7 5
6 #edges
5 4
4 10
0 8
0 2
0 7
7 5
6 #edges
5 4
4 8
4 10
0 2
0 7
7 5
6 #edges
5 4
8 10
4 8
0 2
0 7
7 5
6 #edges
5 4
4 10
0 2
0 7
7 5
10 8
6 #edges
5 7
4 8
4 10
0 5
0 2
7 4
6 #edges
5 7
8 10
4 8
0 5
0 2
7 4
6 #edges
5 7
4 10
0 5
0 2
7 4
10 8
2 #trees for patient 64
6 #edges
5 7
0 5
0 2
0 10
7 4
10 8
6 #edges
5 7
4 8
0 5
0 2
0 10
7 4
12 #trees for patient 65
6 #edges
5 7
4 5
0 4
0 2
0 10
10 8
6 #edges
5 7
4 5
0 4
0 2
0 10
2 8
6 #edges
4 7
0 4
0 2
0 10
2 8
7 5
6 #edges
4 7
0 4
0 2
0 10
7 5
10 8
6 #edges
5 4
0 2
0 7
0 10
7 5
10 8
6 #edges
4 5
0 2
0 7
0 10
7 4
10 8
6 #edges
5 7
0 5
0 2
0 10
7 4
10 8
6 #edges
5 4
4 7
0 5
0 2
0 10
10 8
6 #edges
5 4
0 2
0 7
0 10
2 8
7 5
6 #edges
4 5
0 2
0 7
0 10
2 8
7 4
6 #edges
5 7
0 5
0 2
0 10
2 8
7 4
6 #edges
5 4
4 7
0 5
0 2
0 10
2 8
4 #trees for patient 66
6 #edges
5 4
4 7
0 5
0 2
0 10
7 8
6 #edges
5 4
4 7
0 5
0 2
0 10
10 8
6 #edges
5 7
0 5
0 2
0 10
7 4
10 8
6 #edges
5 7
4 8
0 5
0 2
0 10
7 4
4 #trees for patient 67
6 #edges
5 7
0 5
0 2
0 10
7 4
10 8
6 #edges
5 4
4 7
0 5
0 2
0 10
10 8
6 #edges
5 2
5 7
0 5
0 10
7 4
10 8
6 #edges
5 4
5 2
4 7
0 5
0 10
10 8
48 #trees for patient 68
6 #edges
8 10
4 5
0 8
0 2
0 7
7 4
6 #edges
8 10
0 8
0 2
0 7
2 5
7 4
6 #edges
8 10
0 8
0 2
0 7
2 4
7 5
6 #edges
8 10
4 5
0 8
0 2
0 7
2 4
6 #edges
5 4
8 10
0 8
0 2
0 7
7 5
6 #edges
5 4
8 10
0 8
0 2
0 7
2 5
6 #edges
5 4
0 2
0 7
0 10
7 5
10 8
6 #edges
0 2
0 7
0 10
2 4
7 5
10 8
6 #edges
4 5
0 2
0 7
0 10
7 4
10 8
6 #edges
0 2
0 7
0 10
2 5
7 4
10 8
6 #edges
5 4
0 2
0 7
0 10
2 5
10 8
6 #edges
4 5
0 2
0 7
0 10
2 4
10 8
6 #edges
4 7
0 4
0 2
0 10
2 5
10 8
6 #edges
4 7
0 4
0 2
0 10
7 5
10 8
6 #edges
0 4
0 2
0 10
2 7
7 5
10 8
6 #edges
4 5
0 4
0 2
0 10
2 7
10 8
6 #edges
5 7
0 4
0 2
0 10
2 5
10 8
6 #edges
5 7
4 5
0 4
0 2
0 10
10 8
6 #edges
5 7
8 10
4 5
0 8
0 4
0 2
6 #edges
8 10
4 5
0 8
0 4
0 2
2 7
6 #edges
8 10
4 7
0 8
0 4
0 2
7 5
6 #edges
8 10
4 7
0 8
0 4
0 2
2 5
6 #edges
8 10
0 8
0 4
0 2
2 7
7 5
6 #edges
5 7
8 10
0 8
0 4
0 2
2 5
6 #edges
5 7
8 10
0 5
0 8
0 2
7 4
6 #edges
5 7
8 10
0 5
0 8
0 2
2 4
6 #edges
5 4
8 10
0 5
0 8
0 2
2 7
6 #edges
5 4
8 10
4 7
0 5
0 8
0 2
6 #edges
8 10
4 7
0 5
0 8
0 2
2 4
6 #edges
8 10
0 5
0 8
0 2
2 7
7 4
6 #edges
5 4
0 5
0 2
0 10
2 7
10 8
6 #edges
5 4
4 7
0 5
0 2
0 10
10 8
6 #edges
5 7
0 5
0 2
0 10
7 4
10 8
6 #edges
5 7
0 5
0 2
0 10
2 4
10 8
6 #edges
4 7
0 5
0 2
0 10
2 4
10 8
6 #edges
0 5
0 2
0 10
2 7
7 4
10 8
6 #edges
5 4
8 10
4 7
0 8
0 2
2 5
6 #edges
5 7
8 10
0 8
0 2
2 5
7 4
6 #edges
5 4
4 7
0 2
0 10
2 5
10 8
6 #edges
5 7
0 2
0 10
2 5
7 4
10 8
6 #edges
5 4
0 2
0 10
2 7
7 5
10 8
6 #edges
4 5
0 2
0 10
2 7
7 4
10 8
6 #edges
4 7
0 2
0 10
2 4
7 5
10 8
6 #edges
5 7
4 5
0 2
0 10
2 4
10 8
6 #edges
5 7
8 10
4 5
0 8
0 2
2 4
6 #edges
8 10
4 7
0 8
0 2
2 4
7 5
6 #edges
5 4
8 10
0 8
0 2
2 7
7 5
6 #edges
8 10
4 5
0 8
0 2
2 7
7 4
8 #trees for patient 69
6 #edges
8 10
0 8
0 4
0 2
0 7
7 5
6 #edges
5 7
8 10
0 5
0 8
0 4
0 2
6 #edges
0 4
0 2
0 7
0 10
7 5
10 8
6 #edges
5 7
0 5
0 4
0 2
0 10
10 8
6 #edges
5 4
0 2
0 7
0 10
7 5
10 8
6 #edges
5 4
8 10
0 8
0 2
0 7
7 5
6 #edges
5 7
8 10
0 5
0 8
0 2
7 4
6 #edges
5 7
0 5
0 2
0 10
7 4
10 8
84 #trees for patient 70
6 #edges
0 2
0 7
0 10
7 5
10 8
10 4
6 #edges
5 4
0 2
0 7
0 10
7 5
10 8
6 #edges
0 4
0 2
0 7
0 10
7 5
10 8
6 #edges
0 2
0 7
0 10
2 4
7 5
10 8
6 #edges
0 5
0 2
0 7
0 10
7 4
10 8
6 #edges
4 5
0 2
0 7
0 10
7 4
10 8
6 #edges
0 2
0 7
0 10
2 5
7 4
10 8
6 #edges
0 2
0 7
0 10
7 4
10 5
10 8
6 #edges
5 4
0 5
0 2
0 7
0 10
10 8
6 #edges
0 5
0 2
0 7
0 10
2 4
10 8
6 #edges
0 5
0 2
0 7
0 10
10 8
10 4
6 #edges
0 4
0 2
0 7
0 10
2 5
10 8
6 #edges
0 2
0 7
0 10
2 5
2 4
10 8
6 #edges
5 4
0 2
0 7
0 10
2 5
10 8
6 #edges
0 2
0 7
0 10
2 5
10 8
10 4
6 #edges
0 2
0 7
0 10
2 4
10 5
10 8
6 #edges
4 5
0 2
0 7
0 10
2 4
10 8
6 #edges
0 4
0 2
0 7
0 10
10 5
10 8
6 #edges
4 5
0 4
0 2
0 7
0 10
10 8
6 #edges
5 4
0 2
0 7
0 10
10 5
10 8
6 #edges
4 5
0 2
0 7
0 10
10 8
10 4
6 #edges
4 7
0 5
0 4
0 2
0 10
10 8
6 #edges
0 5
0 4
0 2
0 10
2 7
10 8
6 #edges
0 5
0 4
0 2
0 10
10 8
10 7
6 #edges
5 7
0 5
0 4
0 2
0 10
10 8
6 #edges
4 7
0 4
0 2
0 10
2 5
10 8
6 #edges
0 4
0 2
0 10
2 5
2 7
10 8
6 #edges
5 7
0 4
0 2
0 10
2 5
10 8
6 #edges
0 4
0 2
0 10
2 5
10 8
10 7
6 #edges
4 7
0 4
0 2
0 10
7 5
10 8
6 #edges
4 7
0 4
0 2
0 10
10 5
10 8
6 #edges
5 7
4 5
0 4
0 2
0 10
10 8
6 #edges
4 5
0 4
0 2
0 10
2 7
10 8
6 #edges
4 5
0 4
0 2
0 10
10 8
10 7
6 #edges
0 4
0 2
0 10
2 7
7 5
10 8
6 #edges
0 4
0 2
0 10
2 7
10 5
10 8
6 #edges
5 7
0 4
0 2
0 10
10 5
10 8
6 #edges
0 4
0 2
0 10
7 5
10 8
10 7
6 #edges
5 4
4 7
0 5
0 2
0 10
10 8
6 #edges
5 4
0 5
0 2
0 10
2 7
10 8
6 #edges
5 4
0 5
0 2
0 10
10 8
10 7
6 #edges
4 7
0 5
0 2
0 10
10 8
10 4
6 #edges
5 7
0 5
0 2
0 10
10 8
10 4
6 #edges
0 5
0 2
0 10
2 7
10 8
10 4
6 #edges
5 7
0 5
0 2
0 10
7 4
10 8
6 #edges
5 7
0 5
0 2
0 10
2 4
10 8
6 #edges
0 5
0 2
0 10
2 7
7 4
10 8
6 #edges
0 5
0 2
0 10
2 4
2 7
10 8
6 #edges
0 5
0 2
0 10
2 4
10 8
10 7
6 #edges
0 5
0 2
0 10
7 4
10 8
10 7
6 #edges
4 7
0 5
0 2
0 10
2 4
10 8
6 #edges
4 7
0 2
0 10
2 4
7 5
10 8
6 #edges
4 7
0 2
0 10
2 5
2 4
10 8
6 #edges
4 7
0 2
0 10
2 4
10 5
10 8
6 #edges
5 7
0 2
0 10
2 5
2 4
10 8
6 #edges
0 2
0 10
2 5
2 4
10 8
10 7
6 #edges
5 7
0 2
0 10
2 4
10 5
10 8
6 #edges
0 2
0 10
2 4
2 7
10 5
10 8
6 #edges
4 5
0 2
0 10
2 4
10 8
10 7
6 #edges
5 7
4 5
0 2
0 10
2 4
10 8
6 #edges
4 5
0 2
0 10
2 4
2 7
10 8
6 #edges
0 2
0 10
2 4
7 5
10 8
10 7
6 #edges
0 2
0 10
2 4
2 7
7 5
10 8
6 #edges
4 5
0 2
0 10
7 4
10 8
10 7
6 #edges
0 2
0 10
2 5
7 4
10 8
10 7
6 #edges
5 4
0 2
0 10
7 5
10 8
10 7
6 #edges
5 4
0 2
0 10
2 5
10 8
10 7
6 #edges
0 2
0 10
2 7
7 4
10 5
10 8
6 #edges
5 4
0 2
0 10
2 7
10 5
10 8
6 #edges
5 7
0 2
0 10
7 4
10 5
10 8
6 #edges
5 4
4 7
0 2
0 10
10 5
10 8
6 #edges
4 7
0 2
0 10
2 5
10 8
10 4
6 #edges
0 2
0 10
2 5
2 7
10 8
10 4
6 #edges
5 7
0 2
0 10
2 5
10 8
10 4
6 #edges
4 5
0 2
0 10
2 7
10 8
10 4
6 #edges
0 2
0 10
2 7
7 5
10 8
10 4
6 #edges
4 7
0 2
0 10
7 5
10 8
10 4
6 #edges
5 7
4 5
0 2
0 10
10 8
10 4
6 #edges
5 4
0 2
0 10
2 7
7 5
10 8
6 #edges
0 2
0 10
2 5
2 7
7 4
10 8
6 #edges
5 4
0 2
0 10
2 5
2 7
10 8
6 #edges
4 5
0 2
0 10
2 7
7 4
10 8
6 #edges
5 7
0 2
0 10
2 5
7 4
10 8
6 #edges
5 4
4 7
0 2
0 10
2 5
10 8
14 #trees for patient 71
6 #edges
8 10
0 5
0 8
0 2
2 4
2 7
6 #edges
5 7
8 10
0 5
0 8
0 2
2 4
6 #edges
8 10
4 7
0 5
0 8
0 2
2 4
6 #edges
4 7
0 5
0 2
0 10
2 4
10 8
6 #edges
0 5
0 2
0 10
2 4
2 7
10 8
6 #edges
5 7
0 5
0 2
0 10
2 4
10 8
6 #edges
5 4
8 10
0 5
0 8
0 2
2 7
6 #edges
8 10
0 5
0 8
0 2
2 7
7 4
6 #edges
5 4
8 10
4 7
0 5
0 8
0 2
6 #edges
5 7
8 10
0 5
0 8
0 2
7 4
6 #edges
5 4
4 7
0 5
0 2
0 10
10 8
6 #edges
5 4
0 5
0 2
0 10
2 7
10 8
6 #edges
0 5
0 2
0 10
2 7
7 4
10 8
6 #edges
5 7
0 5
0 2
0 10
7 4
10 8
4 #trees for patient 72
6 #edges
5 7
8 10
0 5
0 8
0 2
7 4
6 #edges
5 7
0 5
0 2
0 10
7 4
10 8
6 #edges
5 7
8 2
0 5
0 10
7 4
10 8
6 #edges
5 7
8 10
0 5
0 8
7 4
10 2
12 #trees for patient 73
6 #edges
8 10
4 7
0 8
0 4
0 2
7 5
6 #edges
5 7
8 10
4 5
0 8
0 4
0 2
6 #edges
4 7
0 4
0 2
0 10
7 5
10 8
6 #edges
5 7
4 5
0 4
0 2
0 10
10 8
6 #edges
4 5
0 2
0 7
0 10
7 4
10 8
6 #edges
8 10
4 5
0 8
0 2
0 7
7 4
6 #edges
5 4
8 10
0 8
0 2
0 7
7 5
6 #edges
5 4
0 2
0 7
0 10
7 5
10 8
6 #edges
5 4
8 10
4 7
0 5
0 8
0 2
6 #edges
5 7
8 10
0 5
0 8
0 2
7 4
6 #edges
5 7
0 5
0 2
0 10
7 4
10 8
6 #edges
5 4
4 7
0 5
0 2
0 10
10 8
2 #trees for patient 74
6 #edges
5 7
0 5
0 2
0 10
7 4
10 8
6 #edges
5 8
5 7
0 5
0 2
0 10
7 4
68 #trees for patient 75
6 #edges
0 2
0 7
0 10
2 8
7 4
10 5
6 #edges
4 5
0 2
0 7
0 10
2 8
7 4
6 #edges
4 5
0 2
0 7
0 10
7 4
10 8
6 #edges
0 2
0 7
0 10
7 4
10 5
10 8
6 #edges
5 4
0 2
0 7
0 10
2 8
7 5
6 #edges
5 4
0 2
0 7
0 10
7 5
10 8
6 #edges
0 2
0 7
0 10
2 8
7 5
10 4
6 #edges
0 2
0 7
0 10
7 5
10 8
10 4
6 #edges
5 4
0 2
0 7
0 10
2 8
10 5
6 #edges
0 2
0 7
0 10
2 8
10 5
10 4
6 #edges
4 5
0 2
0 7
0 10
2 8
10 4
6 #edges
4 5
0 2
0 7
0 10
10 8
10 4
6 #edges
0 2
0 7
0 10
10 5
10 8
10 4
6 #edges
5 4
0 2
0 7
0 10
10 5
10 8
6 #edges
5 7
4 5
0 4
0 2
0 10
10 8
6 #edges
4 5
0 4
0 2
0 10
10 8
10 7
6 #edges
4 5
0 4
0 2
0 10
2 8
10 7
6 #edges
5 7
4 5
0 4
0 2
0 10
2 8
6 #edges
4 7
0 4
0 2
0 10
2 8
10 5
6 #edges
4 7
0 4
0 2
0 10
2 8
7 5
6 #edges
0 4
0 2
0 10
2 8
7 5
10 7
6 #edges
0 4
0 2
0 10
2 8
10 5
10 7
6 #edges
5 7
0 4
0 2
0 10
2 8
10 5
6 #edges
4 7
0 4
0 2
0 10
7 5
10 8
6 #edges
4 7
0 4
0 2
0 10
10 5
10 8
6 #edges
5 7
0 4
0 2
0 10
10 5
10 8
6 #edges
0 4
0 2
0 10
10 5
10 8
10 7
6 #edges
0 4
0 2
0 10
7 5
10 8
10 7
6 #edges
5 7
0 5
0 2
0 10
10 8
10 4
6 #edges
5 7
0 5
0 2
0 10
2 8
10 4
6 #edges
5 7
0 5
0 2
0 10
7 4
10 8
6 #edges
5 7
0 5
0 2
0 10
2 8
7 4
6 #edges
4 7
0 5
0 2
0 10
10 8
10 4
6 #edges
0 5
0 2
0 10
10 8
10 4
10 7
6 #edges
5 4
0 5
0 2
0 10
10 8
10 7
6 #edges
0 5
0 2
0 10
7 4
10 8
10 7
6 #edges
5 4
4 7
0 5
0 2
0 10
10 8
6 #edges
0 5
0 2
0 10
2 8
10 4
10 7
6 #edges
0 5
0 2
0 10
2 8
7 4
10 7
6 #edges
5 4
0 5
0 2
0 10
2 8
10 7
6 #edges
4 7
0 5
0 2
0 10
2 8
10 4
6 #edges
5 4
4 7
0 5
0 2
0 10
2 8
6 #edges
5 4
0 2
0 10
2 8
10 5
10 7
6 #edges
0 2
0 10
2 8
7 4
10 5
10 7
6 #edges
0 2
0 10
2 8
10 5
10 4
10 7
6 #edges
5 4
4 7
0 2
0 10
2 8
10 5
6 #edges
4 7
0 2
0 10
2 8
10 5
10 4
6 #edges
5 7
0 2
0 10
2 8
10 5
10 4
6 #edges
5 7
0 2
0 10
2 8
7 4
10 5
6 #edges
5 7
4 5
0 2
0 10
2 8
10 4
6 #edges
4 5
0 2
0 10
2 8
10 4
10 7
6 #edges
4 7
0 2
0 10
2 8
7 5
10 4
6 #edges
0 2
0 10
2 8
7 5
10 4
10 7
6 #edges
5 4
0 2
0 10
2 8
7 5
10 7
6 #edges
4 5
0 2
0 10
2 8
7 4
10 7
6 #edges
5 4
4 7
0 2
0 10
10 5
10 8
6 #edges
5 4
0 2
0 10
10 5
10 8
10 7
6 #edges
5 7
0 2
0 10
10 5
10 8
10 4
6 #edges
5 7
0 2
0 10
7 4
10 5
10 8
6 #edges
0 2
0 10
10 5
10 8
10 4
10 7
6 #edges
0 2
0 10
7 4
10 5
10 8
10 7
6 #edges
4 7
0 2
0 10
10 5
10 8
10 4
6 #edges
0 2
0 10
7 5
10 8
10 4
10 7
6 #edges
4 5
0 2
0 10
10 8
10 4
10 7
6 #edges
5 7
4 5
0 2
0 10
10 8
10 4
6 #edges
4 7
0 2
0 10
7 5
10 8
10 4
6 #edges
5 4
0 2
0 10
7 5
10 8
10 7
6 #edges
4 5
0 2
0 10
7 4
10 8
10 7
2 #trees for patient 76
6 #edges
5 2
6 5
6 10
1 6
0 1
0 3
6 #edges
6 2
6 10
1 6
0 1
0 3
2 5
4 #trees for patient 77
6 #edges
6 2
6 10
1 6
0 1
0 3
2 5
6 #edges
5 2
6 5
6 10
1 6
0 1
0 3
6 #edges
5 2
6 1
1 5
1 10
0 6
0 3
6 #edges
6 1
1 2
1 10
0 6
0 3
2 5
1 #trees for patient 78
6 #edges
5 2
6 5
6 10
1 6
0 1
0 3
12 #trees for patient 79
6 #edges
5 2
6 5
6 10
1 6
0 1
0 3
6 #edges
6 2
6 10
1 6
0 1
0 3
2 5
6 #edges
5 2
6 1
1 5
1 10
0 6
0 3
6 #edges
6 1
1 2
1 10
0 6
0 3
2 5
6 #edges
5 3
6 2
6 10
1 6
0 1
2 5
6 #edges
6 2
6 10
1 6
0 1
2 5
10 3
6 #edges
5 2
6 5
6 10
1 6
0 1
2 3
6 #edges
5 2
6 5
6 10
1 6
0 1
10 3
6 #edges
5 2
6 1
1 5
1 10
0 6
10 3
6 #edges
5 2
6 1
1 5
1 10
0 6
2 3
6 #edges
6 1
1 2
1 10
0 6
2 5
10 3
6 #edges
5 3
6 1
1 2
1 10
0 6
2 5
2 #trees for patient 80
6 #edges
5 2
6 5
6 10
1 6
0 1
0 3
6 #edges
5 2
6 5
6 10
1 6
0 1
2 3
4 #trees for patient 81
6 #edges
6 2
6 10
1 6
0 1
0 3
2 5
6 #edges
5 2
6 5
6 10
1 6
0 1
0 3
6 #edges
6 1
1 2
1 10
0 6
0 3
2 5
6 #edges
5 2
6 1
1 5
1 10
0 6
0 3
1 #trees for patient 82
6 #edges
5 2
6 5
6 10
1 6
0 1
0 3
2 #trees for patient 83
6 #edges
5 2
6 5
6 10
1 6
0 1
0 3
6 #edges
5 2
5 3
6 5
6 10
1 6
0 1
4 #trees for patient 84
6 #edges
5 2
6 5
1 6
0 1
0 3
3 10
6 #edges
6 2
1 6
0 1
0 3
2 5
3 10
6 #edges
6 2
6 10
1 6
0 1
0 3
2 5
6 #edges
5 2
6 5
6 10
1 6
0 1
0 3
14 #trees for patient 85
6 #edges
6 10
1 6
0 1
0 3
2 5
3 2
6 #edges
6 10
1 6
0 1
0 3
3 5
3 2
6 #edges
6 5
6 10
1 6
0 1
0 3
3 2
6 #edges
5 2
6 5
6 10
1 6
0 1
0 3
6 #edges
5 2
6 10
1 6
0 1
0 3
3 5
6 #edges
6 2
6 10
1 6
0 1
0 3
3 5
6 #edges
6 2
6 10
1 6
0 1
0 3
2 5
6 #edges
6 1
1 10
0 6
0 3
3 5
3 2
6 #edges
6 1
1 10
0 6
0 3
2 5
3 2
6 #edges
6 1
1 5
1 10
0 6
0 3
3 2
6 #edges
5 2
6 1
1 10
0 6
0 3
3 5
6 #edges
6 1
1 2
1 10
0 6
0 3
3 5
6 #edges
6 1
1 2
1 10
0 6
0 3
2 5
6 #edges
5 2
6 1
1 5
1 10
0 6
0 3
28 #trees for patient 86
6 #edges
5 2
6 5
6 10
1 6
0 1
0 3
6 #edges
6 2
6 10
1 6
0 1
0 3
2 5
6 #edges
5 10
6 2
1 6
0 1
0 3
2 5
6 #edges
5 2
6 5
1 6
0 1
0 3
2 10
6 #edges
6 1
1 2
1 10
0 6
0 3
2 5
6 #edges
5 2
6 1
1 5
1 10
0 6
0 3
6 #edges
5 10
6 1
1 2
0 6
0 3
2 5
6 #edges
5 2
6 1
1 5
0 6
0 3
2 10
6 #edges
5 2
6 5
6 3
1 6
0 1
2 10
6 #edges
5 10
6 2
6 3
1 6
0 1
2 5
6 #edges
5 2
6 5
6 10
1 6
0 1
10 3
6 #edges
5 2
6 5
6 10
1 6
0 1
2 3
6 #edges
5 2
6 5
1 6
0 1
2 10
10 3
6 #edges
5 2
6 5
1 6
0 1
2 3
2 10
6 #edges
6 2
6 10
1 6
0 1
2 5
10 3
6 #edges
5 3
6 2
6 10
1 6
0 1
2 5
6 #edges
5 10
6 2
1 6
0 1
2 5
10 3
6 #edges
5 3
5 10
6 2
1 6
0 1
2 5
6 #edges
5 2
6 1
1 5
1 3
0 6
2 10
6 #edges
5 10
6 1
1 2
1 3
0 6
2 5
6 #edges
5 3
6 1
1 2
1 10
0 6
2 5
6 #edges
6 1
1 2
1 10
0 6
2 5
10 3
6 #edges
5 10
6 1
1 2
0 6
2 5
10 3
6 #edges
5 3
5 10
6 1
1 2
0 6
2 5
6 #edges
5 2
6 1
1 5
0 6
2 10
10 3
6 #edges
5 2
6 1
1 5
0 6
2 3
2 10
6 #edges
5 2
6 1
1 5
1 10
0 6
2 3
6 #edges
5 2
6 1
1 5
1 10
0 6
10 3
12 #trees for patient 87
6 #edges
6 5
1 6
0 1
0 3
2 10
3 2
6 #edges
6 5
6 10
1 6
0 1
0 3
3 2
6 #edges
5 10
6 5
1 6
0 1
0 3
3 2
6 #edges
6 1
1 5
0 6
0 3
2 10
3 2
6 #edges
5 10
6 1
1 5
0 6
0 3
3 2
6 #edges
6 1
1 5
1 10
0 6
0 3
3 2
6 #edges
5 2
6 5
1 6
0 1
0 3
3 10
6 #edges
5 2
6 5
6 10
1 6
0 1
0 3
6 #edges
5 2
6 5
1 6
0 1
0 3
2 10
6 #edges
5 2
6 1
1 5
0 6
0 3
3 10
6 #edges
5 2
6 1
1 5
1 10
0 6
0 3
6 #edges
5 2
6 1
1 5
0 6
0 3
2 10
14 #trees for patient 88
6 #edges
6 1
1 10
0 5
0 6
0 2
0 3
6 #edges
6 10
1 6
0 5
0 1
0 2
0 3
6 #edges
6 5
6 10
1 6
0 1
0 2
0 3
6 #edges
6 10
1 6
0 1
0 2
0 3
2 5
6 #edges
6 1
1 10
0 6
0 2
0 3
2 5
6 #edges
6 1
1 5
1 10
0 6
0 2
0 3
6 #edges
5 2
6 10
1 6
0 5
0 1
0 3
6 #edges
6 2
6 10
1 6
0 5
0 1
0 3
6 #edges
6 1
1 2
1 10
0 5
0 6
0 3
6 #edges
5 2
6 1
1 10
0 5
0 6
0 3
6 #edges
6 2
6 10
1 6
0 1
0 3
2 5
6 #edges
5 2
6 5
6 10
1 6
0 1
0 3
6 #edges
5 2
6 1
1 5
1 10
0 6
0 3
6 #edges
6 1
1 2
1 10
0 6
0 3
2 5
4 #trees for patient 89
6 #edges
6 5
6 2
6 10
1 6
0 1
0 3
6 #edges
5 2
6 5
6 10
1 6
0 1
0 3
6 #edges
5 2
5 3
6 5
6 10
1 6
0 1
6 #edges
5 3
6 5
6 2
6 10
1 6
0 1
4 #trees for patient 90
6 #edges
6 2
6 10
1 6
0 1
0 3
2 5
6 #edges
5 2
6 5
6 10
1 6
0 1
0 3
6 #edges
5 2
6 5
6 3
6 10
1 6
0 1
6 #edges
6 2
6 3
6 10
1 6
0 1
2 5
7 #trees for patient 91
6 #edges
6 5
6 2
6 10
1 6
0 1
0 3
6 #edges
5 10
6 5
6 2
1 6
0 1
0 3
6 #edges
6 5
6 2
1 6
0 1
0 3
2 10
6 #edges
5 10
6 2
1 6
0 1
0 3
2 5
6 #edges
6 2
6 10
1 6
0 1
0 3
2 5
6 #edges
5 2
6 5
6 10
1 6
0 1
0 3
6 #edges
5 2
6 5
1 6
0 1
0 3
2 10
12 #trees for patient 92
6 #edges
6 2
6 10
1 6
0 1
0 3
3 5
6 #edges
5 2
6 10
1 6
0 1
0 3
3 5
6 #edges
6 10
1 6
0 1
0 3
2 5
3 2
6 #edges
6 5
6 10
1 6
0 1
0 3
3 2
6 #edges
6 2
6 10
1 6
0 1
0 3
2 5
6 #edges
5 2
6 5
6 10
1 6
0 1
0 3
6 #edges
6 1
1 10
0 6
0 3
2 5
3 2
6 #edges
6 1
1 5
1 10
0 6
0 3
3 2
6 #edges
5 2
6 1
1 10
0 6
0 3
3 5
6 #edges
6 1
1 2
1 10
0 6
0 3
3 5
6 #edges
5 2
6 1
1 5
1 10
0 6
0 3
6 #edges
6 1
1 2
1 10
0 6
0 3
2 5
12 #trees for patient 93
6 #edges
5 2
6 5
6 10
1 6
0 1
0 3
6 #edges
5 2
5 10
6 5
1 6
0 1
0 3
6 #edges
5 2
6 5
1 6
0 1
0 3
2 10
6 #edges
5 2
6 1
1 5
1 10
0 6
0 3
6 #edges
5 2
6 1
1 5
0 6
0 3
2 10
6 #edges
5 2
5 10
6 1
1 5
0 6
0 3
6 #edges
5 2
6 5
6 3
6 10
1 6
0 1
6 #edges
5 2
5 10
6 5
6 3
1 6
0 1
6 #edges
5 2
6 5
6 3
1 6
0 1
2 10
6 #edges
5 2
6 1
1 5
1 3
1 10
0 6
6 #edges
5 2
6 1
1 5
1 3
0 6
2 10
6 #edges
5 2
5 10
6 1
1 5
1 3
0 6
13 #trees for patient 94
6 #edges
5 2
6 5
6 10
1 6
0 1
0 3
6 #edges
6 5
6 10
1 6
1 2
0 1
0 3
6 #edges
6 5
6 10
1 6
0 1
0 3
10 2
6 #edges
6 10
1 6
1 2
0 1
0 3
10 5
6 #edges
6 10
1 6
0 1
0 3
10 5
10 2
6 #edges
5 2
6 10
1 6
0 1
0 3
10 5
6 #edges
6 2
6 10
1 6
0 1
0 3
10 5
6 #edges
6 2
6 10
1 5
1 6
0 1
0 3
6 #edges
5 2
6 10
1 5
1 6
0 1
0 3
6 #edges
6 10
1 5
1 6
0 1
0 3
10 2
6 #edges
6 2
6 10
1 6
0 1
0 3
2 5
6 #edges
6 10
1 6
0 1
0 3
2 5
10 2
6 #edges
6 10
1 6
1 2
0 1
0 3
2 5
4 #trees for patient 95
6 #edges
5 2
6 5
6 10
1 6
0 1
0 3
6 #edges
6 5
6 10
1 6
0 1
0 3
10 2
6 #edges
5 2
6 1
1 5
1 10
0 6
0 3
6 #edges
6 1
1 5
1 10
0 6
0 3
10 2
6 #trees for patient 96
6 #edges
6 2
6 10
1 6
0 1
0 3
2 5
6 #edges
5 2
6 5
6 10
1 6
0 1
0 3
6 #edges
5 2
6 5
6 3
6 10
1 6
0 1
6 #edges
5 2
6 5
6 10
1 6
0 1
10 3
6 #edges
6 2
6 3
6 10
1 6
0 1
2 5
6 #edges
6 2
6 10
1 6
0 1
2 5
10 3
6 #trees for patient 97
6 #edges
6 10
1 6
0 1
0 3
2 5
3 2
6 #edges
6 5
6 10
1 6
0 1
0 3
3 2
6 #edges
5 2
6 10
1 6
0 1
0 3
3 5
6 #edges
6 2
6 10
1 6
0 1
0 3
3 5
6 #edges
6 2
6 10
1 6
0 1
0 3
2 5
6 #edges
5 2
6 5
6 10
1 6
0 1
0 3
2 #trees for patient 98
6 #edges
6 2
6 10
1 6
0 1
0 3
2 5
6 #edges
5 2
6 5
6 10
1 6
0 1
0 3
6 #trees for patient 99
6 #edges
5 2
6 5
6 10
1 6
0 1
0 3
6 #edges
6 2
6 10
1 6
0 1
0 3
2 5
6 #edges
5 2
6 5
6 10
1 6
0 1
10 3
6 #edges
5 2
6 5
6 10
1 6
0 1
2 3
6 #edges
6 2
6 10
1 6
0 1
2 5
10 3
6 #edges
5 3
6 2
6 10
1 6
0 1
2 5
