50 # patients
6 #trees for patient 0
6 #edges
0 2
1 10
1 7
10 11
6 1
2 6
6 #edges
0 2
1 6
10 11
6 10
6 7
2 1
6 #edges
0 6
1 10
1 7
10 11
6 2
2 1
6 #edges
0 6
1 2
10 11
6 1
2 10
2 7
6 #edges
0 1
1 6
10 11
6 2
2 10
2 7
6 #edges
0 1
1 2
10 11
6 10
6 7
2 6
8 #trees for patient 1
6 #edges
0 11
0 2
1 10
1 7
6 1
2 6
6 #edges
0 11
0 6
1 10
1 7
6 2
2 1
6 #edges
0 2
1 10
1 7
6 1
6 11
2 6
6 #edges
0 2
1 10
1 7
6 1
7 11
2 6
6 #edges
0 2
1 10
1 7
10 11
6 1
2 6
6 #edges
0 6
1 10
1 7
10 11
6 2
2 1
6 #edges
0 6
1 10
1 7
6 2
2 1
2 11
6 #edges
0 6
1 10
1 7
6 2
7 11
2 1
8 #trees for patient 2
6 #edges
0 2
1 10
1 7
10 11
6 1
2 6
6 #edges
0 2
1 10
10 11
11 7
6 1
2 6
6 #edges
0 2
1 11
1 7
11 10
6 1
2 6
6 #edges
0 2
1 11
10 7
11 10
6 1
2 6
6 #edges
0 2
1 6
11 10
6 11
6 7
2 1
6 #edges
0 2
1 6
10 11
6 10
6 7
2 1
6 #edges
0 2
1 6
10 11
11 7
6 10
2 1
6 #edges
0 2
1 6
10 7
11 10
6 11
2 1
2 #trees for patient 3
6 #edges
0 2
1 11
1 7
11 10
6 1
2 6
6 #edges
0 2
1 10
1 7
10 11
6 1
2 6
6 #trees for patient 4
6 #edges
0 7
0 2
1 11
11 10
6 1
2 6
6 #edges
0 7
0 2
1 10
10 11
6 1
2 6
6 #edges
0 2
1 10
10 11
6 1
6 7
2 6
6 #edges
0 2
1 11
11 10
6 1
6 7
2 6
6 #edges
0 2
1 11
1 7
11 10
6 1
2 6
6 #edges
0 2
1 10
1 7
10 11
6 1
2 6
6 #trees for patient 5
6 #edges
0 7
0 2
1 10
10 11
6 1
2 6
6 #edges
0 6
0 7
1 10
10 11
6 2
2 1
6 #edges
0 2
1 10
1 7
10 11
6 1
2 6
6 #edges
0 2
1 10
10 11
11 7
6 1
2 6
6 #edges
0 6
1 10
1 7
10 11
6 2
2 1
6 #edges
0 6
1 10
10 11
11 7
6 2
2 1
4 #trees for patient 6
6 #edges
0 2
1 10
1 7
10 11
6 1
2 6
6 #edges
0 2
1 10
1 7
6 1
7 11
2 6
6 #edges
0 2
1 6
10 11
6 10
6 7
2 1
6 #edges
0 2
1 6
6 10
6 7
7 11
2 1
1 #trees for patient 7
6 #edges
0 2
1 10
1 7
10 11
6 1
2 6
4 #trees for patient 8
6 #edges
0 2
1 11
1 7
11 10
6 1
2 6
6 #edges
0 2
1 11
10 7
11 10
6 1
2 6
6 #edges
0 2
1 10
1 7
10 11
6 1
2 6
6 #edges
0 2
1 10
10 11
11 7
6 1
2 6
2 #trees for patient 9
6 #edges
0 2
1 6
10 11
6 10
6 7
2 1
6 #edges
0 2
1 10
1 7
10 11
6 1
2 6
4 #trees for patient 10
6 #edges
0 2
1 10
10 11
6 1
2 6
2 7
6 #edges
0 2
1 10
1 7
10 11
6 1
2 6
6 #edges
0 2
1 6
10 11
6 10
2 1
2 7
6 #edges
0 2
1 6
10 11
6 10
6 7
2 1
4 #trees for patient 11
6 #edges
0 2
1 10
1 7
10 11
6 1
2 6
6 #edges
0 2
1 11
1 7
11 10
6 1
2 6
6 #edges
0 2
1 6
11 10
6 11
6 7
2 1
6 #edges
0 2
1 6
10 11
6 10
6 7
2 1
4 #trees for patient 12
6 #edges
0 2
1 10
1 7
10 11
6 1
2 6
6 #edges
0 2
1 10
1 7
6 1
7 11
2 6
6 #edges
0 2
1 6
10 11
6 10
6 7
2 1
6 #edges
0 2
1 6
6 10
6 7
7 11
2 1
6 #trees for patient 13
6 #edges
0 2
1 10
1 7
10 11
6 1
2 6
6 #edges
0 2
1 6
10 11
6 10
6 7
2 1
6 #edges
0 6
1 10
1 7
10 11
6 2
2 1
6 #edges
0 6
1 2
10 11
6 1
2 10
2 7
6 #edges
0 1
1 6
10 11
6 2
2 10
2 7
6 #edges
0 1
1 2
10 11
6 10
6 7
2 6
4 #trees for patient 14
6 #edges
0 2
1 10
1 7
6 1
6 11
2 6
6 #edges
0 2
1 10
1 7
10 11
6 1
2 6
6 #edges
0 6
1 10
1 7
6 2
2 1
2 11
6 #edges
0 6
1 10
1 7
10 11
6 2
2 1
14 #trees for patient 15
6 #edges
0 2
6 1
6 10
6 11
6 7
2 6
6 #edges
0 2
1 11
6 1
6 10
6 7
2 6
6 #edges
0 2
10 11
6 1
6 10
6 7
2 6
6 #edges
0 2
1 7
10 11
6 1
6 10
2 6
6 #edges
0 2
1 7
6 1
6 10
6 11
2 6
6 #edges
0 2
1 11
1 7
6 1
6 10
2 6
6 #edges
0 2
1 10
1 7
6 1
6 11
2 6
6 #edges
0 2
1 7
11 10
6 1
6 11
2 6
6 #edges
0 2
1 10
6 1
6 11
6 7
2 6
6 #edges
0 2
11 10
6 1
6 11
6 7
2 6
6 #edges
0 2
1 10
1 7
10 11
6 1
2 6
6 #edges
0 2
1 10
10 11
6 1
6 7
2 6
6 #edges
0 2
1 11
1 7
11 10
6 1
2 6
6 #edges
0 2
1 11
11 10
6 1
6 7
2 6
18 #trees for patient 16
6 #edges
0 11
0 2
1 10
6 1
6 7
2 6
6 #edges
0 11
0 2
1 10
1 7
6 1
2 6
6 #edges
0 11
0 2
1 10
10 7
6 1
2 6
6 #edges
0 11
0 6
1 10
1 7
6 2
2 1
6 #edges
0 11
0 6
1 10
10 7
6 2
2 1
6 #edges
0 11
0 6
1 10
6 2
2 1
2 7
6 #edges
0 2
1 10
1 11
6 1
6 7
2 6
6 #edges
0 2
1 10
10 11
6 1
6 7
2 6
6 #edges
0 2
1 10
1 7
10 11
6 1
2 6
6 #edges
0 2
1 10
1 11
1 7
6 1
2 6
6 #edges
0 2
1 10
1 11
10 7
6 1
2 6
6 #edges
0 2
1 10
10 11
10 7
6 1
2 6
6 #edges
0 6
1 10
10 11
6 2
2 1
2 7
6 #edges
0 6
1 10
1 11
6 2
2 1
2 7
6 #edges
0 6
1 10
1 7
10 11
6 2
2 1
6 #edges
0 6
1 10
1 11
1 7
6 2
2 1
6 #edges
0 6
1 10
1 11
10 7
6 2
2 1
6 #edges
0 6
1 10
10 11
10 7
6 2
2 1
2 #trees for patient 17
6 #edges
0 2
1 10
1 7
10 11
6 1
2 6
6 #edges
0 2
1 11
1 7
11 10
6 1
2 6
24 #trees for patient 18
6 #edges
0 6
0 7
1 2
11 10
6 1
2 11
6 #edges
0 6
0 7
1 2
10 11
6 1
2 10
6 #edges
0 6
0 7
1 11
11 10
6 2
2 1
6 #edges
0 6
0 7
1 10
10 11
6 2
2 1
6 #edges
0 1
0 7
1 6
10 11
6 2
2 10
6 #edges
0 1
0 7
1 6
11 10
6 2
2 11
6 #edges
0 1
0 7
1 2
10 11
6 10
2 6
6 #edges
0 1
0 7
1 2
11 10
6 11
2 6
6 #edges
0 7
0 2
1 6
11 10
6 11
2 1
6 #edges
0 7
0 2
1 6
10 11
6 10
2 1
6 #edges
0 7
0 2
1 10
10 11
6 1
2 6
6 #edges
0 7
0 2
1 11
11 10
6 1
2 6
6 #edges
0 2
1 10
1 7
10 11
6 1
2 6
6 #edges
0 2
1 11
1 7
11 10
6 1
2 6
6 #edges
0 2
1 6
10 11
6 10
6 7
2 1
6 #edges
0 2
1 6
11 10
6 11
6 7
2 1
6 #edges
0 6
1 2
10 11
6 1
2 10
2 7
6 #edges
0 6
1 2
11 10
6 1
2 11
2 7
6 #edges
0 6
1 11
1 7
11 10
6 2
2 1
6 #edges
0 6
1 10
1 7
10 11
6 2
2 1
6 #edges
0 1
1 2
11 10
6 11
6 7
2 6
6 #edges
0 1
1 2
10 11
6 10
6 7
2 6
6 #edges
0 1
1 6
10 11
6 2
2 10
2 7
6 #edges
0 1
1 6
11 10
6 2
2 11
2 7
7 #trees for patient 19
6 #edges
0 2
1 10
1 7
6 1
2 11
2 6
6 #edges
0 2
1 7
11 10
6 1
2 11
2 6
6 #edges
0 2
1 7
6 1
2 10
2 11
2 6
6 #edges
0 2
1 7
10 11
6 1
2 10
2 6
6 #edges
0 2
1 11
1 7
6 1
2 10
2 6
6 #edges
0 2
1 10
1 7
10 11
6 1
2 6
6 #edges
0 2
1 11
1 7
11 10
6 1
2 6
4 #trees for patient 20
6 #edges
0 2
1 11
11 10
6 1
2 6
2 7
6 #edges
0 2
1 10
10 11
6 1
2 6
2 7
6 #edges
0 2
1 10
1 7
10 11
6 1
2 6
6 #edges
0 2
1 11
1 7
11 10
6 1
2 6
7 #trees for patient 21
6 #edges
0 2
1 7
10 11
6 1
7 10
2 6
6 #edges
0 2
1 7
6 1
7 10
7 11
2 6
6 #edges
0 2
1 11
1 7
6 1
7 10
2 6
6 #edges
0 2
1 11
1 7
11 10
6 1
2 6
6 #edges
0 2
1 10
1 7
6 1
7 11
2 6
6 #edges
0 2
1 10
1 7
10 11
6 1
2 6
6 #edges
0 2
1 7
11 10
6 1
7 11
2 6
8 #trees for patient 22
6 #edges
0 2
1 6
10 11
6 10
6 7
2 1
6 #edges
0 2
1 6
10 7
6 10
6 11
2 1
6 #edges
0 2
1 6
11 7
6 10
6 11
2 1
6 #edges
0 2
1 6
10 11
11 7
6 10
2 1
6 #edges
0 2
1 10
1 11
11 7
6 1
2 6
6 #edges
0 2
1 10
1 11
10 7
6 1
2 6
6 #edges
0 2
1 10
1 7
10 11
6 1
2 6
6 #edges
0 2
1 10
10 11
11 7
6 1
2 6
4 #trees for patient 23
6 #edges
0 2
1 6
10 11
6 10
6 7
2 1
6 #edges
0 2
1 6
10 11
11 7
6 10
2 1
6 #edges
0 2
1 10
10 11
11 7
6 1
2 6
6 #edges
0 2
1 10
1 7
10 11
6 1
2 6
12 #trees for patient 24
6 #edges
0 11
0 6
1 2
6 1
2 10
2 7
6 #edges
0 11
0 6
1 10
1 7
6 2
2 1
6 #edges
0 11
0 2
1 10
1 7
6 1
2 6
6 #edges
0 11
0 2
1 6
6 10
6 7
2 1
6 #edges
0 1
0 11
1 2
6 10
6 7
2 6
6 #edges
0 1
0 11
1 6
6 2
2 10
2 7
6 #edges
0 2
1 10
1 7
10 11
6 1
2 6
6 #edges
0 2
1 6
10 11
6 10
6 7
2 1
6 #edges
0 6
1 10
1 7
10 11
6 2
2 1
6 #edges
0 6
1 2
10 11
6 1
2 10
2 7
6 #edges
0 1
1 2
10 11
6 10
6 7
2 6
6 #edges
0 1
1 6
10 11
6 2
2 10
2 7
21 #trees for patient 25
6 #edges
0 2
1 7
6 1
6 10
2 11
2 6
6 #edges
0 2
1 7
10 11
6 1
6 10
2 6
6 #edges
0 2
1 11
1 7
6 1
6 10
2 6
6 #edges
0 2
1 7
6 1
6 10
7 11
2 6
6 #edges
0 2
1 7
10 11
6 1
2 10
2 6
6 #edges
0 2
1 7
6 1
6 11
2 10
2 6
6 #edges
0 2
1 11
1 7
6 1
2 10
2 6
6 #edges
0 2
1 7
6 1
7 11
2 10
2 6
6 #edges
0 2
1 7
6 1
6 11
7 10
2 6
6 #edges
0 2
1 7
11 10
6 1
6 11
2 6
6 #edges
0 2
1 10
1 7
6 1
6 11
2 6
6 #edges
0 2
1 7
11 10
6 1
2 11
2 6
6 #edges
0 2
1 7
6 1
7 10
2 11
2 6
6 #edges
0 2
1 10
1 7
6 1
2 11
2 6
6 #edges
0 2
1 11
1 7
6 1
7 10
2 6
6 #edges
0 2
1 11
1 7
11 10
6 1
2 6
6 #edges
0 2
1 7
11 10
6 1
7 11
2 6
6 #edges
0 2
1 7
6 1
7 10
7 11
2 6
6 #edges
0 2
1 10
1 7
6 1
7 11
2 6
6 #edges
0 2
1 7
10 11
6 1
7 10
2 6
6 #edges
0 2
1 10
1 7
10 11
6 1
2 6
4 #trees for patient 26
6 #edges
0 2
1 11
1 7
11 10
6 1
2 6
6 #edges
0 2
1 10
1 7
10 11
6 1
2 6
6 #edges
0 6
1 11
1 7
11 10
6 2
2 1
6 #edges
0 6
1 10
1 7
10 11
6 2
2 1
12 #trees for patient 27
6 #edges
0 2
1 11
1 7
11 10
6 1
2 6
6 #edges
0 2
1 10
1 7
10 11
6 1
2 6
6 #edges
0 2
1 6
10 11
6 10
6 7
2 1
6 #edges
0 2
1 6
11 10
6 11
6 7
2 1
6 #edges
0 6
1 11
1 7
11 10
6 2
2 1
6 #edges
0 6
1 10
1 7
10 11
6 2
2 1
6 #edges
0 6
1 2
10 11
6 1
2 10
2 7
6 #edges
0 6
1 2
11 10
6 1
2 11
2 7
6 #edges
0 1
1 6
11 10
6 2
2 11
2 7
6 #edges
0 1
1 6
10 11
6 2
2 10
2 7
6 #edges
0 1
1 2
10 11
6 10
6 7
2 6
6 #edges
0 1
1 2
11 10
6 11
6 7
2 6
4 #trees for patient 28
6 #edges
0 2
1 10
10 11
6 1
2 6
2 7
6 #edges
0 2
1 10
1 7
10 11
6 1
2 6
6 #edges
0 2
1 6
10 11
6 10
2 1
2 7
6 #edges
0 2
1 6
10 11
6 10
6 7
2 1
4 #trees for patient 29
6 #edges
0 2
1 10
10 11
10 7
6 1
2 6
6 #edges
0 2
1 10
1 7
10 11
6 1
2 6
6 #edges
0 2
1 6
10 11
6 10
6 7
2 1
6 #edges
0 2
1 6
10 11
10 7
6 10
2 1
2 #trees for patient 30
6 #edges
0 2
1 10
1 7
10 11
6 1
2 6
6 #edges
0 6
1 10
1 7
10 11
6 2
2 1
4 #trees for patient 31
6 #edges
0 2
1 11
1 7
11 10
6 1
2 6
6 #edges
0 2
1 10
1 7
10 11
6 1
2 6
6 #edges
0 6
1 11
1 7
11 10
6 2
2 1
6 #edges
0 6
1 10
1 7
10 11
6 2
2 1
4 #trees for patient 32
6 #edges
0 2
1 10
10 11
10 7
6 1
2 6
6 #edges
0 2
1 10
1 7
10 11
6 1
2 6
6 #edges
0 2
1 6
10 11
6 10
6 7
2 1
6 #edges
0 2
1 6
10 11
10 7
6 10
2 1
14 #trees for patient 33
6 #edges
0 2
1 7
6 1
6 10
6 11
2 6
6 #edges
0 2
1 10
1 7
6 1
6 11
2 6
6 #edges
0 2
1 7
11 10
6 1
6 11
2 6
6 #edges
0 2
1 10
1 7
10 11
6 1
2 6
6 #edges
0 2
1 11
1 7
6 1
6 10
2 6
6 #edges
0 2
1 7
10 11
6 1
6 10
2 6
6 #edges
0 2
1 11
1 7
11 10
6 1
2 6
6 #edges
0 6
1 11
1 7
11 10
6 2
2 1
6 #edges
0 6
1 11
1 7
6 2
2 1
2 10
6 #edges
0 6
1 10
1 7
6 2
2 1
2 11
6 #edges
0 6
1 10
1 7
10 11
6 2
2 1
6 #edges
0 6
1 7
6 2
2 1
2 10
2 11
6 #edges
0 6
1 7
11 10
6 2
2 1
2 11
6 #edges
0 6
1 7
10 11
6 2
2 1
2 10
4 #trees for patient 34
6 #edges
0 2
1 10
1 7
10 11
6 1
2 6
6 #edges
0 2
1 10
10 11
11 7
6 1
2 6
6 #edges
0 2
1 6
10 11
6 10
6 7
2 1
6 #edges
0 2
1 6
10 11
11 7
6 10
2 1
28 #trees for patient 35
6 #edges
0 7
0 2
11 10
6 1
6 11
2 6
6 #edges
0 7
0 2
6 1
6 10
6 11
2 6
6 #edges
0 7
0 2
1 10
6 1
6 11
2 6
6 #edges
0 7
0 2
1 11
6 1
6 10
2 6
6 #edges
0 7
0 2
10 11
6 1
6 10
2 6
6 #edges
0 7
0 2
1 10
10 11
6 1
2 6
6 #edges
0 7
0 2
1 11
11 10
6 1
2 6
6 #edges
0 6
0 7
10 11
6 2
2 1
2 10
6 #edges
0 6
0 7
6 2
2 1
2 10
2 11
6 #edges
0 6
0 7
1 11
6 2
2 1
2 10
6 #edges
0 6
0 7
1 10
6 2
2 1
2 11
6 #edges
0 6
0 7
11 10
6 2
2 1
2 11
6 #edges
0 6
0 7
1 11
11 10
6 2
2 1
6 #edges
0 6
0 7
1 10
10 11
6 2
2 1
6 #edges
0 2
1 7
11 10
6 1
6 11
2 6
6 #edges
0 2
1 7
6 1
6 10
6 11
2 6
6 #edges
0 2
1 10
1 7
6 1
6 11
2 6
6 #edges
0 2
1 7
10 11
6 1
6 10
2 6
6 #edges
0 2
1 11
1 7
6 1
6 10
2 6
6 #edges
0 2
1 10
1 7
10 11
6 1
2 6
6 #edges
0 2
1 11
1 7
11 10
6 1
2 6
6 #edges
0 6
1 7
11 10
6 2
2 1
2 11
6 #edges
0 6
1 10
1 7
6 2
2 1
2 11
6 #edges
0 6
1 7
6 2
2 1
2 10
2 11
6 #edges
0 6
1 7
10 11
6 2
2 1
2 10
6 #edges
0 6
1 11
1 7
6 2
2 1
2 10
6 #edges
0 6
1 11
1 7
11 10
6 2
2 1
6 #edges
0 6
1 10
1 7
10 11
6 2
2 1
8 #trees for patient 36
6 #edges
0 2
1 10
1 7
10 11
6 1
2 6
6 #edges
0 2
1 10
10 11
11 7
6 1
2 6
6 #edges
0 2
1 11
1 7
11 10
6 1
2 6
6 #edges
0 2
1 11
10 7
11 10
6 1
2 6
6 #edges
0 2
1 6
11 10
6 11
6 7
2 1
6 #edges
0 2
1 6
10 11
6 10
6 7
2 1
6 #edges
0 2
1 6
10 11
11 7
6 10
2 1
6 #edges
0 2
1 6
10 7
11 10
6 11
2 1
12 #trees for patient 37
6 #edges
0 11
0 2
1 10
6 1
6 7
2 6
6 #edges
0 11
0 2
1 10
1 7
6 1
2 6
6 #edges
0 11
0 2
1 10
10 7
6 1
2 6
6 #edges
0 11
0 6
1 10
1 7
6 2
2 1
6 #edges
0 11
0 6
1 10
10 7
6 2
2 1
6 #edges
0 11
0 6
1 10
6 2
2 1
2 7
6 #edges
0 2
1 10
10 11
6 1
6 7
2 6
6 #edges
0 2
1 10
1 7
10 11
6 1
2 6
6 #edges
0 2
1 10
10 11
10 7
6 1
2 6
6 #edges
0 6
1 10
10 11
6 2
2 1
2 7
6 #edges
0 6
1 10
1 7
10 11
6 2
2 1
6 #edges
0 6
1 10
10 11
10 7
6 2
2 1
150 #trees for patient 38
6 #edges
0 1
0 7
0 2
1 11
11 10
2 6
6 #edges
0 1
0 7
0 2
1 11
6 10
2 6
6 #edges
0 1
0 7
0 2
1 6
6 10
2 11
6 #edges
0 1
0 7
0 2
1 6
11 10
2 11
6 #edges
0 1
0 7
0 2
1 10
10 11
2 6
6 #edges
0 1
0 7
0 2
1 10
6 11
2 6
6 #edges
0 1
0 7
0 2
1 6
6 11
2 10
6 #edges
0 1
0 7
0 2
1 6
10 11
2 10
6 #edges
0 1
0 7
0 2
1 6
10 11
6 10
6 #edges
0 1
0 7
0 2
1 6
11 10
6 11
6 #edges
0 1
0 7
0 2
10 11
6 10
2 6
6 #edges
0 1
0 7
0 2
11 10
6 11
2 6
6 #edges
0 6
0 7
0 2
10 11
6 10
2 1
6 #edges
0 6
0 7
0 2
1 11
6 10
2 1
6 #edges
0 6
0 7
0 2
1 10
6 1
2 11
6 #edges
0 6
0 7
0 2
11 10
6 1
2 11
6 #edges
0 6
0 7
0 2
1 10
10 11
6 1
6 #edges
0 6
0 7
0 2
1 11
6 1
2 10
6 #edges
0 6
0 7
0 2
1 11
11 10
6 1
6 #edges
0 6
0 7
0 2
10 11
6 1
2 10
6 #edges
0 6
0 7
0 2
1 10
10 11
2 1
6 #edges
0 6
0 7
0 2
1 10
6 11
2 1
6 #edges
0 6
0 7
0 2
11 10
6 11
2 1
6 #edges
0 6
0 7
0 2
1 11
11 10
2 1
6 #edges
0 10
0 7
0 2
10 11
6 1
2 6
6 #edges
0 10
0 7
0 2
1 6
10 11
2 1
6 #edges
0 10
0 7
0 2
1 11
6 1
2 6
6 #edges
0 10
0 7
0 2
1 6
6 11
2 1
6 #edges
0 11
0 7
0 2
1 6
11 10
2 1
6 #edges
0 11
0 7
0 2
1 6
6 10
2 1
6 #edges
0 7
0 2
1 6
10 11
6 10
2 1
6 #edges
0 7
0 2
1 6
11 10
6 11
2 1
6 #edges
0 11
0 7
0 2
11 10
6 1
2 6
6 #edges
0 11
0 7
0 2
1 10
6 1
2 6
6 #edges
0 7
0 2
1 10
10 11
6 1
2 6
6 #edges
0 7
0 2
1 11
11 10
6 1
2 6
6 #edges
0 11
0 2
10 7
11 10
6 1
2 6
6 #edges
0 11
0 2
1 7
11 10
6 1
2 6
6 #edges
0 11
0 2
1 6
10 7
11 10
2 1
6 #edges
0 11
0 2
1 6
11 10
6 7
2 1
6 #edges
0 10
0 11
0 2
1 6
11 7
2 1
6 #edges
0 10
0 11
0 2
11 7
6 1
2 6
6 #edges
0 10
0 11
0 2
1 6
6 7
2 1
6 #edges
0 10
0 11
0 2
1 6
10 7
2 1
6 #edges
0 10
0 11
0 2
10 7
6 1
2 6
6 #edges
0 10
0 11
0 2
1 7
6 1
2 6
6 #edges
0 11
0 2
1 6
11 7
6 10
2 1
6 #edges
0 11
0 2
1 6
6 10
6 7
2 1
6 #edges
0 11
0 2
1 6
10 7
6 10
2 1
6 #edges
0 11
0 2
1 10
11 7
6 1
2 6
6 #edges
0 11
0 2
1 10
10 7
6 1
2 6
6 #edges
0 11
0 2
1 10
1 7
6 1
2 6
6 #edges
0 10
0 2
1 11
10 7
6 1
2 6
6 #edges
0 10
0 2
1 6
10 7
6 11
2 1
6 #edges
0 10
0 2
10 11
11 7
6 1
2 6
6 #edges
0 10
0 2
1 7
10 11
6 1
2 6
6 #edges
0 10
0 2
1 11
1 7
6 1
2 6
6 #edges
0 10
0 2
1 11
11 7
6 1
2 6
6 #edges
0 10
0 2
1 6
10 11
6 7
2 1
6 #edges
0 10
0 2
1 6
6 11
6 7
2 1
6 #edges
0 10
0 2
1 6
11 7
6 11
2 1
6 #edges
0 10
0 2
1 6
10 11
11 7
2 1
6 #edges
0 6
0 2
1 10
11 7
6 1
2 11
6 #edges
0 6
0 2
1 10
10 7
6 1
2 11
6 #edges
0 6
0 2
1 10
6 1
2 11
2 7
6 #edges
0 6
0 2
1 10
1 7
6 1
2 11
6 #edges
0 6
0 2
11 10
6 1
2 11
2 7
6 #edges
0 6
0 2
10 7
11 10
6 1
2 11
6 #edges
0 6
0 2
1 7
11 10
6 1
2 11
6 #edges
0 6
0 2
1 10
10 11
6 1
2 7
6 #edges
0 6
0 2
1 11
6 1
2 10
2 7
6 #edges
0 6
0 2
10 11
6 1
2 10
2 7
6 #edges
0 6
0 2
1 11
11 10
6 1
2 7
6 #edges
0 6
0 2
1 11
10 7
6 1
2 10
6 #edges
0 6
0 2
1 7
10 11
6 1
2 10
6 #edges
0 6
0 2
1 11
1 7
6 1
2 10
6 #edges
0 6
0 2
1 11
11 7
6 1
2 10
6 #edges
0 6
0 2
10 11
11 7
6 1
2 10
6 #edges
0 6
0 2
1 10
1 7
10 11
6 1
6 #edges
0 6
0 2
1 10
10 11
11 7
6 1
6 #edges
0 6
0 2
1 11
1 7
11 10
6 1
6 #edges
0 6
0 2
1 11
10 7
11 10
6 1
6 #edges
0 6
0 2
10 11
6 10
6 7
2 1
6 #edges
0 6
0 2
1 11
6 10
6 7
2 1
6 #edges
0 6
0 2
1 11
10 7
6 10
2 1
6 #edges
0 6
0 2
1 7
10 11
6 10
2 1
6 #edges
0 6
0 2
1 11
1 7
6 10
2 1
6 #edges
0 6
0 2
1 11
11 7
6 10
2 1
6 #edges
0 6
0 2
10 11
11 7
6 10
2 1
6 #edges
0 6
0 2
1 10
11 7
6 11
2 1
6 #edges
0 6
0 2
11 10
6 11
6 7
2 1
6 #edges
0 6
0 2
1 10
6 11
6 7
2 1
6 #edges
0 6
0 2
1 7
11 10
6 11
2 1
6 #edges
0 6
0 2
1 10
1 7
6 11
2 1
6 #edges
0 6
0 2
1 10
10 7
6 11
2 1
6 #edges
0 6
0 2
10 7
11 10
6 11
2 1
6 #edges
0 6
0 2
1 10
1 7
10 11
2 1
6 #edges
0 6
0 2
1 10
10 11
6 7
2 1
6 #edges
0 6
0 2
1 10
10 11
11 7
2 1
6 #edges
0 6
0 2
1 11
11 10
6 7
2 1
6 #edges
0 6
0 2
1 11
1 7
11 10
2 1
6 #edges
0 6
0 2
1 11
10 7
11 10
2 1
6 #edges
0 1
0 2
1 10
10 7
6 11
2 6
6 #edges
0 1
0 2
1 10
10 11
11 7
2 6
6 #edges
0 1
0 2
1 10
10 11
6 7
2 6
6 #edges
0 1
0 2
1 10
1 7
10 11
2 6
6 #edges
0 1
0 2
1 10
1 7
6 11
2 6
6 #edges
0 1
0 2
1 10
6 11
6 7
2 6
6 #edges
0 1
0 2
1 10
11 7
6 11
2 6
6 #edges
0 1
0 2
1 11
1 7
6 10
2 6
6 #edges
0 1
0 2
1 7
10 11
6 10
2 6
6 #edges
0 1
0 2
1 11
1 7
11 10
2 6
6 #edges
0 1
0 2
1 7
11 10
6 11
2 6
6 #edges
0 1
0 2
1 11
10 7
11 10
2 6
6 #edges
0 1
0 2
1 11
11 10
6 7
2 6
6 #edges
0 1
0 2
1 11
11 7
6 10
2 6
6 #edges
0 1
0 2
1 11
6 10
6 7
2 6
6 #edges
0 1
0 2
1 11
10 7
6 10
2 6
6 #edges
0 1
0 2
1 6
10 7
6 10
2 11
6 #edges
0 1
0 2
1 6
11 7
6 10
2 11
6 #edges
0 1
0 2
1 6
6 10
6 7
2 11
6 #edges
0 1
0 2
1 6
6 10
2 11
2 7
6 #edges
0 1
0 2
1 6
10 11
6 10
2 7
6 #edges
0 1
0 2
1 6
10 11
6 10
6 7
6 #edges
0 1
0 2
1 6
10 11
11 7
6 10
6 #edges
0 1
0 2
1 6
6 11
2 10
2 7
6 #edges
0 1
0 2
1 6
11 7
6 11
2 10
6 #edges
0 1
0 2
1 6
10 7
6 11
2 10
6 #edges
0 1
0 2
1 6
6 11
6 7
2 10
6 #edges
0 1
0 2
1 6
11 10
6 11
2 7
6 #edges
0 1
0 2
1 6
10 7
11 10
6 11
6 #edges
0 1
0 2
1 6
11 10
6 11
6 7
6 #edges
0 1
0 2
1 6
11 10
6 7
2 11
6 #edges
0 1
0 2
1 6
11 10
2 11
2 7
6 #edges
0 1
0 2
1 6
10 7
11 10
2 11
6 #edges
0 1
0 2
1 6
10 11
2 10
2 7
6 #edges
0 1
0 2
1 6
10 11
6 7
2 10
6 #edges
0 1
0 2
1 6
10 11
11 7
2 10
6 #edges
0 1
0 2
11 10
6 11
6 7
2 6
6 #edges
0 1
0 2
10 7
11 10
6 11
2 6
6 #edges
0 1
0 2
10 11
11 7
6 10
2 6
6 #edges
0 1
0 2
10 11
6 10
6 7
2 6
6 #edges
0 2
1 6
11 10
6 11
6 7
2 1
6 #edges
0 2
1 6
10 7
11 10
6 11
2 1
6 #edges
0 2
1 6
10 11
6 10
6 7
2 1
6 #edges
0 2
1 6
10 11
11 7
6 10
2 1
6 #edges
0 2
1 10
1 7
10 11
6 1
2 6
6 #edges
0 2
1 10
10 11
11 7
6 1
2 6
6 #edges
0 2
1 11
1 7
11 10
6 1
2 6
6 #edges
0 2
1 11
10 7
11 10
6 1
2 6
14 #trees for patient 39
6 #edges
0 11
0 2
1 6
11 10
6 7
2 1
6 #edges
0 11
0 2
1 7
11 10
6 1
2 6
6 #edges
0 11
0 2
1 10
1 7
6 1
2 6
6 #edges
0 10
0 11
0 2
1 7
6 1
2 6
6 #edges
0 10
0 11
0 2
1 6
6 7
2 1
6 #edges
0 11
0 2
1 6
6 10
6 7
2 1
6 #edges
0 10
0 2
1 6
10 11
6 7
2 1
6 #edges
0 10
0 2
1 7
10 11
6 1
2 6
6 #edges
0 10
0 2
1 11
1 7
6 1
2 6
6 #edges
0 10
0 2
1 6
6 11
6 7
2 1
6 #edges
0 2
1 11
1 7
11 10
6 1
2 6
6 #edges
0 2
1 10
1 7
10 11
6 1
2 6
6 #edges
0 2
1 6
10 11
6 10
6 7
2 1
6 #edges
0 2
1 6
11 10
6 11
6 7
2 1
13 #trees for patient 40
6 #edges
0 2
1 10
1 7
10 11
6 1
2 6
6 #edges
0 2
1 10
1 7
6 1
7 11
2 6
6 #edges
0 2
1 10
1 7
6 1
6 11
2 6
6 #edges
0 2
1 7
6 1
6 10
6 11
2 6
6 #edges
0 2
1 7
10 11
6 1
6 10
2 6
6 #edges
0 2
1 7
6 1
6 10
7 11
2 6
6 #edges
0 2
1 11
1 7
6 1
6 10
2 6
6 #edges
0 2
1 7
11 10
6 1
7 11
2 6
6 #edges
0 2
1 11
1 7
6 1
7 10
2 6
6 #edges
0 2
1 7
6 1
6 11
7 10
2 6
6 #edges
0 2
1 7
10 11
6 1
7 10
2 6
6 #edges
0 2
1 11
1 7
11 10
6 1
2 6
6 #edges
0 2
1 7
11 10
6 1
6 11
2 6
2 #trees for patient 41
6 #edges
0 2
1 11
1 7
11 10
6 1
2 6
6 #edges
0 2
1 10
1 7
10 11
6 1
2 6
6 #trees for patient 42
6 #edges
0 2
1 10
1 7
10 11
6 1
2 6
6 #edges
0 2
1 6
10 11
6 10
6 7
2 1
6 #edges
0 6
1 10
1 7
10 11
6 2
2 1
6 #edges
0 6
1 2
10 11
6 1
2 10
2 7
6 #edges
0 1
1 6
10 11
6 2
2 10
2 7
6 #edges
0 1
1 2
10 11
6 10
6 7
2 6
8 #trees for patient 43
6 #edges
0 2
1 10
10 11
6 1
2 6
2 7
6 #edges
0 2
1 11
11 10
6 1
2 6
2 7
6 #edges
0 2
1 11
11 10
6 1
6 7
2 6
6 #edges
0 2
1 10
10 11
6 1
6 7
2 6
6 #edges
0 2
1 11
1 7
11 10
6 1
2 6
6 #edges
0 2
1 10
1 7
10 11
6 1
2 6
6 #edges
0 2
1 11
10 7
11 10
6 1
2 6
6 #edges
0 2
1 10
10 11
11 7
6 1
2 6
4 #trees for patient 44
6 #edges
0 2
1 10
1 7
10 11
6 1
2 6
6 #edges
0 2
1 11
1 7
11 10
6 1
2 6
6 #edges
0 2
1 11
11 10
6 1
6 7
2 6
6 #edges
0 2
1 10
10 11
6 1
6 7
2 6
18 #trees for patient 45
6 #edges
0 2
1 10
1 11
1 7
6 1
2 6
6 #edges
0 2
1 10
1 7
10 11
6 1
2 6
6 #edges
0 2
1 10
1 7
6 1
7 11
2 6
6 #edges
0 2
1 6
6 10
6 11
6 7
2 1
6 #edges
0 2
1 6
10 11
6 10
6 7
2 1
6 #edges
0 2
1 6
6 10
6 7
7 11
2 1
6 #edges
0 6
1 2
6 1
2 10
2 11
2 7
6 #edges
0 6
1 2
6 1
7 11
2 10
2 7
6 #edges
0 6
1 2
10 11
6 1
2 10
2 7
6 #edges
0 6
1 10
1 11
1 7
6 2
2 1
6 #edges
0 6
1 10
1 7
10 11
6 2
2 1
6 #edges
0 6
1 10
1 7
6 2
7 11
2 1
6 #edges
0 1
1 2
6 10
6 11
6 7
2 6
6 #edges
0 1
1 2
6 10
6 7
7 11
2 6
6 #edges
0 1
1 2
10 11
6 10
6 7
2 6
6 #edges
0 1
1 6
10 11
6 2
2 10
2 7
6 #edges
0 1
1 6
6 2
2 10
2 11
2 7
6 #edges
0 1
1 6
6 2
7 11
2 10
2 7
12 #trees for patient 46
6 #edges
0 2
1 10
1 7
10 11
6 1
2 6
6 #edges
0 2
1 10
1 7
6 1
7 11
2 6
6 #edges
0 2
1 6
10 11
6 10
6 7
2 1
6 #edges
0 2
1 6
6 10
6 7
7 11
2 1
6 #edges
0 6
1 2
6 1
7 11
2 10
2 7
6 #edges
0 6
1 2
10 11
6 1
2 10
2 7
6 #edges
0 6
1 10
1 7
6 2
7 11
2 1
6 #edges
0 6
1 10
1 7
10 11
6 2
2 1
6 #edges
0 1
1 2
6 10
6 7
7 11
2 6
6 #edges
0 1
1 2
10 11
6 10
6 7
2 6
6 #edges
0 1
1 6
10 11
6 2
2 10
2 7
6 #edges
0 1
1 6
6 2
7 11
2 10
2 7
2 #trees for patient 47
6 #edges
0 2
1 10
1 7
10 11
6 1
2 6
6 #edges
0 2
1 6
10 11
6 10
6 7
2 1
1 #trees for patient 48
6 #edges
0 2
1 10
1 7
10 11
6 1
2 6
4 #trees for patient 49
6 #edges
0 2
1 11
1 7
11 10
6 1
2 6
6 #edges
0 2
1 10
1 7
10 11
6 1
2 6
6 #edges
0 6
1 11
1 7
11 10
6 2
2 1
6 #edges
0 6
1 10
1 7
10 11
6 2
2 1
