50 # patients
12 #trees for patient 0
6 #edges
1 11
1 2
0 1
0 6
0 7
0 10
6 #edges
1 11
1 2
1 10
0 1
0 6
0 7
6 #edges
11 7
1 11
1 2
0 1
0 6
0 10
6 #edges
11 7
1 11
1 2
1 10
0 1
0 6
6 #edges
1 11
1 2
0 1
0 7
0 10
10 6
6 #edges
11 7
1 11
1 2
0 1
0 10
10 6
6 #edges
1 11
1 2
1 6
0 1
0 7
0 10
6 #edges
11 7
1 11
1 2
1 6
0 1
0 10
6 #edges
1 11
1 2
1 6
1 10
0 1
0 7
6 #edges
1 11
1 2
1 10
0 1
0 7
10 6
6 #edges
11 7
1 11
1 2
1 6
1 10
0 1
6 #edges
11 7
1 11
1 2
1 10
0 1
10 6
14 #trees for patient 1
6 #edges
1 11
1 2
0 1
0 7
0 10
10 6
6 #edges
1 11
1 2
0 1
0 7
0 10
7 6
6 #edges
2 6
1 11
1 2
0 1
0 7
0 10
6 #edges
1 11
1 2
0 1
0 6
0 7
7 10
6 #edges
1 11
1 2
0 1
0 6
0 7
6 10
6 #edges
2 10
1 11
1 2
0 1
0 6
0 7
6 #edges
1 11
1 2
0 1
0 7
7 6
7 10
6 #edges
1 11
1 2
0 1
0 7
7 10
10 6
6 #edges
2 6
1 11
1 2
0 1
0 7
7 10
6 #edges
2 10
1 11
1 2
0 1
0 7
7 6
6 #edges
1 11
1 2
0 1
0 7
6 10
7 6
6 #edges
2 6
1 11
1 2
0 1
0 7
6 10
6 #edges
2 6
2 10
1 11
1 2
0 1
0 7
6 #edges
2 10
1 11
1 2
0 1
0 7
10 6
4 #trees for patient 2
6 #edges
1 11
1 2
0 1
0 7
0 10
10 6
6 #edges
2 11
1 2
0 1
0 7
0 10
10 6
6 #edges
1 11
1 2
0 1
0 6
0 7
6 10
6 #edges
2 11
1 2
0 1
0 6
0 7
6 10
8 #trees for patient 3
6 #edges
1 11
1 2
0 1
0 7
0 10
10 6
6 #edges
2 6
1 11
1 2
0 1
0 7
0 10
6 #edges
2 6
1 2
0 1
0 7
0 10
6 11
6 #edges
2 11
2 6
1 2
0 1
0 7
0 10
6 #edges
2 6
1 2
0 1
0 7
0 10
10 11
6 #edges
1 2
0 1
0 7
0 10
10 11
10 6
6 #edges
1 2
0 1
0 7
0 10
6 11
10 6
6 #edges
2 11
1 2
0 1
0 7
0 10
10 6
19 #trees for patient 4
6 #edges
1 2
1 6
0 11
0 1
0 7
6 10
6 #edges
1 2
1 6
1 10
0 11
0 1
0 7
6 #edges
1 2
1 10
0 11
0 1
0 7
10 6
6 #edges
1 11
1 2
0 1
0 7
0 10
10 6
6 #edges
1 2
0 1
0 7
0 10
6 11
10 6
6 #edges
1 2
1 6
0 1
0 7
0 10
6 11
6 #edges
1 2
1 6
0 1
0 7
0 10
10 11
6 #edges
1 11
1 2
1 6
0 1
0 7
0 10
6 #edges
1 2
1 10
0 1
0 6
0 7
6 11
6 #edges
1 11
1 2
0 1
0 6
0 7
6 10
6 #edges
1 11
1 2
1 10
0 1
0 6
0 7
6 #edges
1 2
1 10
0 1
0 6
0 7
10 11
6 #edges
1 2
0 1
0 6
0 7
6 10
10 11
6 #edges
1 11
1 2
1 10
0 1
0 7
10 6
6 #edges
1 11
1 2
1 6
0 1
0 7
6 10
6 #edges
1 2
1 6
1 10
0 1
0 7
10 11
6 #edges
1 2
1 6
1 10
0 1
0 7
6 11
6 #edges
1 2
1 10
0 1
0 7
6 11
10 6
6 #edges
1 2
1 6
0 1
0 7
6 10
10 11
2 #trees for patient 5
6 #edges
1 11
1 2
0 1
0 7
0 10
10 6
6 #edges
1 11
1 2
0 1
0 6
0 7
6 10
2 #trees for patient 6
6 #edges
1 11
1 2
0 1
0 7
0 10
10 6
6 #edges
1 2
0 1
0 7
0 10
6 11
10 6
3 #trees for patient 7
6 #edges
1 11
1 2
0 1
0 7
0 10
10 6
6 #edges
1 11
1 2
1 6
0 1
0 7
0 10
6 #edges
2 6
1 11
1 2
0 1
0 7
0 10
2 #trees for patient 8
6 #edges
1 11
1 2
0 1
0 6
0 7
6 10
6 #edges
1 11
1 2
0 1
0 7
0 10
10 6
14 #trees for patient 9
6 #edges
1 11
1 2
0 1
0 7
0 10
10 6
6 #edges
11 2
1 11
0 1
0 7
0 10
10 6
6 #edges
1 11
1 2
0 1
0 7
0 10
7 6
6 #edges
11 2
1 11
0 1
0 7
0 10
7 6
6 #edges
1 11
1 2
0 1
0 6
0 7
7 10
6 #edges
11 2
1 11
0 1
0 6
0 7
7 10
6 #edges
1 11
1 2
0 1
0 6
0 7
6 10
6 #edges
11 2
1 11
0 1
0 6
0 7
6 10
6 #edges
1 11
1 2
0 1
0 7
7 6
7 10
6 #edges
11 2
1 11
0 1
0 7
7 6
7 10
6 #edges
1 11
1 2
0 1
0 7
6 10
7 6
6 #edges
11 2
1 11
0 1
0 7
6 10
7 6
6 #edges
1 11
1 2
0 1
0 7
7 10
10 6
6 #edges
11 2
1 11
0 1
0 7
7 10
10 6
4 #trees for patient 10
6 #edges
1 2
0 1
0 6
0 7
6 10
7 11
6 #edges
1 11
1 2
0 1
0 6
0 7
6 10
6 #edges
1 11
1 2
0 1
0 7
0 10
10 6
6 #edges
1 2
0 1
0 7
0 10
7 11
10 6
4 #trees for patient 11
6 #edges
11 10
1 6
1 8
0 1
3 11
6 3
6 #edges
1 6
1 8
0 1
3 11
6 3
8 10
6 #edges
11 3
1 6
1 8
0 1
6 11
8 10
6 #edges
11 3
1 6
1 8
0 1
3 10
6 11
2 #trees for patient 12
6 #edges
1 6
1 8
0 1
6 11
6 3
8 10
6 #edges
11 3
1 6
1 8
0 1
6 11
8 10
4 #trees for patient 13
6 #edges
11 3
1 6
1 10
0 1
6 11
10 8
6 #edges
1 6
1 10
0 1
3 11
6 3
10 8
6 #edges
11 3
1 6
1 8
0 1
6 11
8 10
6 #edges
1 6
1 8
0 1
3 11
6 3
8 10
14 #trees for patient 14
6 #edges
1 6
1 8
0 1
0 3
0 10
6 11
6 #edges
11 6
1 11
1 8
0 1
0 3
0 10
6 #edges
11 6
1 11
1 8
0 1
0 10
6 3
6 #edges
11 3
1 6
1 8
0 1
0 10
6 11
6 #edges
11 6
1 11
1 8
0 1
0 3
6 10
6 #edges
11 6
1 11
1 8
0 1
0 3
8 10
6 #edges
11 6
1 11
1 8
0 1
0 3
3 10
6 #edges
1 6
1 8
0 1
0 3
6 11
8 10
6 #edges
1 6
1 8
0 1
0 3
3 10
6 11
6 #edges
11 10
1 6
1 8
0 1
0 3
6 11
6 #edges
11 6
1 11
1 8
0 1
3 10
6 3
6 #edges
11 6
1 11
1 8
0 1
6 3
8 10
6 #edges
11 3
1 6
1 8
0 1
6 11
8 10
6 #edges
11 3
1 6
1 8
0 1
3 10
6 11
12 #trees for patient 15
6 #edges
11 3
1 6
1 8
0 1
0 10
6 11
6 #edges
1 6
1 8
0 1
0 10
3 11
6 3
6 #edges
1 3
1 8
0 1
0 10
3 6
6 11
6 #edges
11 6
1 3
1 8
0 1
0 10
3 11
6 #edges
11 3
1 11
1 8
0 1
0 10
3 6
6 #edges
11 6
1 11
1 8
0 1
0 10
6 3
6 #edges
11 6
1 3
1 8
0 1
3 11
8 10
6 #edges
1 3
1 8
0 1
3 6
6 11
8 10
6 #edges
11 6
1 11
1 8
0 1
6 3
8 10
6 #edges
11 3
1 11
1 8
0 1
3 6
8 10
6 #edges
1 6
1 8
0 1
3 11
6 3
8 10
6 #edges
11 3
1 6
1 8
0 1
6 11
8 10
4 #trees for patient 16
6 #edges
1 6
1 8
0 1
6 11
8 10
10 3
6 #edges
11 3
1 6
1 8
0 1
6 11
8 10
6 #edges
11 6
1 11
1 8
0 1
8 10
10 3
6 #edges
11 6
1 11
1 8
0 1
6 3
8 10
2 #trees for patient 17
6 #edges
11 3
1 6
1 8
0 1
6 11
8 10
6 #edges
11 6
1 11
1 8
0 1
6 3
8 10
49 #trees for patient 18
6 #edges
1 11
1 3
1 6
1 10
0 1
6 8
6 #edges
1 11
1 6
1 10
0 1
6 3
6 8
6 #edges
11 3
1 11
1 6
1 10
0 1
6 8
6 #edges
11 3
1 11
1 6
1 10
0 1
10 8
6 #edges
1 11
1 6
1 10
0 1
6 3
10 8
6 #edges
1 11
1 3
1 6
1 10
0 1
10 8
6 #edges
11 3
1 11
1 6
0 1
6 8
8 10
6 #edges
11 3
1 11
1 6
0 1
6 8
6 10
6 #edges
11 3
1 11
1 6
1 8
0 1
6 10
6 #edges
11 3
1 11
1 6
1 8
0 1
8 10
6 #edges
11 3
1 11
1 6
0 1
6 10
10 8
6 #edges
1 11
1 6
1 8
0 1
6 3
8 10
6 #edges
1 11
1 3
1 6
1 8
0 1
8 10
6 #edges
1 11
1 6
1 8
0 1
6 3
6 10
6 #edges
1 11
1 3
1 6
1 8
0 1
6 10
6 #edges
1 11
1 6
0 1
6 3
6 10
10 8
6 #edges
1 11
1 6
0 1
6 3
6 8
6 10
6 #edges
1 11
1 6
0 1
6 3
6 8
8 10
6 #edges
1 11
1 3
1 6
0 1
6 8
8 10
6 #edges
1 11
1 3
1 6
0 1
6 8
6 10
6 #edges
1 11
1 3
1 6
0 1
6 10
10 8
6 #edges
1 3
1 6
1 10
0 1
6 11
6 8
6 #edges
11 3
1 6
1 10
0 1
6 11
6 8
6 #edges
1 3
1 6
1 10
0 1
3 11
6 8
6 #edges
1 6
1 10
0 1
3 11
6 3
6 8
6 #edges
1 3
1 6
0 1
6 11
6 8
6 10
6 #edges
1 3
1 6
0 1
6 11
6 8
8 10
6 #edges
1 3
1 6
0 1
3 11
6 8
8 10
6 #edges
1 3
1 6
0 1
3 11
6 8
6 10
6 #edges
11 3
1 6
0 1
6 11
6 8
8 10
6 #edges
11 3
1 6
0 1
6 11
6 8
6 10
6 #edges
1 6
0 1
3 11
6 3
6 8
8 10
6 #edges
1 6
0 1
3 11
6 3
6 8
6 10
6 #edges
1 6
0 1
3 11
6 3
6 10
10 8
6 #edges
1 3
1 6
0 1
6 11
6 10
10 8
6 #edges
11 3
1 6
0 1
6 11
6 10
10 8
6 #edges
1 3
1 6
0 1
3 11
6 10
10 8
6 #edges
1 3
1 6
1 8
0 1
6 11
6 10
6 #edges
1 3
1 6
1 8
0 1
3 11
6 10
6 #edges
11 3
1 6
1 8
0 1
6 11
6 10
6 #edges
1 6
1 8
0 1
3 11
6 3
6 10
6 #edges
1 6
1 10
0 1
3 11
6 3
10 8
6 #edges
1 6
1 8
0 1
3 11
6 3
8 10
6 #edges
11 3
1 6
1 8
0 1
6 11
8 10
6 #edges
1 3
1 6
1 8
0 1
6 11
8 10
6 #edges
1 3
1 6
1 8
0 1
3 11
8 10
6 #edges
1 3
1 6
1 10
0 1
6 11
10 8
6 #edges
11 3
1 6
1 10
0 1
6 11
10 8
6 #edges
1 3
1 6
1 10
0 1
3 11
10 8
12 #trees for patient 19
6 #edges
1 6
1 8
0 1
3 11
6 3
8 10
6 #edges
1 6
1 8
0 1
6 3
8 10
10 11
6 #edges
1 6
1 8
0 1
6 11
8 10
10 3
6 #edges
11 3
1 6
1 8
0 1
6 11
8 10
6 #edges
1 6
1 8
0 1
3 11
8 10
10 3
6 #edges
11 3
1 6
1 8
0 1
8 10
10 11
6 #edges
11 3
1 11
1 8
0 1
8 10
10 6
6 #edges
1 11
1 8
0 1
6 3
8 10
10 6
6 #edges
1 3
1 8
0 1
3 11
8 10
10 6
6 #edges
1 3
1 8
0 1
6 11
8 10
10 6
6 #edges
1 8
0 1
3 11
6 3
8 10
10 6
6 #edges
11 3
1 8
0 1
6 11
8 10
10 6
4 #trees for patient 20
6 #edges
1 6
1 10
0 1
6 11
6 3
10 8
6 #edges
11 3
1 6
1 10
0 1
6 11
10 8
6 #edges
11 3
1 6
1 8
0 1
6 11
8 10
6 #edges
1 6
1 8
0 1
6 11
6 3
8 10
2 #trees for patient 21
6 #edges
11 3
1 6
1 8
0 1
6 11
8 10
6 #edges
11 6
1 11
1 8
0 1
6 3
8 10
4 #trees for patient 22
6 #edges
11 6
1 11
1 8
0 1
6 3
8 10
6 #edges
11 6
1 11
1 8
0 1
8 10
10 3
6 #edges
11 3
1 6
1 8
0 1
6 11
8 10
6 #edges
1 6
1 8
0 1
6 11
8 10
10 3
34 #trees for patient 23
6 #edges
1 3
1 8
0 1
6 11
8 10
10 6
6 #edges
1 8
0 1
6 11
8 10
10 3
10 6
6 #edges
11 3
1 8
0 1
6 11
8 10
10 6
6 #edges
1 8
0 1
6 3
8 10
10 11
10 6
6 #edges
1 8
0 1
3 11
6 3
8 10
10 6
6 #edges
1 11
1 8
0 1
6 3
8 10
10 6
6 #edges
1 11
1 8
0 1
8 10
10 3
10 6
6 #edges
11 3
1 11
1 8
0 1
8 10
10 6
6 #edges
11 3
1 8
0 1
8 10
10 11
10 6
6 #edges
1 3
1 8
0 1
8 10
10 11
10 6
6 #edges
1 8
0 1
8 10
10 11
10 3
10 6
6 #edges
1 3
1 8
0 1
3 11
8 10
10 6
6 #edges
1 8
0 1
3 11
8 10
10 3
10 6
6 #edges
11 3
1 11
1 8
0 1
3 6
8 10
6 #edges
11 6
1 11
1 8
0 1
8 10
10 3
6 #edges
11 6
1 11
1 8
0 1
6 3
8 10
6 #edges
1 11
1 8
0 1
3 6
8 10
10 3
6 #edges
1 3
1 8
0 1
3 6
8 10
10 11
6 #edges
1 3
1 8
0 1
3 6
6 11
8 10
6 #edges
11 6
1 3
1 8
0 1
8 10
10 11
6 #edges
11 6
1 3
1 8
0 1
3 11
8 10
6 #edges
1 6
1 8
0 1
6 3
8 10
10 11
6 #edges
1 6
1 8
0 1
8 10
10 11
10 3
6 #edges
11 3
1 6
1 8
0 1
8 10
10 11
6 #edges
11 6
1 8
0 1
8 10
10 11
10 3
6 #edges
1 8
0 1
3 6
8 10
10 11
10 3
6 #edges
11 3
1 8
0 1
3 6
8 10
10 11
6 #edges
11 6
1 8
0 1
6 3
8 10
10 11
6 #edges
1 6
1 8
0 1
3 11
6 3
8 10
6 #edges
1 6
1 8
0 1
3 11
8 10
10 3
6 #edges
1 6
1 8
0 1
6 11
8 10
10 3
6 #edges
11 3
1 6
1 8
0 1
6 11
8 10
6 #edges
1 8
0 1
3 6
6 11
8 10
10 3
6 #edges
11 6
1 8
0 1
3 11
8 10
10 3
8 #trees for patient 24
6 #edges
9 1
0 7
0 3
0 8
7 11
7 9
6 #edges
1 9
0 7
0 3
0 8
7 11
7 1
6 #edges
9 1
0 7
0 3
7 11
7 9
7 8
6 #edges
11 8
9 1
0 7
0 3
7 11
7 9
6 #edges
9 1
0 7
0 3
7 11
7 9
3 8
6 #edges
1 9
0 7
0 3
7 11
7 1
7 8
6 #edges
1 9
0 7
0 3
7 11
7 1
3 8
6 #edges
11 8
1 9
0 7
0 3
7 11
7 1
24 #trees for patient 25
6 #edges
0 7
0 3
7 11
3 1
3 9
3 8
6 #edges
1 9
0 7
0 3
7 11
3 1
3 8
6 #edges
0 7
0 3
7 11
7 9
3 1
3 8
6 #edges
9 1
0 7
0 3
7 11
3 9
3 8
6 #edges
0 7
0 3
7 11
7 1
3 9
3 8
6 #edges
9 1
0 7
0 3
7 11
7 9
3 8
6 #edges
1 9
0 7
0 3
7 11
7 1
3 8
6 #edges
1 8
9 1
0 7
0 3
7 11
3 9
6 #edges
9 1
0 7
0 3
7 11
7 8
3 9
6 #edges
1 8
0 7
0 3
7 11
3 1
3 9
6 #edges
9 8
0 7
0 3
7 11
3 1
3 9
6 #edges
0 7
0 3
7 11
7 8
3 1
3 9
6 #edges
9 8
0 7
0 3
7 11
7 1
3 9
6 #edges
0 7
0 3
7 11
7 1
7 8
3 9
6 #edges
1 8
0 7
0 3
7 11
7 1
3 9
6 #edges
0 7
0 3
7 11
7 9
7 8
3 1
6 #edges
1 9
0 7
0 3
7 11
7 8
3 1
6 #edges
1 8
0 7
0 3
7 11
7 9
3 1
6 #edges
9 8
0 7
0 3
7 11
7 9
3 1
6 #edges
1 9
9 8
0 7
0 3
7 11
3 1
6 #edges
9 1
0 7
0 3
7 11
7 9
7 8
6 #edges
1 9
0 7
0 3
7 11
7 1
7 8
6 #edges
1 9
9 8
0 7
0 3
7 11
7 1
6 #edges
1 8
9 1
0 7
0 3
7 11
7 9
2 #trees for patient 26
6 #edges
9 1
0 7
0 3
7 11
7 9
7 8
6 #edges
1 11
9 1
0 7
0 3
7 9
7 8
2 #trees for patient 27
6 #edges
1 9
0 7
0 3
7 11
7 1
7 8
6 #edges
9 1
0 7
0 3
7 11
7 9
7 8
2 #trees for patient 28
6 #edges
9 1
0 7
0 3
7 11
7 9
7 8
6 #edges
9 1
0 7
0 3
7 9
7 8
8 11
10 #trees for patient 29
6 #edges
9 8
0 7
0 3
7 11
7 1
7 9
6 #edges
1 8
0 7
0 3
7 11
7 1
7 9
6 #edges
0 7
0 3
7 11
7 1
7 9
7 8
6 #edges
1 8
9 1
0 7
0 3
7 11
7 9
6 #edges
9 1
0 7
0 3
7 11
7 9
7 8
6 #edges
0 7
7 11
7 1
7 9
7 3
7 8
6 #edges
9 8
0 7
7 11
7 1
7 9
7 3
6 #edges
1 8
0 7
7 11
7 1
7 9
7 3
6 #edges
9 1
0 7
7 11
7 9
7 3
7 8
6 #edges
1 8
9 1
0 7
7 11
7 9
7 3
34 #trees for patient 30
6 #edges
11 8
9 1
0 7
0 3
7 11
7 9
6 #edges
9 1
0 7
0 3
7 11
7 9
7 8
6 #edges
11 8
1 9
0 7
0 3
7 11
7 1
6 #edges
1 9
0 7
0 3
7 11
7 1
7 8
6 #edges
11 3
9 1
0 9
0 7
7 11
7 8
6 #edges
9 1
0 9
0 7
7 11
7 8
8 3
6 #edges
11 8
9 1
0 9
0 7
7 11
7 3
6 #edges
11 8
9 1
0 9
0 7
7 11
8 3
6 #edges
11 3
11 8
9 1
0 9
0 7
7 11
6 #edges
11 8
0 9
0 7
7 11
7 1
7 3
6 #edges
11 3
11 8
0 9
0 7
7 11
7 1
6 #edges
11 3
0 9
0 7
7 11
7 1
7 8
6 #edges
0 9
0 7
7 11
7 1
7 8
8 3
6 #edges
11 8
0 9
0 7
7 11
7 1
8 3
6 #edges
1 9
0 1
0 7
7 11
7 8
8 3
6 #edges
11 3
1 9
0 1
0 7
7 11
7 8
6 #edges
11 8
1 9
0 1
0 7
7 11
7 3
6 #edges
11 3
11 8
1 9
0 1
0 7
7 11
6 #edges
11 8
1 9
0 1
0 7
7 11
8 3
6 #edges
0 1
0 7
7 11
7 9
7 8
8 3
6 #edges
11 3
0 1
0 7
7 11
7 9
7 8
6 #edges
11 3
11 8
0 1
0 7
7 11
7 9
6 #edges
11 8
0 1
0 7
7 11
7 9
8 3
6 #edges
11 8
0 1
0 7
7 11
7 9
7 3
6 #edges
11 8
1 9
0 7
7 11
7 1
7 3
6 #edges
11 8
9 1
0 7
7 11
7 9
7 3
6 #edges
11 3
9 1
0 7
7 11
7 9
7 8
6 #edges
9 1
0 7
7 11
7 9
7 8
8 3
6 #edges
11 3
11 8
9 1
0 7
7 11
7 9
6 #edges
11 8
9 1
0 7
7 11
7 9
8 3
6 #edges
1 9
0 7
7 11
7 1
7 8
8 3
6 #edges
11 3
1 9
0 7
7 11
7 1
7 8
6 #edges
11 8
1 9
0 7
7 11
7 1
8 3
6 #edges
11 3
11 8
1 9
0 7
7 11
7 1
6 #trees for patient 31
6 #edges
9 1
0 7
0 3
7 11
7 9
7 8
6 #edges
11 1
0 7
0 3
7 11
7 9
7 8
6 #edges
11 1
1 9
0 7
0 3
7 11
7 8
6 #edges
11 9
0 7
0 3
7 11
7 1
7 8
6 #edges
1 9
0 7
0 3
7 11
7 1
7 8
6 #edges
11 9
9 1
0 7
0 3
7 11
7 8
4 #trees for patient 32
6 #edges
9 1
0 7
0 3
7 11
7 9
7 8
6 #edges
9 1
0 7
0 8
7 11
7 9
8 3
6 #edges
9 1
0 7
0 8
7 11
7 9
7 3
6 #edges
9 1
0 7
7 11
7 9
7 8
8 3
2 #trees for patient 33
6 #edges
0 7
0 3
7 11
7 1
7 9
7 8
6 #edges
9 1
0 7
0 3
7 11
7 9
7 8
4 #trees for patient 34
6 #edges
9 1
0 7
0 3
7 11
7 9
3 8
6 #edges
1 9
0 7
0 3
7 11
7 1
3 8
6 #edges
1 9
0 7
0 3
7 11
7 1
7 8
6 #edges
9 1
0 7
0 3
7 11
7 9
7 8
4 #trees for patient 35
6 #edges
1 8
9 1
0 7
0 3
7 11
7 9
6 #edges
9 1
0 7
0 3
7 11
7 9
7 8
6 #edges
11 3
9 1
0 7
7 11
7 9
7 8
6 #edges
11 3
1 8
9 1
0 7
7 11
7 9
4 #trees for patient 36
6 #edges
9 1
0 7
0 3
7 9
7 8
3 11
6 #edges
9 1
0 7
0 3
7 11
7 9
7 8
6 #edges
1 9
0 7
0 3
7 1
7 8
3 11
6 #edges
1 9
0 7
0 3
7 11
7 1
7 8
16 #trees for patient 37
6 #edges
9 1
0 11
0 7
0 3
7 9
7 8
6 #edges
1 9
0 11
0 7
0 3
7 1
7 8
6 #edges
1 11
9 1
0 9
0 7
0 3
7 8
6 #edges
9 1
0 9
0 7
0 3
7 11
7 8
6 #edges
9 11
0 9
0 7
0 3
7 1
7 8
6 #edges
0 9
0 7
0 3
7 11
7 1
7 8
6 #edges
1 11
0 9
0 7
0 3
7 1
7 8
6 #edges
1 11
0 1
0 7
0 3
7 9
7 8
6 #edges
0 1
0 7
0 3
7 11
7 9
7 8
6 #edges
1 9
0 1
0 7
0 3
7 11
7 8
6 #edges
9 11
0 1
0 7
0 3
7 9
7 8
6 #edges
1 9
9 11
0 1
0 7
0 3
7 8
6 #edges
1 11
9 1
0 7
0 3
7 9
7 8
6 #edges
9 1
0 7
0 3
7 11
7 9
7 8
6 #edges
1 9
9 11
0 7
0 3
7 1
7 8
6 #edges
1 9
0 7
0 3
7 11
7 1
7 8
6 #trees for patient 38
6 #edges
11 7
4 5
1 11
0 2
0 4
5 1
6 #edges
11 7
4 1
1 5
0 2
0 4
5 11
6 #edges
11 7
4 2
4 5
1 11
0 4
5 1
6 #edges
11 7
4 2
4 1
1 5
0 4
5 11
6 #edges
11 7
4 5
1 11
0 4
5 1
7 2
6 #edges
11 7
4 1
1 5
0 4
5 11
7 2
2 #trees for patient 39
6 #edges
2 7
4 2
4 5
1 11
0 4
5 1
6 #edges
11 7
4 2
4 5
1 11
0 4
5 1
4 #trees for patient 40
6 #edges
11 7
4 2
4 5
1 11
0 4
5 1
6 #edges
11 7
4 5
1 11
1 2
0 4
5 1
6 #edges
11 7
4 2
4 1
1 5
0 4
5 11
6 #edges
11 7
4 1
1 5
0 4
5 11
5 2
120 #trees for patient 41
6 #edges
11 5
4 2
4 1
0 4
0 7
7 11
6 #edges
11 5
4 2
0 4
0 7
5 1
7 11
6 #edges
4 2
4 5
0 4
0 7
5 1
7 11
6 #edges
11 1
4 2
4 5
0 4
0 7
7 11
6 #edges
4 2
4 1
1 5
0 4
0 7
7 11
6 #edges
11 1
4 2
1 5
0 4
0 7
7 11
6 #edges
4 2
4 1
1 11
0 4
0 7
7 5
6 #edges
4 2
4 1
0 4
0 7
5 11
7 5
6 #edges
4 2
4 1
1 5
0 4
0 7
5 11
6 #edges
11 5
4 2
4 1
1 11
0 4
0 7
6 #edges
11 1
4 11
4 2
1 5
0 4
0 7
6 #edges
11 1
4 11
4 2
0 4
0 7
7 5
6 #edges
11 5
4 11
4 2
0 4
0 7
7 1
6 #edges
11 5
4 11
4 2
0 4
0 7
5 1
6 #edges
4 11
4 2
1 5
0 4
0 7
7 1
6 #edges
4 11
4 2
0 4
0 7
5 1
7 5
6 #edges
4 2
1 11
0 4
0 7
5 1
7 5
6 #edges
11 1
4 2
0 4
0 7
5 11
7 5
6 #edges
4 2
4 5
1 11
0 4
0 7
7 1
6 #edges
4 2
4 5
0 4
0 7
5 11
7 1
6 #edges
11 1
4 2
4 5
0 4
0 7
5 11
6 #edges
4 2
4 5
1 11
0 4
0 7
5 1
6 #edges
11 5
4 2
1 11
0 4
0 7
7 1
6 #edges
4 2
1 5
0 4
0 7
5 11
7 1
6 #edges
4 2
1 11
0 4
0 5
5 7
7 1
6 #edges
4 11
4 2
0 4
0 5
5 7
7 1
6 #edges
11 1
4 2
0 4
0 5
5 7
7 11
6 #edges
4 2
4 1
0 4
0 5
5 7
7 11
6 #edges
11 1
4 11
4 2
0 4
0 5
5 7
6 #edges
4 2
4 1
1 11
0 4
0 5
5 7
6 #edges
11 7
4 2
4 1
1 11
0 4
0 5
6 #edges
11 7
4 2
4 1
0 4
0 5
5 11
6 #edges
4 2
4 1
1 7
0 4
0 5
5 11
6 #edges
4 2
4 1
1 7
0 4
0 5
7 11
6 #edges
11 1
4 2
4 7
0 4
0 5
5 11
6 #edges
4 2
4 7
0 4
0 5
5 11
7 1
6 #edges
11 1
4 2
1 7
0 4
0 5
5 11
6 #edges
11 7
4 2
0 4
0 5
5 11
7 1
6 #edges
11 7
4 11
4 2
0 4
0 5
5 1
6 #edges
4 11
4 2
1 7
0 4
0 5
5 1
6 #edges
4 2
4 7
1 11
0 4
0 5
5 1
6 #edges
11 7
4 2
1 11
0 4
0 5
5 1
6 #edges
4 2
4 7
0 4
0 5
5 1
7 11
6 #edges
4 2
1 7
0 4
0 5
5 1
7 11
6 #edges
4 2
4 7
1 11
0 4
0 5
7 1
6 #edges
11 1
4 2
4 7
0 4
0 5
7 11
6 #edges
11 1
4 11
4 2
1 7
0 4
0 5
6 #edges
11 7
4 11
4 2
0 4
0 5
7 1
6 #edges
4 11
4 2
1 7
0 4
0 1
7 5
6 #edges
11 5
4 11
4 2
1 7
0 4
0 1
6 #edges
4 2
1 7
0 4
0 1
5 11
7 5
6 #edges
11 5
4 2
1 7
0 4
0 1
7 11
6 #edges
4 2
4 5
1 7
0 4
0 1
7 11
6 #edges
4 2
4 5
1 7
0 4
0 1
5 11
6 #edges
4 2
4 7
1 5
0 4
0 1
5 11
6 #edges
11 7
4 2
1 5
0 4
0 1
5 11
6 #edges
4 2
1 5
0 4
0 1
5 7
7 11
6 #edges
4 11
4 2
1 5
0 4
0 1
5 7
6 #edges
4 2
4 7
1 5
0 4
0 1
7 11
6 #edges
11 7
4 11
4 2
1 5
0 4
0 1
6 #edges
11 5
4 2
1 11
0 4
0 1
5 7
6 #edges
11 5
4 2
4 7
1 11
0 4
0 1
6 #edges
11 7
4 2
1 11
0 4
0 1
7 5
6 #edges
11 7
4 2
4 5
1 11
0 4
0 1
6 #edges
4 2
4 7
1 11
0 4
0 1
7 5
6 #edges
4 2
4 5
1 11
0 4
0 1
5 7
6 #edges
4 2
4 5
0 4
0 1
5 7
7 11
6 #edges
11 7
4 2
4 5
0 4
0 1
5 11
6 #edges
4 2
4 7
0 4
0 1
5 11
7 5
6 #edges
11 5
4 2
4 7
0 4
0 1
7 11
6 #edges
11 7
4 11
4 2
0 4
0 1
7 5
6 #edges
11 5
4 11
4 2
0 4
0 1
5 7
6 #edges
11 5
4 2
4 1
0 11
0 4
5 7
6 #edges
11 5
4 2
0 11
0 4
5 7
7 1
6 #edges
11 5
4 2
4 7
0 11
0 4
5 1
6 #edges
11 5
4 2
4 7
0 11
0 4
7 1
6 #edges
11 5
4 2
1 7
0 11
0 4
5 1
6 #edges
11 5
4 2
4 1
1 7
0 11
0 4
6 #edges
11 7
4 2
4 5
0 11
0 4
5 1
6 #edges
11 7
4 2
4 5
0 11
0 4
7 1
6 #edges
11 7
4 2
4 1
0 11
0 4
7 5
6 #edges
11 7
4 2
0 11
0 4
5 1
7 5
6 #edges
11 7
4 2
1 5
0 11
0 4
7 1
6 #edges
11 7
4 2
4 1
1 5
0 11
0 4
6 #edges
11 1
4 2
1 5
0 11
0 4
5 7
6 #edges
11 1
4 2
4 7
1 5
0 11
0 4
6 #edges
11 1
4 2
1 7
0 11
0 4
7 5
6 #edges
11 1
4 2
4 5
1 7
0 11
0 4
6 #edges
11 1
4 2
4 5
0 11
0 4
5 7
6 #edges
11 1
4 2
4 7
0 11
0 4
7 5
6 #edges
4 2
4 5
0 11
0 4
5 7
7 1
6 #edges
4 2
4 5
1 7
0 11
0 4
5 1
6 #edges
4 2
4 7
1 5
0 11
0 4
7 1
6 #edges
4 2
4 7
0 11
0 4
5 1
7 5
6 #edges
4 2
4 1
1 5
0 11
0 4
5 7
6 #edges
4 2
4 1
1 7
0 11
0 4
7 5
6 #edges
11 5
4 2
4 1
1 11
0 4
5 7
6 #edges
11 7
4 2
4 1
1 11
0 4
7 5
6 #edges
11 7
4 2
4 1
1 5
0 4
5 11
6 #edges
4 2
4 1
1 5
0 4
5 7
7 11
6 #edges
11 5
4 2
4 1
1 7
0 4
7 11
6 #edges
4 2
4 1
1 7
0 4
5 11
7 5
6 #edges
11 5
4 2
4 7
0 4
5 1
7 11
6 #edges
11 1
4 2
4 7
1 5
0 4
7 11
6 #edges
4 2
4 7
1 5
0 4
5 11
7 1
6 #edges
11 5
4 2
4 7
1 11
0 4
7 1
6 #edges
11 1
4 2
4 7
0 4
5 11
7 5
6 #edges
4 2
4 7
1 11
0 4
5 1
7 5
6 #edges
11 1
4 11
4 2
1 5
0 4
5 7
6 #edges
11 1
4 11
4 2
1 7
0 4
7 5
6 #edges
11 7
4 11
4 2
0 4
5 1
7 5
6 #edges
11 7
4 11
4 2
1 5
0 4
7 1
6 #edges
11 5
4 11
4 2
0 4
5 7
7 1
6 #edges
11 5
4 11
4 2
1 7
0 4
5 1
6 #edges
11 1
4 2
4 5
1 7
0 4
5 11
6 #edges
11 7
4 2
4 5
0 4
5 11
7 1
6 #edges
11 7
4 2
4 5
1 11
0 4
5 1
6 #edges
4 2
4 5
1 7
0 4
5 1
7 11
6 #edges
4 2
4 5
1 11
0 4
5 7
7 1
6 #edges
11 1
4 2
4 5
0 4
5 7
7 11
6 #trees for patient 42
6 #edges
11 5
4 2
4 1
1 11
0 4
5 7
6 #edges
11 7
4 2
4 1
1 5
0 4
5 11
6 #edges
11 7
4 2
4 5
1 11
0 4
5 1
6 #edges
11 1
4 2
4 5
1 7
0 4
5 11
6 #edges
11 5
4 11
4 2
1 7
0 4
5 1
6 #edges
11 1
4 11
4 2
1 5
0 4
5 7
6 #trees for patient 43
6 #edges
11 1
4 2
4 5
1 7
0 4
5 11
6 #edges
11 7
4 2
4 5
1 11
0 4
5 1
6 #edges
11 5
4 11
4 2
1 7
0 4
5 1
6 #edges
11 1
4 11
4 2
1 5
0 4
5 7
6 #edges
11 7
4 2
4 1
1 5
0 4
5 11
6 #edges
11 5
4 2
4 1
1 11
0 4
5 7
2 #trees for patient 44
6 #edges
11 7
4 2
4 5
1 11
0 4
5 1
6 #edges
11 7
4 2
4 1
1 5
0 4
5 11
4 #trees for patient 45
6 #edges
11 7
4 2
4 1
1 5
0 4
5 11
6 #edges
11 7
4 1
1 5
0 4
5 11
5 2
6 #edges
11 7
4 2
4 5
1 11
0 4
5 1
6 #edges
11 7
4 5
1 11
1 2
0 4
5 1
6 #trees for patient 46
6 #edges
11 7
4 2
4 5
1 11
0 4
5 1
6 #edges
11 1
4 2
4 5
1 7
0 4
5 11
6 #edges
11 7
4 2
4 1
1 5
0 4
5 11
6 #edges
11 5
4 2
4 1
1 11
0 4
5 7
6 #edges
11 5
4 11
4 2
1 7
0 4
5 1
6 #edges
11 1
4 11
4 2
1 5
0 4
5 7
209 #trees for patient 47
6 #edges
11 1
2 5
2 7
4 11
4 2
0 4
6 #edges
11 1
2 5
4 11
4 2
1 7
0 4
6 #edges
11 1
2 5
4 11
4 2
0 4
5 7
6 #edges
11 1
2 7
4 11
4 2
1 5
0 4
6 #edges
11 1
4 11
4 2
1 5
0 4
5 7
6 #edges
11 1
4 11
4 2
1 7
0 4
7 5
6 #edges
11 1
2 7
4 11
4 2
0 4
7 5
6 #edges
11 5
2 1
2 7
4 11
4 2
0 4
6 #edges
2 1
2 5
2 7
4 11
4 2
0 4
6 #edges
2 1
2 7
4 11
4 2
0 4
7 5
6 #edges
2 1
2 7
4 11
4 2
1 5
0 4
6 #edges
2 7
4 11
4 2
0 4
5 1
7 5
6 #edges
11 5
2 7
4 11
4 2
0 4
7 1
6 #edges
11 5
2 7
4 11
4 2
0 4
5 1
6 #edges
2 7
4 11
4 2
1 5
0 4
7 1
6 #edges
2 5
2 7
4 11
4 2
0 4
7 1
6 #edges
2 5
2 7
4 11
4 2
0 4
5 1
6 #edges
11 5
2 1
4 11
4 2
1 7
0 4
6 #edges
11 5
2 1
4 11
4 2
0 4
5 7
6 #edges
2 1
4 11
4 2
1 7
0 4
7 5
6 #edges
2 1
2 5
4 11
4 2
1 7
0 4
6 #edges
11 7
2 1
4 11
4 2
0 4
7 5
6 #edges
11 7
2 1
4 11
4 2
1 5
0 4
6 #edges
11 7
2 1
2 5
4 11
4 2
0 4
6 #edges
2 1
4 11
4 2
1 5
0 4
5 7
6 #edges
2 1
2 5
4 11
4 2
0 4
5 7
6 #edges
2 5
4 11
4 2
1 7
0 4
5 1
6 #edges
11 7
2 5
4 11
4 2
0 4
5 1
6 #edges
11 7
2 5
4 11
4 2
0 4
7 1
6 #edges
2 5
4 11
4 2
0 4
5 7
7 1
6 #edges
11 5
4 11
4 2
1 7
0 4
5 1
6 #edges
11 5
4 11
4 2
0 4
5 7
7 1
6 #edges
11 7
4 11
4 2
0 4
5 1
7 5
6 #edges
11 7
4 11
4 2
1 5
0 4
7 1
6 #edges
2 5
2 7
4 2
0 4
5 11
7 1
6 #edges
2 5
2 7
4 2
1 11
0 4
7 1
6 #edges
2 11
2 5
2 7
4 2
0 4
7 1
6 #edges
2 7
4 2
4 5
1 11
0 4
7 1
6 #edges
11 5
2 7
4 2
1 11
0 4
7 1
6 #edges
2 11
2 7
4 2
1 5
0 4
7 1
6 #edges
11 5
2 11
2 7
4 2
0 4
7 1
6 #edges
2 11
2 7
4 2
4 5
0 4
7 1
6 #edges
2 7
4 2
1 5
0 4
5 11
7 1
6 #edges
2 7
4 2
4 5
0 4
5 11
7 1
6 #edges
11 1
2 11
2 7
4 2
4 5
0 4
6 #edges
11 1
2 11
2 7
4 2
1 5
0 4
6 #edges
11 1
2 11
2 5
2 7
4 2
0 4
6 #edges
11 1
2 11
2 7
4 2
0 4
7 5
6 #edges
2 11
2 7
4 2
4 5
0 4
5 1
6 #edges
2 11
2 1
2 7
4 2
4 5
0 4
6 #edges
2 11
2 1
2 7
4 2
0 4
7 5
6 #edges
2 11
2 7
4 2
0 4
5 1
7 5
6 #edges
2 11
2 7
4 2
4 1
0 4
7 5
6 #edges
2 11
2 7
4 2
4 1
1 5
0 4
6 #edges
11 5
2 11
2 7
4 2
4 1
0 4
6 #edges
2 11
2 5
2 7
4 2
4 1
0 4
6 #edges
2 11
2 1
2 5
2 7
4 2
0 4
6 #edges
2 11
2 1
2 7
4 2
1 5
0 4
6 #edges
11 5
2 11
2 1
2 7
4 2
0 4
6 #edges
11 5
2 11
2 7
4 2
0 4
5 1
6 #edges
2 11
2 5
2 7
4 2
0 4
5 1
6 #edges
2 7
4 2
4 1
1 11
0 4
7 5
6 #edges
2 7
4 2
4 1
0 4
5 11
7 5
6 #edges
2 5
2 7
4 2
4 1
0 4
7 11
6 #edges
2 5
2 7
4 2
4 1
1 11
0 4
6 #edges
2 5
2 7
4 2
4 1
0 4
5 11
6 #edges
11 5
2 7
4 2
4 1
1 11
0 4
6 #edges
2 7
4 2
4 1
1 5
0 4
7 11
6 #edges
2 7
4 2
4 1
1 5
0 4
5 11
6 #edges
11 5
2 7
4 2
4 1
0 4
7 11
6 #edges
2 7
4 2
4 5
0 4
5 1
7 11
6 #edges
2 1
2 7
4 2
4 5
0 4
7 11
6 #edges
11 1
2 7
4 2
4 5
0 4
7 11
6 #edges
11 5
2 1
2 7
4 2
0 4
7 11
6 #edges
11 5
2 7
4 2
0 4
5 1
7 11
6 #edges
11 1
2 5
2 7
4 2
0 4
7 11
6 #edges
11 1
2 7
4 2
1 5
0 4
7 11
6 #edges
2 1
2 5
2 7
4 2
0 4
7 11
6 #edges
2 5
2 7
4 2
0 4
5 1
7 11
6 #edges
2 1
2 7
4 2
1 5
0 4
7 11
6 #edges
2 1
2 7
4 2
1 5
0 4
5 11
6 #edges
2 1
2 7
4 2
4 5
1 11
0 4
6 #edges
2 1
2 7
4 2
4 5
0 4
5 11
6 #edges
2 1
2 5
2 7
4 2
1 11
0 4
6 #edges
11 5
2 1
2 7
4 2
1 11
0 4
6 #edges
2 1
2 7
4 2
1 11
0 4
7 5
6 #edges
2 1
2 7
4 2
0 4
5 11
7 5
6 #edges
2 1
2 5
2 7
4 2
0 4
5 11
6 #edges
2 5
2 7
4 2
1 11
0 4
5 1
6 #edges
11 1
2 5
2 7
4 2
0 4
5 11
6 #edges
2 7
4 2
1 11
0 4
5 1
7 5
6 #edges
11 1
2 7
4 2
0 4
5 11
7 5
6 #edges
2 7
4 2
4 5
1 11
0 4
5 1
6 #edges
11 1
2 7
4 2
4 5
0 4
5 11
6 #edges
2 11
2 1
4 2
4 7
1 5
0 4
6 #edges
2 1
4 2
4 7
1 5
0 4
5 11
6 #edges
2 1
4 2
4 7
1 5
0 4
7 11
6 #edges
2 1
4 2
4 7
1 11
0 4
7 5
6 #edges
2 11
2 1
4 2
4 7
0 4
7 5
6 #edges
2 1
4 2
4 7
0 4
5 11
7 5
6 #edges
2 1
2 5
4 2
4 7
1 11
0 4
6 #edges
2 1
2 5
4 2
4 7
0 4
5 11
6 #edges
2 1
2 5
4 2
4 7
0 4
7 11
6 #edges
2 11
2 1
2 5
4 2
4 7
0 4
6 #edges
11 5
2 1
4 2
4 7
1 11
0 4
6 #edges
11 5
2 1
4 2
4 7
0 4
7 11
6 #edges
11 5
2 11
2 1
4 2
4 7
0 4
6 #edges
2 11
2 1
4 2
4 5
1 7
0 4
6 #edges
2 11
2 1
4 2
4 5
0 4
5 7
6 #edges
11 7
2 11
2 1
4 2
4 5
0 4
6 #edges
11 5
2 11
2 1
4 2
0 4
5 7
6 #edges
11 5
2 11
2 1
4 2
1 7
0 4
6 #edges
2 11
2 1
4 2
1 7
0 4
7 5
6 #edges
2 11
2 1
2 5
4 2
1 7
0 4
6 #edges
11 7
2 11
2 1
2 5
4 2
0 4
6 #edges
2 11
2 1
2 5
4 2
0 4
5 7
6 #edges
2 11
2 1
4 2
1 5
0 4
5 7
6 #edges
11 7
2 11
2 1
4 2
1 5
0 4
6 #edges
11 7
2 11
2 1
4 2
0 4
7 5
6 #edges
2 1
2 5
4 2
1 11
0 4
5 7
6 #edges
11 7
2 1
2 5
4 2
1 11
0 4
6 #edges
2 1
4 2
4 5
1 11
0 4
5 7
6 #edges
11 7
2 1
4 2
4 5
1 11
0 4
6 #edges
11 7
2 1
4 2
1 11
0 4
7 5
6 #edges
11 5
2 1
4 2
1 11
0 4
5 7
6 #edges
2 1
4 2
1 5
0 4
5 7
7 11
6 #edges
11 7
2 1
4 2
1 5
0 4
5 11
6 #edges
2 1
2 5
4 2
1 7
0 4
7 11
6 #edges
2 1
4 2
4 5
1 7
0 4
7 11
6 #edges
11 5
2 1
4 2
1 7
0 4
7 11
6 #edges
2 1
2 5
4 2
1 7
0 4
5 11
6 #edges
2 1
4 2
1 7
0 4
5 11
7 5
6 #edges
2 1
4 2
4 5
1 7
0 4
5 11
6 #edges
11 7
2 1
2 5
4 2
0 4
5 11
6 #edges
2 1
2 5
4 2
0 4
5 7
7 11
6 #edges
2 1
4 2
4 5
0 4
5 7
7 11
6 #edges
11 7
2 1
4 2
4 5
0 4
5 11
6 #edges
11 5
4 2
4 1
1 11
0 4
5 7
6 #edges
11 7
4 2
4 1
1 11
0 4
7 5
6 #edges
11 7
2 5
4 2
4 1
1 11
0 4
6 #edges
2 5
4 2
4 1
1 11
0 4
5 7
6 #edges
11 5
2 11
4 2
4 1
1 7
0 4
6 #edges
2 11
4 2
4 1
1 7
0 4
7 5
6 #edges
2 11
2 5
4 2
4 1
1 7
0 4
6 #edges
2 5
4 2
4 1
1 7
0 4
7 11
6 #edges
11 5
4 2
4 1
1 7
0 4
7 11
6 #edges
4 2
4 1
1 7
0 4
5 11
7 5
6 #edges
2 5
4 2
4 1
1 7
0 4
5 11
6 #edges
2 11
4 2
4 1
1 5
0 4
5 7
6 #edges
4 2
4 1
1 5
0 4
5 7
7 11
6 #edges
11 7
2 11
4 2
4 1
1 5
0 4
6 #edges
11 7
4 2
4 1
1 5
0 4
5 11
6 #edges
11 7
2 5
4 2
4 1
0 4
5 11
6 #edges
11 7
2 11
2 5
4 2
4 1
0 4
6 #edges
2 11
2 5
4 2
4 1
0 4
5 7
6 #edges
2 5
4 2
4 1
0 4
5 7
7 11
6 #edges
11 5
2 11
4 2
4 1
0 4
5 7
6 #edges
11 7
2 11
4 2
4 1
0 4
7 5
6 #edges
2 11
2 5
4 2
4 7
0 4
7 1
6 #edges
2 5
4 2
4 7
0 4
5 11
7 1
6 #edges
2 5
4 2
4 7
1 11
0 4
7 1
6 #edges
11 1
2 11
2 5
4 2
4 7
0 4
6 #edges
2 11
2 5
4 2
4 7
0 4
5 1
6 #edges
11 1
2 5
4 2
4 7
0 4
7 11
6 #edges
2 5
4 2
4 7
0 4
5 1
7 11
6 #edges
11 1
2 5
4 2
4 7
0 4
5 11
6 #edges
2 5
4 2
4 7
1 11
0 4
5 1
6 #edges
2 5
4 2
1 7
0 4
5 1
7 11
6 #edges
2 11
2 5
4 2
1 7
0 4
5 1
6 #edges
11 7
2 5
4 2
1 11
0 4
5 1
6 #edges
11 7
2 11
2 5
4 2
0 4
5 1
6 #edges
11 1
2 11
2 5
4 2
1 7
0 4
6 #edges
11 1
2 11
2 5
4 2
0 4
5 7
6 #edges
2 11
2 5
4 2
0 4
5 7
7 1
6 #edges
11 7
2 11
2 5
4 2
0 4
7 1
6 #edges
11 1
2 5
4 2
0 4
5 7
7 11
6 #edges
2 5
4 2
1 11
0 4
5 7
7 1
6 #edges
11 7
2 5
4 2
0 4
5 11
7 1
6 #edges
11 1
2 5
4 2
1 7
0 4
5 11
6 #edges
11 1
4 2
4 7
0 4
5 11
7 5
6 #edges
11 1
2 11
4 2
4 7
0 4
7 5
6 #edges
2 11
4 2
4 7
0 4
5 1
7 5
6 #edges
4 2
4 7
1 11
0 4
5 1
7 5
6 #edges
11 5
2 11
4 2
4 7
0 4
7 1
6 #edges
11 5
2 11
4 2
4 7
0 4
5 1
6 #edges
2 11
4 2
4 7
1 5
0 4
7 1
6 #edges
11 1
2 11
4 2
4 7
1 5
0 4
6 #edges
4 2
4 7
1 5
0 4
5 11
7 1
6 #edges
11 5
4 2
4 7
1 11
0 4
7 1
6 #edges
11 5
4 2
4 7
0 4
5 1
7 11
6 #edges
11 1
4 2
4 7
1 5
0 4
7 11
6 #edges
2 11
4 2
4 5
1 7
0 4
5 1
6 #edges
11 7
2 11
4 2
4 5
0 4
5 1
6 #edges
11 1
2 11
4 2
4 5
0 4
5 7
6 #edges
2 11
4 2
4 5
0 4
5 7
7 1
6 #edges
11 1
2 11
4 2
4 5
1 7
0 4
6 #edges
11 7
2 11
4 2
4 5
0 4
7 1
6 #edges
11 7
2 11
4 2
1 5
0 4
7 1
6 #edges
11 7
2 11
4 2
0 4
5 1
7 5
6 #edges
11 1
2 11
4 2
1 7
0 4
7 5
6 #edges
11 1
2 11
4 2
1 5
0 4
5 7
6 #edges
11 5
2 11
4 2
1 7
0 4
5 1
6 #edges
11 5
2 11
4 2
0 4
5 7
7 1
6 #edges
11 7
4 2
4 5
0 4
5 11
7 1
6 #edges
11 1
4 2
4 5
1 7
0 4
5 11
6 #edges
4 2
4 5
1 7
0 4
5 1
7 11
6 #edges
11 7
4 2
4 5
1 11
0 4
5 1
6 #edges
4 2
4 5
1 11
0 4
5 7
7 1
6 #edges
11 1
4 2
4 5
0 4
5 7
7 11
4 #trees for patient 48
6 #edges
4 2
4 1
1 5
0 4
5 11
5 7
6 #edges
11 7
4 2
4 1
1 5
0 4
5 11
6 #edges
4 2
4 5
1 11
1 7
0 4
5 1
6 #edges
11 7
4 2
4 5
1 11
0 4
5 1
48 #trees for patient 49
6 #edges
11 1
2 5
4 11
4 2
1 7
0 4
6 #edges
11 1
2 5
4 11
4 2
0 4
5 7
6 #edges
11 7
2 5
4 11
4 2
0 4
7 1
6 #edges
11 7
2 5
4 11
4 2
0 4
5 1
6 #edges
2 5
4 11
4 2
1 7
0 4
5 1
6 #edges
2 5
4 11
4 2
0 4
5 7
7 1
6 #edges
11 1
2 11
4 2
4 5
1 7
0 4
6 #edges
11 1
2 11
4 2
4 5
0 4
5 7
6 #edges
11 7
2 11
4 2
4 5
0 4
5 1
6 #edges
2 11
4 2
4 5
1 7
0 4
5 1
6 #edges
11 7
2 11
4 2
4 5
0 4
7 1
6 #edges
2 11
4 2
4 5
0 4
5 7
7 1
6 #edges
11 7
2 1
4 2
4 5
1 11
0 4
6 #edges
2 1
4 2
4 5
1 11
0 4
5 7
6 #edges
2 1
4 2
4 5
1 7
0 4
5 11
6 #edges
2 1
4 2
4 5
1 7
0 4
7 11
6 #edges
2 1
4 2
4 5
0 4
5 7
7 11
6 #edges
11 7
2 1
4 2
4 5
0 4
5 11
6 #edges
11 1
2 7
4 2
4 5
0 4
5 11
6 #edges
2 7
4 2
4 5
0 4
5 11
7 1
6 #edges
2 7
4 2
4 5
1 11
0 4
7 1
6 #edges
2 7
4 2
4 5
1 11
0 4
5 1
6 #edges
2 7
4 2
4 5
0 4
5 1
7 11
6 #edges
11 1
2 7
4 2
4 5
0 4
7 11
6 #edges
2 5
4 2
4 1
1 7
0 4
5 11
6 #edges
2 5
4 2
4 1
1 7
0 4
7 11
6 #edges
11 7
2 5
4 2
4 1
1 11
0 4
6 #edges
2 5
4 2
4 1
1 11
0 4
5 7
6 #edges
11 7
2 5
4 2
4 1
0 4
5 11
6 #edges
2 5
4 2
4 1
0 4
5 7
7 11
6 #edges
2 5
4 2
4 7
1 11
0 4
7 1
6 #edges
2 5
4 2
4 7
0 4
5 11
7 1
6 #edges
2 5
4 2
4 7
0 4
5 1
7 11
6 #edges
11 1
2 5
4 2
4 7
0 4
7 11
6 #edges
2 5
4 2
4 7
1 11
0 4
5 1
6 #edges
11 1
2 5
4 2
4 7
0 4
5 11
6 #edges
11 1
4 2
4 5
0 4
5 7
7 11
6 #edges
4 2
4 5
1 11
0 4
5 7
7 1
6 #edges
11 7
4 2
4 5
0 4
5 11
7 1
6 #edges
11 1
4 2
4 5
1 7
0 4
5 11
6 #edges
4 2
4 5
1 7
0 4
5 1
7 11
6 #edges
11 7
4 2
4 5
1 11
0 4
5 1
6 #edges
2 5
4 2
1 11
0 4
5 7
7 1
6 #edges
11 1
2 5
4 2
0 4
5 7
7 11
6 #edges
11 7
2 5
4 2
0 4
5 11
7 1
6 #edges
11 1
2 5
4 2
1 7
0 4
5 11
6 #edges
11 7
2 5
4 2
1 11
0 4
5 1
6 #edges
2 5
4 2
1 7
0 4
5 1
7 11
