50 # patients
8 #trees for patient 0
6 #edges
1 6
10 1
0 7
0 10
0 2
0 11
6 #edges
7 6
10 1
0 7
0 10
0 2
0 11
6 #edges
7 6
1 10
0 7
0 1
0 2
0 11
6 #edges
1 10
10 6
0 7
0 1
0 2
0 11
6 #edges
7 6
1 2
10 1
0 7
0 10
0 11
6 #edges
1 6
1 2
10 1
0 7
0 10
0 11
6 #edges
1 10
10 6
10 2
0 7
0 1
0 11
6 #edges
7 6
1 10
10 2
0 7
0 1
0 11
4 #trees for patient 1
6 #edges
10 1
11 6
11 2
0 7
0 10
0 11
6 #edges
1 6
10 1
11 2
0 7
0 10
0 11
6 #edges
1 6
1 2
10 1
0 7
0 10
0 11
6 #edges
1 2
10 1
11 6
0 7
0 10
0 11
4 #trees for patient 2
6 #edges
1 10
10 6
10 2
0 7
0 1
0 11
6 #edges
1 6
1 2
10 1
0 7
0 10
0 11
6 #edges
1 6
1 2
10 1
2 11
0 7
0 10
6 #edges
1 10
10 6
10 2
2 11
0 7
0 1
3 #trees for patient 3
6 #edges
1 6
1 2
10 1
0 7
0 10
0 11
6 #edges
1 6
1 2
10 1
11 7
0 10
0 11
6 #edges
1 6
1 2
10 7
10 1
0 10
0 11
2 #trees for patient 4
6 #edges
1 6
1 2
10 1
0 7
0 10
0 11
6 #edges
1 6
1 2
10 1
2 11
0 7
0 10
11 #trees for patient 5
6 #edges
1 6
1 2
10 1
0 7
0 10
0 11
6 #edges
1 6
1 2
10 1
2 11
0 7
0 10
6 #edges
1 6
1 2
10 1
10 11
0 7
0 10
6 #edges
1 6
1 2
10 1
11 7
0 10
0 11
6 #edges
1 6
1 2
10 7
10 1
0 10
0 11
6 #edges
1 6
1 2
10 1
2 7
0 10
0 11
6 #edges
1 6
1 2
10 1
10 11
11 7
0 10
6 #edges
1 6
1 2
10 1
10 11
2 7
0 10
6 #edges
1 6
1 2
10 7
10 1
2 11
0 10
6 #edges
1 6
1 2
10 1
2 7
2 11
0 10
6 #edges
1 6
1 2
10 1
2 11
11 7
0 10
2 #trees for patient 6
6 #edges
7 6
1 2
10 1
0 7
0 10
0 11
6 #edges
1 6
1 2
10 1
0 7
0 10
0 11
5 #trees for patient 7
6 #edges
1 7
1 2
10 1
0 10
0 6
0 11
6 #edges
7 6
1 2
10 1
0 7
0 10
0 11
6 #edges
1 6
1 2
10 1
0 7
0 10
0 11
6 #edges
1 7
1 6
1 2
10 1
0 10
0 11
6 #edges
7 6
1 7
1 2
10 1
0 10
0 11
4 #trees for patient 8
6 #edges
1 6
1 2
10 1
10 11
0 7
0 10
6 #edges
1 6
1 2
10 1
0 7
0 10
0 11
6 #edges
1 6
10 1
10 11
6 2
0 7
0 10
6 #edges
1 6
10 1
6 2
0 7
0 10
0 11
6 #trees for patient 9
6 #edges
7 6
1 10
10 2
0 7
0 1
0 11
6 #edges
1 10
10 6
10 2
0 7
0 1
0 11
6 #edges
1 10
10 2
2 6
0 7
0 1
0 11
6 #edges
7 6
1 2
10 1
0 7
0 10
0 11
6 #edges
1 6
1 2
10 1
0 7
0 10
0 11
6 #edges
1 2
10 1
2 6
0 7
0 10
0 11
4 #trees for patient 10
6 #edges
1 10
10 6
10 2
0 7
0 1
0 11
6 #edges
1 6
1 2
10 1
0 7
0 10
0 11
6 #edges
1 6
1 2
10 1
6 11
0 7
0 10
6 #edges
1 10
10 6
10 2
6 11
0 7
0 1
6 #trees for patient 11
6 #edges
1 6
1 2
10 1
2 7
0 10
0 11
6 #edges
1 6
1 2
10 1
0 7
0 10
0 11
6 #edges
7 11
1 6
1 2
10 1
0 7
0 10
6 #edges
1 6
1 2
10 1
2 11
0 7
0 10
6 #edges
1 6
1 2
10 1
2 7
2 11
0 10
6 #edges
7 11
1 6
1 2
10 1
2 7
0 10
18 #trees for patient 12
6 #edges
10 1
10 2
11 6
0 7
0 10
0 11
6 #edges
1 6
10 1
10 2
0 7
0 10
0 11
6 #edges
10 1
10 6
10 2
0 7
0 10
0 11
6 #edges
1 2
10 1
10 6
0 7
0 10
0 11
6 #edges
1 6
1 2
10 1
0 7
0 10
0 11
6 #edges
1 2
10 1
11 6
0 7
0 10
0 11
6 #edges
10 1
10 2
11 7
11 6
0 10
0 11
6 #edges
1 2
10 1
11 7
11 6
0 10
0 11
6 #edges
1 7
1 2
10 1
11 6
0 10
0 11
6 #edges
1 7
10 1
10 2
11 6
0 10
0 11
6 #edges
10 1
10 6
10 2
11 7
0 10
0 11
6 #edges
1 6
10 1
10 2
11 7
0 10
0 11
6 #edges
1 2
10 1
10 6
11 7
0 10
0 11
6 #edges
1 6
1 2
10 1
11 7
0 10
0 11
6 #edges
1 7
10 1
10 6
10 2
0 10
0 11
6 #edges
1 7
1 2
10 1
10 6
0 10
0 11
6 #edges
1 7
1 6
10 1
10 2
0 10
0 11
6 #edges
1 7
1 6
1 2
10 1
0 10
0 11
4 #trees for patient 13
6 #edges
1 6
1 2
10 1
0 7
0 10
0 11
6 #edges
1 2
10 1
11 6
0 7
0 10
0 11
6 #edges
1 10
10 6
10 2
0 7
0 1
0 11
6 #edges
1 10
10 2
11 6
0 7
0 1
0 11
4 #trees for patient 14
6 #edges
1 6
1 2
10 1
0 7
0 10
0 11
6 #edges
1 10
10 6
10 2
0 7
0 1
0 11
6 #edges
1 6
1 2
10 1
2 11
0 7
0 10
6 #edges
1 10
10 6
10 2
2 11
0 7
0 1
7 #trees for patient 15
6 #edges
1 2
10 1
11 7
0 10
0 6
0 11
6 #edges
1 2
10 1
11 6
0 7
0 10
0 11
6 #edges
7 6
1 2
10 1
0 7
0 10
0 11
6 #edges
1 6
1 2
10 1
0 7
0 10
0 11
6 #edges
7 6
1 2
10 1
11 7
0 10
0 11
6 #edges
1 2
10 1
11 7
11 6
0 10
0 11
6 #edges
1 6
1 2
10 1
11 7
0 10
0 11
8 #trees for patient 16
6 #edges
1 2
10 1
0 7
0 10
0 6
0 11
6 #edges
1 2
10 1
11 7
0 10
0 6
0 11
6 #edges
1 10
10 2
0 7
0 1
0 6
0 11
6 #edges
1 10
10 2
11 7
0 1
0 6
0 11
6 #edges
1 10
10 6
10 2
0 7
0 1
0 11
6 #edges
1 6
1 2
10 1
0 7
0 10
0 11
6 #edges
1 6
1 2
10 1
11 7
0 10
0 11
6 #edges
1 10
10 6
10 2
11 7
0 1
0 11
4 #trees for patient 17
6 #edges
1 10
10 6
11 2
0 7
0 1
0 11
6 #edges
1 6
10 1
11 2
0 7
0 10
0 11
6 #edges
1 10
10 6
10 2
0 7
0 1
0 11
6 #edges
1 6
1 2
10 1
0 7
0 10
0 11
5 #trees for patient 18
6 #edges
8 10
1 8
1 6
1 3
1 11
0 1
6 #edges
8 10
1 8
1 3
1 11
11 6
0 1
6 #edges
8 10
1 8
1 6
1 11
11 3
0 1
6 #edges
8 10
1 8
1 11
6 3
11 6
0 1
6 #edges
8 10
1 8
1 6
1 11
6 3
0 1
6 #trees for patient 19
6 #edges
8 10
1 8
1 6
1 3
1 11
0 1
6 #edges
8 10
1 8
1 3
1 11
11 6
0 1
6 #edges
8 10
1 8
1 6
1 3
6 11
0 1
6 #edges
8 10
8 3
1 8
1 6
1 11
0 1
6 #edges
8 10
8 3
1 8
1 6
6 11
0 1
6 #edges
8 10
8 3
1 8
1 11
11 6
0 1
3 #trees for patient 20
6 #edges
8 10
1 8
1 11
11 6
0 1
0 3
6 #edges
8 10
1 8
1 3
1 11
11 6
0 1
6 #edges
8 10
1 8
1 11
11 6
11 3
0 1
6 #trees for patient 21
6 #edges
1 10
1 3
1 11
3 8
11 6
0 1
6 #edges
1 10
1 3
1 11
10 8
11 6
0 1
6 #edges
8 10
1 3
1 11
3 8
11 6
0 1
6 #edges
1 8
1 3
1 11
3 10
11 6
0 1
6 #edges
1 3
1 11
10 8
3 10
11 6
0 1
6 #edges
8 10
1 8
1 3
1 11
11 6
0 1
3 #trees for patient 22
6 #edges
1 8
1 10
1 3
1 11
11 6
0 1
6 #edges
8 10
1 8
1 3
1 11
11 6
0 1
6 #edges
1 8
1 3
1 11
6 10
11 6
0 1
1 #trees for patient 23
6 #edges
8 10
1 8
1 3
1 11
11 6
0 1
12 #trees for patient 24
6 #edges
1 10
1 3
1 11
10 8
11 6
0 1
6 #edges
1 10
1 3
1 11
10 8
3 6
0 1
6 #edges
1 10
1 6
1 3
10 8
3 11
0 1
6 #edges
1 10
1 6
1 3
10 8
6 11
0 1
6 #edges
1 10
1 3
10 8
3 11
11 6
0 1
6 #edges
1 10
1 3
10 8
6 11
3 6
0 1
6 #edges
8 10
1 8
1 6
1 3
6 11
0 1
6 #edges
8 10
1 8
1 6
1 3
3 11
0 1
6 #edges
8 10
1 8
1 3
1 11
3 6
0 1
6 #edges
8 10
1 8
1 3
6 11
3 6
0 1
6 #edges
8 10
1 8
1 3
1 11
11 6
0 1
6 #edges
8 10
1 8
1 3
3 11
11 6
0 1
4 #trees for patient 25
6 #edges
1 8
1 3
1 11
6 10
11 6
0 1
6 #edges
8 10
1 8
1 3
1 11
11 6
0 1
6 #edges
8 10
1 8
1 6
1 3
6 11
0 1
6 #edges
1 8
1 6
1 3
6 11
11 10
0 1
16 #trees for patient 26
6 #edges
8 10
1 8
1 3
1 11
11 6
0 1
6 #edges
1 8
1 10
1 3
1 11
11 6
0 1
6 #edges
1 8
1 3
1 11
3 10
11 6
0 1
6 #edges
1 8
1 10
1 3
1 11
3 6
0 1
6 #edges
1 8
1 3
1 11
3 10
3 6
0 1
6 #edges
8 10
1 8
1 3
1 11
3 6
0 1
6 #edges
8 10
1 8
1 6
1 3
3 11
0 1
6 #edges
8 10
1 8
1 3
3 11
11 6
0 1
6 #edges
8 10
1 8
1 3
3 6
3 11
0 1
6 #edges
1 8
1 10
1 6
1 3
3 11
0 1
6 #edges
1 8
1 10
1 3
3 6
3 11
0 1
6 #edges
1 8
1 10
1 3
3 11
11 6
0 1
6 #edges
1 10
1 3
1 11
3 8
11 6
0 1
6 #edges
1 10
1 3
1 11
3 8
3 6
0 1
6 #edges
8 10
1 3
1 11
3 8
11 6
0 1
6 #edges
8 10
1 3
1 11
3 8
3 6
0 1
2 #trees for patient 27
6 #edges
8 10
1 8
1 3
1 11
11 6
0 1
6 #edges
8 10
1 8
1 11
10 3
11 6
0 1
8 #trees for patient 28
6 #edges
8 6
1 8
1 10
1 11
6 3
0 1
6 #edges
8 6
1 8
1 10
1 11
11 3
0 1
6 #edges
8 3
1 8
1 10
1 11
11 6
0 1
6 #edges
1 8
1 10
1 11
6 3
11 6
0 1
6 #edges
8 10
1 8
1 11
6 3
11 6
0 1
6 #edges
8 10
1 8
1 3
1 11
11 6
0 1
6 #edges
8 10
1 8
1 6
1 11
11 3
0 1
6 #edges
8 10
1 8
1 6
1 11
6 3
0 1
4 #trees for patient 29
6 #edges
1 10
1 3
1 11
10 8
3 6
0 1
6 #edges
1 10
1 3
1 11
10 8
11 6
0 1
6 #edges
8 10
1 8
1 3
1 11
3 6
0 1
6 #edges
8 10
1 8
1 3
1 11
11 6
0 1
8 #trees for patient 30
6 #edges
8 10
1 8
1 11
11 6
0 1
0 3
6 #edges
1 10
1 11
10 8
11 6
0 1
0 3
6 #edges
8 10
1 8
1 6
6 11
0 1
0 3
6 #edges
1 10
1 6
10 8
6 11
0 1
0 3
6 #edges
8 10
1 8
1 6
1 3
6 11
0 1
6 #edges
8 10
1 8
1 3
1 11
11 6
0 1
6 #edges
1 10
1 3
1 11
10 8
11 6
0 1
6 #edges
1 10
1 6
1 3
10 8
6 11
0 1
12 #trees for patient 31
6 #edges
8 10
8 3
1 8
1 11
11 6
0 1
6 #edges
8 10
1 8
1 3
1 11
11 6
0 1
6 #edges
8 10
1 8
1 3
1 11
10 6
0 1
6 #edges
8 10
8 3
1 8
1 11
10 6
0 1
6 #edges
8 10
1 8
1 6
1 3
6 11
0 1
6 #edges
8 10
1 8
1 6
1 3
10 11
0 1
6 #edges
8 10
1 8
1 3
10 6
6 11
0 1
6 #edges
8 10
1 8
1 3
10 11
11 6
0 1
6 #edges
8 10
8 3
1 8
1 6
6 11
0 1
6 #edges
8 10
8 3
1 8
1 6
10 11
0 1
6 #edges
8 10
8 3
1 8
10 6
6 11
0 1
6 #edges
8 10
8 3
1 8
10 11
11 6
0 1
4 #trees for patient 32
6 #edges
8 10
1 8
1 3
1 11
11 6
0 1
6 #edges
8 10
8 6
1 8
1 3
1 11
0 1
6 #edges
8 10
1 8
1 11
10 3
11 6
0 1
6 #edges
8 10
8 6
1 8
1 11
10 3
0 1
4 #trees for patient 33
6 #edges
8 10
1 8
1 3
1 11
0 1
0 6
6 #edges
8 10
1 8
1 3
1 11
10 6
0 1
6 #edges
8 10
1 8
1 3
1 11
11 6
0 1
6 #edges
8 10
8 6
1 8
1 3
1 11
0 1
14 #trees for patient 34
6 #edges
1 10
1 6
1 3
1 11
3 8
0 1
6 #edges
1 10
1 3
1 11
3 8
11 6
0 1
6 #edges
1 10
1 6
1 3
1 11
10 8
0 1
6 #edges
1 10
1 3
1 11
10 8
11 6
0 1
6 #edges
1 6
1 3
1 11
10 8
3 10
0 1
6 #edges
1 6
1 3
1 11
3 8
3 10
0 1
6 #edges
1 8
1 6
1 3
1 11
3 10
0 1
6 #edges
8 10
1 6
1 3
1 11
3 8
0 1
6 #edges
8 10
1 8
1 6
1 3
1 11
0 1
6 #edges
1 8
1 3
1 11
3 10
11 6
0 1
6 #edges
8 10
1 8
1 3
1 11
11 6
0 1
6 #edges
1 3
1 11
10 8
3 10
11 6
0 1
6 #edges
1 3
1 11
3 8
3 10
11 6
0 1
6 #edges
8 10
1 3
1 11
3 8
11 6
0 1
6 #trees for patient 35
6 #edges
8 10
1 8
1 6
1 3
6 11
0 1
6 #edges
8 10
1 8
1 6
1 3
3 11
0 1
6 #edges
8 10
1 8
1 3
1 11
3 6
0 1
6 #edges
8 10
1 8
1 3
1 11
11 6
0 1
6 #edges
8 10
1 8
1 3
3 11
11 6
0 1
6 #edges
8 10
1 8
1 3
6 11
3 6
0 1
2 #trees for patient 36
6 #edges
1 8
1 3
1 11
11 10
11 6
0 1
6 #edges
8 10
1 8
1 3
1 11
11 6
0 1
8 #trees for patient 37
6 #edges
8 10
1 8
1 6
1 3
6 11
0 1
6 #edges
8 10
1 8
1 3
1 11
11 6
0 1
6 #edges
1 10
1 6
1 3
10 8
6 11
0 1
6 #edges
1 10
1 3
1 11
10 8
11 6
0 1
6 #edges
8 10
1 8
1 6
6 11
11 3
0 1
6 #edges
8 10
1 8
1 11
6 3
11 6
0 1
6 #edges
1 10
1 11
10 8
6 3
11 6
0 1
6 #edges
1 10
1 6
10 8
6 11
11 3
0 1
26 #trees for patient 38
6 #edges
1 10
1 3
1 11
3 8
11 6
0 1
6 #edges
1 10
1 3
1 11
3 8
3 6
0 1
6 #edges
1 10
1 3
1 11
3 6
11 8
0 1
6 #edges
1 10
1 3
1 11
10 8
3 6
0 1
6 #edges
1 10
1 3
1 11
10 8
11 6
0 1
6 #edges
1 10
1 3
1 11
11 8
11 6
0 1
6 #edges
1 3
1 11
3 6
11 8
11 10
0 1
6 #edges
1 3
1 11
11 8
11 10
11 6
0 1
6 #edges
1 3
1 11
10 8
11 10
11 6
0 1
6 #edges
1 3
1 11
10 8
3 6
11 10
0 1
6 #edges
1 3
1 11
3 8
11 10
11 6
0 1
6 #edges
1 8
1 3
1 11
11 10
11 6
0 1
6 #edges
1 3
1 11
3 8
3 6
11 10
0 1
6 #edges
1 8
1 3
1 11
3 6
11 10
0 1
6 #edges
1 3
1 11
3 10
11 8
11 6
0 1
6 #edges
1 3
1 11
3 10
3 6
11 8
0 1
6 #edges
1 3
1 11
10 8
3 10
3 6
0 1
6 #edges
1 3
1 11
10 8
3 10
11 6
0 1
6 #edges
1 8
1 3
1 11
3 10
11 6
0 1
6 #edges
1 8
1 3
1 11
3 10
3 6
0 1
6 #edges
8 10
1 3
1 11
11 8
11 6
0 1
6 #edges
8 10
1 3
1 11
3 6
11 8
0 1
6 #edges
8 10
1 8
1 3
1 11
3 6
0 1
6 #edges
8 10
1 8
1 3
1 11
11 6
0 1
6 #edges
8 10
1 3
1 11
3 8
11 6
0 1
6 #edges
8 10
1 3
1 11
3 8
3 6
0 1
12 #trees for patient 39
6 #edges
8 10
1 8
1 11
10 6
0 1
0 3
6 #edges
8 10
1 8
1 11
11 6
0 1
0 3
6 #edges
8 6
1 10
1 11
10 8
0 1
0 3
6 #edges
1 10
1 11
10 8
11 6
0 1
0 3
6 #edges
8 10
1 8
1 11
11 6
11 3
0 1
6 #edges
8 10
1 8
1 3
1 11
11 6
0 1
6 #edges
8 10
1 8
1 11
10 6
11 3
0 1
6 #edges
8 10
1 8
1 3
1 11
10 6
0 1
6 #edges
1 10
1 3
1 11
10 8
11 6
0 1
6 #edges
8 6
1 10
1 3
1 11
10 8
0 1
6 #edges
8 6
1 10
1 11
10 8
11 3
0 1
6 #edges
1 10
1 11
10 8
11 6
11 3
0 1
13 #trees for patient 40
6 #edges
8 10
1 8
1 3
11 6
0 1
0 11
6 #edges
8 10
1 8
1 3
0 1
0 6
0 11
6 #edges
8 10
1 8
1 3
10 6
0 1
0 11
6 #edges
8 10
1 8
1 6
1 3
0 1
0 11
6 #edges
8 10
1 8
1 3
1 11
0 1
0 6
6 #edges
8 10
1 8
1 3
6 11
0 1
0 6
6 #edges
8 10
1 8
1 3
10 11
0 1
0 6
6 #edges
8 10
1 8
1 3
1 11
11 6
0 1
6 #edges
8 10
1 8
1 3
1 11
10 6
0 1
6 #edges
8 10
1 8
1 6
1 3
6 11
0 1
6 #edges
8 10
1 8
1 6
1 3
10 11
0 1
6 #edges
8 10
1 8
1 3
10 6
6 11
0 1
6 #edges
8 10
1 8
1 3
10 11
11 6
0 1
12 #trees for patient 41
6 #edges
8 10
1 8
1 6
1 3
6 11
0 1
6 #edges
1 8
1 6
1 3
6 11
11 10
0 1
6 #edges
8 10
1 8
1 3
1 11
11 6
0 1
6 #edges
1 8
1 3
1 11
6 10
11 6
0 1
6 #edges
1 10
1 6
1 3
6 11
11 8
0 1
6 #edges
1 10
1 6
1 3
10 8
6 11
0 1
6 #edges
1 10
1 3
1 11
10 8
11 6
0 1
6 #edges
1 10
1 3
1 11
6 8
11 6
0 1
6 #edges
1 6
1 3
10 8
6 11
11 10
0 1
6 #edges
8 10
1 6
1 3
6 11
11 8
0 1
6 #edges
8 10
1 3
1 11
6 8
11 6
0 1
6 #edges
1 3
1 11
10 8
6 10
11 6
0 1
10 #trees for patient 42
6 #edges
7 8
7 9
7 11
9 3
0 7
0 1
6 #edges
7 8
7 3
7 11
3 9
0 7
0 1
6 #edges
8 1
7 9
7 11
9 3
0 8
0 7
6 #edges
8 1
7 3
7 11
3 9
0 8
0 7
6 #edges
7 1
7 3
7 11
3 9
0 8
0 7
6 #edges
7 1
7 9
7 11
9 3
0 8
0 7
6 #edges
8 1
7 8
7 3
7 11
3 9
0 7
6 #edges
7 8
7 1
7 3
7 11
3 9
0 7
6 #edges
7 8
7 1
7 9
7 11
9 3
0 7
6 #edges
8 1
7 8
7 9
7 11
9 3
0 7
4 #trees for patient 43
6 #edges
7 1
7 9
3 11
9 3
0 8
0 7
6 #edges
7 1
7 9
7 11
9 3
0 8
0 7
6 #edges
7 1
7 9
7 11
1 8
9 3
0 7
6 #edges
7 1
7 9
1 8
3 11
9 3
0 7
3 #trees for patient 44
6 #edges
7 1
7 9
9 3
0 8
0 7
0 11
6 #edges
7 1
7 9
7 11
9 3
0 8
0 7
6 #edges
7 1
7 9
3 11
9 3
0 8
0 7
10 #trees for patient 45
6 #edges
7 1
7 3
7 9
7 11
0 8
0 7
6 #edges
7 1
7 3
7 11
1 9
0 8
0 7
6 #edges
7 1
7 9
7 11
1 3
0 8
0 7
6 #edges
7 1
7 9
7 11
9 3
0 8
0 7
6 #edges
7 1
7 11
1 9
9 3
0 8
0 7
6 #edges
7 1
7 11
1 9
9 3
11 8
0 7
6 #edges
7 1
7 3
7 11
1 9
11 8
0 7
6 #edges
7 1
7 9
7 11
1 3
11 8
0 7
6 #edges
7 1
7 9
7 11
9 3
11 8
0 7
6 #edges
7 1
7 3
7 9
7 11
11 8
0 7
4 #trees for patient 46
6 #edges
7 1
7 9
7 11
9 3
0 8
0 7
6 #edges
8 1
7 9
7 11
9 3
0 8
0 7
6 #edges
8 1
7 9
9 3
9 11
0 8
0 7
6 #edges
7 1
7 9
9 3
9 11
0 8
0 7
7 #trees for patient 47
6 #edges
7 1
7 9
7 11
11 3
0 8
0 7
6 #edges
7 1
7 9
7 11
9 3
0 8
0 7
6 #edges
7 1
7 3
7 11
3 9
0 8
0 7
6 #edges
7 1
7 3
7 11
11 9
0 8
0 7
6 #edges
7 1
7 11
3 9
11 3
0 8
0 7
6 #edges
7 1
7 11
11 3
11 9
0 8
0 7
6 #edges
7 1
7 11
9 3
11 9
0 8
0 7
21 #trees for patient 48
6 #edges
7 1
7 3
7 11
3 9
0 8
0 7
6 #edges
7 1
7 3
7 11
11 9
0 8
0 7
6 #edges
7 1
7 11
9 3
11 9
0 8
0 7
6 #edges
7 1
7 11
11 3
11 9
0 8
0 7
6 #edges
7 1
7 9
7 11
11 3
0 8
0 7
6 #edges
7 1
7 9
7 11
9 3
0 8
0 7
6 #edges
7 1
7 11
3 9
11 3
0 8
0 7
6 #edges
7 1
7 9
7 11
11 8
11 3
0 7
6 #edges
7 1
7 9
7 11
9 3
11 8
0 7
6 #edges
7 1
7 9
7 11
1 8
11 3
0 7
6 #edges
7 1
7 9
7 11
1 8
9 3
0 7
6 #edges
7 1
7 3
7 11
1 8
3 9
0 7
6 #edges
7 1
7 3
7 11
3 9
11 8
0 7
6 #edges
7 1
7 3
7 11
11 8
11 9
0 7
6 #edges
7 1
7 3
7 11
1 8
11 9
0 7
6 #edges
7 1
7 11
1 8
11 3
11 9
0 7
6 #edges
7 1
7 11
1 8
3 9
11 3
0 7
6 #edges
7 1
7 11
1 8
9 3
11 9
0 7
6 #edges
7 1
7 11
3 9
11 8
11 3
0 7
6 #edges
7 1
7 11
11 8
11 3
11 9
0 7
6 #edges
7 1
7 11
9 3
11 8
11 9
0 7
10 #trees for patient 49
6 #edges
7 1
7 9
0 8
0 7
0 3
0 11
6 #edges
7 1
7 9
9 3
0 8
0 7
0 11
6 #edges
7 9
7 11
0 8
0 7
0 1
0 3
6 #edges
7 1
7 9
7 11
0 8
0 7
0 3
6 #edges
7 1
7 9
1 11
0 8
0 7
0 3
6 #edges
7 9
1 11
0 8
0 7
0 1
0 3
6 #edges
7 9
7 11
9 3
0 8
0 7
0 1
6 #edges
7 9
1 11
9 3
0 8
0 7
0 1
6 #edges
7 1
7 9
1 11
9 3
0 8
0 7
6 #edges
7 1
7 9
7 11
9 3
0 8
0 7
