50 # patients
4 #trees for patient 0
6 #edges
2 10
0 6
0 7
0 1
1 2
1 11
6 #edges
10 2
0 6
0 7
0 1
1 10
1 11
6 #edges
2 10
10 6
0 7
0 1
1 2
1 11
6 #edges
2 6
10 2
0 7
0 1
1 10
1 11
8 #trees for patient 1
6 #edges
2 11
10 2
0 6
0 7
0 1
1 10
6 #edges
10 2
0 6
0 7
0 1
1 10
1 11
6 #edges
2 10
0 6
0 7
0 1
1 2
1 11
6 #edges
2 10
10 11
0 6
0 7
0 1
1 2
6 #edges
2 7
10 2
0 6
0 1
1 10
1 11
6 #edges
2 7
2 11
10 2
0 6
0 1
1 10
6 #edges
2 10
10 7
0 6
0 1
1 2
1 11
6 #edges
2 10
10 7
10 11
0 6
0 1
1 2
3 #trees for patient 2
6 #edges
10 2
0 6
0 7
0 1
1 10
1 11
6 #edges
10 2
7 11
0 6
0 7
0 1
1 10
6 #edges
10 2
7 11
0 7
0 1
1 6
1 10
6 #trees for patient 3
6 #edges
0 2
0 6
0 7
0 1
1 10
1 11
6 #edges
7 10
0 2
0 6
0 7
0 1
1 11
6 #edges
10 2
7 10
0 6
0 7
0 1
1 11
6 #edges
7 10
0 6
0 7
0 1
1 2
1 11
6 #edges
7 2
0 6
0 7
0 1
1 10
1 11
6 #edges
10 2
0 6
0 7
0 1
1 10
1 11
2 #trees for patient 4
6 #edges
10 2
0 6
0 7
0 1
1 10
1 11
6 #edges
6 7
10 2
0 6
0 1
1 10
1 11
16 #trees for patient 5
6 #edges
2 10
0 6
0 7
0 1
1 2
1 11
6 #edges
0 6
0 7
0 1
11 10
1 2
1 11
6 #edges
0 6
0 7
0 1
1 2
1 10
1 11
6 #edges
0 6
0 7
0 1
11 2
11 10
1 11
6 #edges
0 6
0 7
0 1
11 2
1 10
1 11
6 #edges
2 10
0 6
0 7
0 1
11 2
1 11
6 #edges
10 2
0 6
0 7
0 1
11 10
1 11
6 #edges
10 2
0 6
0 7
0 1
1 10
1 11
6 #edges
6 7
10 2
0 6
0 1
1 10
1 11
6 #edges
6 7
0 6
0 1
11 2
1 10
1 11
6 #edges
6 7
0 6
0 1
1 2
1 10
1 11
6 #edges
6 7
0 6
0 1
11 2
11 10
1 11
6 #edges
2 10
6 7
0 6
0 1
11 2
1 11
6 #edges
6 7
10 2
0 6
0 1
11 10
1 11
6 #edges
6 7
0 6
0 1
11 10
1 2
1 11
6 #edges
2 10
6 7
0 6
0 1
1 2
1 11
8 #trees for patient 6
6 #edges
2 10
0 6
0 7
0 1
1 2
1 11
6 #edges
10 2
0 6
0 7
0 1
1 10
1 11
6 #edges
2 10
10 11
0 6
0 7
0 1
1 2
6 #edges
2 11
10 2
0 6
0 7
0 1
1 10
6 #edges
6 7
10 2
0 6
0 1
1 10
1 11
6 #edges
2 11
6 7
10 2
0 6
0 1
1 10
6 #edges
2 10
6 7
0 6
0 1
1 2
1 11
6 #edges
2 10
6 7
10 11
0 6
0 1
1 2
7 #trees for patient 7
6 #edges
6 2
0 6
0 7
0 1
1 10
1 11
6 #edges
10 2
0 6
0 7
0 1
1 10
1 11
6 #edges
6 7
10 2
0 6
0 1
1 10
1 11
6 #edges
6 2
6 7
0 6
0 1
1 10
1 11
6 #edges
2 7
6 2
0 6
0 1
1 10
1 11
6 #edges
6 2
10 7
0 6
0 1
1 10
1 11
6 #edges
2 7
10 2
0 6
0 1
1 10
1 11
2 #trees for patient 8
6 #edges
10 2
0 6
0 7
0 1
1 10
1 11
6 #edges
2 6
10 2
0 7
0 1
1 10
1 11
18 #trees for patient 9
6 #edges
7 2
0 6
0 7
0 11
0 1
1 10
6 #edges
10 2
0 6
0 7
0 11
0 1
1 10
6 #edges
7 2
0 7
0 11
0 1
1 6
1 10
6 #edges
10 6
7 2
0 7
0 11
0 1
1 10
6 #edges
10 2
10 6
0 7
0 11
0 1
1 10
6 #edges
10 2
0 7
0 11
0 1
1 6
1 10
6 #edges
7 2
0 6
0 7
0 1
1 10
1 11
6 #edges
10 11
7 2
0 6
0 7
0 1
1 10
6 #edges
10 2
0 6
0 7
0 1
1 10
1 11
6 #edges
10 2
10 11
0 6
0 7
0 1
1 10
6 #edges
7 2
0 7
0 1
1 6
1 10
1 11
6 #edges
10 6
7 2
0 7
0 1
1 10
1 11
6 #edges
10 11
7 2
0 7
0 1
1 6
1 10
6 #edges
10 6
10 11
7 2
0 7
0 1
1 10
6 #edges
10 2
0 7
0 1
1 6
1 10
1 11
6 #edges
10 2
10 11
0 7
0 1
1 6
1 10
6 #edges
10 2
10 6
0 7
0 1
1 10
1 11
6 #edges
10 2
10 6
10 11
0 7
0 1
1 10
48 #trees for patient 10
6 #edges
6 1
10 6
8 3
0 11
1 8
11 10
6 #edges
6 1
10 6
3 8
0 11
1 3
11 10
6 #edges
6 8
10 6
3 1
8 3
0 11
11 10
6 #edges
6 8
10 6
8 1
0 11
1 3
11 10
6 #edges
6 3
10 6
3 8
8 1
0 11
11 10
6 #edges
6 3
10 6
3 1
0 11
1 8
11 10
6 #edges
10 8
3 1
8 3
0 11
1 6
11 10
6 #edges
6 1
10 8
3 6
8 3
0 11
11 10
6 #edges
10 8
3 6
8 1
0 11
1 3
11 10
6 #edges
6 3
10 8
8 1
0 11
1 6
11 10
6 #edges
6 1
10 8
8 6
0 11
1 3
11 10
6 #edges
6 3
10 8
3 1
8 6
0 11
11 10
6 #edges
6 3
10 1
8 6
0 11
1 8
11 10
6 #edges
10 1
3 6
8 3
0 11
1 8
11 10
6 #edges
10 1
3 8
8 6
0 11
1 3
11 10
6 #edges
6 8
10 1
3 6
0 11
1 3
11 10
6 #edges
6 3
10 1
3 8
0 11
1 6
11 10
6 #edges
6 8
10 1
8 3
0 11
1 6
11 10
6 #edges
6 1
10 3
3 8
8 6
0 11
11 10
6 #edges
10 3
3 8
8 1
0 11
1 6
11 10
6 #edges
6 8
10 3
3 6
8 1
0 11
11 10
6 #edges
6 1
10 3
3 6
0 11
1 8
11 10
6 #edges
6 8
10 3
3 1
0 11
1 6
11 10
6 #edges
10 3
3 1
8 6
0 11
1 8
11 10
6 #edges
6 1
10 11
3 8
0 10
1 3
11 6
6 #edges
6 1
10 11
8 3
0 10
1 8
11 6
6 #edges
6 3
10 11
3 8
8 1
0 10
11 6
6 #edges
6 3
10 11
3 1
0 10
1 8
11 6
6 #edges
6 8
10 11
3 1
8 3
0 10
11 6
6 #edges
6 8
10 11
8 1
0 10
1 3
11 6
6 #edges
10 11
3 6
8 1
0 10
1 3
11 8
6 #edges
6 3
10 11
8 1
0 10
1 6
11 8
6 #edges
6 1
10 11
3 6
8 3
0 10
11 8
6 #edges
10 11
3 1
8 3
0 10
1 6
11 8
6 #edges
6 1
10 11
8 6
0 10
1 3
11 8
6 #edges
6 3
10 11
3 1
8 6
0 10
11 8
6 #edges
10 11
3 8
8 6
0 10
1 3
11 1
6 #edges
6 8
10 11
3 6
0 10
1 3
11 1
6 #edges
6 8
10 11
8 3
0 10
1 6
11 1
6 #edges
6 3
10 11
3 8
0 10
1 6
11 1
6 #edges
6 3
10 11
8 6
0 10
1 8
11 1
6 #edges
10 11
3 6
8 3
0 10
1 8
11 1
6 #edges
6 1
10 11
3 8
8 6
0 10
11 3
6 #edges
10 11
3 8
8 1
0 10
1 6
11 3
6 #edges
6 1
10 11
3 6
0 10
1 8
11 3
6 #edges
6 8
10 11
3 6
8 1
0 10
11 3
6 #edges
10 11
3 1
8 6
0 10
1 8
11 3
6 #edges
6 8
10 11
3 1
0 10
1 6
11 3
6 #trees for patient 11
6 #edges
6 3
10 6
3 1
0 11
1 8
11 10
6 #edges
6 3
10 6
3 8
8 1
0 11
11 10
6 #edges
6 1
10 6
3 8
0 11
1 3
11 10
6 #edges
6 1
10 6
8 3
0 11
1 8
11 10
6 #edges
6 8
10 6
8 1
0 11
1 3
11 10
6 #edges
6 8
10 6
3 1
8 3
0 11
11 10
48 #trees for patient 12
6 #edges
6 1
10 6
8 3
0 11
1 8
11 10
6 #edges
6 1
10 6
3 8
0 11
1 3
11 10
6 #edges
6 8
10 1
8 3
0 11
1 6
11 10
6 #edges
6 3
10 1
3 8
0 11
1 6
11 10
6 #edges
6 10
10 3
3 8
0 11
1 6
11 1
6 #edges
6 10
10 8
8 3
0 11
1 6
11 1
6 #edges
6 8
10 6
8 3
0 11
1 10
11 1
6 #edges
6 3
10 6
3 8
0 11
1 10
11 1
6 #edges
6 10
10 1
3 8
0 11
1 3
11 6
6 #edges
6 10
10 1
8 3
0 11
1 8
11 6
6 #edges
6 1
10 3
3 8
0 11
1 10
11 6
6 #edges
6 1
10 8
8 3
0 11
1 10
11 6
6 #edges
6 8
10 6
8 3
0 1
1 11
11 10
6 #edges
6 3
10 6
3 8
0 1
1 11
11 10
6 #edges
6 10
10 8
8 3
0 1
1 11
11 6
6 #edges
6 10
10 3
3 8
0 1
1 11
11 6
6 #edges
6 3
10 11
3 8
0 1
1 10
11 6
6 #edges
6 8
10 11
8 3
0 1
1 10
11 6
6 #edges
6 11
10 6
3 8
0 1
1 10
11 3
6 #edges
6 11
10 6
8 3
0 1
1 10
11 8
6 #edges
6 11
10 8
8 3
0 1
1 6
11 10
6 #edges
6 11
10 3
3 8
0 1
1 6
11 10
6 #edges
6 10
10 11
8 3
0 1
1 6
11 8
6 #edges
6 10
10 11
3 8
0 1
1 6
11 3
6 #edges
6 11
10 1
3 8
0 10
1 6
11 3
6 #edges
6 11
10 1
8 3
0 10
1 6
11 8
6 #edges
6 8
10 1
8 3
0 10
1 11
11 6
6 #edges
6 3
10 1
3 8
0 10
1 11
11 6
6 #edges
6 1
10 6
3 8
0 10
1 11
11 3
6 #edges
6 1
10 6
8 3
0 10
1 11
11 8
6 #edges
6 11
10 6
8 3
0 10
1 8
11 1
6 #edges
6 11
10 6
3 8
0 10
1 3
11 1
6 #edges
6 8
10 11
8 3
0 10
1 6
11 1
6 #edges
6 3
10 11
3 8
0 10
1 6
11 1
6 #edges
6 1
10 11
8 3
0 10
1 8
11 6
6 #edges
6 1
10 11
3 8
0 10
1 3
11 6
6 #edges
6 11
10 1
8 3
0 6
1 8
11 10
6 #edges
6 11
10 1
3 8
0 6
1 3
11 10
6 #edges
6 11
10 8
8 3
0 6
1 10
11 1
6 #edges
6 11
10 3
3 8
0 6
1 10
11 1
6 #edges
6 1
10 3
3 8
0 6
1 11
11 10
6 #edges
6 1
10 8
8 3
0 6
1 11
11 10
6 #edges
6 1
10 11
8 3
0 6
1 10
11 8
6 #edges
6 1
10 11
3 8
0 6
1 10
11 3
6 #edges
6 10
10 11
3 8
0 6
1 3
11 1
6 #edges
6 10
10 11
8 3
0 6
1 8
11 1
6 #edges
6 10
10 1
8 3
0 6
1 11
11 8
6 #edges
6 10
10 1
3 8
0 6
1 11
11 3
6 #trees for patient 13
6 #edges
6 1
10 6
8 3
0 11
1 8
11 10
6 #edges
6 10
10 1
8 3
0 11
1 8
11 6
6 #edges
6 1
10 11
8 3
0 10
1 8
11 6
6 #edges
6 11
10 6
8 3
0 10
1 8
11 1
6 #edges
6 11
10 1
8 3
0 6
1 8
11 10
6 #edges
6 10
10 11
8 3
0 6
1 8
11 1
6 #trees for patient 14
6 #edges
6 8
10 6
8 1
0 11
1 3
11 10
6 #edges
6 8
10 6
3 1
8 3
0 11
11 10
6 #edges
6 3
10 6
3 8
8 1
0 11
11 10
6 #edges
6 3
10 6
3 1
0 11
1 8
11 10
6 #edges
6 1
10 6
3 8
0 11
1 3
11 10
6 #edges
6 1
10 6
8 3
0 11
1 8
11 10
28 #trees for patient 15
6 #edges
10 11
8 3
0 10
0 8
1 6
11 1
6 #edges
6 1
10 11
8 3
0 10
0 8
11 6
6 #edges
6 1
10 11
0 10
0 3
0 8
11 6
6 #edges
6 1
10 11
0 10
0 8
1 3
11 6
6 #edges
6 3
10 11
0 10
0 8
1 6
11 1
6 #edges
10 11
0 10
0 3
0 8
1 6
11 1
6 #edges
6 1
10 6
8 3
0 8
0 11
11 10
6 #edges
10 1
8 3
0 8
0 11
1 6
11 10
6 #edges
6 1
10 6
0 3
0 8
0 11
11 10
6 #edges
10 1
0 3
0 8
0 11
1 6
11 10
6 #edges
6 3
10 1
0 8
0 11
1 6
11 10
6 #edges
6 1
10 6
0 8
0 11
1 3
11 10
6 #edges
10 11
3 8
0 10
0 3
1 6
11 1
6 #edges
6 1
10 11
3 8
0 10
0 3
11 6
6 #edges
6 8
10 11
0 10
0 3
1 6
11 1
6 #edges
6 1
10 11
0 10
0 3
1 8
11 6
6 #edges
6 1
10 6
3 8
0 3
0 11
11 10
6 #edges
6 1
10 6
0 3
0 11
1 8
11 10
6 #edges
10 1
3 8
0 3
0 11
1 6
11 10
6 #edges
6 8
10 1
0 3
0 11
1 6
11 10
6 #edges
6 3
10 1
3 8
0 11
1 6
11 10
6 #edges
6 8
10 1
8 3
0 11
1 6
11 10
6 #edges
6 1
10 6
8 3
0 11
1 8
11 10
6 #edges
6 1
10 6
3 8
0 11
1 3
11 10
6 #edges
6 1
10 11
3 8
0 10
1 3
11 6
6 #edges
6 1
10 11
8 3
0 10
1 8
11 6
6 #edges
6 3
10 11
3 8
0 10
1 6
11 1
6 #edges
6 8
10 11
8 3
0 10
1 6
11 1
12 #trees for patient 16
6 #edges
6 3
6 1
10 6
3 8
0 11
11 10
6 #edges
6 3
6 1
10 6
0 11
1 8
11 10
6 #edges
6 3
10 6
3 8
8 1
0 11
11 10
6 #edges
6 3
6 8
10 6
3 1
0 11
11 10
6 #edges
6 3
6 8
10 6
8 1
0 11
11 10
6 #edges
6 3
10 6
3 1
0 11
1 8
11 10
6 #edges
6 8
10 6
3 1
8 3
0 11
11 10
6 #edges
6 8
6 1
10 6
8 3
0 11
11 10
6 #edges
6 8
10 6
8 1
0 11
1 3
11 10
6 #edges
6 8
6 1
10 6
0 11
1 3
11 10
6 #edges
6 1
10 6
8 3
0 11
1 8
11 10
6 #edges
6 1
10 6
3 8
0 11
1 3
11 10
12 #trees for patient 17
6 #edges
6 1
10 6
8 3
0 11
1 8
11 10
6 #edges
6 1
10 6
3 8
0 11
1 3
11 10
6 #edges
6 10
10 1
8 3
0 11
1 8
11 6
6 #edges
6 10
10 1
3 8
0 11
1 3
11 6
6 #edges
6 11
10 6
3 8
0 10
1 3
11 1
6 #edges
6 11
10 6
8 3
0 10
1 8
11 1
6 #edges
6 1
10 11
3 8
0 10
1 3
11 6
6 #edges
6 1
10 11
8 3
0 10
1 8
11 6
6 #edges
6 10
10 11
8 3
0 6
1 8
11 1
6 #edges
6 10
10 11
3 8
0 6
1 3
11 1
6 #edges
6 11
10 1
8 3
0 6
1 8
11 10
6 #edges
6 11
10 1
3 8
0 6
1 3
11 10
6 #trees for patient 18
6 #edges
6 8
10 6
8 1
0 11
1 3
11 10
6 #edges
6 1
10 6
8 3
0 11
1 8
11 10
6 #edges
6 8
10 1
8 3
0 11
1 6
11 10
6 #edges
6 3
10 1
8 6
0 11
1 8
11 10
6 #edges
6 1
10 8
8 6
0 11
1 3
11 10
6 #edges
6 3
10 8
8 1
0 11
1 6
11 10
12 #trees for patient 19
6 #edges
6 1
10 8
8 6
0 11
1 3
11 10
6 #edges
6 3
10 8
8 1
0 11
1 6
11 10
6 #edges
6 8
10 6
8 1
0 11
1 3
11 10
6 #edges
6 1
10 6
8 3
0 11
1 8
11 10
6 #edges
6 8
10 1
8 3
0 11
1 6
11 10
6 #edges
6 3
10 1
8 6
0 11
1 8
11 10
6 #edges
6 8
10 11
8 1
0 10
1 3
11 6
6 #edges
6 1
10 11
8 3
0 10
1 8
11 6
6 #edges
6 8
10 11
8 3
0 10
1 6
11 1
6 #edges
6 3
10 11
8 6
0 10
1 8
11 1
6 #edges
6 1
10 11
8 6
0 10
1 3
11 8
6 #edges
6 3
10 11
8 1
0 10
1 6
11 8
4 #trees for patient 20
6 #edges
6 3
10 1
3 8
0 11
1 6
11 10
6 #edges
6 8
10 1
8 3
0 11
1 6
11 10
6 #edges
6 1
10 6
3 8
0 11
1 3
11 10
6 #edges
6 1
10 6
8 3
0 11
1 8
11 10
24 #trees for patient 21
6 #edges
6 3
10 6
8 1
0 11
1 10
11 8
6 #edges
6 10
10 3
8 1
0 11
1 6
11 8
6 #edges
6 1
10 6
8 10
0 11
1 3
11 8
6 #edges
6 3
10 1
8 10
0 11
1 6
11 8
6 #edges
6 10
10 1
8 6
0 11
1 3
11 8
6 #edges
6 1
10 3
8 6
0 11
1 10
11 8
6 #edges
6 8
10 3
8 10
0 11
1 6
11 1
6 #edges
6 10
10 8
8 3
0 11
1 6
11 1
6 #edges
6 3
10 6
8 10
0 11
1 8
11 1
6 #edges
6 10
10 3
8 6
0 11
1 8
11 1
6 #edges
6 3
10 8
8 6
0 11
1 10
11 1
6 #edges
6 8
10 6
8 3
0 11
1 10
11 1
6 #edges
6 8
10 1
8 3
0 11
1 6
11 10
6 #edges
6 3
10 1
8 6
0 11
1 8
11 10
6 #edges
6 3
10 8
8 1
0 11
1 6
11 10
6 #edges
6 1
10 8
8 6
0 11
1 3
11 10
6 #edges
6 8
10 6
8 1
0 11
1 3
11 10
6 #edges
6 1
10 6
8 3
0 11
1 8
11 10
6 #edges
6 10
10 8
8 1
0 11
1 3
11 6
6 #edges
6 10
10 1
8 3
0 11
1 8
11 6
6 #edges
6 1
10 8
8 3
0 11
1 10
11 6
6 #edges
6 1
10 3
8 10
0 11
1 8
11 6
6 #edges
6 8
10 3
8 1
0 11
1 10
11 6
6 #edges
6 8
10 1
8 10
0 11
1 3
11 6
24 #trees for patient 22
6 #edges
6 3
10 8
3 1
8 6
0 11
11 10
6 #edges
6 1
10 8
8 6
0 11
1 3
11 10
6 #edges
10 8
3 1
8 3
0 11
1 6
11 10
6 #edges
6 1
10 8
3 6
8 3
0 11
11 10
6 #edges
10 8
3 6
8 1
0 11
1 3
11 10
6 #edges
6 3
10 8
8 1
0 11
1 6
11 10
6 #edges
6 8
10 3
3 1
0 11
1 6
11 10
6 #edges
10 3
3 1
8 6
0 11
1 8
11 10
6 #edges
6 1
10 3
3 6
0 11
1 8
11 10
6 #edges
6 8
10 3
3 6
8 1
0 11
11 10
6 #edges
10 3
3 8
8 1
0 11
1 6
11 10
6 #edges
6 1
10 3
3 8
8 6
0 11
11 10
6 #edges
6 1
10 6
8 3
0 11
1 8
11 10
6 #edges
6 1
10 6
3 8
0 11
1 3
11 10
6 #edges
6 8
10 6
3 1
8 3
0 11
11 10
6 #edges
6 8
10 6
8 1
0 11
1 3
11 10
6 #edges
6 3
10 6
3 8
8 1
0 11
11 10
6 #edges
6 3
10 6
3 1
0 11
1 8
11 10
6 #edges
10 1
3 8
8 6
0 11
1 3
11 10
6 #edges
6 8
10 1
3 6
0 11
1 3
11 10
6 #edges
10 1
3 6
8 3
0 11
1 8
11 10
6 #edges
6 3
10 1
8 6
0 11
1 8
11 10
6 #edges
6 8
10 1
8 3
0 11
1 6
11 10
6 #edges
6 3
10 1
3 8
0 11
1 6
11 10
7 #trees for patient 23
6 #edges
7 8
7 3
7 9
7 11
0 7
0 1
6 #edges
7 8
7 9
7 11
0 7
0 1
11 3
6 #edges
7 8
7 9
7 11
0 7
11 3
11 1
6 #edges
7 8
7 9
7 11
7 1
0 7
11 3
6 #edges
3 1
7 8
7 9
7 11
0 7
11 3
6 #edges
7 8
7 3
7 9
7 11
0 7
11 1
6 #edges
3 1
7 8
7 3
7 9
7 11
0 7
2 #trees for patient 24
6 #edges
7 8
7 3
7 9
7 11
0 7
0 1
6 #edges
3 11
7 8
7 3
7 9
0 7
0 1
2 #trees for patient 25
6 #edges
7 8
7 3
7 9
7 11
0 7
0 1
6 #edges
7 8
7 3
7 9
9 11
0 7
0 1
8 #trees for patient 26
6 #edges
7 8
7 3
7 9
7 11
0 7
0 1
6 #edges
7 8
7 9
7 11
0 7
0 1
11 3
6 #edges
7 3
7 9
7 11
9 8
0 7
0 1
6 #edges
7 9
7 11
9 8
0 7
0 1
11 3
6 #edges
7 8
7 3
7 9
7 11
7 1
0 7
6 #edges
7 8
7 9
7 11
7 1
0 7
11 3
6 #edges
7 3
7 9
7 11
7 1
9 8
0 7
6 #edges
7 9
7 11
7 1
9 8
0 7
11 3
12 #trees for patient 27
6 #edges
8 11
7 8
7 3
7 9
0 7
0 1
6 #edges
3 11
7 8
7 3
7 9
0 7
0 1
6 #edges
7 8
7 3
7 9
7 11
0 7
0 1
6 #edges
8 3
7 8
7 9
7 11
0 7
0 1
6 #edges
8 3
8 11
7 8
7 9
0 7
0 1
6 #edges
8 3
3 11
7 8
7 9
0 7
0 1
6 #edges
7 8
7 3
7 9
7 11
9 1
0 7
6 #edges
8 3
7 8
7 9
7 11
9 1
0 7
6 #edges
8 3
8 11
7 8
7 9
9 1
0 7
6 #edges
8 3
3 11
7 8
7 9
9 1
0 7
6 #edges
3 11
7 8
7 3
7 9
9 1
0 7
6 #edges
8 11
7 8
7 3
7 9
9 1
0 7
18 #trees for patient 28
6 #edges
4 5
0 4
0 7
5 11
11 1
1 2
6 #edges
4 5
0 4
0 7
5 1
11 2
1 11
6 #edges
4 11
0 4
0 7
5 2
11 1
1 5
6 #edges
4 11
0 4
0 7
5 1
11 5
1 2
6 #edges
4 1
0 4
0 7
5 11
11 2
1 5
6 #edges
4 1
0 4
0 7
5 2
11 5
1 11
6 #edges
4 7
4 5
0 4
5 1
11 2
1 11
6 #edges
4 7
4 5
0 4
5 11
11 1
1 2
6 #edges
4 5
0 4
5 1
11 2
11 7
1 11
6 #edges
4 5
0 4
5 11
11 1
1 2
1 7
6 #edges
4 7
4 1
0 4
5 2
11 5
1 11
6 #edges
4 7
4 1
0 4
5 11
11 2
1 5
6 #edges
4 7
4 11
0 4
5 1
11 5
1 2
6 #edges
4 7
4 11
0 4
5 2
11 1
1 5
6 #edges
4 1
0 4
5 2
5 7
11 5
1 11
6 #edges
4 1
0 4
5 11
11 2
11 7
1 5
6 #edges
4 11
0 4
5 2
5 7
11 1
1 5
6 #edges
4 11
0 4
5 1
11 5
1 2
1 7
4 #trees for patient 29
6 #edges
4 2
4 7
4 11
0 4
11 1
1 5
6 #edges
4 2
4 7
4 11
0 4
5 1
11 5
6 #edges
4 7
4 11
0 4
5 2
11 1
1 5
6 #edges
4 7
4 11
0 4
5 1
11 5
1 2
2 #trees for patient 30
6 #edges
4 7
4 11
0 4
5 2
11 1
1 5
6 #edges
4 7
4 11
2 5
0 4
11 1
1 2
6 #trees for patient 31
6 #edges
4 7
4 11
0 4
5 2
11 1
1 5
6 #edges
4 7
4 11
2 5
0 4
11 1
1 2
6 #edges
4 7
4 11
0 4
5 1
11 5
1 2
6 #edges
4 7
4 11
2 1
0 4
5 2
11 5
6 #edges
4 7
4 11
2 1
0 4
11 2
1 5
6 #edges
4 7
4 11
2 5
0 4
5 1
11 2
2 #trees for patient 32
6 #edges
4 7
4 11
0 4
5 1
11 5
1 2
6 #edges
4 7
4 11
0 4
5 2
11 1
1 5
1 #trees for patient 33
6 #edges
4 7
4 11
0 4
5 2
11 1
1 5
12 #trees for patient 34
6 #edges
10 5
0 10
0 2
0 6
0 9
5 1
6 #edges
10 1
0 10
0 2
0 6
0 9
1 5
6 #edges
10 1
0 2
0 6
0 9
0 5
5 10
6 #edges
0 2
0 6
0 9
0 5
5 1
1 10
6 #edges
0 2
0 6
0 9
0 1
5 10
1 5
6 #edges
10 5
0 2
0 6
0 9
0 1
1 10
6 #edges
10 5
0 2
0 9
0 1
5 6
1 10
6 #edges
10 6
0 2
0 9
0 1
5 10
1 5
6 #edges
10 1
0 2
0 9
0 5
5 10
1 6
6 #edges
10 6
0 2
0 9
0 5
5 1
1 10
6 #edges
10 5
0 10
0 2
0 9
5 1
1 6
6 #edges
10 1
0 10
0 2
0 9
5 6
1 5
4 #trees for patient 35
6 #edges
10 1
0 10
0 2
0 9
5 6
1 5
6 #edges
10 1
6 5
0 10
0 2
0 9
1 6
6 #edges
10 1
2 9
6 5
0 10
0 2
1 6
6 #edges
10 1
2 9
0 10
0 2
5 6
1 5
1 #trees for patient 36
6 #edges
10 1
0 10
0 2
0 9
5 6
1 5
7 #trees for patient 37
6 #edges
10 1
0 10
0 2
0 9
5 6
1 5
6 #edges
10 1
0 10
0 2
5 6
1 9
1 5
6 #edges
10 1
9 2
0 10
0 9
5 6
1 5
6 #edges
10 1
0 10
0 9
5 6
1 2
1 5
6 #edges
10 1
0 10
0 9
5 2
5 6
1 5
6 #edges
10 1
9 2
0 10
5 6
1 9
1 5
6 #edges
10 1
0 10
5 2
5 6
1 9
1 5
14 #trees for patient 38
6 #edges
10 6
6 5
0 2
0 9
0 1
1 10
6 #edges
10 6
2 5
0 2
0 9
0 1
1 10
6 #edges
10 5
0 2
0 9
0 1
5 6
1 10
6 #edges
10 5
2 6
0 2
0 9
0 1
1 10
6 #edges
2 6
6 5
0 2
0 9
0 1
1 10
6 #edges
2 6
2 5
0 2
0 9
0 1
1 10
6 #edges
2 5
0 2
0 9
0 1
5 6
1 10
6 #edges
10 1
2 6
0 10
0 2
0 9
1 5
6 #edges
10 1
0 10
0 2
0 9
5 6
1 5
6 #edges
10 1
2 6
6 5
0 10
0 2
0 9
6 #edges
10 1
2 6
2 5
0 10
0 2
0 9
6 #edges
10 1
2 5
0 10
0 2
0 9
5 6
6 #edges
10 1
2 5
0 10
0 2
0 9
1 6
6 #edges
10 1
6 5
0 10
0 2
0 9
1 6
4 #trees for patient 39
6 #edges
10 1
0 10
0 2
0 9
5 6
1 5
6 #edges
10 1
6 5
0 10
0 2
0 9
1 6
6 #edges
10 1
0 10
0 2
5 6
1 9
1 5
6 #edges
10 1
6 5
0 10
0 2
1 6
1 9
102 #trees for patient 40
6 #edges
10 5
2 6
0 10
0 2
0 9
5 1
6 #edges
10 5
0 10
0 2
0 9
5 1
1 6
6 #edges
10 5
6 1
0 10
0 2
0 9
5 6
6 #edges
10 5
2 1
0 10
0 2
0 9
5 6
6 #edges
10 5
2 6
6 1
0 10
0 2
0 9
6 #edges
10 5
2 6
2 1
0 10
0 2
0 9
6 #edges
10 5
2 1
0 10
0 2
0 9
1 6
6 #edges
10 1
2 6
0 10
0 2
0 9
1 5
6 #edges
10 1
2 6
2 5
0 10
0 2
0 9
6 #edges
10 1
2 6
6 5
0 10
0 2
0 9
6 #edges
2 6
6 5
0 10
0 2
0 9
5 1
6 #edges
2 6
2 1
6 5
0 10
0 2
0 9
6 #edges
2 6
2 5
6 1
0 10
0 2
0 9
6 #edges
2 6
2 5
0 10
0 2
0 9
5 1
6 #edges
2 6
2 5
2 1
0 10
0 2
0 9
6 #edges
2 6
6 1
0 10
0 2
0 9
1 5
6 #edges
2 6
2 1
0 10
0 2
0 9
1 5
6 #edges
10 6
2 5
2 1
0 10
0 2
0 9
6 #edges
2 5
2 1
0 10
0 2
0 9
1 6
6 #edges
2 5
2 1
0 10
0 2
0 9
5 6
6 #edges
2 1
6 5
0 10
0 2
0 9
1 6
6 #edges
10 6
2 1
6 5
0 10
0 2
0 9
6 #edges
10 6
2 1
0 10
0 2
0 9
1 5
6 #edges
2 1
0 10
0 2
0 9
5 6
1 5
6 #edges
10 6
6 5
0 10
0 2
0 9
5 1
6 #edges
10 6
6 1
0 10
0 2
0 9
1 5
6 #edges
10 6
2 5
6 1
0 10
0 2
0 9
6 #edges
10 6
2 5
0 10
0 2
0 9
5 1
6 #edges
2 5
0 10
0 2
0 9
5 1
1 6
6 #edges
10 1
2 5
0 10
0 2
0 9
5 6
6 #edges
2 5
6 1
0 10
0 2
0 9
5 6
6 #edges
10 1
2 5
0 10
0 2
0 9
1 6
6 #edges
10 1
6 5
0 10
0 2
0 9
1 6
6 #edges
10 1
0 10
0 2
0 9
5 6
1 5
6 #edges
10 9
10 1
0 10
0 2
5 6
1 5
6 #edges
10 1
2 9
0 10
0 2
5 6
1 5
6 #edges
10 1
2 6
2 9
0 10
0 2
1 5
6 #edges
10 9
10 1
2 6
0 10
0 2
1 5
6 #edges
10 9
10 1
2 5
0 10
0 2
5 6
6 #edges
10 9
10 1
2 5
0 10
0 2
1 6
6 #edges
10 9
10 1
2 6
2 5
0 10
0 2
6 #edges
10 9
10 1
6 5
0 10
0 2
1 6
6 #edges
10 9
10 1
2 6
6 5
0 10
0 2
6 #edges
10 1
2 9
2 5
0 10
0 2
1 6
6 #edges
10 1
2 9
6 5
0 10
0 2
1 6
6 #edges
10 1
2 6
2 9
6 5
0 10
0 2
6 #edges
10 1
2 6
2 9
2 5
0 10
0 2
6 #edges
10 1
2 9
2 5
0 10
0 2
5 6
6 #edges
10 9
10 5
2 1
0 10
0 2
5 6
6 #edges
10 9
10 5
6 1
0 10
0 2
5 6
6 #edges
10 9
10 5
2 1
0 10
0 2
1 6
6 #edges
10 9
10 5
2 6
2 1
0 10
0 2
6 #edges
10 9
10 5
2 6
0 10
0 2
5 1
6 #edges
10 9
10 5
2 6
6 1
0 10
0 2
6 #edges
10 9
10 5
0 10
0 2
5 1
1 6
6 #edges
10 5
2 9
2 1
0 10
0 2
5 6
6 #edges
10 5
2 9
6 1
0 10
0 2
5 6
6 #edges
10 5
2 6
2 9
2 1
0 10
0 2
6 #edges
10 5
2 6
2 9
0 10
0 2
5 1
6 #edges
10 5
2 6
2 9
6 1
0 10
0 2
6 #edges
10 5
2 9
0 10
0 2
5 1
1 6
6 #edges
10 5
2 9
2 1
0 10
0 2
1 6
6 #edges
10 6
2 9
2 5
2 1
0 10
0 2
6 #edges
2 6
2 9
2 5
2 1
0 10
0 2
6 #edges
2 9
2 5
2 1
0 10
0 2
5 6
6 #edges
2 9
2 5
2 1
0 10
0 2
1 6
6 #edges
2 9
2 5
6 1
0 10
0 2
5 6
6 #edges
10 6
2 9
2 5
0 10
0 2
5 1
6 #edges
2 9
2 5
0 10
0 2
5 1
1 6
6 #edges
2 6
2 9
2 5
0 10
0 2
5 1
6 #edges
10 6
2 9
2 5
6 1
0 10
0 2
6 #edges
2 6
2 9
2 5
6 1
0 10
0 2
6 #edges
2 9
2 1
6 5
0 10
0 2
1 6
6 #edges
10 6
2 9
2 1
0 10
0 2
1 5
6 #edges
10 6
2 9
2 1
6 5
0 10
0 2
6 #edges
2 6
2 9
2 1
0 10
0 2
1 5
6 #edges
2 9
2 1
0 10
0 2
5 6
1 5
6 #edges
2 6
2 9
2 1
6 5
0 10
0 2
6 #edges
10 6
2 9
6 5
0 10
0 2
5 1
6 #edges
10 6
2 9
6 1
0 10
0 2
1 5
6 #edges
2 6
2 9
6 5
0 10
0 2
5 1
6 #edges
2 6
2 9
6 1
0 10
0 2
1 5
6 #edges
10 6
10 9
2 5
2 1
0 10
0 2
6 #edges
10 6
10 9
2 1
6 5
0 10
0 2
6 #edges
10 6
10 9
2 1
0 10
0 2
1 5
6 #edges
10 9
2 6
2 1
0 10
0 2
1 5
6 #edges
10 9
2 1
0 10
0 2
5 6
1 5
6 #edges
10 9
2 5
2 1
0 10
0 2
1 6
6 #edges
10 9
2 6
2 5
2 1
0 10
0 2
6 #edges
10 9
2 5
2 1
0 10
0 2
5 6
6 #edges
10 9
2 6
2 1
6 5
0 10
0 2
6 #edges
10 9
2 1
6 5
0 10
0 2
1 6
6 #edges
10 9
2 6
2 5
6 1
0 10
0 2
6 #edges
10 9
2 6
2 5
0 10
0 2
5 1
6 #edges
10 6
10 9
2 5
0 10
0 2
5 1
6 #edges
10 9
2 5
0 10
0 2
5 1
1 6
6 #edges
10 6
10 9
2 5
6 1
0 10
0 2
6 #edges
10 9
2 5
6 1
0 10
0 2
5 6
6 #edges
10 6
10 9
6 1
0 10
0 2
1 5
6 #edges
10 6
10 9
6 5
0 10
0 2
5 1
6 #edges
10 9
2 6
6 5
0 10
0 2
5 1
6 #edges
10 9
2 6
6 1
0 10
0 2
1 5
4 #trees for patient 41
6 #edges
10 1
0 10
0 2
0 6
0 9
1 5
6 #edges
10 1
0 10
0 2
0 9
5 6
1 5
6 #edges
10 5
0 2
0 6
0 9
0 1
1 10
6 #edges
10 5
0 2
0 9
0 1
5 6
1 10
4 #trees for patient 42
6 #edges
10 1
0 10
0 2
0 9
5 6
1 5
6 #edges
10 5
0 10
0 2
0 9
5 1
1 6
6 #edges
10 1
6 9
0 10
0 2
5 6
1 5
6 #edges
10 5
6 9
0 10
0 2
5 1
1 6
6 #trees for patient 43
6 #edges
10 1
0 10
0 2
0 9
5 6
1 5
6 #edges
10 1
6 5
0 10
0 2
0 9
1 6
6 #edges
10 5
6 1
0 10
0 2
0 9
5 6
6 #edges
10 5
0 10
0 2
0 9
5 1
1 6
6 #edges
10 6
6 1
0 10
0 2
0 9
1 5
6 #edges
10 6
6 5
0 10
0 2
0 9
5 1
34 #trees for patient 44
6 #edges
10 5
9 10
0 2
0 9
0 1
1 6
6 #edges
9 10
0 2
0 9
0 1
5 6
1 5
6 #edges
9 10
0 2
0 6
0 9
0 1
1 5
6 #edges
10 6
9 10
0 2
0 9
0 1
1 5
6 #edges
10 5
9 10
0 2
0 6
0 9
0 1
6 #edges
10 5
9 10
0 2
0 9
0 1
5 6
6 #edges
9 10
0 2
0 9
0 5
5 1
1 6
6 #edges
10 6
9 10
0 2
0 9
0 5
5 1
6 #edges
9 10
0 2
0 6
0 9
0 5
5 1
6 #edges
10 1
9 10
0 2
0 9
0 5
1 6
6 #edges
10 1
9 10
0 2
0 6
0 9
0 5
6 #edges
10 1
9 10
0 2
0 9
0 5
5 6
6 #edges
10 1
9 5
0 10
0 2
0 6
0 9
6 #edges
9 5
0 10
0 2
0 6
0 9
5 1
6 #edges
10 5
9 10
0 2
0 6
0 9
5 1
6 #edges
10 1
9 10
0 2
0 6
0 9
1 5
6 #edges
10 5
9 1
0 10
0 2
0 6
0 9
6 #edges
10 5
0 10
0 2
0 6
0 9
5 1
6 #edges
9 1
0 10
0 2
0 6
0 9
1 5
6 #edges
10 1
0 10
0 2
0 6
0 9
1 5
6 #edges
10 5
9 1
0 10
0 2
0 9
5 6
6 #edges
10 5
9 1
0 10
0 2
0 9
1 6
6 #edges
10 5
9 6
0 10
0 2
0 9
5 1
6 #edges
10 5
0 10
0 2
0 9
5 1
1 6
6 #edges
10 6
9 1
0 10
0 2
0 9
1 5
6 #edges
9 1
0 10
0 2
0 9
5 6
1 5
6 #edges
10 1
0 10
0 2
0 9
5 6
1 5
6 #edges
10 1
9 6
0 10
0 2
0 9
1 5
6 #edges
10 1
9 5
0 10
0 2
0 9
1 6
6 #edges
10 1
9 5
0 10
0 2
0 9
5 6
6 #edges
10 6
9 5
0 10
0 2
0 9
5 1
6 #edges
9 5
0 10
0 2
0 9
5 1
1 6
6 #edges
10 5
9 10
0 2
0 9
5 1
1 6
6 #edges
10 1
9 10
0 2
0 9
5 6
1 5
2 #trees for patient 45
6 #edges
10 6
10 1
0 10
0 2
0 9
1 5
6 #edges
10 1
0 10
0 2
0 9
5 6
1 5
8 #trees for patient 46
6 #edges
10 1
0 10
0 2
0 6
5 9
1 5
6 #edges
10 1
0 10
0 6
5 9
1 2
1 5
6 #edges
10 1
9 6
0 10
0 2
0 9
1 5
6 #edges
10 1
0 10
0 2
0 9
5 6
1 5
6 #edges
10 1
9 6
0 10
0 2
5 9
1 5
6 #edges
10 1
9 6
0 10
0 9
1 2
1 5
6 #edges
10 1
0 10
0 9
5 6
1 2
1 5
6 #edges
10 1
9 6
0 10
5 9
1 2
1 5
2 #trees for patient 47
6 #edges
10 1
0 10
0 2
0 9
5 6
1 5
6 #edges
10 1
2 9
0 10
0 2
5 6
1 5
12 #trees for patient 48
6 #edges
10 5
0 10
0 2
0 9
5 1
1 6
6 #edges
10 5
6 1
0 10
0 2
0 9
5 6
6 #edges
10 1
6 5
0 10
0 2
0 9
1 6
6 #edges
10 1
0 10
0 2
0 9
5 6
1 5
6 #edges
10 6
6 1
0 10
0 2
0 9
1 5
6 #edges
10 6
6 5
0 10
0 2
0 9
5 1
6 #edges
10 5
6 9
0 10
0 2
5 1
1 6
6 #edges
10 5
6 1
0 10
0 2
5 6
1 9
6 #edges
10 6
6 5
0 10
0 2
5 1
1 9
6 #edges
10 6
6 1
0 10
0 2
5 9
1 5
6 #edges
10 1
6 5
0 10
0 2
5 9
1 6
6 #edges
10 1
6 9
0 10
0 2
5 6
1 5
2 #trees for patient 49
6 #edges
10 1
2 6
0 10
0 2
0 9
1 5
6 #edges
10 1
0 10
0 2
0 9
5 6
1 5
