100 # patients
16 #trees for patient 0
6 #edges
1 11
1 10
0 1
0 7
0 6
10 2
6 #edges
1 11
1 10
11 2
0 1
0 7
0 6
6 #edges
1 11
1 10
11 2
0 1
0 6
10 7
6 #edges
1 11
1 10
0 1
0 6
10 7
10 2
6 #edges
1 11
1 10
7 6
11 2
0 1
0 7
6 #edges
1 11
1 10
7 6
0 1
0 7
10 2
6 #edges
1 11
1 10
0 1
0 7
10 2
10 6
6 #edges
1 11
1 6
1 10
0 1
0 7
10 2
6 #edges
1 11
1 6
1 10
11 2
0 1
0 7
6 #edges
1 11
1 10
11 2
0 1
0 7
10 6
6 #edges
1 11
1 10
11 2
0 1
10 7
10 6
6 #edges
1 11
1 10
0 1
10 7
10 2
10 6
6 #edges
1 11
1 6
1 10
0 1
10 7
10 2
6 #edges
1 11
1 10
7 6
0 1
10 7
10 2
6 #edges
1 11
1 6
1 10
11 2
0 1
10 7
6 #edges
1 11
1 10
7 6
11 2
0 1
10 7
2 #trees for patient 1
6 #edges
1 11
1 10
0 1
0 7
0 6
10 2
6 #edges
1 11
1 10
0 1
0 6
6 7
10 2
14 #trees for patient 2
6 #edges
1 11
1 10
11 2
0 1
0 7
0 6
6 #edges
1 11
1 10
0 1
0 7
0 6
10 2
6 #edges
1 11
1 10
11 2
0 1
0 7
10 6
6 #edges
1 11
1 10
11 2
0 1
0 6
6 7
6 #edges
1 11
1 10
0 1
0 6
6 7
10 2
6 #edges
1 11
1 10
11 2
0 1
0 6
10 7
6 #edges
1 11
1 10
11 7
0 1
0 6
10 2
6 #edges
1 11
1 10
11 7
11 2
0 1
0 6
6 #edges
1 11
1 10
2 7
11 2
0 1
0 6
6 #edges
1 11
1 10
2 7
0 1
0 6
10 2
6 #edges
1 11
1 10
11 2
0 1
10 7
10 6
6 #edges
1 11
1 10
11 7
11 2
0 1
10 6
6 #edges
1 11
1 10
11 2
0 1
6 7
10 6
6 #edges
1 11
1 10
2 7
11 2
0 1
10 6
4 #trees for patient 3
6 #edges
1 11
1 10
0 1
0 7
0 6
10 2
6 #edges
1 2
1 11
2 10
0 1
0 7
0 6
6 #edges
1 10
0 1
0 7
0 6
6 11
10 2
6 #edges
1 2
2 10
0 1
0 7
0 6
6 11
2 #trees for patient 4
6 #edges
1 11
1 10
0 1
0 7
0 6
10 2
6 #edges
1 11
1 10
0 1
0 6
6 7
10 2
20 #trees for patient 5
6 #edges
1 11
0 1
0 2
0 6
0 10
6 7
6 #edges
0 1
0 2
0 6
0 10
6 7
6 11
6 #edges
1 10
0 1
0 2
0 6
6 7
6 11
6 #edges
1 11
1 10
0 1
0 2
0 6
6 7
6 #edges
1 2
1 11
0 1
0 6
0 10
6 7
6 #edges
1 11
0 1
0 6
0 10
6 7
10 2
6 #edges
1 11
7 2
0 1
0 6
0 10
6 7
6 #edges
0 1
0 6
0 10
6 7
6 11
10 2
6 #edges
1 2
0 1
0 6
0 10
6 7
6 11
6 #edges
7 2
0 1
0 6
0 10
6 7
6 11
6 #edges
1 11
1 10
0 1
0 7
0 6
10 2
6 #edges
1 10
0 1
0 7
0 6
6 11
10 2
6 #edges
1 10
7 2
0 1
0 7
0 6
6 11
6 #edges
1 10
0 1
0 7
0 6
6 2
6 11
6 #edges
1 11
1 10
7 2
0 1
0 7
0 6
6 #edges
1 11
1 10
0 1
0 7
0 6
6 2
6 #edges
1 11
1 10
7 2
0 1
0 6
6 7
6 #edges
1 11
1 10
0 1
0 6
6 7
10 2
6 #edges
1 10
0 1
0 6
6 7
6 11
10 2
6 #edges
1 10
7 2
0 1
0 6
6 7
6 11
4 #trees for patient 6
6 #edges
1 11
1 10
0 1
0 7
0 6
10 2
6 #edges
1 2
1 11
2 10
0 1
0 7
0 6
6 #edges
1 11
1 10
11 7
0 1
0 6
10 2
6 #edges
1 2
1 11
2 10
11 7
0 1
0 6
12 #trees for patient 7
6 #edges
1 11
1 10
0 1
0 7
0 6
10 2
6 #edges
1 2
1 11
2 10
0 1
0 7
0 6
6 #edges
1 2
1 11
2 10
11 6
0 1
0 7
6 #edges
1 11
1 10
11 6
0 1
0 7
10 2
6 #edges
1 7
1 11
1 10
0 1
0 6
10 2
6 #edges
1 7
1 2
1 11
2 10
0 1
0 6
6 #edges
1 11
1 10
11 7
0 1
0 6
10 2
6 #edges
1 2
1 11
2 10
11 7
0 1
0 6
6 #edges
1 7
1 2
1 11
2 10
11 6
0 1
6 #edges
1 2
1 11
2 10
11 7
11 6
0 1
6 #edges
1 7
1 11
1 10
11 6
0 1
10 2
6 #edges
1 11
1 10
11 7
11 6
0 1
10 2
4 #trees for patient 8
6 #edges
1 11
1 10
0 1
0 7
0 6
10 2
6 #edges
1 2
1 11
2 10
0 1
0 7
0 6
6 #edges
1 2
1 11
2 10
0 1
0 6
6 7
6 #edges
1 11
1 10
0 1
0 6
6 7
10 2
14 #trees for patient 9
6 #edges
1 11
1 10
0 1
0 7
0 6
10 2
6 #edges
1 11
1 10
11 2
0 1
0 7
0 6
6 #edges
1 2
1 11
11 10
0 1
0 7
0 6
6 #edges
1 2
1 11
2 10
0 1
0 7
0 6
6 #edges
1 11
11 2
11 10
0 1
0 7
0 6
6 #edges
1 11
2 10
11 2
0 1
0 7
0 6
6 #edges
1 11
11 10
0 1
0 7
0 6
10 2
6 #edges
1 11
7 6
11 2
11 10
0 1
0 7
6 #edges
1 11
1 10
7 6
11 2
0 1
0 7
6 #edges
1 11
7 6
2 10
11 2
0 1
0 7
6 #edges
1 11
1 10
7 6
0 1
0 7
10 2
6 #edges
1 2
1 11
7 6
11 10
0 1
0 7
6 #edges
1 2
1 11
7 6
2 10
0 1
0 7
6 #edges
1 11
7 6
11 10
0 1
0 7
10 2
7 #trees for patient 10
6 #edges
1 11
0 1
0 7
0 6
6 10
10 2
6 #edges
1 11
0 1
0 7
0 6
6 2
6 10
6 #edges
1 2
1 11
0 1
0 7
0 6
6 10
6 #edges
1 11
2 10
0 1
0 7
0 6
6 2
6 #edges
1 11
1 10
0 1
0 7
0 6
6 2
6 #edges
1 11
1 10
0 1
0 7
0 6
10 2
6 #edges
1 2
1 11
2 10
0 1
0 7
0 6
2 #trees for patient 11
6 #edges
1 11
1 10
0 1
0 7
0 6
10 2
6 #edges
1 2
1 11
2 10
0 1
0 7
0 6
15 #trees for patient 12
6 #edges
1 11
1 10
0 1
0 7
0 6
10 2
6 #edges
1 11
1 10
0 1
0 7
0 2
0 6
6 #edges
1 11
1 10
11 7
0 1
0 2
0 6
6 #edges
1 11
1 10
0 1
0 2
0 6
10 7
6 #edges
1 11
1 10
0 1
0 6
10 7
10 2
6 #edges
1 11
1 10
11 7
0 1
0 6
10 2
6 #edges
1 11
1 10
0 1
0 7
0 2
10 6
6 #edges
1 11
1 10
2 6
0 1
0 7
0 2
6 #edges
1 11
1 10
2 6
0 1
0 2
10 7
6 #edges
1 11
1 10
2 6
11 7
0 1
0 2
6 #edges
1 11
1 10
11 7
0 1
0 2
10 6
6 #edges
1 11
1 10
0 1
0 2
10 7
10 6
6 #edges
1 11
1 10
2 6
0 1
0 7
10 2
6 #edges
1 11
1 10
2 6
11 7
0 1
10 2
6 #edges
1 11
1 10
2 6
0 1
10 7
10 2
12 #trees for patient 13
6 #edges
1 10
2 6
0 1
0 7
0 11
10 2
6 #edges
1 10
7 6
0 1
0 7
0 11
10 2
6 #edges
1 10
0 1
0 7
0 11
0 6
10 2
6 #edges
1 2
2 10
0 1
0 7
0 11
10 6
6 #edges
1 2
2 10
0 1
0 7
0 11
0 6
6 #edges
1 2
7 6
2 10
0 1
0 7
0 11
6 #edges
1 2
1 11
2 10
0 1
0 7
0 6
6 #edges
1 11
1 10
0 1
0 7
0 6
10 2
6 #edges
1 11
1 10
7 6
0 1
0 7
10 2
6 #edges
1 11
1 10
2 6
0 1
0 7
10 2
6 #edges
1 2
1 11
7 6
2 10
0 1
0 7
6 #edges
1 2
1 11
2 10
0 1
0 7
10 6
9 #trees for patient 14
6 #edges
1 10
7 11
0 1
0 7
0 2
0 6
6 #edges
1 11
1 10
0 1
0 7
0 2
0 6
6 #edges
1 10
0 1
0 7
0 2
0 6
6 11
6 #edges
1 11
1 10
0 1
0 7
0 6
10 2
6 #edges
1 11
1 10
0 1
0 7
0 6
6 2
6 #edges
1 10
7 11
0 1
0 7
0 6
6 2
6 #edges
1 10
7 11
0 1
0 7
0 6
10 2
6 #edges
1 10
0 1
0 7
0 6
6 11
10 2
6 #edges
1 10
0 1
0 7
0 6
6 2
6 11
12 #trees for patient 15
6 #edges
1 2
1 11
2 10
0 1
0 7
0 6
6 #edges
1 2
1 11
11 10
0 1
0 7
0 6
6 #edges
1 11
1 10
11 2
0 1
0 7
0 6
6 #edges
1 11
1 10
0 1
0 7
0 6
10 2
6 #edges
1 11
11 10
0 1
0 7
0 6
10 2
6 #edges
1 11
2 10
11 2
0 1
0 7
0 6
6 #edges
1 2
1 11
7 6
2 10
0 1
0 7
6 #edges
1 2
1 11
7 6
11 10
0 1
0 7
6 #edges
1 11
1 10
7 6
0 1
0 7
10 2
6 #edges
1 11
1 10
7 6
11 2
0 1
0 7
6 #edges
1 11
7 6
2 10
11 2
0 1
0 7
6 #edges
1 11
7 6
11 10
0 1
0 7
10 2
6 #trees for patient 16
6 #edges
1 2
1 11
2 10
0 1
0 7
0 6
6 #edges
1 2
1 11
11 10
0 1
0 7
0 6
6 #edges
1 11
1 10
11 2
0 1
0 7
0 6
6 #edges
1 11
1 10
0 1
0 7
0 6
10 2
6 #edges
1 11
2 10
11 2
0 1
0 7
0 6
6 #edges
1 11
11 10
0 1
0 7
0 6
10 2
92 #trees for patient 17
6 #edges
1 2
1 11
1 10
0 1
0 7
0 6
6 #edges
1 11
1 10
0 1
0 7
0 6
6 2
6 #edges
1 11
1 10
0 1
0 7
0 6
10 2
6 #edges
1 11
0 1
0 7
0 6
6 10
10 2
6 #edges
1 2
1 11
0 1
0 7
0 6
6 10
6 #edges
1 2
1 11
2 10
0 1
0 7
0 6
6 #edges
1 11
2 10
0 1
0 7
0 6
6 2
6 #edges
1 11
1 6
2 10
0 1
0 7
0 2
6 #edges
1 11
1 6
1 10
0 1
0 7
0 2
6 #edges
1 11
1 6
0 1
0 7
0 2
6 10
6 #edges
1 2
1 11
1 6
0 1
0 7
0 10
6 #edges
1 11
1 6
0 1
0 7
0 10
10 2
6 #edges
1 11
1 6
0 1
0 7
0 10
6 2
6 #edges
1 2
1 11
1 6
0 1
0 7
6 10
6 #edges
1 2
1 11
1 6
2 10
0 1
0 7
6 #edges
1 11
1 6
0 1
0 7
6 10
10 2
6 #edges
1 11
1 6
2 10
0 1
0 7
6 2
6 #edges
1 11
1 6
1 10
0 1
0 7
6 2
6 #edges
1 11
1 6
1 10
0 1
0 7
10 2
6 #edges
1 11
1 6
2 7
0 1
0 10
10 2
6 #edges
1 7
1 11
1 6
0 1
0 10
10 2
6 #edges
1 11
1 6
11 7
0 1
0 10
10 2
6 #edges
1 11
1 6
0 1
0 10
6 7
10 2
6 #edges
1 11
1 6
2 7
0 1
0 2
0 10
6 #edges
1 11
1 6
0 1
0 2
0 10
10 7
6 #edges
1 11
1 6
0 1
0 2
0 10
6 7
6 #edges
1 7
1 11
1 6
0 1
0 2
0 10
6 #edges
1 11
1 6
11 7
0 1
0 2
0 10
6 #edges
1 2
1 11
1 6
11 7
0 1
0 10
6 #edges
1 11
1 6
11 7
0 1
0 10
6 2
6 #edges
1 2
1 11
1 6
0 1
0 10
10 7
6 #edges
1 11
1 6
0 1
0 10
6 2
10 7
6 #edges
1 11
1 6
2 7
0 1
0 10
6 2
6 #edges
1 7
1 11
1 6
0 1
0 10
6 2
6 #edges
1 2
1 11
1 6
2 7
0 1
0 10
6 #edges
1 2
1 11
1 6
0 1
0 10
6 7
6 #edges
1 11
1 6
1 10
2 7
0 1
0 2
6 #edges
1 11
1 6
2 7
0 1
0 2
6 10
6 #edges
1 11
1 6
2 10
11 7
0 1
0 2
6 #edges
1 11
1 6
2 10
0 1
0 2
10 7
6 #edges
1 7
1 11
1 6
2 10
0 1
0 2
6 #edges
1 11
1 6
2 10
0 1
0 2
6 7
6 #edges
1 7
1 11
1 6
0 1
0 2
6 10
6 #edges
1 11
1 6
1 10
0 1
0 2
10 7
6 #edges
1 11
1 6
1 10
11 7
0 1
0 2
6 #edges
1 11
1 6
1 10
0 1
0 2
6 7
6 #edges
1 11
1 6
0 1
0 2
6 10
10 7
6 #edges
1 11
1 6
11 7
0 1
0 2
6 10
6 #edges
1 11
2 7
0 1
0 6
6 10
10 2
6 #edges
1 7
1 11
0 1
0 6
6 10
10 2
6 #edges
1 11
11 7
0 1
0 6
6 10
10 2
6 #edges
1 2
1 11
0 1
0 6
6 10
10 7
6 #edges
1 2
1 11
2 7
0 1
0 6
6 10
6 #edges
1 7
1 2
1 11
0 1
0 6
6 10
6 #edges
1 2
1 11
11 7
0 1
0 6
6 10
6 #edges
1 2
1 11
2 10
0 1
0 6
6 7
6 #edges
1 2
1 11
1 10
0 1
0 6
6 7
6 #edges
1 11
1 10
0 1
0 6
6 7
10 2
6 #edges
1 11
1 10
11 7
0 1
0 6
6 2
6 #edges
1 11
2 10
11 7
0 1
0 6
6 2
6 #edges
1 2
1 11
1 10
11 7
0 1
0 6
6 #edges
1 11
1 10
11 7
0 1
0 6
10 2
6 #edges
1 2
1 11
2 10
11 7
0 1
0 6
6 #edges
1 7
1 11
1 10
0 1
0 6
10 2
6 #edges
1 7
1 11
1 10
0 1
0 6
6 2
6 #edges
1 7
1 2
1 11
2 10
0 1
0 6
6 #edges
1 7
1 11
2 10
0 1
0 6
6 2
6 #edges
1 2
1 11
2 10
0 1
0 6
10 7
6 #edges
1 2
1 11
1 10
2 7
0 1
0 6
6 #edges
1 2
1 11
1 10
0 1
0 6
10 7
6 #edges
1 11
1 10
0 1
0 6
6 2
10 7
6 #edges
1 11
1 10
2 7
0 1
0 6
6 2
6 #edges
1 11
1 10
2 7
0 1
0 6
10 2
6 #edges
1 11
2 10
0 1
0 6
6 2
10 7
6 #edges
1 2
1 11
1 6
2 7
0 1
6 10
6 #edges
1 2
1 11
1 6
2 10
0 1
6 7
6 #edges
1 2
1 11
1 6
2 10
0 1
10 7
6 #edges
1 2
1 11
1 6
2 10
11 7
0 1
6 #edges
1 2
1 11
1 6
11 7
0 1
6 10
6 #edges
1 2
1 11
1 6
0 1
6 10
10 7
6 #edges
1 11
1 6
1 10
0 1
6 2
10 7
6 #edges
1 11
1 6
1 10
11 7
0 1
10 2
6 #edges
1 11
1 6
1 10
11 7
0 1
6 2
6 #edges
1 11
1 6
1 10
2 7
0 1
10 2
6 #edges
1 11
1 6
1 10
0 1
6 7
10 2
6 #edges
1 11
1 6
1 10
2 7
0 1
6 2
6 #edges
1 7
1 11
1 6
0 1
6 10
10 2
6 #edges
1 7
1 11
1 6
2 10
0 1
6 2
6 #edges
1 11
1 6
11 7
0 1
6 10
10 2
6 #edges
1 11
1 6
2 10
11 7
0 1
6 2
6 #edges
1 11
1 6
2 7
0 1
6 10
10 2
6 #edges
1 11
1 6
2 10
0 1
6 2
10 7
22 #trees for patient 18
6 #edges
1 2
1 11
2 10
0 1
0 7
0 6
6 #edges
1 11
1 10
0 1
0 7
0 6
10 2
6 #edges
1 10
0 1
0 7
0 11
0 6
10 2
6 #edges
1 10
2 11
0 1
0 7
0 6
10 2
6 #edges
1 2
2 10
0 1
0 7
0 11
0 6
6 #edges
1 2
2 10
0 1
0 7
0 6
10 11
6 #edges
1 2
2 10
11 6
0 1
0 7
0 11
6 #edges
1 10
11 6
0 1
0 7
0 11
10 2
6 #edges
1 6
1 10
0 1
0 7
0 11
10 2
6 #edges
1 10
2 6
0 1
0 7
0 11
10 2
6 #edges
1 2
2 10
0 1
0 7
0 11
10 6
6 #edges
1 2
1 6
2 10
0 1
0 7
0 11
6 #edges
1 6
1 10
2 11
0 1
0 7
10 2
6 #edges
1 11
1 10
2 6
0 1
0 7
10 2
6 #edges
1 11
1 10
11 6
0 1
0 7
10 2
6 #edges
1 10
2 11
11 6
0 1
0 7
10 2
6 #edges
1 10
2 11
2 6
0 1
0 7
10 2
6 #edges
1 2
1 11
2 10
11 6
0 1
0 7
6 #edges
1 2
1 11
2 10
0 1
0 7
10 6
6 #edges
1 2
1 6
2 10
0 1
0 7
10 11
6 #edges
1 2
2 10
0 1
0 7
10 11
10 6
6 #edges
1 2
2 10
11 6
0 1
0 7
10 11
6 #trees for patient 19
6 #edges
1 11
1 10
0 1
0 7
0 6
10 2
6 #edges
1 10
0 1
0 7
0 6
10 2
10 11
6 #edges
1 10
2 11
0 1
0 7
0 6
10 2
6 #edges
1 11
1 10
0 1
0 6
6 7
10 2
6 #edges
1 10
2 11
0 1
0 6
6 7
10 2
6 #edges
1 10
0 1
0 6
6 7
10 2
10 11
4 #trees for patient 20
6 #edges
1 10
7 2
7 11
0 1
0 7
0 6
6 #edges
1 11
1 10
7 2
0 1
0 7
0 6
6 #edges
1 11
1 10
0 1
0 7
0 6
10 2
6 #edges
1 10
7 11
0 1
0 7
0 6
10 2
24 #trees for patient 21
6 #edges
1 11
1 10
0 1
0 7
0 6
10 2
6 #edges
1 11
1 10
11 2
0 1
0 7
0 6
6 #edges
1 11
1 10
7 2
0 1
0 7
0 6
6 #edges
1 2
1 11
7 10
0 1
0 7
0 6
6 #edges
1 2
1 11
11 10
0 1
0 7
0 6
6 #edges
1 2
1 11
2 10
0 1
0 7
0 6
6 #edges
1 11
7 10
11 2
0 1
0 7
0 6
6 #edges
1 11
7 10
0 1
0 7
0 6
10 2
6 #edges
1 11
7 2
11 10
0 1
0 7
0 6
6 #edges
1 11
7 2
2 10
0 1
0 7
0 6
6 #edges
1 11
2 10
11 2
0 1
0 7
0 6
6 #edges
1 11
11 10
0 1
0 7
0 6
10 2
6 #edges
1 11
7 2
7 6
2 10
0 1
0 7
6 #edges
1 11
1 10
7 2
7 6
0 1
0 7
6 #edges
1 11
7 2
7 6
11 10
0 1
0 7
6 #edges
1 11
1 10
7 6
11 2
0 1
0 7
6 #edges
1 11
1 10
7 6
0 1
0 7
10 2
6 #edges
1 2
1 11
7 6
2 10
0 1
0 7
6 #edges
1 2
1 11
7 6
11 10
0 1
0 7
6 #edges
1 2
1 11
7 6
7 10
0 1
0 7
6 #edges
1 11
7 6
7 10
11 2
0 1
0 7
6 #edges
1 11
7 6
7 10
0 1
0 7
10 2
6 #edges
1 11
7 6
2 10
11 2
0 1
0 7
6 #edges
1 11
7 6
11 10
0 1
0 7
10 2
2 #trees for patient 22
6 #edges
1 11
1 10
0 1
0 7
0 6
10 2
6 #edges
1 10
0 1
0 7
0 6
10 2
10 11
6 #trees for patient 23
6 #edges
1 11
1 10
0 1
0 7
0 6
10 2
6 #edges
1 11
1 10
11 6
0 1
0 7
10 2
6 #edges
1 11
1 10
0 1
0 6
6 7
10 2
6 #edges
1 11
1 10
11 7
0 1
0 6
10 2
6 #edges
1 11
1 10
11 7
11 6
0 1
10 2
6 #edges
1 11
1 10
11 6
0 1
6 7
10 2
6 #trees for patient 24
6 #edges
1 10
7 11
0 1
0 7
0 6
10 2
6 #edges
1 2
7 11
2 10
0 1
0 7
0 6
6 #edges
1 10
0 1
0 7
0 6
6 11
10 2
6 #edges
1 2
2 10
0 1
0 7
0 6
6 11
6 #edges
1 2
1 11
2 10
0 1
0 7
0 6
6 #edges
1 11
1 10
0 1
0 7
0 6
10 2
2 #trees for patient 25
6 #edges
1 11
1 10
0 1
0 7
0 6
10 2
6 #edges
1 11
1 10
11 7
0 1
0 6
10 2
4 #trees for patient 26
6 #edges
1 2
1 11
2 10
0 1
0 7
0 6
6 #edges
1 11
1 10
0 1
0 7
0 6
10 2
6 #edges
1 11
1 10
11 6
0 1
0 7
10 2
6 #edges
1 2
1 11
2 10
11 6
0 1
0 7
12 #trees for patient 27
6 #edges
1 11
1 10
0 1
0 7
0 6
10 2
6 #edges
1 2
1 11
2 10
0 1
0 7
0 6
6 #edges
1 11
1 10
2 7
0 1
0 6
10 2
6 #edges
1 2
1 11
2 10
0 1
0 6
10 7
6 #edges
1 2
1 11
7 6
2 10
0 1
0 7
6 #edges
1 2
1 11
2 10
0 1
0 7
10 6
6 #edges
1 11
1 10
2 6
0 1
0 7
10 2
6 #edges
1 11
1 10
7 6
0 1
0 7
10 2
6 #edges
1 11
1 10
2 7
2 6
0 1
10 2
6 #edges
1 11
1 10
7 6
2 7
0 1
10 2
6 #edges
1 2
1 11
2 10
0 1
10 7
10 6
6 #edges
1 2
1 11
7 6
2 10
0 1
10 7
13 #trees for patient 28
6 #edges
1 11
1 10
0 1
0 7
0 6
10 2
6 #edges
1 11
1 10
7 2
0 1
0 7
0 6
6 #edges
1 11
7 2
2 10
0 1
0 7
0 6
6 #edges
1 11
7 2
7 10
0 1
0 7
0 6
6 #edges
1 2
1 11
7 10
0 1
0 7
0 6
6 #edges
1 11
7 10
0 1
0 7
0 6
10 2
6 #edges
1 2
1 11
2 10
0 1
0 7
0 6
6 #edges
1 11
7 6
7 10
0 1
0 7
10 2
6 #edges
1 2
1 11
7 6
7 10
0 1
0 7
6 #edges
1 11
1 10
7 2
7 6
0 1
0 7
6 #edges
1 11
7 2
7 6
2 10
0 1
0 7
6 #edges
1 11
1 10
7 6
0 1
0 7
10 2
6 #edges
1 2
1 11
7 6
2 10
0 1
0 7
4 #trees for patient 29
6 #edges
1 11
1 10
0 1
0 7
0 6
10 2
6 #edges
1 10
2 11
0 1
0 7
0 6
10 2
6 #edges
1 11
1 10
0 1
0 6
10 7
10 2
6 #edges
1 10
2 11
0 1
0 6
10 7
10 2
12 #trees for patient 30
6 #edges
1 11
1 10
0 1
0 7
0 6
10 2
6 #edges
1 10
0 1
0 7
0 6
10 2
10 11
6 #edges
1 11
1 10
2 7
0 1
0 6
10 2
6 #edges
1 10
2 7
0 1
0 6
10 2
10 11
6 #edges
1 10
7 6
0 1
0 7
10 2
10 11
6 #edges
1 11
1 10
7 6
0 1
0 7
10 2
6 #edges
1 11
1 10
2 6
0 1
0 7
10 2
6 #edges
1 10
2 6
0 1
0 7
10 2
10 11
6 #edges
1 10
2 7
2 6
0 1
10 2
10 11
6 #edges
1 10
7 6
2 7
0 1
10 2
10 11
6 #edges
1 11
1 10
2 7
2 6
0 1
10 2
6 #edges
1 11
1 10
7 6
2 7
0 1
10 2
4 #trees for patient 31
6 #edges
1 11
1 10
0 1
0 7
0 6
10 2
6 #edges
1 10
0 1
0 7
0 6
6 11
10 2
6 #edges
1 10
2 7
0 1
0 6
6 11
10 2
6 #edges
1 11
1 10
2 7
0 1
0 6
10 2
14 #trees for patient 32
6 #edges
1 11
1 10
0 1
0 7
0 6
10 2
6 #edges
1 11
1 10
11 2
0 1
0 7
0 6
6 #edges
1 2
1 11
11 10
0 1
0 7
0 6
6 #edges
1 2
1 11
2 10
0 1
0 7
0 6
6 #edges
1 11
11 2
11 10
0 1
0 7
0 6
6 #edges
1 11
2 10
11 2
0 1
0 7
0 6
6 #edges
1 11
11 10
0 1
0 7
0 6
10 2
6 #edges
1 11
7 6
11 2
11 10
0 1
0 7
6 #edges
1 11
1 10
7 6
11 2
0 1
0 7
6 #edges
1 11
7 6
2 10
11 2
0 1
0 7
6 #edges
1 11
1 10
7 6
0 1
0 7
10 2
6 #edges
1 2
1 11
7 6
11 10
0 1
0 7
6 #edges
1 2
1 11
7 6
2 10
0 1
0 7
6 #edges
1 11
7 6
11 10
0 1
0 7
10 2
2 #trees for patient 33
6 #edges
1 8
8 3
11 10
0 11
6 1
10 6
6 #edges
1 3
11 10
0 11
6 1
3 8
10 6
6 #trees for patient 34
6 #edges
1 8
8 3
11 10
0 11
6 1
10 6
6 #edges
1 6
8 3
11 10
0 11
6 8
10 1
6 #edges
1 10
8 3
11 6
0 11
6 1
10 8
6 #edges
1 8
8 3
11 6
0 11
6 10
10 1
6 #edges
1 10
8 3
11 1
0 11
6 8
10 6
6 #edges
1 6
8 3
11 1
0 11
6 10
10 8
8 #trees for patient 35
6 #edges
1 8
11 6
0 3
0 10
6 1
10 11
6 #edges
8 1
11 6
0 3
0 10
6 8
10 11
6 #edges
1 8
11 10
0 11
0 3
6 1
10 6
6 #edges
8 1
11 10
0 11
0 3
6 8
10 6
6 #edges
1 3
8 1
11 6
0 10
6 8
10 11
6 #edges
1 8
8 3
11 6
0 10
6 1
10 11
6 #edges
1 8
8 3
11 10
0 11
6 1
10 6
6 #edges
1 3
8 1
11 10
0 11
6 8
10 6
24 #trees for patient 36
6 #edges
1 6
8 1
11 8
0 3
0 10
10 11
6 #edges
8 6
11 8
0 3
0 10
6 1
10 11
6 #edges
1 8
11 6
0 3
0 10
6 1
10 11
6 #edges
8 1
11 6
0 3
0 10
6 8
10 11
6 #edges
1 8
8 6
11 1
0 3
0 10
10 11
6 #edges
1 6
11 1
0 3
0 10
6 8
10 11
6 #edges
1 6
11 10
0 11
0 3
6 8
10 1
6 #edges
1 8
8 6
11 10
0 11
0 3
10 1
6 #edges
8 6
11 10
0 11
0 3
6 1
10 8
6 #edges
1 6
8 1
11 10
0 11
0 3
10 8
6 #edges
1 8
11 10
0 11
0 3
6 1
10 6
6 #edges
8 1
11 10
0 11
0 3
6 8
10 6
6 #edges
1 8
8 3
11 6
0 10
6 1
10 11
6 #edges
1 3
8 1
11 6
0 10
6 8
10 11
6 #edges
1 3
8 6
11 8
0 10
6 1
10 11
6 #edges
1 6
8 1
11 8
0 10
6 3
10 11
6 #edges
1 8
8 6
11 1
0 10
6 3
10 11
6 #edges
1 6
8 3
11 1
0 10
6 8
10 11
6 #edges
1 6
8 3
11 10
0 11
6 8
10 1
6 #edges
1 8
8 6
11 10
0 11
6 3
10 1
6 #edges
1 6
8 1
11 10
0 11
6 3
10 8
6 #edges
1 3
8 6
11 10
0 11
6 1
10 8
6 #edges
1 8
8 3
11 10
0 11
6 1
10 6
6 #edges
1 3
8 1
11 10
0 11
6 8
10 6
2 #trees for patient 37
6 #edges
1 3
8 1
11 10
0 11
6 8
10 6
6 #edges
1 8
8 3
11 10
0 11
6 1
10 6
14 #trees for patient 38
6 #edges
11 8
11 3
11 10
0 11
6 1
10 6
6 #edges
1 6
11 8
11 3
11 10
0 11
10 1
6 #edges
11 3
11 10
0 11
6 1
3 8
10 6
6 #edges
1 6
11 3
11 10
0 11
3 8
10 1
6 #edges
1 8
11 3
11 10
0 11
6 1
10 6
6 #edges
1 6
11 3
11 10
0 11
6 8
10 1
6 #edges
8 3
11 8
11 10
0 11
6 1
10 6
6 #edges
1 3
11 8
11 10
0 11
6 1
10 6
6 #edges
1 8
8 3
11 10
0 11
6 1
10 6
6 #edges
1 3
11 10
0 11
6 1
3 8
10 6
6 #edges
1 6
8 3
11 8
11 10
0 11
10 1
6 #edges
1 6
11 8
11 10
0 11
6 3
10 1
6 #edges
1 6
8 3
11 10
0 11
6 8
10 1
6 #edges
1 6
11 10
0 11
6 3
3 8
10 1
6 #trees for patient 39
6 #edges
1 3
8 1
11 10
0 11
6 8
10 6
6 #edges
8 3
11 10
0 11
6 8
3 1
10 6
6 #edges
1 8
11 10
0 11
6 3
3 1
10 6
6 #edges
8 1
11 10
0 11
6 3
3 8
10 6
6 #edges
1 8
8 3
11 10
0 11
6 1
10 6
6 #edges
1 3
11 10
0 11
6 1
3 8
10 6
2 #trees for patient 40
6 #edges
1 8
8 3
11 6
0 10
6 1
10 11
6 #edges
1 8
8 3
11 10
0 11
6 1
10 6
2 #trees for patient 41
6 #edges
1 3
11 10
0 11
6 1
3 8
10 6
6 #edges
1 8
8 3
11 10
0 11
6 1
10 6
24 #trees for patient 42
6 #edges
8 1
11 6
0 10
6 8
6 3
10 11
6 #edges
1 3
8 1
11 6
0 10
6 8
10 11
6 #edges
1 8
11 6
0 10
6 1
6 3
10 11
6 #edges
1 8
8 3
11 6
0 10
6 1
10 11
6 #edges
1 8
11 1
11 3
0 10
6 11
10 6
6 #edges
8 1
11 8
11 3
0 10
6 11
10 6
6 #edges
1 8
8 3
11 1
0 10
6 11
10 6
6 #edges
1 3
8 1
11 8
0 10
6 11
10 6
6 #edges
1 8
11 10
0 6
6 11
10 1
10 3
6 #edges
1 8
8 3
11 10
0 6
6 11
10 1
6 #edges
8 1
11 10
0 6
6 11
10 8
10 3
6 #edges
1 3
8 1
11 10
0 6
6 11
10 8
6 #edges
1 8
11 1
11 3
0 6
6 10
10 11
6 #edges
1 8
8 3
11 1
0 6
6 10
10 11
6 #edges
8 1
11 8
11 3
0 6
6 10
10 11
6 #edges
1 3
8 1
11 8
0 6
6 10
10 11
6 #edges
1 3
8 1
11 10
0 11
6 8
10 6
6 #edges
8 1
11 10
0 11
6 8
6 3
10 6
6 #edges
1 8
8 3
11 10
0 11
6 1
10 6
6 #edges
1 8
11 10
0 11
6 1
6 3
10 6
6 #edges
8 1
11 6
0 11
6 10
10 8
10 3
6 #edges
1 8
11 6
0 11
6 10
10 1
10 3
6 #edges
1 8
8 3
11 6
0 11
6 10
10 1
6 #edges
1 3
8 1
11 6
0 11
6 10
10 8
6 #trees for patient 43
6 #edges
1 8
8 3
11 6
0 10
6 1
10 11
6 #edges
1 8
8 3
11 1
0 10
6 11
10 6
6 #edges
1 8
8 3
11 10
0 6
6 11
10 1
6 #edges
1 8
8 3
11 1
0 6
6 10
10 11
6 #edges
1 8
8 3
11 10
0 11
6 1
10 6
6 #edges
1 8
8 3
11 6
0 11
6 10
10 1
22 #trees for patient 44
6 #edges
7 8
7 11
7 9
7 3
0 1
0 7
6 #edges
7 11
7 9
7 3
0 1
0 7
3 8
6 #edges
7 11
7 9
7 3
11 8
0 1
0 7
6 #edges
7 11
7 9
11 3
0 1
0 7
3 8
6 #edges
7 8
7 11
7 9
11 3
0 1
0 7
6 #edges
7 1
7 11
7 9
7 3
11 8
0 7
6 #edges
7 1
7 8
7 11
7 9
11 3
0 7
6 #edges
7 1
7 11
7 9
11 3
0 7
3 8
6 #edges
7 1
7 11
7 9
7 3
0 7
3 8
6 #edges
7 8
7 11
7 9
7 3
8 1
0 7
6 #edges
7 8
7 11
7 9
8 1
11 3
0 7
6 #edges
7 8
7 11
7 9
11 3
0 7
3 1
6 #edges
7 8
7 11
7 9
7 3
11 1
0 7
6 #edges
7 8
7 11
7 9
7 3
0 7
3 1
6 #edges
7 11
7 9
7 3
0 7
3 1
3 8
6 #edges
7 11
7 9
7 3
11 1
0 7
3 8
6 #edges
7 11
7 9
7 3
8 1
0 7
3 8
6 #edges
7 11
7 9
7 3
11 1
11 8
0 7
6 #edges
7 11
7 9
7 3
11 8
0 7
3 1
6 #edges
7 11
7 9
7 3
8 1
11 8
0 7
6 #edges
7 11
7 9
8 1
11 3
0 7
3 8
6 #edges
7 11
7 9
11 3
0 7
3 1
3 8
9 #trees for patient 45
6 #edges
7 8
7 9
7 3
0 1
0 7
0 11
6 #edges
7 8
7 11
7 9
7 3
0 1
0 7
6 #edges
7 8
7 9
7 3
0 1
0 7
3 11
6 #edges
7 8
7 9
7 3
0 7
0 11
3 1
6 #edges
7 8
7 9
7 3
0 7
0 11
9 1
6 #edges
7 8
7 9
7 3
0 7
9 1
3 11
6 #edges
7 8
7 11
7 9
7 3
0 7
9 1
6 #edges
7 8
7 11
7 9
7 3
0 7
3 1
6 #edges
7 8
7 9
7 3
0 7
3 1
3 11
8 #trees for patient 46
6 #edges
1 9
1 3
7 8
8 11
0 1
0 7
6 #edges
1 9
1 3
7 8
7 11
0 1
0 7
6 #edges
1 9
7 8
7 3
8 11
0 1
0 7
6 #edges
1 9
7 8
7 11
7 3
0 1
0 7
6 #edges
7 8
7 11
7 9
7 3
0 1
0 7
6 #edges
1 3
7 8
7 11
7 9
0 1
0 7
6 #edges
7 8
7 9
7 3
8 11
0 1
0 7
6 #edges
1 3
7 8
7 9
8 11
0 1
0 7
3 #trees for patient 47
6 #edges
1 9
7 8
7 11
7 3
0 1
0 7
6 #edges
7 8
7 11
7 9
7 3
0 1
0 7
6 #edges
7 8
7 11
7 3
8 9
0 1
0 7
3 #trees for patient 48
6 #edges
7 8
7 11
7 9
7 3
0 1
0 7
6 #edges
7 8
7 11
7 9
7 3
0 7
9 1
6 #edges
7 8
7 11
7 9
7 3
8 1
0 7
4 #trees for patient 49
6 #edges
7 8
7 11
7 9
7 3
0 1
0 7
6 #edges
7 11
7 9
7 3
0 1
0 7
3 8
6 #edges
7 9
7 3
0 1
0 7
9 11
3 8
6 #edges
7 8
7 9
7 3
0 1
0 7
9 11
12 #trees for patient 50
6 #edges
7 8
7 11
7 3
0 1
0 7
0 9
6 #edges
7 8
7 3
0 1
0 7
0 9
3 11
6 #edges
7 8
7 11
7 9
7 3
0 1
0 7
6 #edges
7 8
7 9
7 3
0 1
0 7
3 11
6 #edges
7 8
7 11
7 3
8 9
0 1
0 7
6 #edges
7 8
7 3
8 9
0 1
0 7
3 11
6 #edges
7 1
7 8
7 11
7 3
0 7
0 9
6 #edges
7 1
7 8
7 3
0 7
0 9
3 11
6 #edges
7 1
7 8
7 11
7 9
7 3
0 7
6 #edges
7 1
7 8
7 9
7 3
0 7
3 11
6 #edges
7 1
7 8
7 11
7 3
8 9
0 7
6 #edges
7 1
7 8
7 3
8 9
0 7
3 11
6 #trees for patient 51
6 #edges
7 8
7 11
7 9
7 3
0 1
0 7
6 #edges
7 8
7 11
7 9
8 3
0 1
0 7
6 #edges
7 8
7 11
7 9
11 3
0 1
0 7
6 #edges
7 11
7 9
7 3
11 8
0 1
0 7
6 #edges
7 11
7 9
8 3
11 8
0 1
0 7
6 #edges
7 11
7 9
11 8
11 3
0 1
0 7
4 #trees for patient 52
6 #edges
1 8
7 11
7 9
7 3
0 1
0 7
6 #edges
1 8
7 11
7 3
0 1
0 7
3 9
6 #edges
7 8
7 11
7 9
7 3
0 1
0 7
6 #edges
7 8
7 11
7 3
0 1
0 7
3 9
12 #trees for patient 53
6 #edges
7 8
7 11
7 9
7 3
0 1
0 7
6 #edges
7 8
7 11
7 3
11 9
0 1
0 7
6 #edges
7 8
7 11
7 9
0 1
0 7
9 3
6 #edges
7 8
7 11
7 9
11 3
0 1
0 7
6 #edges
7 8
7 11
11 9
11 3
0 1
0 7
6 #edges
7 8
7 11
11 9
0 1
0 7
9 3
6 #edges
7 8
7 11
7 9
7 3
8 1
0 7
6 #edges
7 8
7 11
7 9
8 1
0 7
9 3
6 #edges
7 8
7 11
7 9
8 1
11 3
0 7
6 #edges
7 8
7 11
7 3
8 1
11 9
0 7
6 #edges
7 8
7 11
8 1
11 9
11 3
0 7
6 #edges
7 8
7 11
8 1
11 9
0 7
9 3
12 #trees for patient 54
6 #edges
1 8
7 11
7 9
7 3
0 1
0 7
6 #edges
1 8
1 3
7 11
7 9
0 1
0 7
6 #edges
1 8
7 9
7 3
0 1
0 7
9 11
6 #edges
1 8
1 3
7 9
0 1
0 7
9 11
6 #edges
1 3
7 11
7 9
0 1
0 7
3 8
6 #edges
1 3
7 8
7 11
7 9
0 1
0 7
6 #edges
7 8
7 11
7 9
7 3
0 1
0 7
6 #edges
7 11
7 9
7 3
0 1
0 7
3 8
6 #edges
1 3
7 8
7 9
0 1
0 7
9 11
6 #edges
1 3
7 9
0 1
0 7
9 11
3 8
6 #edges
7 8
7 9
7 3
0 1
0 7
9 11
6 #edges
7 9
7 3
0 1
0 7
9 11
3 8
4 #trees for patient 55
6 #edges
7 8
7 11
7 9
7 3
0 1
0 7
6 #edges
7 8
7 9
7 3
0 1
0 7
0 11
6 #edges
7 8
7 9
7 3
0 7
0 11
9 1
6 #edges
7 8
7 11
7 9
7 3
0 7
9 1
16 #trees for patient 56
6 #edges
7 8
7 11
7 3
0 1
0 7
3 9
6 #edges
7 8
7 11
7 9
7 3
0 1
0 7
6 #edges
7 11
7 9
7 3
0 1
0 7
3 8
6 #edges
7 11
7 3
0 1
0 7
3 8
3 9
6 #edges
7 1
7 8
7 11
7 9
7 3
0 7
6 #edges
7 1
7 8
7 11
7 3
0 7
3 9
6 #edges
7 8
7 11
7 9
7 3
0 7
3 1
6 #edges
7 8
7 11
7 9
7 3
0 7
9 1
6 #edges
7 8
7 11
7 3
0 7
3 1
3 9
6 #edges
7 8
7 11
7 3
0 7
9 1
3 9
6 #edges
7 11
7 3
0 7
3 1
3 8
3 9
6 #edges
7 11
7 9
7 3
0 7
3 1
3 8
6 #edges
7 1
7 11
7 3
0 7
3 8
3 9
6 #edges
7 11
7 3
0 7
9 1
3 8
3 9
6 #edges
7 1
7 11
7 9
7 3
0 7
3 8
6 #edges
7 11
7 9
7 3
0 7
9 1
3 8
9 #trees for patient 57
6 #edges
1 8
7 1
7 9
0 7
0 11
0 3
6 #edges
7 1
7 9
8 11
0 7
0 8
0 3
6 #edges
1 11
7 1
7 9
0 7
0 8
0 3
6 #edges
1 8
7 9
7 3
8 11
0 1
0 7
6 #edges
1 8
7 11
7 9
7 3
0 1
0 7
6 #edges
7 8
7 11
7 9
7 3
0 1
0 7
6 #edges
1 11
7 8
7 9
7 3
0 1
0 7
6 #edges
7 8
7 9
7 3
8 11
0 1
0 7
6 #edges
1 8
7 1
7 9
8 11
0 7
0 3
4 #trees for patient 58
6 #edges
7 8
7 11
7 9
7 3
0 1
0 7
6 #edges
7 8
7 11
7 3
0 1
0 7
3 9
6 #edges
7 8
7 11
7 9
7 3
11 1
0 7
6 #edges
7 8
7 11
7 3
11 1
0 7
3 9
7 #trees for patient 59
6 #edges
7 8
7 11
7 9
8 1
0 7
0 3
6 #edges
1 3
7 8
7 11
7 9
0 1
0 7
6 #edges
7 8
7 11
7 9
8 3
0 1
0 7
6 #edges
7 8
7 11
7 9
7 3
0 1
0 7
6 #edges
1 3
7 8
7 11
7 9
8 1
0 7
6 #edges
7 8
7 11
7 9
8 1
8 3
0 7
6 #edges
7 8
7 11
7 9
7 3
8 1
0 7
3 #trees for patient 60
6 #edges
7 8
7 11
7 9
7 3
0 1
0 7
6 #edges
7 8
7 11
7 9
7 3
0 7
9 1
6 #edges
7 8
7 11
7 9
7 3
11 1
0 7
9 #trees for patient 61
6 #edges
7 8
7 11
7 9
7 3
0 1
0 7
6 #edges
7 8
7 9
7 3
0 1
0 7
3 11
6 #edges
7 8
7 9
7 3
0 1
0 7
9 11
6 #edges
7 1
7 8
7 11
7 9
7 3
0 7
6 #edges
7 1
7 8
7 9
7 3
0 7
3 11
6 #edges
7 1
7 8
7 9
7 3
0 7
9 11
6 #edges
7 8
7 11
7 9
7 3
8 1
0 7
6 #edges
7 8
7 9
7 3
8 1
0 7
9 11
6 #edges
7 8
7 9
7 3
8 1
0 7
3 11
9 #trees for patient 62
6 #edges
1 11
7 1
7 8
7 3
0 7
0 9
6 #edges
7 1
7 8
7 3
11 9
0 7
0 11
6 #edges
1 9
7 1
7 8
7 3
0 7
0 11
6 #edges
1 11
7 8
7 3
11 9
0 1
0 7
6 #edges
1 11
7 8
7 9
7 3
0 1
0 7
6 #edges
7 8
7 11
7 9
7 3
0 1
0 7
6 #edges
1 9
7 8
7 11
7 3
0 1
0 7
6 #edges
7 8
7 11
7 3
11 9
0 1
0 7
6 #edges
1 11
7 1
7 8
7 3
11 9
0 7
18 #trees for patient 63
6 #edges
7 1
7 8
7 9
0 7
0 11
0 3
6 #edges
7 8
7 9
0 7
0 11
0 3
3 1
6 #edges
7 8
7 9
0 1
0 7
0 11
0 3
6 #edges
7 8
7 9
7 3
0 1
0 7
0 11
6 #edges
7 8
7 9
7 3
0 7
0 11
3 1
6 #edges
7 8
7 11
7 9
0 1
0 7
0 3
6 #edges
7 8
7 9
0 1
0 7
0 3
3 11
6 #edges
1 11
7 8
7 9
0 1
0 7
0 3
6 #edges
1 11
7 8
7 9
7 3
0 1
0 7
6 #edges
7 8
7 11
7 9
7 3
0 1
0 7
6 #edges
7 8
7 9
7 3
0 1
0 7
3 11
6 #edges
1 11
7 8
7 9
0 7
0 3
3 1
6 #edges
7 8
7 11
7 9
0 7
0 3
3 1
6 #edges
7 1
7 8
7 11
7 9
0 7
0 3
6 #edges
7 1
7 8
7 9
0 7
0 3
3 11
6 #edges
1 11
7 1
7 8
7 9
0 7
0 3
6 #edges
7 8
7 11
7 9
7 3
0 7
3 1
6 #edges
1 11
7 8
7 9
7 3
0 7
3 1
4 #trees for patient 64
6 #edges
7 8
7 11
7 3
0 1
0 7
3 9
6 #edges
7 8
7 11
7 9
7 3
0 1
0 7
6 #edges
7 8
7 11
7 9
7 3
11 1
0 7
6 #edges
7 8
7 11
7 3
11 1
0 7
3 9
2 #trees for patient 65
6 #edges
7 8
7 11
7 9
7 3
0 1
0 7
6 #edges
1 9
7 8
7 11
7 3
0 1
0 7
9 #trees for patient 66
6 #edges
7 8
7 9
7 3
0 1
0 7
0 11
6 #edges
7 8
7 3
8 9
0 1
0 7
0 11
6 #edges
7 8
7 3
0 1
0 7
0 11
3 9
6 #edges
7 8
7 11
7 9
7 3
0 1
0 7
6 #edges
7 8
7 11
7 3
0 1
0 7
3 9
6 #edges
7 8
7 11
7 3
8 9
0 1
0 7
6 #edges
7 8
7 9
7 3
0 1
0 7
3 11
6 #edges
7 8
7 3
0 1
0 7
3 11
3 9
6 #edges
7 8
7 3
8 9
0 1
0 7
3 11
3 #trees for patient 67
6 #edges
7 8
7 11
7 9
7 3
0 1
0 7
6 #edges
7 1
7 8
7 11
7 9
7 3
0 7
6 #edges
7 8
7 11
7 9
7 3
0 7
9 1
8 #trees for patient 68
6 #edges
1 9
7 8
7 11
0 1
0 7
0 3
6 #edges
1 9
7 8
8 11
0 1
0 7
0 3
6 #edges
7 8
7 11
7 9
0 1
0 7
0 3
6 #edges
7 8
7 9
8 11
0 1
0 7
0 3
6 #edges
1 9
7 8
7 11
7 3
0 1
0 7
6 #edges
1 9
7 8
7 3
8 11
0 1
0 7
6 #edges
7 8
7 9
7 3
8 11
0 1
0 7
6 #edges
7 8
7 11
7 9
7 3
0 1
0 7
6 #trees for patient 69
6 #edges
7 8
7 11
7 3
8 1
0 7
0 9
6 #edges
7 8
7 11
7 3
8 9
0 1
0 7
6 #edges
7 8
7 11
7 9
7 3
0 1
0 7
6 #edges
1 9
7 8
7 11
7 3
0 1
0 7
6 #edges
7 8
7 11
7 9
7 3
8 1
0 7
6 #edges
1 9
7 8
7 11
7 3
8 1
0 7
12 #trees for patient 70
6 #edges
7 8
7 11
7 9
0 1
0 7
9 3
6 #edges
7 8
7 11
7 9
7 3
0 1
0 7
6 #edges
7 8
7 11
7 9
11 3
0 1
0 7
6 #edges
7 8
7 11
7 3
11 9
0 1
0 7
6 #edges
7 8
7 11
11 9
11 3
0 1
0 7
6 #edges
7 8
7 11
11 9
0 1
0 7
9 3
6 #edges
7 1
7 8
7 11
7 9
7 3
0 7
6 #edges
7 1
7 8
7 11
7 9
11 3
0 7
6 #edges
7 1
7 8
7 11
7 9
0 7
9 3
6 #edges
7 1
7 8
7 11
7 3
11 9
0 7
6 #edges
7 1
7 8
7 11
11 9
11 3
0 7
6 #edges
7 1
7 8
7 11
11 9
0 7
9 3
24 #trees for patient 71
6 #edges
7 8
7 11
7 9
0 1
0 7
0 3
6 #edges
7 11
7 9
11 8
0 1
0 7
0 3
6 #edges
7 8
7 11
7 9
0 7
0 3
9 1
6 #edges
7 11
7 9
11 8
0 7
0 3
9 1
6 #edges
1 3
7 8
7 11
7 9
0 1
0 7
6 #edges
1 3
7 11
7 9
11 8
0 1
0 7
6 #edges
7 8
7 11
7 9
7 3
0 1
0 7
6 #edges
7 8
7 11
7 9
0 1
0 7
9 3
6 #edges
7 11
7 9
7 3
11 8
0 1
0 7
6 #edges
7 11
7 9
11 8
0 1
0 7
9 3
6 #edges
7 11
7 3
11 8
0 7
0 9
9 1
6 #edges
7 8
7 11
7 3
0 7
0 9
9 1
6 #edges
7 1
7 8
7 11
7 3
0 7
0 9
6 #edges
7 1
7 11
7 3
11 8
0 7
0 9
6 #edges
1 3
7 8
7 11
0 7
0 9
9 1
6 #edges
1 3
7 11
11 8
0 7
0 9
9 1
6 #edges
7 1
7 8
7 11
0 7
0 9
9 3
6 #edges
7 1
7 11
11 8
0 7
0 9
9 3
6 #edges
1 3
7 1
7 8
7 11
0 7
0 9
6 #edges
1 3
7 1
7 11
11 8
0 7
0 9
6 #edges
7 8
7 11
7 9
7 3
0 7
9 1
6 #edges
1 3
7 8
7 11
7 9
0 7
9 1
6 #edges
7 11
7 9
7 3
11 8
0 7
9 1
6 #edges
1 3
7 11
7 9
11 8
0 7
9 1
8 #trees for patient 72
6 #edges
7 8
7 11
7 9
7 3
0 1
0 7
6 #edges
7 8
7 11
7 9
8 3
0 1
0 7
6 #edges
7 8
7 9
8 3
0 1
0 7
9 11
6 #edges
7 8
7 9
7 3
0 1
0 7
9 11
6 #edges
7 8
7 11
7 9
8 1
8 3
0 7
6 #edges
7 8
7 11
7 9
7 3
8 1
0 7
6 #edges
7 8
7 9
7 3
8 1
0 7
9 11
6 #edges
7 8
7 9
8 1
8 3
0 7
9 11
6 #trees for patient 73
6 #edges
7 8
7 11
7 9
7 3
0 1
0 7
6 #edges
7 8
7 11
7 9
11 3
0 1
0 7
6 #edges
7 8
7 11
7 9
8 3
0 1
0 7
6 #edges
7 8
7 11
7 9
8 1
0 7
0 3
6 #edges
7 8
7 11
7 9
7 3
8 1
0 7
6 #edges
7 8
7 11
7 9
8 1
11 3
0 7
1 #trees for patient 74
6 #edges
1 5
5 2
11 1
0 4
4 7
4 11
48 #trees for patient 75
6 #edges
1 2
2 5
0 1
0 7
0 4
4 11
6 #edges
1 2
11 5
0 1
0 7
0 4
4 11
6 #edges
5 2
11 5
0 1
0 7
0 4
4 11
6 #edges
1 5
11 2
0 1
0 7
0 4
4 11
6 #edges
1 5
5 2
0 1
0 7
0 4
4 11
6 #edges
2 5
11 2
0 1
0 7
0 4
4 11
6 #edges
2 1
11 2
0 7
0 5
0 4
4 11
6 #edges
5 1
11 2
0 7
0 5
0 4
4 11
6 #edges
5 2
11 1
0 7
0 5
0 4
4 11
6 #edges
2 1
5 2
0 7
0 5
0 4
4 11
6 #edges
1 2
5 1
0 7
0 5
0 4
4 11
6 #edges
1 2
11 1
0 7
0 5
0 4
4 11
6 #edges
5 1
11 5
0 7
0 2
0 4
4 11
6 #edges
2 1
11 5
0 7
0 2
0 4
4 11
6 #edges
1 2
5 1
11 5
0 7
0 4
4 11
6 #edges
2 1
5 2
11 5
0 7
0 4
4 11
6 #edges
1 2
2 5
11 1
0 7
0 4
4 11
6 #edges
2 5
11 1
0 7
0 2
0 4
4 11
6 #edges
1 5
11 1
0 7
0 2
0 4
4 11
6 #edges
1 5
5 2
11 1
0 7
0 4
4 11
6 #edges
1 5
2 1
0 7
0 2
0 4
4 11
6 #edges
2 5
5 1
0 7
0 2
0 4
4 11
6 #edges
2 5
5 1
11 2
0 7
0 4
4 11
6 #edges
1 5
2 1
11 2
0 7
0 4
4 11
6 #edges
1 2
5 1
0 5
0 4
4 7
4 11
6 #edges
5 1
11 2
0 5
0 4
4 7
4 11
6 #edges
2 1
5 2
0 5
0 4
4 7
4 11
6 #edges
5 2
11 1
0 5
0 4
4 7
4 11
6 #edges
2 1
11 2
0 5
0 4
4 7
4 11
6 #edges
1 2
11 1
0 5
0 4
4 7
4 11
6 #edges
2 5
11 1
0 2
0 4
4 7
4 11
6 #edges
2 5
5 1
0 2
0 4
4 7
4 11
6 #edges
1 5
11 1
0 2
0 4
4 7
4 11
6 #edges
2 1
11 5
0 2
0 4
4 7
4 11
6 #edges
5 1
11 5
0 2
0 4
4 7
4 11
6 #edges
1 5
2 1
0 2
0 4
4 7
4 11
6 #edges
1 2
2 5
0 1
0 4
4 7
4 11
6 #edges
1 2
11 5
0 1
0 4
4 7
4 11
6 #edges
1 5
11 2
0 1
0 4
4 7
4 11
6 #edges
1 5
5 2
0 1
0 4
4 7
4 11
6 #edges
2 5
11 2
0 1
0 4
4 7
4 11
6 #edges
5 2
11 5
0 1
0 4
4 7
4 11
6 #edges
2 5
5 1
11 2
0 4
4 7
4 11
6 #edges
1 5
2 1
11 2
0 4
4 7
4 11
6 #edges
1 2
5 1
11 5
0 4
4 7
4 11
6 #edges
2 1
5 2
11 5
0 4
4 7
4 11
6 #edges
1 5
5 2
11 1
0 4
4 7
4 11
6 #edges
1 2
2 5
11 1
0 4
4 7
4 11
2 #trees for patient 76
6 #edges
1 5
5 2
11 1
0 4
4 7
4 11
6 #edges
1 11
5 2
11 5
0 4
4 1
4 7
60 #trees for patient 77
6 #edges
1 11
11 5
0 4
4 1
4 7
4 2
6 #edges
1 11
2 5
0 4
4 1
4 7
4 2
6 #edges
1 11
5 2
0 4
4 1
4 7
4 5
6 #edges
1 11
11 2
0 4
4 1
4 7
4 5
6 #edges
1 11
2 5
11 2
0 4
4 1
4 7
6 #edges
1 11
5 2
11 5
0 4
4 1
4 7
6 #edges
1 5
2 11
0 4
4 1
4 7
4 2
6 #edges
1 5
5 11
0 4
4 1
4 7
4 2
6 #edges
2 5
5 11
0 4
4 1
4 7
4 2
6 #edges
2 11
11 5
0 4
4 1
4 7
4 2
6 #edges
2 11
5 2
0 4
4 1
4 7
4 5
6 #edges
1 2
5 11
0 4
4 1
4 7
4 5
6 #edges
1 2
2 11
0 4
4 1
4 7
4 5
6 #edges
5 11
11 2
0 4
4 1
4 7
4 5
6 #edges
1 5
2 11
5 2
0 4
4 1
4 7
6 #edges
1 5
5 2
0 4
4 1
4 7
4 11
6 #edges
1 5
11 2
0 4
4 1
4 7
4 11
6 #edges
1 5
5 11
11 2
0 4
4 1
4 7
6 #edges
2 5
11 2
0 4
4 1
4 7
4 11
6 #edges
1 2
2 5
0 4
4 1
4 7
4 11
6 #edges
1 2
11 5
0 4
4 1
4 7
4 11
6 #edges
5 2
11 5
0 4
4 1
4 7
4 11
6 #edges
1 2
2 5
5 11
0 4
4 1
4 7
6 #edges
1 2
2 11
11 5
0 4
4 1
4 7
6 #edges
2 11
5 1
0 4
4 7
4 2
4 5
6 #edges
2 11
11 1
0 4
4 7
4 2
4 5
6 #edges
1 11
5 1
0 4
4 7
4 2
4 5
6 #edges
1 11
2 1
0 4
4 7
4 2
4 5
6 #edges
2 1
5 11
0 4
4 7
4 2
4 5
6 #edges
5 11
11 1
0 4
4 7
4 2
4 5
6 #edges
1 11
5 1
11 2
0 4
4 7
4 5
6 #edges
1 2
5 1
0 4
4 7
4 5
4 11
6 #edges
5 1
11 2
0 4
4 7
4 5
4 11
6 #edges
1 2
2 11
5 1
0 4
4 7
4 5
6 #edges
2 1
5 11
11 2
0 4
4 7
4 5
6 #edges
1 2
5 11
11 1
0 4
4 7
4 5
6 #edges
5 2
11 1
0 4
4 7
4 5
4 11
6 #edges
2 1
5 2
0 4
4 7
4 5
4 11
6 #edges
1 2
11 1
0 4
4 7
4 5
4 11
6 #edges
2 1
11 2
0 4
4 7
4 5
4 11
6 #edges
2 11
5 2
11 1
0 4
4 7
4 5
6 #edges
1 11
2 1
5 2
0 4
4 7
4 5
6 #edges
2 5
5 11
11 1
0 4
4 7
4 2
6 #edges
1 11
2 5
5 1
0 4
4 7
4 2
6 #edges
2 5
5 1
0 4
4 7
4 2
4 11
6 #edges
2 5
11 1
0 4
4 7
4 2
4 11
6 #edges
1 11
2 1
11 5
0 4
4 7
4 2
6 #edges
1 5
2 1
0 4
4 7
4 2
4 11
6 #edges
1 5
2 1
5 11
0 4
4 7
4 2
6 #edges
2 1
11 5
0 4
4 7
4 2
4 11
6 #edges
5 1
11 5
0 4
4 7
4 2
4 11
6 #edges
1 5
11 1
0 4
4 7
4 2
4 11
6 #edges
2 11
5 1
11 5
0 4
4 7
4 2
6 #edges
1 5
2 11
11 1
0 4
4 7
4 2
6 #edges
2 1
5 2
11 5
0 4
4 7
4 11
6 #edges
1 2
5 1
11 5
0 4
4 7
4 11
6 #edges
1 5
2 1
11 2
0 4
4 7
4 11
6 #edges
2 5
5 1
11 2
0 4
4 7
4 11
6 #edges
1 5
5 2
11 1
0 4
4 7
4 11
6 #edges
1 2
2 5
11 1
0 4
4 7
4 11
12 #trees for patient 78
6 #edges
1 11
2 5
11 2
0 4
4 1
4 7
6 #edges
1 11
5 2
11 5
0 4
4 1
4 7
6 #edges
1 2
2 5
11 1
0 4
4 7
4 11
6 #edges
1 5
5 2
11 1
0 4
4 7
4 11
6 #edges
1 11
2 5
11 7
11 2
0 4
4 1
6 #edges
1 11
2 5
5 7
11 2
0 4
4 1
6 #edges
1 11
5 2
11 7
11 5
0 4
4 1
6 #edges
1 11
2 7
5 2
11 5
0 4
4 1
6 #edges
1 2
2 5
5 7
11 1
0 4
4 11
6 #edges
1 7
1 2
2 5
11 1
0 4
4 11
6 #edges
1 7
1 5
5 2
11 1
0 4
4 11
6 #edges
1 5
2 7
5 2
11 1
0 4
4 11
6 #trees for patient 79
6 #edges
1 2
5 11
11 1
0 4
4 7
4 5
6 #edges
1 11
5 1
11 2
0 4
4 7
4 5
6 #edges
1 2
5 1
11 5
0 4
4 7
4 11
6 #edges
1 5
5 2
11 1
0 4
4 7
4 11
6 #edges
1 11
5 2
11 5
0 4
4 1
4 7
6 #edges
1 5
5 11
11 2
0 4
4 1
4 7
2 #trees for patient 80
6 #edges
1 2
5 1
11 5
0 4
4 7
4 11
6 #edges
1 5
5 2
11 1
0 4
4 7
4 11
12 #trees for patient 81
6 #edges
2 1
5 2
11 5
0 7
0 4
4 11
6 #edges
1 2
5 1
11 5
0 7
0 4
4 11
6 #edges
2 5
5 1
11 2
0 7
0 4
4 11
6 #edges
1 5
2 1
11 2
0 7
0 4
4 11
6 #edges
1 2
2 5
11 1
0 7
0 4
4 11
6 #edges
1 5
5 2
11 1
0 7
0 4
4 11
6 #edges
2 5
5 1
11 2
0 4
4 7
4 11
6 #edges
1 5
2 1
11 2
0 4
4 7
4 11
6 #edges
1 2
2 5
11 1
0 4
4 7
4 11
6 #edges
1 5
5 2
11 1
0 4
4 7
4 11
6 #edges
1 2
5 1
11 5
0 4
4 7
4 11
6 #edges
2 1
5 2
11 5
0 4
4 7
4 11
4 #trees for patient 82
6 #edges
1 5
11 1
0 4
4 7
4 2
4 11
6 #edges
1 5
5 2
11 1
0 4
4 7
4 11
6 #edges
5 1
11 5
0 4
4 7
4 2
4 11
6 #edges
1 2
5 1
11 5
0 4
4 7
4 11
6 #trees for patient 83
6 #edges
1 2
5 11
11 1
0 4
4 7
4 5
6 #edges
1 11
5 1
11 2
0 4
4 7
4 5
6 #edges
1 5
5 2
11 1
0 4
4 7
4 11
6 #edges
1 2
5 1
11 5
0 4
4 7
4 11
6 #edges
1 5
5 11
11 2
0 4
4 1
4 7
6 #edges
1 11
5 2
11 5
0 4
4 1
4 7
6 #trees for patient 84
6 #edges
1 11
5 1
11 2
0 4
4 7
4 5
6 #edges
1 2
5 11
11 1
0 4
4 7
4 5
6 #edges
1 5
5 11
11 2
0 4
4 1
4 7
6 #edges
1 11
5 2
11 5
0 4
4 1
4 7
6 #edges
1 2
5 1
11 5
0 4
4 7
4 11
6 #edges
1 5
5 2
11 1
0 4
4 7
4 11
6 #trees for patient 85
6 #edges
1 5
11 1
0 2
0 4
4 7
4 11
6 #edges
1 11
11 5
0 2
0 4
4 1
4 7
6 #edges
1 2
1 5
11 1
0 4
4 7
4 11
6 #edges
1 5
5 2
11 1
0 4
4 7
4 11
6 #edges
1 11
11 2
11 5
0 4
4 1
4 7
6 #edges
1 11
5 2
11 5
0 4
4 1
4 7
2 #trees for patient 86
6 #edges
1 10
5 6
0 1
0 2
0 9
10 5
6 #edges
1 5
5 6
0 2
0 9
0 10
10 1
209 #trees for patient 87
6 #edges
2 1
2 6
0 2
0 9
0 10
10 5
6 #edges
5 6
2 1
0 2
0 9
0 10
10 5
6 #edges
1 6
2 1
0 2
0 9
0 10
10 5
6 #edges
1 6
2 1
2 5
0 2
0 9
0 10
6 #edges
1 6
2 1
0 2
0 9
0 10
6 5
6 #edges
1 5
2 1
0 2
0 9
0 10
10 6
6 #edges
2 1
0 2
0 9
0 10
6 5
10 6
6 #edges
2 1
2 5
0 2
0 9
0 10
10 6
6 #edges
2 1
2 5
2 6
0 2
0 9
0 10
6 #edges
5 6
2 1
2 5
0 2
0 9
0 10
6 #edges
1 5
5 6
2 1
0 2
0 9
0 10
6 #edges
1 5
2 1
2 6
0 2
0 9
0 10
6 #edges
2 1
2 6
0 2
0 9
0 10
6 5
6 #edges
2 6
0 2
0 9
0 10
6 1
10 5
6 #edges
5 1
2 6
0 2
0 9
0 10
10 5
6 #edges
5 1
2 6
0 2
0 9
0 10
6 5
6 #edges
2 6
0 2
0 9
0 10
6 5
10 1
6 #edges
1 5
2 6
0 2
0 9
0 10
6 1
6 #edges
2 5
2 6
0 2
0 9
0 10
6 1
6 #edges
2 5
2 6
0 2
0 9
0 10
10 1
6 #edges
1 5
2 6
0 2
0 9
0 10
10 1
6 #edges
5 1
2 5
2 6
0 2
0 9
0 10
6 #edges
1 6
5 1
0 2
0 9
0 10
10 5
6 #edges
5 6
0 2
0 9
0 10
6 1
10 5
6 #edges
1 5
5 6
0 2
0 9
0 10
10 1
6 #edges
1 6
2 5
0 2
0 9
0 10
10 1
6 #edges
5 6
2 5
0 2
0 9
0 10
10 1
6 #edges
1 6
0 2
0 9
0 10
6 5
10 1
6 #edges
5 6
2 5
0 2
0 9
0 10
6 1
6 #edges
1 6
5 1
2 5
0 2
0 9
0 10
6 #edges
5 1
2 5
0 2
0 9
0 10
10 6
6 #edges
2 5
0 2
0 9
0 10
6 1
10 6
6 #edges
5 1
0 2
0 9
0 10
6 5
10 6
6 #edges
1 5
0 2
0 9
0 10
6 1
10 6
6 #edges
1 5
2 1
0 2
0 6
0 9
6 10
6 #edges
2 1
2 5
0 2
0 6
0 9
6 10
6 #edges
2 1
0 2
0 6
0 9
6 10
10 5
6 #edges
5 1
2 5
0 2
0 6
0 9
6 10
6 #edges
2 5
0 2
0 6
0 9
6 10
10 1
6 #edges
5 1
0 2
0 6
0 9
6 10
10 5
6 #edges
1 5
0 2
0 6
0 9
6 10
10 1
6 #edges
2 1
2 5
2 10
0 2
0 6
0 9
6 #edges
1 10
2 1
2 5
0 2
0 6
0 9
6 #edges
5 10
2 1
2 5
0 2
0 6
0 9
6 #edges
2 5
2 10
0 2
0 6
0 9
6 1
6 #edges
5 10
2 5
0 2
0 6
0 9
6 1
6 #edges
1 10
2 5
0 2
0 6
0 9
6 1
6 #edges
1 10
5 1
2 5
0 2
0 6
0 9
6 #edges
5 1
2 5
2 10
0 2
0 6
0 9
6 #edges
2 5
2 10
0 2
0 6
0 9
10 1
6 #edges
5 10
2 5
0 2
0 6
0 9
10 1
6 #edges
1 5
2 10
0 2
0 6
0 9
10 1
6 #edges
2 10
0 2
0 6
0 9
6 5
10 1
6 #edges
2 1
2 10
0 2
0 6
0 9
6 5
6 #edges
5 1
2 10
0 2
0 6
0 9
6 5
6 #edges
1 5
2 1
2 10
0 2
0 6
0 9
6 #edges
2 1
2 10
0 2
0 6
0 9
10 5
6 #edges
5 1
2 10
0 2
0 6
0 9
10 5
6 #edges
2 10
0 2
0 6
0 9
6 1
10 5
6 #edges
1 5
2 10
0 2
0 6
0 9
6 1
6 #edges
1 5
5 10
2 1
0 2
0 6
0 9
6 #edges
1 10
2 1
0 2
0 6
0 9
10 5
6 #edges
1 10
2 1
0 2
0 6
0 9
6 5
6 #edges
5 10
2 1
0 2
0 6
0 9
6 5
6 #edges
1 10
5 1
0 2
0 6
0 9
6 5
6 #edges
5 10
0 2
0 6
0 9
6 5
10 1
6 #edges
1 10
0 2
0 6
0 9
6 1
10 5
6 #edges
1 5
5 10
0 2
0 6
0 9
6 1
6 #edges
5 6
2 10
0 5
0 2
0 9
6 1
6 #edges
1 10
5 6
0 5
0 2
0 9
6 1
6 #edges
5 6
2 1
2 10
0 5
0 2
0 9
6 #edges
1 10
5 6
2 1
0 5
0 2
0 9
6 #edges
5 6
2 1
0 5
0 2
0 9
6 10
6 #edges
5 6
2 10
0 5
0 2
0 9
10 1
6 #edges
5 6
0 5
0 2
0 9
6 10
10 1
6 #edges
1 10
5 1
2 6
0 5
0 2
0 9
6 #edges
5 1
2 6
0 5
0 2
0 9
6 10
6 #edges
5 1
2 6
2 10
0 5
0 2
0 9
6 #edges
1 6
5 1
2 10
0 5
0 2
0 9
6 #edges
1 6
5 1
0 5
0 2
0 9
6 10
6 #edges
5 1
2 10
0 5
0 2
0 9
10 6
6 #edges
1 10
5 1
0 5
0 2
0 9
10 6
6 #edges
5 10
2 6
0 5
0 2
0 9
10 1
6 #edges
1 6
5 10
0 5
0 2
0 9
10 1
6 #edges
5 10
2 1
2 6
0 5
0 2
0 9
6 #edges
5 10
2 6
0 5
0 2
0 9
6 1
6 #edges
5 10
2 1
0 5
0 2
0 9
10 6
6 #edges
5 10
0 5
0 2
0 9
6 1
10 6
6 #edges
1 6
5 10
2 1
0 5
0 2
0 9
6 #edges
2 1
2 6
2 10
0 5
0 2
0 9
6 #edges
2 1
2 6
0 5
0 2
0 9
6 10
6 #edges
1 10
2 1
2 6
0 5
0 2
0 9
6 #edges
2 6
2 10
0 5
0 2
0 9
10 1
6 #edges
2 6
2 10
0 5
0 2
0 9
6 1
6 #edges
2 6
0 5
0 2
0 9
6 10
10 1
6 #edges
1 10
2 6
0 5
0 2
0 9
6 1
6 #edges
1 6
2 1
2 10
0 5
0 2
0 9
6 #edges
1 6
2 1
0 5
0 2
0 9
6 10
6 #edges
2 1
2 10
0 5
0 2
0 9
10 6
6 #edges
1 10
2 1
0 5
0 2
0 9
10 6
6 #edges
1 6
2 10
0 5
0 2
0 9
10 1
6 #edges
2 10
0 5
0 2
0 9
6 1
10 6
6 #edges
5 6
2 5
2 10
0 1
0 2
0 9
6 #edges
2 5
2 6
2 10
0 1
0 2
0 9
6 #edges
2 5
2 10
0 1
0 2
0 9
10 6
6 #edges
1 6
2 5
2 10
0 1
0 2
0 9
6 #edges
1 5
2 6
2 10
0 1
0 2
0 9
6 #edges
1 5
5 6
2 10
0 1
0 2
0 9
6 #edges
1 5
2 10
0 1
0 2
0 9
10 6
6 #edges
2 10
0 1
0 2
0 9
6 5
10 6
6 #edges
2 6
2 10
0 1
0 2
0 9
10 5
6 #edges
2 6
2 10
0 1
0 2
0 9
6 5
6 #edges
1 6
2 10
0 1
0 2
0 9
10 5
6 #edges
5 6
2 10
0 1
0 2
0 9
10 5
6 #edges
1 6
2 10
0 1
0 2
0 9
6 5
6 #edges
1 10
0 1
0 2
0 9
6 5
10 6
6 #edges
1 10
2 5
0 1
0 2
0 9
10 6
6 #edges
1 10
2 5
2 6
0 1
0 2
0 9
6 #edges
1 10
2 6
0 1
0 2
0 9
10 5
6 #edges
1 10
2 6
0 1
0 2
0 9
6 5
6 #edges
1 10
5 6
0 1
0 2
0 9
10 5
6 #edges
1 10
5 6
2 5
0 1
0 2
0 9
6 #edges
5 10
2 5
0 1
0 2
0 9
10 6
6 #edges
5 10
2 5
2 6
0 1
0 2
0 9
6 #edges
1 6
5 10
2 5
0 1
0 2
0 9
6 #edges
2 5
2 6
0 1
0 2
0 9
6 10
6 #edges
5 6
2 5
0 1
0 2
0 9
6 10
6 #edges
1 6
2 5
0 1
0 2
0 9
6 10
6 #edges
1 5
5 6
0 1
0 2
0 9
6 10
6 #edges
1 5
2 6
0 1
0 2
0 9
6 10
6 #edges
1 5
5 10
2 6
0 1
0 2
0 9
6 #edges
1 5
5 10
0 1
0 2
0 9
10 6
6 #edges
1 6
5 10
0 1
0 2
0 9
6 5
6 #edges
1 6
0 1
0 2
0 9
6 10
10 5
6 #edges
2 6
0 1
0 2
0 9
6 10
10 5
6 #edges
5 10
2 6
0 1
0 2
0 9
6 5
6 #edges
1 5
2 1
2 6
0 2
0 9
6 10
6 #edges
2 1
2 5
2 6
0 2
0 9
6 10
6 #edges
2 1
2 6
0 2
0 9
6 10
10 5
6 #edges
5 1
2 5
2 6
0 2
0 9
6 10
6 #edges
2 5
2 6
0 2
0 9
6 10
10 1
6 #edges
1 5
2 6
0 2
0 9
6 10
10 1
6 #edges
5 1
2 6
0 2
0 9
6 10
10 5
6 #edges
5 1
2 6
2 10
0 2
0 9
6 5
6 #edges
1 10
5 1
2 6
0 2
0 9
6 5
6 #edges
1 10
2 1
2 6
0 2
0 9
6 5
6 #edges
2 1
2 6
2 10
0 2
0 9
6 5
6 #edges
5 10
2 1
2 6
0 2
0 9
6 5
6 #edges
5 10
2 6
0 2
0 9
6 5
10 1
6 #edges
2 6
2 10
0 2
0 9
6 5
10 1
6 #edges
5 10
2 1
2 5
2 6
0 2
0 9
6 #edges
1 10
2 1
2 5
2 6
0 2
0 9
6 #edges
2 1
2 5
2 6
2 10
0 2
0 9
6 #edges
2 5
2 6
2 10
0 2
0 9
6 1
6 #edges
5 1
2 5
2 6
2 10
0 2
0 9
6 #edges
2 5
2 6
2 10
0 2
0 9
10 1
6 #edges
1 10
5 1
2 5
2 6
0 2
0 9
6 #edges
5 10
2 5
2 6
0 2
0 9
10 1
6 #edges
5 10
2 5
2 6
0 2
0 9
6 1
6 #edges
1 10
2 5
2 6
0 2
0 9
6 1
6 #edges
1 5
2 6
2 10
0 2
0 9
6 1
6 #edges
2 6
2 10
0 2
0 9
6 1
10 5
6 #edges
1 5
2 6
2 10
0 2
0 9
10 1
6 #edges
1 5
2 1
2 6
2 10
0 2
0 9
6 #edges
2 1
2 6
2 10
0 2
0 9
10 5
6 #edges
5 1
2 6
2 10
0 2
0 9
10 5
6 #edges
1 10
2 1
2 6
0 2
0 9
10 5
6 #edges
1 5
5 10
2 1
2 6
0 2
0 9
6 #edges
1 10
2 6
0 2
0 9
6 1
10 5
6 #edges
1 5
5 10
2 6
0 2
0 9
6 1
6 #edges
1 6
5 1
2 10
0 2
0 9
10 5
6 #edges
5 6
2 10
0 2
0 9
6 1
10 5
6 #edges
5 6
2 1
2 10
0 2
0 9
10 5
6 #edges
1 6
2 1
2 10
0 2
0 9
10 5
6 #edges
5 1
2 10
0 2
0 9
6 5
10 6
6 #edges
2 1
2 10
0 2
0 9
6 5
10 6
6 #edges
2 1
2 5
2 10
0 2
0 9
10 6
6 #edges
2 5
2 10
0 2
0 9
6 1
10 6
6 #edges
5 1
2 5
2 10
0 2
0 9
10 6
6 #edges
1 5
2 10
0 2
0 9
6 1
10 6
6 #edges
1 5
2 1
2 10
0 2
0 9
10 6
6 #edges
1 6
2 10
0 2
0 9
6 5
10 1
6 #edges
1 6
2 5
2 10
0 2
0 9
10 1
6 #edges
1 5
5 6
2 10
0 2
0 9
10 1
6 #edges
5 6
2 5
2 10
0 2
0 9
10 1
6 #edges
5 6
2 1
2 5
2 10
0 2
0 9
6 #edges
5 6
2 5
2 10
0 2
0 9
6 1
6 #edges
1 6
5 1
2 5
2 10
0 2
0 9
6 #edges
1 6
2 1
2 5
2 10
0 2
0 9
6 #edges
1 6
2 1
2 10
0 2
0 9
6 5
6 #edges
1 5
5 6
2 1
2 10
0 2
0 9
6 #edges
1 6
5 10
2 1
2 5
0 2
0 9
6 #edges
1 6
2 1
2 5
0 2
0 9
6 10
6 #edges
1 6
2 1
0 2
0 9
6 10
10 5
6 #edges
1 6
5 10
2 1
0 2
0 9
6 5
6 #edges
1 10
5 6
2 1
2 5
0 2
0 9
6 #edges
5 6
2 1
2 5
0 2
0 9
6 10
6 #edges
5 10
2 1
2 5
0 2
0 9
10 6
6 #edges
1 10
2 1
2 5
0 2
0 9
10 6
6 #edges
1 5
5 6
2 1
0 2
0 9
6 10
6 #edges
1 5
5 10
2 1
0 2
0 9
10 6
6 #edges
1 10
5 6
2 1
0 2
0 9
10 5
6 #edges
1 10
2 1
0 2
0 9
6 5
10 6
6 #edges
5 6
2 5
0 2
0 9
6 10
10 1
6 #edges
1 10
5 6
2 5
0 2
0 9
6 1
6 #edges
1 6
5 10
2 5
0 2
0 9
10 1
6 #edges
5 10
2 5
0 2
0 9
6 1
10 6
6 #edges
1 10
5 1
2 5
0 2
0 9
10 6
6 #edges
1 6
5 1
2 5
0 2
0 9
6 10
4 #trees for patient 88
6 #edges
1 5
0 2
0 9
0 10
9 6
10 1
6 #edges
1 5
5 6
0 2
0 9
0 10
10 1
6 #edges
1 5
1 2
0 9
0 10
9 6
10 1
6 #edges
1 5
1 2
5 6
0 9
0 10
10 1
12 #trees for patient 89
6 #edges
1 10
5 6
0 1
0 2
0 9
10 5
6 #edges
1 10
0 1
0 2
0 9
6 5
10 6
6 #edges
1 5
5 6
0 2
0 9
0 10
10 1
6 #edges
1 6
0 2
0 9
0 10
6 5
10 1
6 #edges
1 6
5 9
0 2
0 10
6 5
10 1
6 #edges
1 6
1 9
0 2
0 10
6 5
10 1
6 #edges
1 5
1 9
5 6
0 2
0 10
10 1
6 #edges
1 5
5 6
0 2
0 10
6 9
10 1
6 #edges
1 10
5 6
0 1
0 2
10 5
10 9
6 #edges
1 10
5 6
0 1
0 2
6 9
10 5
6 #edges
1 10
0 1
0 2
6 5
10 6
10 9
6 #edges
1 10
5 9
0 1
0 2
6 5
10 6
8 #trees for patient 90
6 #edges
1 6
5 1
0 2
0 9
0 10
10 5
6 #edges
1 5
5 6
0 2
0 9
0 10
10 1
6 #edges
1 6
5 1
0 2
0 10
6 9
10 5
6 #edges
1 5
5 6
0 2
0 10
6 9
10 1
6 #edges
1 5
5 6
0 9
0 10
6 2
10 1
6 #edges
1 6
5 1
0 9
0 10
6 2
10 5
6 #edges
1 6
5 1
0 10
6 2
6 9
10 5
6 #edges
1 5
5 6
0 10
6 2
6 9
10 1
6 #trees for patient 91
6 #edges
1 10
0 1
0 2
0 9
6 5
10 6
6 #edges
1 10
0 1
0 2
0 9
10 5
10 6
6 #edges
1 10
5 6
0 1
0 2
0 9
10 5
6 #edges
1 5
1 6
0 2
0 9
0 10
10 1
6 #edges
1 5
5 6
0 2
0 9
0 10
10 1
6 #edges
1 6
0 2
0 9
0 10
6 5
10 1
24 #trees for patient 92
6 #edges
1 6
0 2
0 9
0 10
6 5
10 1
6 #edges
1 5
5 6
0 2
0 9
0 10
10 1
6 #edges
5 6
0 2
0 9
0 10
6 1
10 5
6 #edges
1 6
5 1
0 2
0 9
0 10
10 5
6 #edges
1 5
0 2
0 9
0 10
6 1
10 6
6 #edges
5 1
0 2
0 9
0 10
6 5
10 6
6 #edges
5 1
0 2
0 6
0 9
6 10
10 5
6 #edges
1 5
0 2
0 6
0 9
6 10
10 1
6 #edges
1 5
5 10
0 2
0 6
0 9
6 1
6 #edges
1 10
0 2
0 6
0 9
6 1
10 5
6 #edges
1 10
5 1
0 2
0 6
0 9
6 5
6 #edges
5 10
0 2
0 6
0 9
6 5
10 1
6 #edges
1 6
5 10
0 5
0 2
0 9
10 1
6 #edges
5 10
0 5
0 2
0 9
6 1
10 6
6 #edges
1 6
5 1
0 5
0 2
0 9
6 10
6 #edges
1 10
5 1
0 5
0 2
0 9
10 6
6 #edges
5 6
0 5
0 2
0 9
6 10
10 1
6 #edges
1 10
5 6
0 5
0 2
0 9
6 1
6 #edges
1 6
5 10
0 1
0 2
0 9
6 5
6 #edges
1 6
0 1
0 2
0 9
6 10
10 5
6 #edges
1 5
5 10
0 1
0 2
0 9
10 6
6 #edges
1 5
5 6
0 1
0 2
0 9
6 10
6 #edges
1 10
0 1
0 2
0 9
6 5
10 6
6 #edges
1 10
5 6
0 1
0 2
0 9
10 5
5 #trees for patient 93
6 #edges
1 5
5 6
0 2
0 9
0 10
10 1
6 #edges
1 5
5 6
0 2
0 10
10 1
10 9
6 #edges
1 5
5 6
0 9
0 10
9 2
10 1
6 #edges
1 5
5 6
0 9
0 10
10 1
10 2
6 #edges
1 5
5 6
0 10
9 2
10 1
10 9
3 #trees for patient 94
6 #edges
1 5
5 6
0 2
0 9
0 10
10 1
6 #edges
1 5
5 2
5 6
0 9
0 10
10 1
6 #edges
1 5
5 6
0 9
0 10
6 2
10 1
4 #trees for patient 95
6 #edges
1 6
0 2
0 9
0 10
6 5
10 1
6 #edges
1 5
5 6
0 2
0 9
0 10
10 1
6 #edges
1 6
1 9
0 2
0 10
6 5
10 1
6 #edges
1 5
1 9
5 6
0 2
0 10
10 1
4 #trees for patient 96
6 #edges
1 5
5 6
0 2
0 9
0 10
10 1
6 #edges
1 6
5 1
0 2
0 9
0 10
10 5
6 #edges
1 6
5 1
0 9
0 10
9 2
10 5
6 #edges
1 5
5 6
0 9
0 10
9 2
10 1
8 #trees for patient 97
6 #edges
1 10
0 1
0 2
0 9
6 5
10 6
6 #edges
1 10
5 6
0 1
0 2
0 9
10 5
6 #edges
1 5
5 6
0 2
0 9
0 10
10 1
6 #edges
1 6
0 2
0 9
0 10
6 5
10 1
6 #edges
1 6
5 2
0 9
0 10
6 5
10 1
6 #edges
1 5
5 6
0 9
0 10
6 2
10 1
6 #edges
1 10
5 6
0 1
0 9
6 2
10 5
6 #edges
1 10
5 2
0 1
0 9
6 5
10 6
16 #trees for patient 98
6 #edges
1 6
0 2
0 9
0 10
6 5
10 1
6 #edges
1 5
5 6
0 2
0 9
0 10
10 1
6 #edges
1 6
5 9
0 2
0 10
6 5
10 1
6 #edges
1 5
5 6
0 2
0 10
6 9
10 1
6 #edges
1 2
1 6
0 9
0 10
6 5
10 1
6 #edges
1 5
1 2
5 6
0 9
0 10
10 1
6 #edges
1 6
0 9
0 10
6 5
10 1
10 2
6 #edges
1 5
5 6
0 9
0 10
10 1
10 2
6 #edges
1 5
5 6
0 9
0 10
6 2
10 1
6 #edges
1 6
5 2
0 9
0 10
6 5
10 1
6 #edges
1 5
5 6
0 10
6 9
10 1
10 2
6 #edges
1 5
1 2
5 6
0 10
6 9
10 1
6 #edges
1 5
5 6
0 10
6 2
6 9
10 1
6 #edges
1 6
5 9
0 10
6 5
10 1
10 2
6 #edges
1 2
1 6
5 9
0 10
6 5
10 1
6 #edges
1 6
5 2
5 9
0 10
6 5
10 1
2 #trees for patient 99
6 #edges
1 5
5 6
0 2
0 9
0 10
10 1
6 #edges
1 5
5 6
0 9
0 10
6 2
10 1
