50 # patients
4 #trees for patient 0
6 #edges
1 6
0 5
0 8
5 10
8 9
10 1
6 #edges
0 5
0 8
5 10
8 9
10 6
10 1
6 #edges
9 8
0 9
0 5
5 10
10 6
10 1
6 #edges
9 8
1 6
0 9
0 5
5 10
10 1
2 #trees for patient 1
6 #edges
9 8
6 1
0 9
0 5
5 10
10 6
6 #edges
9 8
1 6
0 9
0 5
5 10
10 1
6 #trees for patient 2
6 #edges
1 6
0 5
0 8
5 10
8 9
10 1
6 #edges
1 9
1 6
0 5
0 8
5 10
10 1
6 #edges
9 8
1 6
0 9
0 5
5 10
10 1
6 #edges
1 6
1 8
0 9
0 5
5 10
10 1
6 #edges
1 6
1 8
0 5
5 10
8 9
10 1
6 #edges
9 8
1 9
1 6
0 5
5 10
10 1
12 #trees for patient 3
6 #edges
9 8
1 5
0 9
0 10
5 6
10 1
6 #edges
9 8
1 6
0 9
0 10
5 1
10 5
6 #edges
1 5
0 8
0 10
5 6
8 9
10 1
6 #edges
1 6
0 8
0 10
5 1
8 9
10 5
6 #edges
1 6
0 5
0 8
5 10
8 9
10 1
6 #edges
1 10
0 5
0 8
5 1
8 9
10 6
6 #edges
9 8
1 10
0 9
0 5
5 1
10 6
6 #edges
9 8
1 6
0 9
0 5
5 10
10 1
6 #edges
1 5
0 1
0 8
5 10
8 9
10 6
6 #edges
9 8
1 5
0 9
0 1
5 10
10 6
6 #edges
1 10
0 1
0 8
5 6
8 9
10 5
6 #edges
9 8
1 10
0 9
0 1
5 6
10 5
2 #trees for patient 4
6 #edges
9 8
1 6
0 9
0 5
5 10
10 1
6 #edges
9 8
6 1
0 9
0 5
5 10
10 6
4 #trees for patient 5
6 #edges
9 8
6 1
0 9
0 10
5 6
10 5
6 #edges
9 8
1 6
0 9
0 10
5 1
10 5
6 #edges
9 8
6 1
0 9
0 5
5 10
10 6
6 #edges
9 8
1 6
0 9
0 5
5 10
10 1
2 #trees for patient 6
6 #edges
9 8
6 1
0 9
0 5
5 10
10 6
6 #edges
9 8
1 6
0 9
0 5
5 10
10 1
2 #trees for patient 7
6 #edges
9 8
6 1
0 9
0 5
5 10
10 6
6 #edges
9 8
1 6
0 9
0 5
5 10
10 1
6 #trees for patient 8
6 #edges
9 8
1 10
0 9
0 5
5 1
10 6
6 #edges
9 8
1 6
0 9
0 5
5 10
10 1
6 #edges
9 8
1 5
0 9
0 10
5 6
10 1
6 #edges
9 8
1 6
0 9
0 10
5 1
10 5
6 #edges
9 8
1 5
0 9
0 1
5 10
10 6
6 #edges
9 8
1 10
0 9
0 1
5 6
10 5
1 #trees for patient 9
6 #edges
9 8
1 6
0 9
0 5
5 10
10 1
120 #trees for patient 10
6 #edges
9 8
6 5
1 6
0 9
0 10
10 1
6 #edges
9 8
1 6
0 9
0 10
8 5
10 1
6 #edges
9 8
1 5
0 9
0 10
5 6
10 1
6 #edges
9 8
1 5
0 9
0 10
8 6
10 1
6 #edges
9 8
0 9
0 10
5 6
8 5
10 1
6 #edges
9 8
6 5
0 9
0 10
8 6
10 1
6 #edges
9 8
6 1
1 5
0 9
0 10
10 6
6 #edges
9 8
6 1
0 9
0 10
8 5
10 6
6 #edges
9 8
0 9
0 10
5 1
8 5
10 6
6 #edges
9 8
6 5
0 9
0 10
8 1
10 6
6 #edges
9 8
6 5
0 9
0 10
5 1
10 6
6 #edges
9 8
1 5
0 9
0 10
8 1
10 6
6 #edges
9 8
6 1
0 9
0 10
5 6
10 5
6 #edges
9 8
0 9
0 10
5 6
8 1
10 5
6 #edges
9 8
6 1
0 9
0 10
8 6
10 5
6 #edges
9 8
0 9
0 10
5 1
8 6
10 5
6 #edges
9 8
1 6
0 9
0 10
5 1
10 5
6 #edges
9 8
1 6
0 9
0 10
8 1
10 5
6 #edges
9 8
6 1
1 5
0 9
0 10
8 6
6 #edges
9 8
6 5
0 9
0 10
5 1
8 6
6 #edges
9 8
6 1
0 9
0 10
5 6
8 5
6 #edges
9 8
1 6
0 9
0 10
5 1
8 5
6 #edges
9 8
1 5
0 9
0 10
5 6
8 1
6 #edges
9 8
6 5
1 6
0 9
0 10
8 1
6 #edges
9 8
6 10
0 9
0 5
5 1
8 6
6 #edges
9 8
1 10
0 9
0 5
5 1
8 6
6 #edges
9 8
1 10
0 9
0 5
5 1
10 6
6 #edges
9 8
6 10
1 6
0 9
0 5
5 1
6 #edges
9 8
1 6
0 9
0 5
5 1
8 10
6 #edges
9 8
0 9
0 5
5 1
8 10
10 6
6 #edges
9 8
6 1
1 10
0 9
0 5
5 6
6 #edges
9 8
6 1
0 9
0 5
5 6
8 10
6 #edges
9 8
1 10
0 9
0 5
5 6
8 1
6 #edges
9 8
6 10
0 9
0 5
5 6
8 1
6 #edges
9 8
0 9
0 5
5 6
8 10
10 1
6 #edges
9 8
6 10
0 9
0 5
5 6
10 1
6 #edges
9 8
6 10
1 6
0 9
0 5
8 1
6 #edges
9 8
1 6
0 9
0 5
5 10
8 1
6 #edges
9 8
0 9
0 5
5 10
8 1
10 6
6 #edges
9 8
1 10
0 9
0 5
8 1
10 6
6 #edges
9 8
6 1
0 9
0 5
5 10
8 6
6 #edges
9 8
0 9
0 5
5 10
8 6
10 1
6 #edges
9 8
6 1
1 10
0 9
0 5
8 6
6 #edges
9 8
6 10
0 9
0 5
8 6
10 1
6 #edges
9 8
1 6
0 9
0 5
5 10
10 1
6 #edges
9 8
6 1
0 9
0 5
5 10
10 6
6 #edges
9 8
6 1
0 9
0 5
8 10
10 6
6 #edges
9 8
1 6
0 9
0 5
8 10
10 1
6 #edges
9 8
1 5
0 9
0 1
8 10
10 6
6 #edges
9 8
1 5
0 9
0 1
5 6
8 10
6 #edges
9 8
1 5
0 9
0 1
5 10
10 6
6 #edges
9 8
1 5
0 9
0 1
5 10
8 6
6 #edges
9 8
6 10
1 5
0 9
0 1
8 6
6 #edges
9 8
6 10
1 5
0 9
0 1
5 6
6 #edges
9 8
1 10
0 9
0 1
5 6
10 5
6 #edges
9 8
1 10
0 9
0 1
8 6
10 5
6 #edges
9 8
1 10
0 9
0 1
8 5
10 6
6 #edges
9 8
6 5
1 10
0 9
0 1
10 6
6 #edges
9 8
6 5
1 10
0 9
0 1
8 6
6 #edges
9 8
1 10
0 9
0 1
5 6
8 5
6 #edges
9 8
1 6
0 9
0 1
8 10
10 5
6 #edges
9 8
0 9
0 1
5 6
8 10
10 5
6 #edges
9 8
6 5
0 9
0 1
8 10
10 6
6 #edges
9 8
6 5
1 6
0 9
0 1
8 10
6 #edges
9 8
6 10
1 6
0 9
0 1
8 5
6 #edges
9 8
6 10
1 6
0 9
0 1
10 5
6 #edges
9 8
1 6
0 9
0 1
5 10
8 5
6 #edges
9 8
6 5
1 6
0 9
0 1
5 10
6 #edges
9 8
6 10
0 9
0 1
5 6
8 5
6 #edges
9 8
0 9
0 1
5 10
8 5
10 6
6 #edges
9 8
6 5
0 9
0 1
5 10
8 6
6 #edges
9 8
6 10
0 9
0 1
8 6
10 5
6 #edges
9 8
6 1
1 5
0 9
0 6
5 10
6 #edges
9 8
6 1
1 5
0 9
0 6
8 10
6 #edges
9 8
6 1
1 10
0 9
0 6
8 5
6 #edges
9 8
6 1
1 10
0 9
0 6
10 5
6 #edges
9 8
6 1
0 9
0 6
8 10
10 5
6 #edges
9 8
6 1
0 9
0 6
5 10
8 5
6 #edges
9 8
6 10
1 5
0 9
0 6
10 1
6 #edges
9 8
6 10
0 9
0 6
8 5
10 1
6 #edges
9 8
6 10
0 9
0 6
8 1
10 5
6 #edges
9 8
6 10
0 9
0 6
5 1
10 5
6 #edges
9 8
6 10
0 9
0 6
5 1
8 5
6 #edges
9 8
6 10
1 5
0 9
0 6
8 1
6 #edges
9 8
6 5
0 9
0 6
5 1
8 10
6 #edges
9 8
6 5
1 10
0 9
0 6
5 1
6 #edges
9 8
6 5
0 9
0 6
5 10
8 1
6 #edges
9 8
6 5
0 9
0 6
5 10
10 1
6 #edges
9 8
6 5
1 10
0 9
0 6
8 1
6 #edges
9 8
6 5
0 9
0 6
8 10
10 1
6 #edges
9 8
1 5
0 9
0 6
5 10
8 1
6 #edges
9 8
1 10
0 9
0 6
8 1
10 5
6 #edges
9 8
0 9
0 6
5 1
8 10
10 5
6 #edges
9 8
1 5
0 9
0 6
8 10
10 1
6 #edges
9 8
0 9
0 6
5 10
8 5
10 1
6 #edges
9 8
1 10
0 9
0 6
5 1
8 5
6 #edges
9 8
1 6
0 9
5 1
8 10
10 5
6 #edges
9 8
6 1
0 9
5 6
8 10
10 5
6 #edges
9 8
6 5
1 6
0 9
8 10
10 1
6 #edges
9 8
1 5
0 9
5 6
8 10
10 1
6 #edges
9 8
6 1
1 5
0 9
8 10
10 6
6 #edges
9 8
6 5
0 9
5 1
8 10
10 6
6 #edges
9 8
6 5
1 10
0 9
8 1
10 6
6 #edges
9 8
1 10
0 9
5 6
8 1
10 5
6 #edges
9 8
6 10
1 6
0 9
8 1
10 5
6 #edges
9 8
6 5
1 6
0 9
5 10
8 1
6 #edges
9 8
6 10
1 5
0 9
5 6
8 1
6 #edges
9 8
1 5
0 9
5 10
8 1
10 6
6 #edges
9 8
6 10
0 9
5 1
8 6
10 5
6 #edges
9 8
6 10
1 5
0 9
8 6
10 1
6 #edges
9 8
6 5
0 9
5 10
8 6
10 1
6 #edges
9 8
6 5
1 10
0 9
5 1
8 6
6 #edges
9 8
6 1
1 5
0 9
5 10
8 6
6 #edges
9 8
6 1
1 10
0 9
8 6
10 5
6 #edges
9 8
1 10
0 9
5 1
8 5
10 6
6 #edges
9 8
6 10
1 6
0 9
5 1
8 5
6 #edges
9 8
1 6
0 9
5 10
8 5
10 1
6 #edges
9 8
6 1
0 9
5 10
8 5
10 6
6 #edges
9 8
6 1
1 10
0 9
5 6
8 5
6 #edges
9 8
6 10
0 9
5 6
8 5
10 1
5 #trees for patient 11
6 #edges
9 6
0 3
0 8
3 10
8 9
10 2
6 #edges
0 3
0 8
3 10
8 9
8 6
10 2
6 #edges
6 9
0 3
0 8
3 10
8 6
10 2
6 #edges
9 6
0 3
0 8
3 10
8 9
8 2
6 #edges
6 9
0 3
0 8
3 10
8 6
8 2
12 #trees for patient 12
6 #edges
9 6
0 8
0 10
8 9
8 2
10 3
6 #edges
9 6
6 3
0 8
0 10
8 9
8 2
6 #edges
6 9
0 8
0 10
8 6
8 2
10 3
6 #edges
9 3
6 9
0 8
0 10
8 6
8 2
6 #edges
9 6
0 3
0 8
3 10
8 9
8 2
6 #edges
6 9
0 3
0 8
3 10
8 6
8 2
6 #edges
9 10
6 9
0 3
0 8
8 6
8 2
6 #edges
9 6
6 10
0 3
0 8
8 9
8 2
6 #edges
9 6
6 3
0 8
3 10
8 9
8 2
6 #edges
9 6
6 10
0 8
8 9
8 2
10 3
6 #edges
9 3
6 9
0 8
3 10
8 6
8 2
6 #edges
9 10
6 9
0 8
8 6
8 2
10 3
4 #trees for patient 13
6 #edges
6 9
0 3
0 8
3 10
8 6
8 2
6 #edges
9 10
6 9
0 3
0 8
8 6
8 2
6 #edges
9 2
6 9
0 3
0 8
3 10
8 6
6 #edges
9 2
9 10
6 9
0 3
0 8
8 6
10 #trees for patient 14
6 #edges
6 9
0 3
0 8
3 10
8 6
8 2
6 #edges
6 9
0 3
0 8
3 2
3 10
8 6
6 #edges
9 6
0 3
0 8
3 2
3 10
8 9
6 #edges
9 6
0 3
0 8
3 10
8 9
8 2
6 #edges
6 9
0 3
0 8
3 2
8 6
2 10
6 #edges
9 6
0 3
0 8
3 2
8 9
2 10
6 #edges
6 9
0 3
0 8
3 2
8 6
8 10
6 #edges
9 6
0 3
0 8
3 2
8 9
8 10
6 #edges
9 6
0 3
0 8
8 9
8 2
2 10
6 #edges
6 9
0 3
0 8
8 6
8 2
2 10
2 #trees for patient 15
6 #edges
6 9
0 3
0 8
3 10
8 6
8 2
6 #edges
9 10
6 9
0 3
0 8
8 6
8 2
4 #trees for patient 16
6 #edges
6 9
0 8
0 10
8 6
8 2
10 3
6 #edges
9 6
0 8
0 10
8 9
8 2
10 3
6 #edges
6 9
0 3
0 8
3 10
8 6
8 2
6 #edges
9 6
0 3
0 8
3 10
8 9
8 2
4 #trees for patient 17
6 #edges
6 9
0 8
0 10
8 6
8 2
10 3
6 #edges
6 9
0 8
0 10
3 2
8 6
10 3
6 #edges
6 9
0 3
0 8
3 10
8 6
10 2
6 #edges
6 9
0 3
0 8
3 10
8 6
8 2
6 #trees for patient 18
6 #edges
6 9
0 3
0 8
8 6
8 2
8 10
6 #edges
6 9
0 3
0 8
3 10
8 6
8 2
6 #edges
9 10
6 9
0 3
0 8
8 6
8 2
6 #edges
6 9
6 2
0 3
0 8
8 6
8 10
6 #edges
6 9
6 2
0 3
0 8
3 10
8 6
6 #edges
9 10
6 9
6 2
0 3
0 8
8 6
10 #trees for patient 19
6 #edges
0 8
0 10
8 6
8 2
2 9
10 3
6 #edges
6 9
0 8
0 10
8 6
8 2
10 3
6 #edges
6 2
0 8
0 10
8 9
8 6
10 3
6 #edges
6 9
6 2
0 8
0 10
8 6
10 3
6 #edges
6 2
0 8
0 10
8 6
2 9
10 3
6 #edges
6 2
0 3
0 8
3 10
8 9
8 6
6 #edges
6 2
0 3
0 8
3 10
8 6
2 9
6 #edges
6 9
6 2
0 3
0 8
3 10
8 6
6 #edges
6 9
0 3
0 8
3 10
8 6
8 2
6 #edges
0 3
0 8
3 10
8 6
8 2
2 9
16 #trees for patient 20
6 #edges
6 10
0 9
0 8
8 6
8 2
10 3
6 #edges
6 3
0 9
0 8
3 10
8 6
8 2
6 #edges
0 8
0 10
3 9
8 6
8 2
10 3
6 #edges
6 9
0 8
0 10
8 6
8 2
10 3
6 #edges
6 3
0 8
0 10
8 6
8 2
10 9
6 #edges
6 9
6 3
0 8
0 10
8 6
8 2
6 #edges
6 3
0 8
0 10
3 9
8 6
8 2
6 #edges
0 3
0 8
3 10
8 6
8 2
10 9
6 #edges
6 9
0 3
0 8
3 10
8 6
8 2
6 #edges
6 10
0 3
0 8
3 9
8 6
8 2
6 #edges
6 9
6 10
0 3
0 8
8 6
8 2
6 #edges
6 10
0 3
0 8
8 6
8 2
10 9
6 #edges
6 9
6 3
0 8
3 10
8 6
8 2
6 #edges
6 9
6 10
0 8
8 6
8 2
10 3
6 #edges
6 10
0 8
3 9
8 6
8 2
10 3
6 #edges
6 3
0 8
3 10
8 6
8 2
10 9
2 #trees for patient 21
6 #edges
9 7
9 10
0 9
0 8
8 1
8 3
6 #edges
9 10
0 9
0 8
8 1
8 3
10 7
2 #trees for patient 22
6 #edges
9 7
9 10
0 9
0 8
8 1
8 3
6 #edges
9 7
9 10
0 9
0 8
3 1
8 3
4 #trees for patient 23
6 #edges
9 7
9 10
0 9
0 8
8 1
8 3
6 #edges
9 7
9 10
0 9
0 8
3 1
8 3
6 #edges
9 7
7 10
0 9
0 8
3 1
8 3
6 #edges
9 7
7 10
0 9
0 8
8 1
8 3
7 #trees for patient 24
6 #edges
9 7
0 9
0 8
3 10
8 3
10 1
6 #edges
9 7
0 9
0 8
3 1
3 10
8 3
6 #edges
9 1
9 7
0 9
0 8
3 10
8 3
6 #edges
9 7
0 9
0 8
3 10
8 1
8 3
6 #edges
9 7
9 10
0 9
0 8
8 1
8 3
6 #edges
9 7
9 10
0 9
0 8
8 3
10 1
6 #edges
9 7
9 10
0 9
0 8
3 1
8 3
7 #trees for patient 25
6 #edges
9 7
1 3
1 10
0 9
0 8
8 1
6 #edges
9 7
1 10
0 9
0 8
8 1
8 3
6 #edges
9 7
9 10
0 9
0 8
8 1
8 3
6 #edges
9 7
9 10
1 3
0 9
0 8
8 1
6 #edges
9 7
0 9
0 8
3 10
8 1
8 3
6 #edges
9 7
1 3
0 9
0 8
3 10
8 1
6 #edges
9 7
1 3
0 9
0 8
8 1
8 10
4 #trees for patient 26
6 #edges
9 7
9 10
0 9
0 8
8 1
8 3
6 #edges
9 10
7 3
0 9
0 8
8 1
8 7
6 #edges
9 3
9 10
0 9
0 8
8 1
8 7
6 #edges
9 7
9 10
7 3
0 9
0 8
8 1
4 #trees for patient 27
6 #edges
9 7
0 9
0 8
0 10
8 1
8 3
6 #edges
9 7
1 3
0 9
0 8
0 10
8 1
6 #edges
9 7
9 10
0 9
0 8
8 1
8 3
6 #edges
9 7
9 10
1 3
0 9
0 8
8 1
2 #trees for patient 28
6 #edges
9 10
1 7
0 9
0 8
8 1
8 3
6 #edges
9 7
9 10
0 9
0 8
8 1
8 3
4 #trees for patient 29
6 #edges
9 7
9 10
0 9
0 8
8 1
8 3
6 #edges
9 7
7 10
0 9
0 8
8 1
8 3
6 #edges
9 7
9 10
1 3
0 9
0 8
8 1
6 #edges
9 7
1 3
7 10
0 9
0 8
8 1
3 #trees for patient 30
6 #edges
9 7
9 10
0 9
0 3
0 8
8 1
6 #edges
9 7
9 10
1 3
0 9
0 8
8 1
6 #edges
9 7
9 10
0 9
0 8
8 1
8 3
7 #trees for patient 31
6 #edges
0 4
4 5
4 8
8 3
8 10
10 1
6 #edges
0 4
3 1
4 5
4 8
8 3
8 10
6 #edges
0 4
4 5
4 8
8 1
8 10
10 3
6 #edges
1 3
0 4
4 5
4 8
8 1
8 10
6 #edges
0 4
4 5
4 8
8 10
10 1
10 3
6 #edges
0 4
3 1
4 5
4 8
8 10
10 3
6 #edges
1 3
0 4
4 5
4 8
8 10
10 1
2 #trees for patient 32
6 #edges
1 3
0 4
4 5
4 8
8 1
8 10
6 #edges
1 3
1 5
0 4
4 8
8 1
8 10
1 #trees for patient 33
6 #edges
1 3
0 4
4 5
4 8
8 1
8 10
8 #trees for patient 34
6 #edges
1 3
0 4
4 5
4 8
4 10
8 1
6 #edges
1 3
0 4
3 5
4 8
4 10
8 1
6 #edges
1 3
0 4
4 5
4 8
5 10
8 1
6 #edges
1 3
0 4
3 10
4 5
4 8
8 1
6 #edges
1 3
0 4
4 5
4 8
8 1
8 10
6 #edges
1 3
0 4
3 5
4 8
8 1
8 10
6 #edges
1 3
0 4
3 5
3 10
4 8
8 1
6 #edges
1 3
0 4
3 5
4 8
5 10
8 1
3 #trees for patient 35
6 #edges
0 4
4 5
4 8
8 1
8 3
8 10
6 #edges
0 4
4 5
4 8
8 1
8 10
10 3
6 #edges
1 3
0 4
4 5
4 8
8 1
8 10
1 #trees for patient 36
6 #edges
1 3
0 4
4 5
4 8
8 1
8 10
4 #trees for patient 37
6 #edges
1 3
0 4
4 5
4 8
8 1
8 10
6 #edges
0 4
3 1
4 5
4 8
8 3
8 10
6 #edges
1 10
0 4
3 1
4 5
4 8
8 3
6 #edges
1 3
0 4
3 10
4 5
4 8
8 1
4 #trees for patient 38
6 #edges
0 4
3 1
4 5
4 8
4 10
8 3
6 #edges
1 3
0 4
4 5
4 8
4 10
8 1
6 #edges
0 4
3 1
4 5
4 8
8 3
8 10
6 #edges
1 3
0 4
4 5
4 8
8 1
8 10
56 #trees for patient 39
6 #edges
1 3
0 1
0 4
0 5
0 10
4 8
6 #edges
0 1
0 3
0 4
0 5
0 10
4 8
6 #edges
0 1
0 4
0 5
0 10
4 8
8 3
6 #edges
0 3
0 4
0 5
0 10
3 1
4 8
6 #edges
0 3
0 4
0 5
0 10
4 8
8 1
6 #edges
1 3
0 4
0 5
0 10
4 8
8 1
6 #edges
0 4
0 5
0 10
4 8
8 1
8 3
6 #edges
0 4
0 5
0 10
3 1
4 8
8 3
6 #edges
0 1
0 3
0 4
0 5
4 8
8 10
6 #edges
1 3
0 1
0 4
0 5
4 8
8 10
6 #edges
0 1
0 4
0 5
4 8
8 3
8 10
6 #edges
0 3
0 4
0 5
4 8
8 1
8 10
6 #edges
0 3
0 4
0 5
3 1
4 8
8 10
6 #edges
0 4
0 5
3 1
4 8
8 3
8 10
6 #edges
0 4
0 5
4 8
8 1
8 3
8 10
6 #edges
1 3
0 4
0 5
4 8
8 1
8 10
6 #edges
0 3
0 4
0 10
3 1
4 8
10 5
6 #edges
0 3
0 4
0 10
3 1
4 5
4 8
6 #edges
0 3
0 4
0 10
3 1
4 8
8 5
6 #edges
0 1
0 3
0 4
0 10
4 8
8 5
6 #edges
0 1
0 3
0 4
0 10
4 5
4 8
6 #edges
0 1
0 3
0 4
0 10
4 8
10 5
6 #edges
0 3
0 4
0 10
4 5
4 8
8 1
6 #edges
0 3
0 4
0 10
4 8
8 1
10 5
6 #edges
0 3
0 4
0 10
4 8
8 1
8 5
6 #edges
0 3
0 4
3 1
4 8
8 10
10 5
6 #edges
0 3
0 4
3 1
4 5
4 8
8 10
6 #edges
0 1
0 3
0 4
4 8
8 10
10 5
6 #edges
0 1
0 3
0 4
4 5
4 8
8 10
6 #edges
0 3
0 4
4 5
4 8
8 1
8 10
6 #edges
0 3
0 4
4 8
8 1
8 10
10 5
6 #edges
1 3
0 1
0 4
0 10
4 8
10 5
6 #edges
1 3
0 1
0 4
0 10
4 5
4 8
6 #edges
1 3
0 1
0 4
0 10
4 8
8 5
6 #edges
1 3
0 1
0 4
4 5
4 8
8 10
6 #edges
1 3
0 1
0 4
4 8
8 10
10 5
6 #edges
0 1
0 4
0 10
4 8
8 3
10 5
6 #edges
0 1
0 4
0 10
4 5
4 8
8 3
6 #edges
0 1
0 4
0 10
4 8
8 3
8 5
6 #edges
0 1
0 4
4 5
4 8
8 3
8 10
6 #edges
0 1
0 4
4 8
8 3
8 10
10 5
6 #edges
0 4
0 10
3 1
4 8
8 3
10 5
6 #edges
0 4
0 10
4 8
8 1
8 3
10 5
6 #edges
1 3
0 4
0 10
4 8
8 1
10 5
6 #edges
0 4
0 10
3 1
4 5
4 8
8 3
6 #edges
0 4
0 10
4 5
4 8
8 1
8 3
6 #edges
1 3
0 4
0 10
4 5
4 8
8 1
6 #edges
0 4
0 10
3 1
4 8
8 3
8 5
6 #edges
0 4
0 10
4 8
8 1
8 3
8 5
6 #edges
1 3
0 4
0 10
4 8
8 1
8 5
6 #edges
1 3
0 4
4 8
8 1
8 10
10 5
6 #edges
1 3
0 4
4 5
4 8
8 1
8 10
6 #edges
0 4
4 5
4 8
8 1
8 3
8 10
6 #edges
0 4
4 8
8 1
8 3
8 10
10 5
6 #edges
0 4
3 1
4 5
4 8
8 3
8 10
6 #edges
0 4
3 1
4 8
8 3
8 10
10 5
4 #trees for patient 40
6 #edges
1 4
1 5
1 10
0 1
0 11
11 2
6 #edges
1 4
1 5
0 1
0 11
5 10
11 2
6 #edges
1 4
1 5
1 10
0 1
0 11
4 2
6 #edges
1 4
1 5
0 1
0 11
4 2
5 10
30 #trees for patient 41
6 #edges
1 5
1 11
0 1
0 10
4 2
5 4
6 #edges
1 5
1 11
1 2
0 1
0 10
5 4
6 #edges
1 4
1 5
1 11
0 1
0 10
5 2
6 #edges
1 4
1 5
1 11
0 1
0 10
4 2
6 #edges
1 5
1 11
1 2
0 1
0 10
2 4
6 #edges
1 5
1 11
0 1
0 10
5 2
2 4
6 #edges
1 4
1 5
0 1
0 11
4 2
11 10
6 #edges
1 4
1 5
0 1
0 11
5 2
11 10
6 #edges
1 5
1 2
0 1
0 11
11 10
2 4
6 #edges
1 5
1 2
0 1
0 11
5 4
11 10
6 #edges
1 5
0 1
0 11
4 2
5 4
11 10
6 #edges
1 5
0 1
0 11
5 2
11 10
2 4
6 #edges
1 4
1 5
1 10
0 1
0 11
4 2
6 #edges
1 4
1 5
1 10
0 1
0 11
5 2
6 #edges
1 5
1 2
1 10
0 1
0 11
2 4
6 #edges
1 5
1 2
1 10
0 1
0 11
5 4
6 #edges
1 5
1 10
0 1
0 11
4 2
5 4
6 #edges
1 5
1 10
0 1
0 11
5 2
2 4
6 #edges
1 5
1 11
1 2
1 10
0 1
2 4
6 #edges
1 5
1 11
1 2
1 10
0 1
5 4
6 #edges
1 5
1 11
1 2
0 1
11 10
2 4
6 #edges
1 5
1 11
1 2
0 1
5 4
11 10
6 #edges
1 4
1 5
1 11
1 10
0 1
4 2
6 #edges
1 4
1 5
1 11
1 10
0 1
5 2
6 #edges
1 5
1 11
1 10
0 1
5 2
2 4
6 #edges
1 5
1 11
1 10
0 1
4 2
5 4
6 #edges
1 4
1 5
1 11
0 1
4 2
11 10
6 #edges
1 4
1 5
1 11
0 1
5 2
11 10
6 #edges
1 5
1 11
0 1
4 2
5 4
11 10
6 #edges
1 5
1 11
0 1
5 2
11 10
2 4
2 #trees for patient 42
6 #edges
1 4
1 5
1 10
0 1
0 11
4 2
6 #edges
1 4
1 5
1 10
0 1
4 2
5 11
8 #trees for patient 43
6 #edges
1 4
1 10
0 1
0 11
4 2
10 5
6 #edges
1 4
1 5
1 10
0 1
0 11
4 2
6 #edges
1 5
1 2
1 10
0 1
0 11
2 4
6 #edges
1 2
1 10
0 1
0 11
2 4
10 5
6 #edges
1 5
1 2
1 10
0 1
2 4
10 11
6 #edges
1 2
1 10
0 1
2 4
10 5
10 11
6 #edges
1 4
1 5
1 10
0 1
4 2
10 11
6 #edges
1 4
1 10
0 1
4 2
10 5
10 11
8 #trees for patient 44
6 #edges
1 4
1 10
0 1
0 11
4 2
10 5
6 #edges
1 4
1 5
1 10
0 1
0 11
4 2
6 #edges
1 5
1 2
1 10
0 1
0 11
2 4
6 #edges
1 2
1 10
0 1
0 11
2 4
10 5
6 #edges
1 5
1 11
1 2
1 10
0 1
2 4
6 #edges
1 11
1 2
1 10
0 1
2 4
10 5
6 #edges
1 4
1 11
1 10
0 1
4 2
10 5
6 #edges
1 4
1 5
1 11
1 10
0 1
4 2
4 #trees for patient 45
6 #edges
1 5
1 2
1 10
0 1
0 11
2 4
6 #edges
1 2
1 10
0 1
0 11
4 5
2 4
6 #edges
1 4
1 5
1 10
0 1
0 11
4 2
6 #edges
1 4
1 10
0 1
0 11
4 2
2 5
2 #trees for patient 46
6 #edges
1 4
1 5
1 10
0 1
0 11
4 2
6 #edges
1 5
1 2
1 10
0 1
0 11
2 4
10 #trees for patient 47
6 #edges
1 4
1 10
0 1
0 11
4 2
2 5
6 #edges
1 4
1 5
1 10
0 1
0 11
4 2
6 #edges
1 4
1 5
0 1
0 11
4 2
2 10
6 #edges
1 4
1 5
0 1
0 11
4 2
5 10
6 #edges
1 4
0 1
0 11
4 2
5 10
2 5
6 #edges
1 4
1 5
0 1
4 2
5 10
2 11
6 #edges
1 4
1 5
0 1
4 2
2 11
2 10
6 #edges
1 4
1 5
1 10
0 1
4 2
2 11
6 #edges
1 4
1 10
0 1
4 2
2 5
2 11
6 #edges
1 4
0 1
4 2
5 10
2 5
2 11
2 #trees for patient 48
6 #edges
1 4
1 5
1 10
0 1
0 11
11 2
6 #edges
1 4
1 5
1 10
0 1
0 11
4 2
25 #trees for patient 49
6 #edges
1 4
1 5
1 10
0 1
0 11
4 2
6 #edges
1 4
1 5
1 10
0 1
0 11
10 2
6 #edges
1 4
1 5
1 10
0 1
0 11
5 2
6 #edges
1 5
1 10
0 1
0 11
5 4
10 2
6 #edges
1 5
1 2
1 10
0 1
0 11
5 4
6 #edges
1 5
1 10
0 1
0 11
4 2
5 4
6 #edges
1 5
1 10
0 1
0 11
5 4
5 2
6 #edges
1 5
1 2
1 10
0 1
5 4
5 11
6 #edges
1 5
1 11
1 2
1 10
0 1
5 4
6 #edges
1 5
1 2
1 10
0 1
4 11
5 4
6 #edges
1 4
1 5
1 10
0 1
4 2
5 11
6 #edges
1 4
1 5
1 10
0 1
5 11
5 2
6 #edges
1 4
1 5
1 10
0 1
5 11
10 2
6 #edges
1 4
1 5
1 10
0 1
4 11
5 2
6 #edges
1 4
1 5
1 10
0 1
4 11
4 2
6 #edges
1 4
1 5
1 10
0 1
4 11
10 2
6 #edges
1 5
1 10
0 1
4 11
5 4
5 2
6 #edges
1 5
1 10
0 1
5 4
5 11
5 2
6 #edges
1 5
1 11
1 10
0 1
5 4
5 2
6 #edges
1 5
1 10
0 1
5 4
5 11
10 2
6 #edges
1 5
1 10
0 1
4 2
5 4
5 11
6 #edges
1 5
1 10
0 1
4 11
4 2
5 4
6 #edges
1 5
1 11
1 10
0 1
4 2
5 4
6 #edges
1 5
1 11
1 10
0 1
5 4
10 2
6 #edges
1 5
1 10
0 1
4 11
5 4
10 2
